Chr	Posi	Wild	Mut	PrimT:ref	PrimT:alt	Met1T:ref	Met1T:alt	Met3T:ref	Met3T:alt
2	10074032	C	A	229	114	61	29	174	28
2	172571954	G	A	242	15	65	7	249	8
2	196851826	G	C	494	207	112	33	456	175
3	52440844	C	A	67	45	20	23	76	41
4	186570683	A	G	213	12	97	6	419	0
6	16327819	T	C	127	63	63	20	119	30
6	27368994	G	T	250	124	62	36	283	83
7	18687622	G	T	113	0	31	0	117	17
7	48287957	G	A	156	88	34	23	196	80
7	55266472	G	A	121	48	56	25	168	52
7	102768936	A	G	260	125	52	19	246	70
9	136426347	C	T	52	64	30	22	52	28
11	55905153	G	A	271	20	108	0	337	14
11	56344765	C	G	353	169	106	53	341	94
12	85421799	C	A	118	117	25	22	222	99
14	21679620	G	A	62	7	29	0	131	7
14	65507540	T	G	93	0	43	12	239	0
18	47500931	G	A	122	0	72	0	134	21
18	61471726	A	C	101	32	30	12	134	26
