Chr	Posi	Wild	Mut	PrimT:ref	PrimT:alt	Met1T:ref	Met1T:alt	Met2T:ref	Met2T:alt	Met3T:ref	Met3T:alt
1	6530821	G	A	12	34	26	9	14	45	71	11
1	10713645	G	A	10	22	15	8	11	25	42	9
1	16069569	G	A	52	41	51	20	82	56	132	17
1	17701921	G	A	48	125	112	74	65	191	243	49
1	34180361	G	T	42	50	46	17	43	71	136	24
1	53333251	C	A	76	252	275	135	83	245	250	33
1	66723491	C	A	144	470	420	227	137	476	368	106
1	87045180	A	G	38	107	107	56	36	130	83	20
1	94463528	G	C	23	74	62	32	26	92	132	15
1	94467495	C	G	56	132	109	47	77	142	188	50
1	104297126	G	T	92	31	96	22	108	37	107	6
1	147380141	T	A	140	57	115	52	211	81	170	32
1	150463905	G	T	284	88	199	84	351	105	209	34
1	151105858	G	T	28	23	28	4	30	39	56	10
1	156849804	C	T	30	27	40	15	43	56	69	19
1	157739782	T	A	129	180	167	91	186	317	270	51
1	158368849	G	C	234	92	210	71	333	114	212	26
1	176564184	C	A	18	61	61	18	36	85	126	21
1	183938468	G	T	97	224	261	82	78	305	373	50
1	196918655	C	T	157	460	411	145	116	496	407	92
1	201017767	T	A	57	153	114	46	80	197	204	87
1	207110472	G	A	17	48	44	24	14	84	76	28
1	223813540	C	G	97	212	196	77	74	317	310	102
1	233297040	T	A	69	171	147	76	52	259	147	31
1	240976960	G	T	83	276	307	124	96	405	359	89
1	241753406	C	G	69	246	243	107	79	337	208	70
1	248059009	G	T	47	149	116	47	82	210	220	65
1	248059010	G	T	42	143	111	45	80	207	219	64
1	248436323	G	A	116	259	280	133	116	366	436	88
1	248458220	C	G	121	327	268	96	120	360	385	129
1	248814042	G	A	95	54	98	16	106	61	83	12
2	8874856	G	A	199	117	317	67	219	136	332	26
2	23980666	T	A	63	50	140	27	121	57	139	7
2	29551276	C	T	98	56	105	14	115	64	202	17
2	38811025	C	T	329	45	342	43	347	78	418	17
2	44058927	G	T	57	28	60	13	65	35	141	14
2	72359421	C	A	66	42	84	17	119	53	233	15
2	73678890	G	T	46	33	77	17	48	26	85	14
2	79253266	C	A	208	95	209	45	204	95	388	29
2	96691993	G	A	29	10	32	8	30	24	67	9
2	97847336	G	T	94	53	160	28	112	74	185	21
2	120718441	C	A	206	112	331	65	214	103	240	24
2	128046330	C	A	83	38	97	25	76	32	127	18
2	128393304	C	A	46	22	43	7	43	33	80	9
2	136575093	C	A	78	52	76	12	81	47	180	8
2	141122287	C	T	294	112	429	81	291	123	287	14
2	141200183	C	A	87	53	171	30	111	65	145	11
2	141356354	G	T	217	102	317	78	206	117	246	9
2	152301882	G	T	277	121	456	88	264	197	429	46
2	158272614	C	A	20	24	51	8	34	17	56	5
2	165953761	C	A	51	24	65	24	54	20	63	5
2	165953762	C	A	53	24	66	23	59	20	63	5
2	166536239	C	A	91	54	119	29	84	56	115	17
2	166770103	G	A	265	116	510	74	309	133	417	23
2	166770104	C	T	264	121	516	71	309	135	424	22
2	176829266	C	A	391	223	641	115	329	181	402	19
2	179473008	T	C	103	44	167	31	113	84	167	0
2	179476102	C	T	30	12	42	12	20	18	55	7
2	179480140	G	T	241	128	351	88	232	153	231	23
2	179576811	G	A	22	12	36	4	24	19	37	4
2	179612101	G	T	73	35	108	18	70	42	86	0
2	179612102	G	T	76	36	109	23	72	41	88	0
2	179637941	C	A	134	66	131	21	128	71	149	27
2	179701637	C	A	129	51	146	19	124	71	202	21
2	179737037	T	G	221	130	337	77	240	129	311	39
2	190732606	G	T	274	160	479	113	307	176	386	14
2	191841631	T	C	210	123	342	63	212	149	283	24
2	197873676	G	A	192	80	234	46	205	91	282	14
2	198621222	G	T	203	126	289	69	201	113	188	9
2	198621223	G	T	206	120	280	68	200	113	187	9
2	200213873	G	T	194	98	226	29	196	104	281	19
2	202492873	C	G	107	68	214	41	120	70	185	23
2	203764336	C	A	192	106	309	61	204	100	286	8
2	207422205	G	T	389	175	584	110	340	176	396	13
2	211465371	C	A	295	134	408	66	249	154	338	13
2	212285247	A	C	121	74	176	28	138	71	205	27
2	216293046	T	A	59	34	74	14	75	22	132	7
2	217300144	G	T	163	86	228	39	150	109	304	31
2	220164848	G	T	161	105	177	28	199	100	407	22
2	220164849	G	T	161	107	177	27	193	98	404	22
2	233393273	T	A	140	66	111	25	175	53	262	6
3	4853115	A	G	55	222	233	205	64	435	225	79
3	16639607	C	G	94	260	301	195	79	447	345	87
3	39230495	G	C	25	32	29	24	18	60	82	17
3	68788346	G	A	47	82	156	45	50	108	125	13
3	96706647	G	T	126	74	186	25	148	75	197	0
3	96706648	G	T	126	70	187	22	147	72	200	0
3	97868364	G	T	254	171	412	90	236	187	292	64
3	97887627	C	G	35	37	39	12	29	25	56	14
3	108178229	G	T	359	316	591	161	355	314	460	99
3	108723921	G	T	119	107	240	77	153	119	176	35
3	108819341	G	T	386	198	541	90	399	170	534	0
3	111997669	A	G	384	176	577	95	386	166	425	0
3	112709992	A	G	53	19	34	4	55	17	126	0
3	113890792	C	A	51	62	51	17	51	50	86	34
3	113890793	C	A	51	62	48	18	52	50	85	34
3	121206792	A	T	54	25	96	12	54	31	71	0
3	125850297	G	A	124	51	78	14	107	60	137	41
3	129304839	T	C	111	117	87	50	101	113	202	0
3	130095427	G	T	279	131	214	50	311	132	211	50
3	130284245	C	G	163	86	124	38	156	78	216	0
3	133467352	G	T	315	326	356	185	333	335	488	0
3	142103525	T	A	298	96	273	65	321	126	142	35
3	159976315	A	C	696	309	897	150	569	289	620	0
3	160253609	C	T	166	138	269	62	138	121	190	45
3	179082954	A	G	71	79	96	16	72	66	116	19
3	183446509	G	T	185	164	289	42	195	180	312	57
3	184711810	G	T	429	155	549	106	394	157	537	0
3	186333511	C	A	140	112	147	20	157	126	231	58
3	194151919	C	A	141	120	240	48	126	125	177	41
3	195509620	G	A	309	35	255	12	339	30	313	8
4	1377684	G	T	82	55	106	22	108	40	188	22
4	3224146	T	A	157	102	190	33	194	104	349	47
4	8469706	G	T	77	28	89	16	76	36	170	19
4	16077482	G	T	71	53	120	33	109	65	201	38
4	41956086	G	T	286	153	341	39	229	138	353	52
4	46060344	C	A	125	330	408	195	104	373	343	121
4	81967595	G	T	14	37	32	16	9	41	45	12
4	81967596	G	T	14	36	30	16	7	43	44	11
4	103870429	G	A	237	27	227	18	231	37	241	8
4	115597176	G	T	82	179	258	107	65	210	236	29
4	123844429	G	T	33	77	81	35	39	85	176	37
4	123949542	G	T	64	148	171	98	53	170	192	30
4	129864174	C	G	150	356	415	179	100	377	327	73
4	141555323	C	A	48	103	85	53	48	110	136	41
4	166414342	G	T	80	220	252	139	71	307	397	75
4	166981228	C	G	61	206	213	87	87	174	176	45
4	177084343	G	T	67	178	190	123	56	205	252	59
6	4892141	G	T	85	349	260	225	104	334	382	97
6	42985434	G	A	61	189	94	100	67	240	219	100
6	43099851	C	T	15	79	33	30	22	86	79	62
6	43273998	G	A	29	131	64	86	30	152	104	62
6	46830801	C	T	73	53	78	30	105	61	128	33
6	53778708	G	A	181	114	264	82	221	120	255	45
6	64423461	G	A	230	210	323	134	212	237	291	57
6	65327362	G	T	155	178	289	100	132	174	245	91
6	75861720	T	C	213	91	247	51	239	115	311	11
6	80744794	G	T	211	124	388	65	193	141	263	26
6	84304129	G	C	156	78	240	56	186	120	406	37
6	88854682	G	A	36	20	56	10	48	31	94	14
6	114262253	C	T	364	352	549	250	364	582	499	91
6	117201785	T	G	134	136	199	99	124	199	238	34
6	123833447	C	A	146	112	201	97	159	159	145	22
6	127834193	A	T	173	188	294	164	191	295	213	53
6	136889000	T	C	166	147	216	130	139	219	161	35
6	144074985	A	G	446	140	618	72	660	158	489	78
6	147061633	A	T	155	190	318	176	203	363	323	58
6	158957829	G	T	18	18	34	6	17	34	48	9
6	159457507	G	T	162	43	159	18	210	43	194	14
6	159660752	A	G	168	53	125	5	221	51	251	14
6	160164807	G	T	130	105	228	128	123	200	170	29
6	160671660	G	T	285	111	261	41	472	110	231	13
6	166572059	C	A	79	59	42	18	67	105	139	35
6	168445566	C	G	147	65	126	18	246	67	209	17
7	15427138	T	C	55	117	126	69	41	153	165	43
7	43484976	G	A	18	14	16	7	12	40	56	13
7	65557783	G	T	24	45	33	8	31	55	60	19
7	91747858	C	T	72	155	217	103	51	176	226	60
7	99798748	G	A	69	171	188	122	75	226	328	63
7	100349878	C	A	65	81	96	36	38	91	163	32
7	100731134	T	A	13	25	18	6	7	45	57	25
7	102087009	C	T	9	32	10	6	13	14	56	15
7	107872892	C	G	27	114	91	64	29	113	115	28
7	107872893	C	A	26	110	91	64	29	113	115	28
7	113519606	C	A	27	94	96	51	26	84	92	22
7	121568248	G	A	116	313	332	181	102	364	296	66
7	126173819	T	A	34	88	72	29	37	103	155	44
7	128388663	G	T	30	105	101	49	27	90	115	30
7	150417530	G	T	37	88	72	40	59	77	183	57
7	150884575	G	T	10	34	24	20	25	38	67	17
8	3889544	C	T	88	98	253	54	106	125	468	38
8	10065390	G	A	107	147	316	99	94	161	271	27
8	11400748	T	A	48	75	138	34	62	76	229	27
8	53045848	C	T	159	155	182	86	185	280	241	47
8	56854448	C	A	348	90	477	64	474	116	259	16
8	57026390	G	T	15	19	26	12	24	60	57	18
8	77618618	C	A	62	118	95	62	97	152	155	33
8	81430721	G	T	606	110	803	96	668	149	605	25
8	81430722	A	T	609	112	793	99	662	151	605	26
8	88885512	G	T	220	277	301	134	266	354	478	97
8	110461696	G	T	354	75	706	47	393	121	293	38
8	113841955	C	T	169	308	381	163	235	355	286	60
8	116616177	G	C	427	96	489	69	530	160	455	40
8	119452103	T	A	157	261	287	142	178	312	296	83
9	105767610	G	T	74	207	225	179	76	307	151	49
9	139410063	C	A	46	102	53	43	55	144	134	74
9	139564416	C	G	13	19	24	14	16	34	53	18
9	140001222	T	G	28	78	68	42	44	162	101	64
11	320606	G	T	83	18	59	0	81	20	130	42
11	5345294	A	G	25	32	59	25	24	46	81	14
11	5364342	C	A	12	23	38	14	18	35	63	6
11	5373195	C	T	45	109	136	43	38	100	131	31
11	5968595	G	T	88	140	209	106	88	189	300	53
11	6413138	C	T	36	57	64	28	36	74	161	24
11	11964602	A	C	29	38	71	27	19	55	79	12
11	17453791	A	G	103	207	244	93	120	236	466	69
11	18636641	C	T	14	23	11	2	15	20	26	11
11	62751475	C	A	48	76	60	35	47	91	178	30
11	73106146	G	A	78	33	61	6	84	35	138	10
11	74799970	G	A	37	90	78	50	37	100	132	32
11	82880061	A	G	28	36	41	17	8	39	91	11
11	85623739	T	A	160	355	375	189	170	405	445	76
11	89443710	C	T	65	11	116	28	79	7	83	9
11	94040454	G	A	77	165	151	56	82	197	353	87
11	124440915	G	T	11	43	26	32	13	62	32	12
11	124739848	G	T	38	147	80	61	36	156	133	22
12	2566842	C	T	141	0	125	0	115	19	168	0
12	6933784	G	A	84	27	78	17	138	24	154	14
12	7890128	C	T	68	52	108	41	66	61	97	14
12	10862516	G	C	238	98	262	35	330	46	361	25
12	21028280	C	T	396	134	333	71	333	72	359	50
12	22035773	C	G	280	354	409	139	186	320	301	71
12	26775330	T	C	187	84	217	22	220	43	261	17
12	29671525	G	A	328	36	353	4	386	0	466	0
12	44238498	G	T	239	351	373	226	172	361	329	36
12	49666608	C	T	98	30	114	7	115	17	144	10
12	52799655	T	A	65	42	57	29	31	69	122	10
12	53918477	A	G	47	51	47	18	30	54	105	12
12	54687096	G	A	536	135	423	42	507	81	453	40
12	54902269	C	T	321	82	237	25	231	33	188	21
12	55641901	C	A	51	44	66	35	30	51	39	0
12	64784106	C	A	30	34	27	11	14	37	58	4
12	68051938	G	A	140	51	123	6	137	23	165	8
12	69968603	C	G	193	82	226	19	248	62	233	24
12	75436130	G	C	435	137	338	21	416	80	294	34
12	78401121	G	T	79	32	60	8	53	15	65	17
12	81568701	G	A	197	55	163	23	164	24	164	25
12	85638571	G	T	240	62	327	50	283	49	177	20
12	89992510	A	G	121	48	129	28	189	33	132	6
12	94975610	C	A	80	55	80	35	47	88	136	8
12	113728043	G	T	211	81	223	22	277	46	343	41
12	120611874	C	A	140	59	167	29	191	34	208	24
12	123815840	A	C	320	209	418	189	187	304	451	26
12	129190700	C	A	98	45	131	10	144	21	134	15
12	132551918	G	T	23	16	25	0	11	32	57	5
13	20024472	T	C	34	0	73	5	31	8	80	5
13	42295563	C	A	57	143	216	68	71	151	210	38
13	53422396	C	T	48	19	38	0	64	0	84	0
13	98018712	G	T	82	253	171	122	63	259	293	122
13	113055452	G	T	190	185	369	97	258	191	311	54
14	21052236	C	T	42	98	98	48	40	98	145	15
14	31067760	G	A	102	274	277	154	75	373	376	79
14	33291627	G	C	37	94	97	69	40	160	134	19
14	52922077	C	A	172	452	506	287	156	519	365	84
14	68191853	G	A	101	213	251	126	91	371	438	54
14	79454425	G	T	133	298	454	190	162	505	321	42
14	92790177	G	T	14	36	21	17	15	36	63	4
14	99642351	C	A	18	38	21	6	29	39	53	13
14	103371900	C	G	12	25	23	15	16	37	48	9
14	103958257	A	G	21	43	43	28	31	86	89	26
14	104027148	G	C	40	78	100	52	47	143	149	30
16	15166922	C	A	91	174	245	153	88	316	295	57
16	20998755	T	C	31	63	79	43	34	111	84	9
16	30740327	G	T	30	152	90	68	29	104	127	38
16	51173765	C	A	65	141	153	66	89	204	230	51
16	57755644	C	A	91	165	197	83	94	211	297	54
16	64984672	A	T	10	20	12	7	6	33	31	8
16	68842656	G	A	133	25	191	0	159	0	131	0
16	71163644	C	A	552	130	592	183	794	181	605	26
16	71610316	C	A	63	140	128	71	77	180	260	51
17	2966251	G	T	131	47	213	30	135	65	378	27
17	4644237	G	T	37	38	78	12	28	50	119	23
17	7577547	C	G	56	231	165	67	59	225	223	75
17	27185661	A	G	43	147	92	55	46	146	169	39
17	27296809	C	G	113	56	88	32	108	64	186	16
17	36483875	T	C	21	75	44	34	17	76	82	16
17	41738470	C	T	20	65	36	26	22	87	102	24
17	48735517	G	T	107	234	196	125	118	383	411	96
17	55183749	G	T	35	104	70	42	44	132	156	25
17	61657217	C	A	275	58	263	14	341	54	428	21
19	2210751	G	C	43	44	47	13	30	66	87	42
19	2334684	G	T	35	58	58	12	49	64	118	51
19	7174642	C	A	58	71	110	29	70	86	178	39
19	12814607	C	G	74	209	159	74	68	181	266	61
19	15793265	A	T	171	0	211	0	156	20	253	0
19	17444235	C	G	52	116	71	54	65	112	250	69
19	31040001	G	T	24	13	25	6	26	30	38	4
19	36250760	A	G	164	34	86	7	172	41	197	12
19	37643251	G	A	71	72	107	49	102	82	125	28
19	38939431	G	A	53	47	41	22	62	50	114	17
19	42260707	A	G	377	419	664	207	585	508	833	184
19	42492209	C	A	170	208	193	81	173	203	309	129
19	52034706	C	A	127	46	95	14	110	49	160	4
19	52376668	C	A	85	76	111	40	93	80	134	9
19	53571788	G	A	168	128	335	62	167	122	216	19
19	55239244	G	T	204	168	289	70	280	183	433	31
19	55333131	C	T	307	240	445	108	399	267	627	56
19	58470084	A	T	206	83	203	37	226	88	222	9
21	16340419	C	A	12	28	51	38	19	40	64	9
21	30365173	C	G	68	88	91	40	66	97	230	52
21	30715138	G	T	36	19	57	0	57	15	74	0
22	38120490	A	T	188	121	162	51	144	125	222	23
22	46656119	A	G	132	29	135	0	160	0	248	0
