Chr	Posi	Wild	Mut	PrimT:ref	PrimT:alt	Met1T:ref	Met1T:alt	Met2T:ref	Met2T:alt
1	3753959	G	T	248	85	202	38	411	94
1	90400943	T	G	101	39	136	49	249	41
1	94140276	C	G	326	168	422	120	336	58
1	153910066	C	G	259	101	339	80	223	27
1	169528500	A	G	73	26	125	52	212	29
1	226037691	A	G	171	81	245	58	163	23
1	228482039	G	A	530	162	641	112	444	85
2	31628824	C	G	173	80	175	40	346	66
2	165383625	C	A	163	0	216	48	641	0
2	179730522	T	C	207	85	326	85	277	65
2	242063442	C	G	213	111	133	28	108	12
3	35785365	C	G	115	51	214	45	202	43
3	50395855	C	A	379	137	478	110	311	0
5	16458633	C	G	151	40	164	85	502	87
5	36105295	T	C	102	58	152	60	378	64
5	140181891	C	G	157	68	183	0	198	49
5	149386171	C	T	169	90	203	59	461	70
5	170351487	T	C	200	103	166	75	472	83
5	179048252	A	G	191	102	270	0	788	119
6	83847087	C	G	42	28	75	34	181	57
7	98528417	A	C	292	244	330	187	437	121
7	130008393	G	A	356	108	392	72	228	43
8	38124831	G	C	91	34	136	50	255	42
8	143566126	G	A	154	59	111	53	126	13
9	33798037	T	C	381	90	501	82	237	38
9	75435870	G	T	93	77	129	83	154	30
9	136531896	G	T	234	173	450	0	257	57
10	27024223	G	C	267	119	494	118	778	124
10	124152762	A	G	162	48	201	56	639	110
11	250834	T	A	213	119	320	94	490	95
11	33763554	G	T	247	104	235	68	405	78
11	57798779	C	G	276	132	342	86	439	69
12	6692397	C	G	186	110	295	65	294	44
12	53185082	C	G	164	72	261	59	178	22
12	58174385	G	A	78	38	118	34	124	21
14	20944683	A	C	108	46	150	0	236	6
14	103450084	A	G	102	42	145	0	96	7
15	30092904	C	T	207	89	226	66	584	118
15	65219168	C	T	295	123	367	79	250	55
18	12999576	C	A	155	67	185	42	467	76
18	54446682	A	G	123	69	186	56	302	65
20	3362139	T	C	62	45	173	36	241	30
20	20493315	G	C	99	48	111	26	200	31
22	24175892	T	C	140	93	199	61	166	34
22	30812300	C	G	62	48	128	44	118	21
