Chr	Posi	Wild	Mut	PrimT:ref	PrimT:alt	Met1T:ref	Met1T:alt	Met3T:ref	Met3T:alt	Status
1	115256529	T	C	309	233	65	62	268	158	undecided
1	145311931	C	T	21	7	4	4	25	0	undecided
1	156011982	C	A	40	36	25	16	45	25	undecided
1	248262890	G	A	72	59	46	17	181	60	undecided
2	10074032	C	A	229	114	61	29	174	28	decided
2	172571954	G	A	242	15	65	7	249	8	decided
2	196851826	G	C	494	207	112	33	456	175	decided
3	52440844	C	A	67	45	20	23	76	41	decided
4	186570683	A	G	213	12	97	6	419	0	decided
5	26881644	C	T	158	34	54	7	224	37	undecided
5	49701623	G	T	55	16	32	12	125	20	undecided
6	16327819	T	C	127	63	63	20	119	30	decided
6	27368994	G	T	250	124	62	36	283	83	decided
7	18687622	G	T	113	0	31	0	117	17	decided
7	48287957	G	A	156	88	34	23	196	80	decided
7	55266472	G	A	121	48	56	25	168	52	decided
7	102768936	A	G	260	125	52	19	246	70	decided
9	136426347	C	T	52	64	30	22	52	28	decided
10	14978542	T	C	177	54	38	12	208	43	undecided
10	90524202	T	C	293	126	93	32	266	75	undecided
10	118364925	T	A	348	146	105	44	238	103	undecided
10	125506504	T	C	172	24	89	13	135	22	undecided
11	55905153	G	A	271	20	108	0	337	14	decided
11	56344765	C	G	353	169	106	53	341	94	decided
12	85421799	C	A	118	117	25	22	222	99	decided
12	120763699	C	A	143	0	92	0	118	31	undecided
14	21679620	G	A	62	7	29	0	131	7	decided
14	65507540	T	G	93	0	43	12	239	0	decided
15	22382643	C	T	242	44	134	7	334	27	undecided
15	33895472	G	A	141	19	54	11	228	0	undecided
15	76578710	A	C	226	7	61	4	186	0	undecided
17	7577581	A	G	75	58	14	44	97	71	decided
17	79077831	A	G	118	21	36	0	74	13	decided
18	47500931	G	A	122	0	72	0	134	21	decided
18	61471726	A	C	101	32	30	12	134	26	decided
19	38103233	G	A	96	27	35	6	128	19	undecided
19	48953739	A	G	43	10	28	0	32	13	undecided
19	55648516	C	T	98	22	40	5	68	13	undecided
X	65253474	C	T	43	99	35	49	109	79	undecided
