Chr	Posi	Wild	Mut	PrimT:ref	PrimT:alt	Met1T:ref	Met1T:alt	Met2T:ref	Met2T:alt
1	12569008	G	A	87	72	143	56	67	89
1	16458261	C	T	76	59	140	50	82	71
1	37271886	C	T	56	54	93	44	44	56
1	49119044	C	T	67	79	154	51	59	76
1	74665388	A	T	52	98	202	56	78	91
1	85397162	C	G	47	39	97	25	31	40
1	89732101	C	G	54	80	138	52	74	76
1	109440683	G	A	48	64	122	53	60	43
1	151780036	T	G	413	23	393	22	341	39
1	157665283	C	A	167	53	191	39	129	63
1	163122445	G	T	210	54	241	49	221	70
1	201687549	G	A	88	33	97	13	90	24
1	216692725	G	A	94	26	107	26	125	28
1	229738014	C	G	267	82	306	47	244	73
1	236850003	C	A	148	43	186	45	128	40
2	9588382	G	A	112	42	149	35	98	50
2	15519821	G	A	190	75	224	44	123	74
2	24974948	C	G	152	76	167	65	110	45
2	26997141	G	A	162	79	201	70	141	80
2	27886704	G	A	55	43	100	26	43	25
2	39250162	A	C	127	25	121	33	96	52
2	54197844	G	T	41	18	53	16	23	13
2	70919669	G	A	83	64	178	46	123	59
2	97351743	C	G	65	26	75	15	41	34
2	98195504	G	A	103	44	149	36	139	63
2	121107103	G	A	23	17	50	10	31	31
2	158971768	C	T	88	40	140	34	96	55
2	165946945	G	A	31	15	39	14	24	13
2	167055917	G	A	162	73	206	44	133	64
2	177016422	G	C	62	31	60	20	69	24
2	178098735	G	C	116	84	170	54	107	69
2	179476304	G	C	67	40	111	28	84	42
2	188331702	C	T	110	73	168	35	144	56
2	196661389	C	G	125	61	141	49	102	57
2	219678884	C	T	53	31	40	22	39	18
2	223065932	G	C	142	82	247	61	170	89
3	9695364	G	A	247	119	375	86	187	131
3	9952637	G	A	71	58	116	36	55	45
3	9975122	C	T	56	32	92	31	40	29
3	33416785	C	T	159	99	225	72	160	92
3	38038616	G	C	158	92	195	59	115	60
3	45636435	G	A	172	85	230	73	145	83
3	48476446	G	A	99	48	82	25	54	33
3	48698738	C	T	66	19	85	36	51	29
3	48965034	G	A	36	29	54	11	24	12
3	52360904	G	T	102	56	142	53	73	59
3	52388939	G	A	90	48	122	37	97	53
3	58107170	A	C	85	44	99	41	65	31
3	58553009	C	A	71	39	94	17	69	46
3	123051509	C	T	62	41	102	35	53	34
3	123987616	C	T	152	75	196	41	111	74
3	132294706	C	G	169	68	191	56	116	60
3	179132750	T	A	78	44	103	22	58	45
3	196210754	G	T	146	51	189	62	148	43
4	5578067	G	A	76	31	90	33	67	34
4	6296811	G	A	76	47	100	33	76	38
4	9982242	G	A	57	45	76	21	80	29
4	20852217	C	G	118	89	200	60	134	53
4	40146375	G	A	135	66	190	42	142	67
4	47887604	G	A	144	74	198	58	143	60
4	72205152	C	A	108	60	175	44	85	42
4	85525508	C	G	147	84	204	59	149	77
4	85729527	G	A	149	73	186	45	149	80
4	87691073	A	C	237	0	268	0	188	41
4	109578789	G	A	182	94	234	57	164	63
4	123949363	G	A	128	47	191	39	147	62
4	154217103	G	C	69	25	100	22	78	15
5	9629322	G	C	38	46	97	23	33	26
5	16475237	C	G	45	73	139	30	47	50
5	37064827	G	A	33	45	63	23	26	33
5	96460208	C	T	141	0	168	0	78	25
5	112176017	G	T	51	20	81	0	66	0
6	3106093	C	G	38	22	45	14	34	12
6	7862663	G	A	92	40	156	44	86	47
6	35923012	G	T	94	68	110	34	72	33
6	52993147	G	C	136	52	170	43	81	48
6	55620477	G	A	99	57	183	41	132	60
6	129824302	C	G	85	39	104	38	68	31
6	161470483	C	T	103	55	140	26	77	44
7	2962314	C	G	89	75	132	95	111	96
7	70885919	C	T	171	63	210	65	174	36
7	100283678	C	G	157	48	179	41	138	40
7	103276870	C	T	125	41	119	13	104	32
7	112724438	G	A	106	30	96	22	87	33
7	143175109	C	T	212	69	244	54	181	78
7	147336367	C	T	89	25	95	17	57	21
7	150733173	G	C	93	34	113	23	77	27
7	151836345	C	T	119	32	140	53	112	28
8	26501586	C	G	108	74	143	54	99	56
8	38066685	C	T	75	55	121	36	71	43
8	55059971	C	G	83	46	131	28	102	35
8	55541424	C	T	42	38	59	20	47	23
8	68007574	A	T	106	59	148	47	105	37
8	146068026	C	T	94	59	120	41	92	44
9	138518013	A	G	193	5	167	21	149	29
9	139571535	G	A	169	31	148	0	169	0
9	140247140	G	C	19	18	27	36	10	31
10	5567242	A	T	46	28	68	24	61	22
10	17113531	C	G	108	55	146	49	132	52
10	24809178	G	T	128	62	173	54	107	42
10	38343969	G	C	78	41	147	21	105	32
10	49937604	G	A	188	121	259	79	176	97
10	85997235	C	T	9	7	10	2	11	5
10	99221590	G	A	86	50	133	40	104	43
10	101462381	C	A	126	73	183	49	99	67
10	112362607	G	A	128	73	171	39	144	56
10	135085922	G	A	69	33	97	26	86	27
11	824688	C	G	25	13	26	8	20	5
11	1956131	G	T	105	45	174	42	116	48
11	9829675	G	T	66	49	115	35	92	46
11	20515723	C	T	64	31	86	38	70	33
11	34120900	C	G	113	83	178	39	152	42
11	48328287	G	A	162	88	271	72	192	83
11	56431747	G	A	88	61	132	43	67	42
11	61908423	G	A	105	64	149	50	105	49
11	62546432	G	A	116	67	191	59	132	54
11	66191424	G	C	59	36	84	27	52	29
11	66335040	C	T	93	49	108	41	56	41
11	68131389	G	C	28	14	70	18	49	25
11	113264462	G	A	96	32	107	28	71	29
11	113264463	G	T	95	34	107	28	73	28
11	114576638	G	T	56	37	90	26	75	29
11	118967771	G	A	195	34	183	48	105	31
11	120837917	G	T	192	88	261	81	163	91
12	8670765	C	T	78	51	158	33	91	44
12	14589138	C	G	198	100	297	64	168	40
12	21926491	C	G	97	36	116	30	85	43
12	32458724	G	C	65	29	75	11	58	16
12	56482552	G	A	150	61	191	65	91	70
12	56514535	G	A	145	73	188	52	113	44
12	56565193	C	T	188	107	312	76	190	98
12	104049234	G	T	166	89	188	51	176	90
12	116434939	G	A	96	57	117	41	78	45
12	118693355	C	T	131	74	209	52	102	64
12	119617367	G	A	51	32	74	11	39	24
12	120189920	G	A	75	54	82	57	80	80
13	25008691	C	G	95	53	149	45	71	46
13	47469727	C	T	71	49	97	25	52	34
13	76055547	G	A	203	101	241	105	169	94
14	20443780	G	T	135	69	219	50	137	82
14	35231090	G	T	299	0	390	0	283	49
14	35480736	C	T	97	67	180	37	101	52
14	52520562	C	G	181	70	258	67	145	76
14	74516847	G	C	42	21	49	4	20	14
14	75142429	C	T	73	52	97	31	67	38
14	105178014	G	A	66	55	87	38	68	42
15	25959306	G	A	61	17	91	23	77	29
15	28491944	G	A	142	48	154	26	97	35
15	43818202	C	G	103	32	108	26	86	38
15	50831027	G	A	208	57	259	66	227	72
15	65917782	T	G	381	7	428	41	334	18
15	101591950	C	T	71	31	97	13	91	24
16	309576	C	T	132	93	147	54	110	55
16	624209	C	G	44	19	61	36	25	28
16	1816274	G	A	52	42	71	30	53	39
16	2287791	C	T	15	15	26	9	22	7
16	2578269	C	T	44	20	48	18	27	16
16	4606499	C	G	34	14	63	11	28	17
16	19126436	C	T	34	26	43	17	41	30
16	27763084	G	C	70	45	100	33	76	37
16	56701285	G	C	145	60	190	46	145	69
16	69778815	G	C	106	55	189	46	117	27
16	71668591	G	A	140	75	190	45	110	46
17	7691220	C	T	160	93	258	65	161	70
17	9862596	C	T	154	79	271	77	191	89
17	18088190	C	T	156	77	188	45	106	44
17	26727707	T	G	109	8	116	32	72	13
17	27086208	G	A	70	35	89	34	65	26
17	37922099	G	A	65	60	121	26	60	32
17	74902114	C	G	116	76	224	62	147	68
17	77770765	G	C	114	60	147	34	88	58
17	78210800	C	A	64	39	105	23	45	38
17	79770729	G	A	39	25	50	11	41	19
18	45567253	C	T	121	63	193	61	135	72
18	47323945	T	C	108	57	195	43	156	65
19	407997	G	A	44	31	73	32	57	19
19	633461	G	A	20	19	46	23	17	8
19	2043186	C	G	165	93	204	72	143	65
19	2043575	C	T	228	90	231	61	175	85
19	2112927	C	T	113	73	161	53	108	65
19	5757931	C	G	129	45	180	56	115	52
19	8807906	G	A	64	37	87	27	51	18
19	12059909	C	G	127	53	156	34	110	40
19	12126264	C	G	80	47	144	34	101	45
19	17370238	C	T	132	54	128	43	86	32
19	19377362	G	A	89	40	127	32	75	35
19	19625801	C	G	30	20	59	30	32	13
19	38800182	G	A	100	0	102	0	68	10
19	41932604	G	C	34	32	46	14	36	24
19	44470807	C	T	73	38	110	30	48	32
19	46176164	G	C	176	120	248	72	154	63
19	48032282	C	G	151	90	163	53	158	53
19	49518374	C	T	40	20	60	24	46	20
19	49814383	C	T	135	69	267	75	143	73
19	50204037	G	A	100	52	152	52	111	51
19	50363297	C	T	42	19	61	20	33	29
19	50390755	C	G	184	61	228	59	206	65
19	51297791	C	T	112	57	146	32	96	70
19	53645241	C	G	18	19	37	11	28	12
20	46331303	C	T	197	0	235	0	159	24
21	43339013	G	A	206	97	239	51	148	78
21	45970875	G	C	43	22	48	10	44	23
22	19188928	C	T	101	45	145	56	121	56
22	21354289	C	G	46	32	58	18	38	16
22	39883418	C	G	157	56	167	53	144	75
22	46631094	C	T	161	79	267	67	141	78
22	50750838	C	T	153	76	182	57	154	105
22	50956232	G	T	55	33	81	28	57	44
22	51041815	G	A	81	36	116	34	86	50
