Chr	Posi	Wild	Mut	PrimT:ref	PrimT:alt	Met1T:ref	Met1T:alt	Met2T:ref	Met2T:alt	Met4T:ref	Met4T:alt	Status
1	2103612	G	C	29	0	91	0	101	17	76	0	decided
1	3319489	G	A	20	0	53	0	130	23	62	0	decided
1	11854836	C	T	135	22	326	0	334	0	328	0	decided
1	12785439	T	A	43	17	83	54	110	52	94	37	decided
1	15692371	C	T	89	0	182	0	168	38	179	0	decided
1	19180711	C	A	14	4	30	21	26	18	19	13	decided
1	24433626	G	T	43	0	90	19	197	0	104	11	decided
1	26513959	G	C	91	22	170	32	191	52	170	28	decided
1	26582112	G	C	39	0	82	0	109	37	89	0	decided
1	26672983	C	G	117	0	243	0	235	76	252	0	decided
1	28598357	C	G	55	0	104	0	120	26	101	0	decided
1	28800471	C	G	47	17	123	0	135	0	151	0	decided
1	32647088	G	T	39	0	130	0	100	23	118	0	decided
1	32658282	C	T	92	20	276	0	238	0	219	0	decided
1	34209151	G	T	43	5	101	27	132	41	90	20	decided
1	36315797	G	C	66	5	134	28	136	36	123	26	decided
1	38227506	G	T	9	3	28	19	56	40	31	16	decided
1	40363275	G	A	61	0	133	34	141	0	104	18	decided
1	43317434	C	T	36	0	120	0	124	34	103	0	decided
1	43637974	G	A	56	41	154	102	145	109	138	58	decided
1	43850762	C	G	159	0	358	0	364	84	338	0	decided
1	46073475	G	C	34	10	80	0	110	0	77	0	decided
1	48708262	C	A	17	10	88	0	118	0	88	0	decided
1	52498617	G	C	38	0	62	14	114	20	59	9	decided
1	55352649	G	A	14	0	48	7	78	0	26	8	decided
1	60503770	C	A	101	26	161	0	248	0	249	0	decided
1	62718750	G	A	93	0	121	47	173	0	128	31	decided
1	65344710	C	T	125	0	273	0	226	46	230	0	decided
1	70504182	A	G	50	21	86	68	98	78	106	50	decided
1	75685485	A	T	121	0	208	50	261	0	176	21	decided
1	92174300	G	A	90	6	172	26	182	30	200	18	decided
1	92515911	C	T	202	19	186	22	312	41	418	38	decided
1	92647376	C	G	91	0	162	0	143	38	153	0	decided
1	92647600	G	A	135	0	275	0	212	31	219	0	decided
1	93312898	C	G	119	14	130	0	214	0	227	0	decided
1	101188769	G	A	120	25	221	64	249	73	234	49	decided
1	109439551	G	T	114	66	264	0	302	168	215	50	decided
1	110086781	G	C	40	0	51	0	88	20	100	0	decided
1	111506249	G	T	164	0	193	119	428	0	292	72	decided
1	112991614	C	T	86	14	77	0	163	0	156	0	decided
1	117663581	G	C	84	0	112	0	114	23	103	0	decided
1	120437228	G	T	25	5	53	13	48	17	37	10	decided
1	144854555	C	T	228	34	466	24	588	49	512	30	decided
1	144854574	T	C	223	33	477	24	616	50	503	28	decided
1	150131482	G	T	52	68	124	118	150	188	157	69	decided
1	150532576	G	A	198	0	427	0	398	86	465	0	decided
1	151665405	G	C	205	0	356	0	417	69	391	0	decided
1	152059301	G	C	234	0	296	0	435	56	314	0	decided
1	152191894	A	G	182	0	299	57	392	0	321	0	decided
1	152282323	C	G	95	0	203	0	226	29	189	0	decided
1	152282530	G	T	146	17	306	60	352	59	292	72	decided
1	152777804	A	G	51	13	94	50	195	67	101	36	decided
1	153430319	C	A	143	44	227	97	318	96	293	87	decided
1	153905763	G	C	45	15	112	0	100	19	117	0	decided
1	155145044	C	T	320	0	433	0	505	97	668	0	decided
1	155233056	C	A	172	0	353	0	449	61	400	0	decided
1	155252323	G	T	80	12	107	27	182	17	98	37	decided
1	156594246	C	A	46	0	75	11	162	0	91	14	decided
1	156707291	C	G	147	71	283	66	296	99	363	35	decided
1	158618395	G	A	171	0	281	0	394	61	380	0	decided
1	161596115	T	A	341	0	442	88	529	0	581	76	decided
1	162492320	C	T	305	0	494	0	549	92	406	0	decided
1	163122432	C	T	151	0	254	0	276	37	176	0	decided
1	171236805	C	G	114	0	158	0	153	28	176	0	decided
1	171254669	C	T	27	0	33	8	58	18	49	6	decided
1	173616094	C	T	169	0	339	0	423	0	211	32	decided
1	173616095	A	T	167	0	338	0	421	0	207	32	decided
1	173952703	C	A	80	0	180	0	201	33	142	0	decided
1	176852097	G	C	67	0	84	23	149	0	124	19	decided
1	177935034	C	A	130	29	246	64	252	59	271	38	decided
1	179084088	C	G	89	0	195	0	203	63	207	0	decided
1	186055481	C	T	106	20	315	0	368	0	268	0	decided
1	200559396	C	G	184	0	222	0	298	83	401	0	decided
1	200842272	C	A	49	0	94	29	242	0	101	10	decided
1	203452460	G	C	37	0	79	0	78	32	69	0	decided
1	207751262	A	T	163	66	260	151	337	143	359	118	decided
1	215914763	G	T	177	33	279	44	259	41	303	49	decided
1	215990394	C	A	85	14	146	33	155	35	148	23	decided
1	215990520	C	T	35	28	76	44	84	42	74	30	decided
1	220324724	C	A	83	13	197	0	230	0	157	0	decided
1	228210556	A	G	27	0	57	18	136	49	52	11	decided
1	228601549	G	C	83	16	156	44	204	38	151	50	decided
1	234582617	T	G	81	0	202	53	216	0	211	0	decided
1	236208860	C	G	81	43	175	95	217	100	165	90	decided
1	237824167	G	T	131	21	350	71	432	80	256	53	decided
1	240072317	C	G	83	38	133	117	145	71	182	61	decided
1	241757931	T	A	78	0	194	0	197	0	141	34	decided
1	247588680	G	A	80	0	121	0	110	33	133	0	decided
1	247615196	G	A	91	22	194	45	206	51	220	36	decided
1	248005172	C	A	54	26	140	23	173	36	112	24	decided
1	248262732	C	G	154	45	159	101	197	121	233	83	decided
1	248524885	G	T	53	10	85	44	112	32	116	20	undecided
1	248524886	G	T	51	10	85	43	114	32	115	21	undecided
1	248845575	G	C	15	4	17	6	29	9	29	7	undecided
2	3651918	G	T	117	0	274	69	328	71	271	0	decided
2	9588414	G	C	109	0	187	0	228	51	169	0	decided
2	10044997	G	C	113	0	140	0	205	41	149	0	decided
2	11053767	C	T	99	0	186	28	325	0	198	20	decided
2	24246478	G	C	87	0	201	48	343	0	202	0	decided
2	24247022	C	G	135	0	301	0	282	69	197	0	decided
2	24387114	G	C	149	0	250	45	273	0	211	0	decided
2	25064464	C	A	42	0	87	22	122	0	107	0	decided
2	26257507	C	G	161	0	403	92	488	0	338	0	decided
2	26702459	G	T	20	31	50	50	94	77	54	45	decided
2	27322426	C	T	87	0	145	32	231	0	130	19	decided
2	27800455	C	G	119	0	278	0	194	27	139	0	decided
2	29295306	T	A	61	0	110	31	142	24	110	0	decided
2	29451793	A	C	49	5	96	5	85	0	87	14	decided
2	29606705	C	T	65	24	135	28	206	42	118	18	decided
2	32264494	G	A	97	40	292	74	384	64	286	50	decided
2	32476575	G	T	32	0	48	13	49	0	59	13	decided
2	32640052	C	A	52	25	83	0	151	0	85	0	decided
2	32689594	C	T	21	32	61	68	51	64	69	45	decided
2	32713704	C	T	78	0	98	16	138	34	121	0	decided
2	32713770	C	T	31	0	22	0	10	7	46	0	decided
2	36669838	G	T	136	32	319	52	303	56	282	35	decided
2	36775713	G	C	76	0	146	0	149	23	131	0	decided
2	43984294	C	T	70	0	100	0	119	39	129	0	decided
2	44010686	C	T	191	0	74	0	250	57	308	0	decided
2	49217768	G	T	157	0	159	23	352	0	252	0	decided
2	54101611	C	T	83	0	133	0	151	29	136	0	decided
2	54122797	A	C	172	29	411	0	439	0	371	0	decided
2	55570820	G	A	149	172	236	181	268	219	272	253	decided
2	61475656	C	G	105	24	212	0	242	0	184	0	decided
2	61720134	C	G	197	33	192	31	249	62	321	61	decided
2	63272271	C	G	67	0	206	0	277	47	140	0	decided
2	66664987	C	T	74	0	155	37	153	32	133	0	decided
2	68805104	G	A	234	0	311	0	384	45	337	0	decided
2	69706148	G	C	122	0	289	0	249	40	188	0	decided
2	70451753	C	T	137	60	402	0	514	0	335	0	decided
2	71795174	C	A	121	0	313	0	340	60	282	0	decided
2	73613292	C	G	13	0	40	0	51	22	40	0	decided
2	74185369	A	C	141	0	301	46	487	0	232	54	decided
2	74684617	G	C	21	0	71	0	98	23	37	0	decided
2	74688688	G	C	26	9	92	0	69	0	62	0	decided
2	74881587	G	C	5	8	23	4	64	15	21	0	decided
2	79348719	C	A	49	60	141	134	158	127	166	110	decided
2	80529988	C	G	28	0	56	0	97	22	34	0	decided
2	80773057	C	A	51	0	71	15	109	20	105	0	decided
2	85133238	G	C	73	20	270	0	342	0	174	0	undecided
2	85553943	G	C	68	0	195	0	140	17	156	0	undecided
2	85578140	G	A	112	26	312	0	301	0	249	0	undecided
2	85581520	G	A	209	0	516	0	677	103	468	0	undecided
2	86257404	T	C	361	0	843	0	679	110	654	0	undecided
2	97327422	C	A	148	0	380	0	257	44	304	0	undecided
2	97427598	C	T	154	0	370	0	256	36	341	0	undecided
2	99722074	C	A	177	69	431	277	548	289	389	154	undecided
2	99722075	C	A	179	72	437	282	545	297	394	160	undecided
2	99725852	C	A	293	96	692	211	738	257	446	161	undecided
2	99985860	G	A	387	0	567	73	735	0	698	82	undecided
2	105885773	G	A	80	0	195	0	122	45	201	0	decided
2	125504828	G	C	111	40	238	43	257	0	236	31	decided
2	136481652	C	G	62	0	133	0	145	60	133	0	decided
2	141259390	T	G	62	8	129	4	96	0	110	0	decided
2	152226577	T	C	48	31	69	109	97	93	93	96	decided
2	152321732	G	C	46	0	43	10	89	0	82	11	decided
2	160031655	C	T	42	14	98	0	111	0	115	0	decided
2	160194222	G	T	83	16	155	0	113	0	146	0	decided
2	160811756	T	A	244	36	299	0	415	0	516	0	decided
2	162890110	G	T	171	0	248	49	330	0	274	45	decided
2	167289148	C	A	83	0	45	9	103	0	110	12	decided
2	175619013	A	G	55	6	113	15	130	65	151	24	decided
2	179399605	C	G	26	0	44	0	21	12	41	0	decided
2	179399962	C	T	127	0	206	0	111	46	196	0	decided
2	179400049	C	T	166	0	277	0	204	63	239	0	decided
2	179401066	C	T	119	0	170	0	115	41	184	0	decided
2	179477103	C	T	122	0	195	53	152	0	146	51	decided
2	179599209	T	C	22	7	38	9	27	7	42	4	decided
2	179721007	C	G	184	0	139	0	123	40	278	0	decided
2	180014084	A	G	139	34	111	0	138	0	295	0	decided
2	182358051	G	T	61	54	74	94	68	64	107	98	decided
2	188247917	G	T	255	45	279	73	232	82	379	79	decided
2	189931480	C	A	192	34	315	69	294	88	319	56	decided
2	196746681	C	A	131	0	126	0	80	31	216	0	decided
2	197184223	T	A	29	6	77	0	33	0	74	0	decided
2	202358762	C	G	80	0	34	6	78	0	121	20	decided
2	203676484	A	G	115	17	83	0	261	0	195	0	decided
2	204591431	C	T	35	0	89	0	91	19	66	0	decided
2	211306049	G	C	93	15	251	0	197	0	176	0	decided
2	214174788	G	T	93	95	93	170	108	151	161	134	decided
2	218675022	C	A	139	0	268	41	397	0	259	0	decided
2	219694735	C	A	12	20	35	52	28	38	27	27	decided
2	220030007	C	T	18	0	64	0	82	20	67	0	decided
2	220044899	G	A	50	0	142	0	115	18	90	0	decided
2	228384766	G	A	88	0	135	0	136	47	147	0	decided
2	231037625	G	A	121	0	249	0	267	82	272	0	decided
2	231331062	G	C	78	0	30	0	155	37	169	0	decided
2	233394654	G	T	34	28	56	66	88	94	56	59	decided
2	233399050	G	A	52	0	84	0	93	21	105	0	decided
2	238725732	C	T	52	0	35	0	61	18	79	0	decided
2	239353209	G	A	60	17	95	25	187	55	121	17	decided
3	14940283	G	A	25	67	67	67	94	107	63	43	decided
3	30769830	G	C	79	24	131	38	127	46	172	43	decided
3	33194704	A	G	24	23	32	25	15	22	42	26	decided
3	36779093	T	A	22	29	76	53	66	56	83	40	decided
3	37366917	C	T	42	9	41	0	88	0	50	0	decided
3	37512527	C	T	70	0	96	32	199	0	137	24	decided
3	38017230	C	T	96	106	143	165	181	172	236	120	decided
3	38598004	G	T	281	0	262	64	363	0	414	76	decided
3	38768319	G	C	54	0	53	27	76	0	64	24	decided
3	44889478	G	C	112	37	131	0	187	0	202	0	decided
3	45636495	G	C	44	0	78	14	77	0	71	15	decided
3	46712477	C	A	60	32	93	38	135	54	119	24	decided
3	46874657	G	A	53	22	85	27	62	25	92	15	decided
3	52554299	C	A	62	19	78	24	147	41	126	24	decided
3	57348608	C	G	121	0	78	0	140	42	122	0	decided
3	57357227	C	A	59	61	83	73	53	70	83	51	decided
3	58067355	G	C	80	0	110	0	95	25	132	0	decided
3	61548047	G	T	61	87	124	178	215	184	133	123	decided
3	69168258	C	G	129	0	217	0	168	36	202	0	decided
3	85935357	C	A	103	0	192	0	243	42	191	0	decided
3	88040476	C	A	16	16	19	22	22	11	24	15	decided
3	88040477	C	A	16	16	19	22	21	12	23	16	decided
3	88205608	C	G	96	0	165	0	230	39	147	0	decided
3	101374980	C	T	95	0	81	23	139	0	138	34	decided
3	111603606	G	T	25	0	75	0	43	24	67	0	decided
3	112357931	C	T	111	28	263	48	197	27	242	41	decided
3	119425674	C	G	167	37	194	102	202	97	241	63	decided
3	121448852	C	G	93	0	116	52	163	0	116	58	decided
3	124053297	C	A	23	0	45	15	125	0	43	20	decided
3	128628205	G	C	58	13	179	0	222	0	140	0	decided
3	128628911	C	T	56	17	173	0	171	0	104	0	decided
3	129373947	C	G	126	0	214	0	183	103	178	0	decided
3	129389314	G	C	128	0	292	0	257	48	251	0	decided
3	130150715	C	G	135	47	372	76	381	68	357	0	decided
3	131254074	C	G	204	0	388	0	291	102	296	0	decided
3	136714329	G	T	143	105	285	239	413	305	391	142	decided
3	140123484	G	T	44	36	90	90	130	90	125	62	decided
3	142243011	C	G	153	0	167	41	286	0	173	30	decided
3	142396883	C	T	105	0	80	0	136	70	122	0	decided
3	147113750	T	A	81	21	182	37	287	75	227	0	decided
3	147127973	C	G	6	5	30	4	72	19	20	0	decided
3	150903224	G	T	128	0	211	44	349	0	204	0	decided
3	155199657	C	A	31	6	43	0	55	11	54	5	decided
3	155628911	C	A	119	0	148	66	387	0	154	69	decided
3	160679622	G	C	63	60	117	90	134	149	116	44	decided
3	160803577	G	T	13	22	39	35	36	39	45	8	decided
3	169700673	G	C	35	0	18	0	51	8	68	0	decided
3	169710384	C	T	98	4	190	24	187	32	140	22	decided
3	172166090	G	T	5	7	17	10	27	29	14	6	decided
3	180372596	G	T	255	30	393	72	645	77	374	53	decided
3	183823080	G	C	47	14	160	0	176	0	129	0	decided
3	183961608	G	A	32	0	117	0	160	38	88	0	decided
3	183995214	C	T	49	10	107	0	164	0	143	0	decided
3	184870595	G	A	28	0	82	23	144	0	47	20	decided
3	186435507	T	A	78	26	143	55	150	89	123	59	decided
3	186965126	C	G	255	61	661	0	783	0	586	0	decided
3	189526087	G	A	86	21	233	0	287	0	159	0	decided
3	190147418	G	T	190	0	302	39	394	62	217	37	decided
3	192125836	C	A	22	10	36	29	72	65	22	15	decided
3	193052857	C	T	209	0	378	0	434	48	320	0	decided
3	195516687	C	G	189	0	466	0	260	187	389	0	decided
4	1090586	A	T	207	0	328	45	338	0	442	0	decided
4	1701776	G	A	199	187	371	0	613	0	754	0	decided
4	2946861	G	A	63	0	175	76	168	0	140	81	decided
4	5333051	C	A	59	34	166	99	135	52	167	69	decided
4	5837646	T	G	138	0	383	0	238	47	325	0	decided
4	8242568	C	T	85	11	283	0	269	0	245	0	decided
4	23814718	G	T	184	32	454	46	375	0	337	40	decided
4	26614825	C	T	97	39	43	7	67	24	158	38	decided
4	37445775	G	T	86	0	182	0	64	21	132	0	decided
4	38995545	A	G	216	0	276	0	240	42	298	0	decided
4	41648236	G	A	259	0	283	165	373	0	312	126	decided
4	42122127	C	A	260	87	446	260	373	162	407	183	decided
4	47597813	G	A	85	49	141	108	164	77	144	53	decided
4	48027283	T	A	72	0	193	27	211	0	138	19	decided
4	48512886	G	A	120	9	286	38	218	40	155	16	decided
4	52862242	G	A	88	13	240	19	120	16	164	16	decided
4	55981569	G	T	55	33	70	97	73	35	70	54	decided
4	56737360	G	C	80	0	240	27	156	0	103	10	decided
4	68490717	C	A	55	44	70	66	101	69	71	48	decided
4	69188588	G	A	60	18	138	0	265	0	143	0	decided
4	69978218	C	T	111	0	253	0	273	43	233	0	decided
4	70346486	A	T	30	20	32	40	103	37	53	27	decided
4	70505070	C	G	43	21	75	0	65	0	120	0	decided
4	72317015	G	C	125	0	237	0	192	48	178	0	decided
4	72994477	T	A	81	93	90	82	121	108	154	104	decided
4	73188752	C	T	123	26	199	0	154	0	220	0	decided
4	74447941	C	A	130	88	53	47	167	135	231	132	decided
4	79763658	C	G	131	66	254	0	232	0	256	0	decided
4	89311916	G	T	81	65	146	107	253	237	194	105	decided
4	90170777	G	C	69	29	133	38	101	25	128	23	decided
4	90844410	C	A	14	15	33	26	17	38	29	23	decided
4	90856956	C	A	62	58	53	42	100	65	116	44	decided
4	95229866	T	C	67	18	98	40	156	60	87	19	decided
4	99969991	C	G	204	0	285	0	177	76	250	0	decided
4	113345121	A	G	92	47	148	55	194	75	162	38	decided
4	121706239	G	C	126	0	210	0	201	55	161	0	decided
4	123176285	G	C	49	25	31	24	62	58	54	51	decided
4	140272705	C	T	98	0	76	0	106	34	131	0	decided
4	140811994	C	A	38	42	56	52	43	54	68	48	decided
4	151509258	G	A	84	0	137	41	229	0	106	32	decided
4	153809438	G	T	71	0	73	15	88	0	78	23	decided
4	153883983	G	A	65	33	114	0	153	0	136	0	decided
4	155254640	G	C	64	0	125	0	102	43	110	0	decided
4	155411115	C	G	5	6	5	4	19	5	19	0	decided
4	160277030	G	C	11	9	24	30	26	43	21	13	decided
4	164061412	C	T	157	33	89	0	156	0	272	0	decided
4	187519216	C	A	17	16	41	27	45	19	48	22	decided
5	1036421	G	A	185	10	581	72	814	47	503	67	decided
5	1801562	C	T	24	0	75	0	144	33	56	0	decided
5	10258262	G	T	131	0	170	0	346	56	170	0	decided
5	13762896	G	C	79	0	97	0	172	23	99	0	decided
5	16877787	G	C	71	0	121	0	210	34	81	0	decided
5	31305293	G	C	109	34	175	0	285	0	186	0	decided
5	33577045	G	T	88	44	161	64	213	47	188	61	decided
5	35793271	T	A	79	0	84	0	133	16	132	0	decided
5	37044554	G	C	127	0	121	31	259	0	156	34	decided
5	37049271	G	C	126	0	161	0	231	51	174	0	decided
5	39306777	G	T	142	32	196	48	408	65	222	42	decided
5	40854365	C	G	93	19	140	0	218	0	154	0	decided
5	41009499	C	G	25	0	65	0	52	17	49	0	decided
5	41033186	C	A	85	43	154	39	196	53	138	22	decided
5	41199965	C	A	65	22	111	46	114	44	84	17	decided
5	63257211	G	T	16	6	39	7	51	9	50	13	decided
5	63509699	C	T	51	0	80	0	49	20	71	0	decided
5	68572381	G	A	64	0	124	0	146	39	124	0	decided
5	70797446	G	A	91	0	82	0	116	36	185	0	decided
5	71495642	G	T	75	18	128	23	131	37	122	24	decided
5	72469181	G	T	47	9	65	14	71	29	92	16	decided
5	75996938	G	A	91	0	167	0	170	43	170	0	decided
5	76128803	C	T	33	21	75	0	66	0	80	0	decided
5	79373991	G	A	88	0	115	25	143	0	114	17	decided
5	79950579	C	A	26	9	74	0	101	0	69	0	decided
5	86629117	C	G	112	36	124	0	230	0	223	0	decided
5	89793491	G	C	85	0	27	9	106	0	130	26	decided
5	109026243	C	A	91	38	123	63	121	38	138	25	decided
5	115336826	G	T	63	25	131	48	155	34	120	24	decided
5	118500908	G	A	143	0	118	0	183	72	259	0	decided
5	130517976	C	G	31	11	13	4	10	4	44	13	decided
5	134099766	G	A	89	0	161	0	134	38	159	0	decided
5	137627779	G	C	82	0	196	0	168	48	145	0	decided
5	138714002	G	C	64	0	112	59	239	0	107	16	decided
5	140176453	G	T	19	6	40	17	63	34	43	15	decided
5	140209710	G	A	7	1	18	9	48	9	15	4	decided
5	140214945	G	T	188	26	288	67	298	94	328	68	decided
5	140256885	G	A	78	0	215	0	317	100	234	0	decided
5	140682846	G	A	61	0	119	32	182	0	123	29	decided
5	140737030	C	A	38	24	70	25	88	31	75	20	decided
5	140870089	G	A	103	0	166	0	104	27	173	0	decided
5	140957897	A	G	37	33	66	27	75	26	75	16	decided
5	141016189	G	A	98	36	228	0	196	0	214	0	decided
5	149265842	G	T	149	0	264	0	211	92	248	0	decided
5	150278065	G	C	112	0	226	0	178	50	148	0	decided
5	151783980	A	T	49	36	155	0	98	0	126	0	decided
5	154287184	C	T	102	0	157	60	224	0	188	45	decided
5	156920107	G	T	79	11	131	59	117	44	117	25	decided
5	159661888	C	T	102	0	162	0	163	47	204	0	decided
5	160047684	C	A	11	9	40	14	40	12	35	8	decided
5	162902542	G	A	99	0	92	26	105	0	114	16	decided
5	171766725	C	T	38	0	86	0	98	48	95	0	decided
5	180432681	C	A	91	47	117	50	111	45	155	35	decided
6	6182372	G	A	112	0	179	0	180	32	127	0	decided
6	11104214	G	C	29	0	65	0	26	15	51	0	decided
6	12125698	C	T	54	9	47	10	63	15	55	8	decided
6	16279077	G	C	96	0	244	0	269	79	199	0	decided
6	26032128	C	T	83	22	224	0	291	0	185	0	decided
6	26033460	G	T	75	14	143	38	140	17	125	14	decided
6	26056402	C	G	145	0	298	63	313	0	274	42	decided
6	26156838	G	C	110	0	224	0	208	45	202	0	decided
6	26157005	G	C	56	0	168	0	133	47	117	0	decided
6	27277382	G	A	30	4	59	19	39	10	64	9	decided
6	28097360	G	A	73	27	69	38	127	18	119	10	decided
6	30571040	G	A	262	0	352	84	449	0	401	67	decided
6	30917725	C	T	11	5	34	14	30	14	24	7	decided
6	31323241	G	T	48	12	107	18	135	23	94	10	decided
6	32808789	C	T	225	0	382	0	247	61	368	0	decided
6	33286802	G	A	41	13	105	0	114	0	81	0	decided
6	33996033	C	T	69	0	144	0	206	35	153	0	decided
6	34735690	G	A	57	0	126	0	142	32	130	0	decided
6	44121907	C	A	102	0	183	0	179	30	153	0	decided
6	46851919	G	C	69	0	137	0	110	31	100	0	decided
6	47650319	C	T	90	0	190	0	151	22	164	0	decided
6	49494331	G	T	82	44	130	88	162	83	141	63	decided
6	49663557	C	G	315	34	728	0	664	0	554	0	decided
6	56380468	T	A	74	0	96	0	70	17	79	0	decided
6	64694337	C	T	107	0	153	0	129	33	99	0	decided
6	70900023	A	G	245	0	77	31	214	0	236	57	decided
6	71567761	G	C	79	24	128	37	89	31	129	20	decided
6	74351447	G	C	67	22	109	0	177	0	126	0	decided
6	83851645	G	C	118	40	105	35	141	52	174	35	decided
6	83851737	G	C	143	46	170	41	167	46	197	39	decided
6	83926243	C	G	172	0	149	0	209	78	233	0	decided
6	87964901	G	C	130	48	150	39	161	60	167	40	decided
6	90576100	G	T	47	43	30	25	61	76	91	54	decided
6	93955017	C	T	68	0	67	0	52	21	81	0	decided
6	93973586	T	A	244	0	225	83	333	0	293	79	decided
6	97621080	C	A	88	40	113	24	167	47	126	31	decided
6	107009231	C	G	83	36	106	41	109	57	134	18	decided
6	108723225	A	T	94	16	21	0	90	0	157	0	decided
6	111527923	G	C	139	0	215	0	238	71	267	0	decided
6	116720765	G	A	80	0	131	0	90	22	124	0	decided
6	117710914	C	G	22	0	23	0	28	0	30	12	decided
6	117725555	G	A	109	0	122	0	84	33	135	0	decided
6	123319048	G	T	149	52	293	70	205	62	265	38	decided
6	123591007	C	A	138	226	246	211	215	200	301	166	decided
6	125379234	G	A	89	0	88	36	160	0	85	23	decided
6	129714350	G	A	124	51	187	50	197	47	180	45	decided
6	130762498	G	A	130	0	121	0	70	28	169	0	decided
6	132043372	C	G	134	0	151	55	267	0	174	36	decided
6	133097478	C	T	74	34	158	0	199	0	168	0	decided
6	139113897	A	G	112	47	87	39	162	59	187	49	decided
6	145156965	G	C	63	25	82	28	95	43	132	34	decided
6	146755272	C	A	16	21	14	28	49	57	36	27	decided
6	152762276	C	T	193	23	133	0	289	0	286	0	decided
6	159188482	T	G	33	0	50	0	46	0	32	5	decided
6	160328360	G	T	44	7	85	0	79	0	104	0	decided
6	166952186	C	T	214	0	300	0	179	64	255	0	decided
6	170062521	C	A	118	33	161	58	149	61	179	51	decided
6	170062522	T	A	115	32	153	58	147	61	176	48	decided
6	170102976	C	T	29	0	40	0	70	13	30	0	decided
7	4285316	C	A	45	0	113	0	156	21	140	0	decided
7	6547941	A	T	33	0	88	0	131	30	70	9	decided
7	8272319	C	T	316	0	463	0	606	96	693	0	decided
7	14669890	G	C	40	26	155	36	190	78	123	58	decided
7	19015519	C	A	71	24	206	54	223	56	259	68	decided
7	21947876	C	G	121	0	145	53	254	0	243	51	decided
7	26224211	C	T	24	0	85	8	86	0	79	13	decided
7	27196095	C	A	63	14	115	108	181	116	184	77	decided
7	30951893	G	T	3	1	32	19	34	5	24	7	decided
7	31125005	A	T	62	11	109	105	133	64	159	68	decided
7	36461519	G	T	100	0	188	23	263	29	267	21	decided
7	39610224	G	A	292	0	402	0	481	87	581	0	decided
7	42004321	G	T	45	0	118	0	101	17	140	0	decided
7	42088281	G	C	112	0	233	31	229	0	274	80	decided
7	44560396	G	T	52	13	142	0	230	0	204	0	decided
7	45140930	C	T	92	0	264	0	274	54	310	0	decided
7	71743783	C	T	70	16	186	0	175	33	202	39	decided
7	72738717	G	T	58	0	142	0	167	19	141	0	decided
7	73011254	C	T	114	30	321	0	388	56	290	28	decided
7	75168646	C	G	129	13	198	45	292	94	283	59	decided
7	79082404	G	T	47	25	143	0	197	0	116	0	decided
7	82544863	G	A	92	0	164	0	106	26	136	0	decided
7	86542460	C	T	109	0	182	0	139	22	229	0	decided
7	87196157	C	G	154	22	264	50	315	85	264	41	decided
7	88963584	G	C	77	0	112	0	115	15	122	0	decided
7	90747383	C	G	202	0	299	64	332	0	281	51	decided
7	94030925	G	T	259	30	524	99	507	129	449	81	decided
7	96747046	G	C	75	12	183	30	232	51	145	13	decided
7	98638145	A	G	133	30	244	0	270	0	284	0	decided
7	99013786	G	C	159	0	275	0	270	68	286	0	decided
7	99091249	C	T	164	0	207	0	275	75	301	0	decided
7	99796944	G	A	81	19	203	0	314	0	292	0	decided
7	99818176	C	T	48	0	58	13	120	0	88	17	decided
7	100686046	G	A	58	7	117	30	151	32	128	19	decided
7	100843571	C	A	97	19	120	51	180	38	201	26	decided
7	103368635	C	T	87	0	206	0	148	37	194	0	decided
7	107013191	G	A	111	0	133	0	143	25	169	0	decided
7	107303871	A	G	96	23	183	0	201	61	171	20	decided
7	111535744	C	G	137	13	180	50	308	75	242	41	decided
7	117501317	G	A	106	0	130	72	252	0	274	94	decided
7	123269228	G	A	79	0	129	0	96	19	98	0	decided
7	123594290	G	T	56	32	86	41	103	46	103	64	decided
7	128041132	C	T	69	0	82	25	136	0	93	15	decided
7	128848682	G	A	57	10	92	0	148	0	125	0	decided
7	131825483	G	C	197	39	416	0	470	0	434	0	decided
7	135320346	G	A	253	0	173	0	187	40	306	0	decided
7	137082159	C	A	228	72	225	47	286	61	322	39	decided
7	143016876	C	G	87	0	124	0	130	38	150	0	decided
7	143093483	C	T	60	8	118	0	162	0	104	0	decided
7	143141308	C	A	101	52	164	87	227	114	165	99	decided
7	143400267	C	A	84	0	139	0	111	36	157	0	decided
7	143701911	C	T	83	14	67	34	89	13	67	18	decided
7	143747687	C	A	86	0	166	0	119	0	124	16	decided
7	148489899	C	G	178	0	312	0	293	57	333	0	decided
7	150325226	C	A	30	8	65	16	84	28	67	13	decided
7	150649922	T	A	28	9	41	18	75	21	66	13	decided
7	150769187	C	T	100	0	180	0	248	56	208	0	decided
7	150840450	C	T	36	15	68	25	106	22	84	14	decided
7	150935632	C	T	99	0	239	0	279	58	233	0	decided
7	151800335	C	T	90	0	137	0	125	25	174	0	decided
7	158716276	C	T	127	26	169	70	234	57	206	31	decided
8	22105405	G	T	32	11	55	20	78	32	89	27	decided
8	24771822	G	A	10	0	20	13	52	17	27	0	decided
8	28707757	C	T	190	0	341	0	332	108	293	0	decided
8	29989552	G	C	25	0	42	17	40	0	34	4	decided
8	38265746	C	T	114	0	261	0	370	83	262	0	decided
8	48746761	C	T	83	16	210	48	241	10	178	32	decided
8	52339290	C	T	82	15	130	22	174	41	138	26	decided
8	54142101	C	A	49	10	113	30	84	20	118	14	decided
8	54967622	G	C	116	0	101	0	224	48	237	0	decided
8	61654874	C	T	39	0	52	0	37	11	68	0	decided
8	70744003	T	A	32	13	47	29	51	21	68	40	decided
8	75276579	A	T	42	15	112	28	129	27	138	16	decided
8	77616782	G	T	71	0	99	28	143	0	147	0	decided
8	77763523	C	A	28	6	49	23	55	31	37	26	decided
8	82714674	G	A	160	85	273	147	325	199	305	218	decided
8	88886053	C	A	41	9	97	25	47	30	116	13	decided
8	91937792	C	T	118	0	309	0	375	49	372	0	decided
8	92365176	A	T	172	28	241	61	455	16	452	68	decided
8	96060709	C	G	120	0	220	0	252	63	270	0	decided
8	97263159	C	T	92	11	153	0	241	0	226	0	decided
8	101154018	C	A	72	34	93	56	218	72	152	96	decided
8	113318329	C	T	90	0	192	0	184	36	245	0	decided
8	114186036	G	A	120	16	198	35	211	67	214	38	decided
8	118165232	C	G	93	0	134	89	313	0	140	110	decided
8	118174126	A	T	76	0	141	0	103	38	111	0	decided
8	123965370	G	T	51	15	85	17	180	4	129	18	decided
8	124357196	C	G	105	0	202	0	219	30	227	0	decided
8	133056714	C	T	196	0	225	28	430	0	427	0	decided
8	133764211	G	C	45	0	184	0	236	0	135	30	decided
8	133769537	G	A	212	0	302	57	247	0	293	43	decided
8	139688823	C	G	79	40	105	121	102	111	161	99	decided
8	141711049	G	A	106	0	270	0	214	70	200	0	decided
8	143427171	C	G	60	0	186	35	224	0	170	0	decided
8	145619961	C	T	101	0	94	81	217	0	128	93	decided
8	146028325	G	C	89	0	187	0	144	54	188	0	decided
9	712103	G	T	93	4	156	72	122	33	148	61	undecided
9	713397	G	A	41	0	91	23	82	0	71	16	undecided
9	5358254	G	C	267	0	188	45	227	0	273	44	undecided
9	5549481	C	G	124	9	166	39	157	57	200	40	undecided
9	6328767	G	A	71	53	175	82	144	30	173	58	undecided
9	12698602	G	C	102	99	222	53	201	81	219	45	decided
9	18770712	C	G	45	0	109	0	121	28	134	0	decided
9	32635509	C	A	50	10	103	0	102	33	128	0	decided
9	34379171	G	C	57	58	162	0	181	0	149	0	decided
9	34725904	C	A	31	14	31	40	50	8	41	31	decided
9	35061084	G	A	58	0	67	0	65	16	88	0	decided
9	35061085	A	T	59	0	67	0	66	16	92	0	decided
9	35108150	C	A	13	0	19	0	24	7	20	0	decided
9	35698319	C	A	62	0	108	0	60	24	84	0	decided
9	35738546	A	G	160	29	313	0	212	75	306	0	decided
9	38396840	G	T	89	0	130	0	156	0	113	18	decided
9	40774419	C	G	104	33	79	68	116	39	109	76	decided
9	72132045	C	T	10	5	16	12	62	13	29	14	decided
9	87570384	C	A	55	26	74	61	184	54	91	52	decided
9	88573418	G	A	158	0	204	67	308	0	261	62	decided
9	102992001	C	G	61	16	125	0	115	0	107	0	decided
9	113194767	C	A	101	0	150	39	173	0	130	24	decided
9	115449823	C	T	122	43	178	39	275	52	197	30	decided
9	125239525	C	T	110	0	143	0	85	23	159	0	decided
9	125273533	G	A	90	44	117	69	159	46	131	84	decided
9	125922696	G	A	108	0	191	0	402	54	164	0	decided
9	131512915	C	G	49	0	88	0	110	20	89	0	decided
9	137020486	C	A	66	0	103	38	166	0	150	0	decided
9	137717724	G	A	63	15	63	58	157	42	75	26	decided
9	138773641	C	T	76	0	112	0	67	30	125	0	decided
9	139750562	G	T	50	0	52	0	80	32	68	0	decided
9	139945515	C	A	45	0	89	17	157	0	90	15	decided
9	140968452	G	C	41	18	48	47	97	28	61	41	decided
10	7318914	A	G	132	25	153	77	128	51	242	36	undecided
10	8006060	G	T	44	24	126	57	105	30	74	44	undecided
10	11505385	C	A	41	11	109	25	76	22	81	11	undecided
10	16946109	C	A	53	41	88	47	90	21	90	40	undecided
10	17702518	C	G	586	0	1114	0	637	182	1024	0	undecided
10	23287195	C	A	101	13	182	87	106	20	134	32	undecided
10	34626294	C	A	236	42	388	178	437	100	322	66	undecided
10	37507944	C	T	45	10	42	6	77	14	77	6	undecided
10	43127452	C	T	180	0	292	60	348	0	191	64	undecided
10	46122432	G	A	43	9	87	0	87	0	82	0	undecided
10	50018585	G	C	71	0	85	38	115	0	122	15	undecided
10	50534057	G	C	19	0	39	19	47	11	46	7	undecided
10	62645901	C	A	112	16	200	92	290	62	251	35	undecided
10	64136657	C	T	24	25	66	35	56	21	58	32	undecided
10	64414644	G	T	120	84	228	127	186	144	267	187	undecided
10	70202853	C	T	80	0	156	0	197	24	161	0	undecided
10	70645387	G	A	84	0	147	0	123	33	165	0	undecided
10	72195542	G	A	18	7	28	6	28	0	16	15	undecided
10	72298115	G	T	37	0	100	35	192	0	102	0	undecided
10	72298116	C	T	37	0	103	33	186	0	103	0	undecided
10	75562762	G	C	251	0	405	0	276	71	362	0	undecided
10	76780917	G	A	183	0	209	30	197	0	154	65	undecided
10	88994223	C	G	110	0	173	0	174	31	184	0	undecided
10	91470741	C	T	128	28	52	27	153	39	161	21	undecided
10	93770876	G	A	153	71	107	0	203	0	322	0	undecided
10	96540264	T	G	278	0	423	0	416	85	447	0	undecided
10	98408513	T	A	100	5	134	59	212	53	266	33	undecided
10	100152806	C	G	58	0	120	0	86	21	101	0	undecided
10	101715650	C	A	25	38	107	32	70	36	87	56	undecided
10	104184275	C	T	135	0	211	45	180	0	247	26	undecided
10	105796829	G	A	75	0	110	0	142	34	114	0	undecided
10	116032602	G	A	58	38	238	0	191	0	242	0	undecided
10	118236203	C	T	89	0	121	0	151	25	143	0	undecided
10	120801680	C	T	146	0	339	0	313	64	324	0	undecided
10	120818732	G	C	86	17	122	69	131	32	181	26	undecided
10	122273492	G	A	306	0	397	175	598	0	494	78	undecided
10	124395573	C	G	161	29	364	0	403	0	337	0	undecided
10	125506467	C	A	135	26	234	116	261	77	256	41	undecided
10	134219470	C	T	114	0	245	57	387	0	267	0	undecided
10	134540346	G	C	237	0	581	0	343	81	487	0	undecided
10	135193564	C	A	25	0	118	19	187	28	118	13	undecided
11	722136	G	A	45	8	98	0	188	0	101	0	undecided
11	830099	G	A	6	7	39	6	56	13	31	0	undecided
11	1081089	C	A	55	0	123	47	174	43	121	44	undecided
11	1467037	C	A	39	0	71	33	179	28	83	22	undecided
11	1579363	C	G	70	16	173	0	246	0	200	0	undecided
11	1605776	G	C	10	28	98	47	136	83	95	28	undecided
11	2423956	C	T	43	7	94	0	129	0	113	0	undecided
11	4471301	C	A	96	0	154	59	130	21	177	35	undecided
11	5012693	G	A	89	0	156	63	221	0	102	34	undecided
11	5776068	T	G	133	0	251	0	145	34	233	0	undecided
11	6953613	C	G	38	13	137	0	165	0	117	0	undecided
11	7530870	C	A	63	0	104	46	132	31	93	42	undecided
11	8132335	T	G	123	18	320	0	293	0	216	0	undecided
11	9450665	C	G	107	14	190	0	183	0	196	0	undecided
11	9517856	G	C	112	0	206	40	204	0	188	31	undecided
11	11348677	C	G	139	0	321	0	240	57	349	0	undecided
11	12315877	C	A	24	39	89	35	65	39	95	30	undecided
11	15212290	C	T	65	0	112	52	142	25	100	39	undecided
11	30902759	C	G	137	0	338	0	241	51	294	0	undecided
11	31815036	C	A	172	122	438	96	461	110	493	84	undecided
11	32956739	T	G	46	66	220	115	194	106	184	55	undecided
11	34937827	G	C	48	0	112	25	117	0	82	10	undecided
11	47510489	G	A	93	63	160	100	212	51	170	42	undecided
11	51515473	C	T	190	0	281	0	221	31	270	0	undecided
11	55110828	C	A	119	74	176	89	180	55	157	80	undecided
11	55587793	C	T	83	12	148	0	148	0	169	0	undecided
11	55606926	C	A	104	13	148	26	122	44	141	16	undecided
11	55761901	G	T	68	11	97	8	66	0	110	10	undecided
11	55761902	G	T	69	10	99	8	67	0	110	10	undecided
11	55944825	C	A	83	35	121	42	100	26	106	45	undecided
11	56057613	T	G	47	0	21	6	36	0	60	4	undecided
11	56057755	T	G	166	85	133	38	221	48	305	70	undecided
11	57077003	T	C	103	13	228	0	188	0	151	0	undecided
11	57317500	C	A	133	42	205	49	228	65	212	42	undecided
11	57886071	G	T	75	41	112	40	108	20	106	39	undecided
11	57982706	C	A	55	58	108	60	83	43	81	37	undecided
11	58601918	G	T	96	40	149	35	94	46	100	37	undecided
11	59271594	C	A	143	91	210	95	223	134	277	117	undecided
11	60708622	G	C	182	0	270	46	313	0	204	41	undecided
11	61511557	C	G	25	0	37	15	49	0	48	12	undecided
11	61553597	C	G	67	0	167	0	168	52	156	0	undecided
11	62287401	C	G	130	72	486	0	411	0	436	0	undecided
11	64536719	C	T	88	0	152	74	124	26	163	71	undecided
11	65304588	G	T	70	13	155	0	207	0	196	0	undecided
11	65427656	C	T	122	0	345	0	259	71	264	0	undecided
11	67075125	G	A	37	0	53	0	59	12	71	0	undecided
11	70011647	C	A	44	0	96	0	82	0	66	21	undecided
11	70028767	C	A	154	0	236	92	325	69	241	88	undecided
11	71166167	G	T	122	0	165	75	194	46	206	58	undecided
11	76072059	C	G	244	0	297	0	302	73	411	0	decided
11	85367422	C	G	178	0	102	26	159	0	172	32	decided
11	85692816	G	T	149	0	118	0	96	25	213	0	decided
11	89819906	G	T	10	6	8	20	10	8	17	10	decided
11	93118708	A	T	32	8	17	0	30	0	51	0	decided
11	103908679	G	C	30	0	72	0	57	14	75	0	decided
11	106579269	G	A	167	114	326	100	290	96	349	74	decided
11	108235838	G	T	71	94	57	70	97	101	112	54	decided
11	113650655	G	C	26	14	57	0	72	0	81	0	decided
11	114401075	C	T	140	0	137	64	172	0	189	33	decided
11	117304162	C	G	193	0	251	0	230	42	212	0	decided
11	118885736	G	T	93	0	103	0	147	44	133	0	decided
11	123755211	A	T	218	0	199	55	207	0	261	0	decided
11	123847894	G	T	99	0	177	0	118	13	139	0	decided
11	130332470	A	G	4	5	6	9	11	18	9	3	decided
11	130341150	C	T	178	0	254	0	269	58	230	0	decided
11	130341267	C	T	321	0	468	0	369	76	427	0	decided
11	134022922	C	T	56	126	71	211	78	131	91	109	decided
12	988811	G	T	122	43	444	0	165	0	380	0	decided
12	9311049	C	G	57	46	128	168	129	253	144	125	decided
12	10560267	C	T	281	0	578	0	706	113	638	0	decided
12	12311941	G	A	81	34	344	0	348	0	337	0	decided
12	13061324	C	G	42	16	164	0	318	0	207	0	decided
12	13768577	C	G	69	57	82	156	134	286	136	123	decided
12	14982341	C	G	143	0	307	0	427	71	318	0	decided
12	21028352	A	T	34	80	47	113	39	240	45	116	decided
12	25347841	G	C	39	73	72	308	70	775	62	198	decided
12	25398282	C	A	83	148	134	528	109	1132	129	260	decided
12	31944848	G	A	189	0	433	0	478	53	374	0	decided
12	39170083	C	G	333	0	207	0	199	75	597	0	decided
12	40671798	A	T	48	84	25	44	66	38	80	66	decided
12	45269643	G	A	213	0	310	64	460	0	292	60	decided
12	48534566	C	A	70	0	170	44	180	0	179	28	decided
12	51347854	G	A	81	0	185	0	143	44	170	0	decided
12	51467708	C	A	37	11	134	0	111	0	128	0	decided
12	53237933	G	A	63	22	224	0	232	0	231	0	decided
12	56142422	C	T	56	0	102	0	109	20	121	0	decided
12	56494858	C	T	18	10	66	0	86	0	70	0	decided
12	56553785	G	C	37	0	59	13	64	0	59	5	decided
12	56574782	C	T	158	0	345	0	409	84	339	0	decided
12	56574825	C	G	223	0	393	0	579	96	496	0	decided
12	56679748	G	A	135	0	283	0	400	90	221	0	decided
12	56722073	C	T	103	29	214	0	223	0	256	0	decided
12	57345962	C	T	86	0	229	0	180	29	199	0	decided
12	57397810	C	A	110	0	216	47	206	0	194	19	decided
12	57868437	G	T	74	24	165	0	214	0	192	0	decided
12	68553308	C	A	62	35	134	0	176	0	191	0	decided
12	76425053	C	A	43	0	91	0	62	38	83	0	decided
12	76788451	A	C	137	114	148	181	162	145	203	200	decided
12	79990346	G	A	242	0	247	0	483	97	378	0	decided
12	80699460	T	C	251	0	275	0	362	76	380	0	decided
12	80838590	A	G	230	0	198	0	250	132	312	0	undecided
12	82750856	G	A	322	0	555	5	568	125	424	0	decided
12	83290274	C	G	134	0	219	47	241	0	220	23	decided
12	85554471	A	G	105	184	103	133	251	133	199	176	decided
12	85623336	G	A	204	0	189	0	261	64	250	0	decided
12	88390247	G	C	311	0	269	0	421	62	393	0	decided
12	93219977	G	A	373	0	584	145	1012	0	594	116	decided
12	95422263	C	A	129	19	97	49	249	50	153	90	decided
12	95566518	G	C	48	0	74	47	136	0	59	46	decided
12	96429190	G	T	29	29	65	95	107	90	66	55	decided
12	100166844	T	C	118	0	139	0	320	0	217	55	decided
12	102159080	G	A	15	0	26	9	18	0	22	0	decided
12	104391268	C	T	125	14	215	0	310	0	241	0	decided
12	107125984	G	T	36	35	88	92	112	97	113	70	decided
12	109623428	T	G	38	0	99	0	131	0	97	14	decided
12	111317824	T	A	51	42	69	69	97	101	119	95	decided
12	112685976	C	G	98	0	162	0	159	51	185	0	decided
12	113388516	G	T	63	36	165	53	164	123	191	48	decided
12	113875833	C	T	59	0	165	0	243	54	163	0	decided
12	117217144	C	T	44	0	71	0	117	31	101	0	decided
12	118848893	G	T	40	5	111	0	144	25	112	0	decided
12	120156543	G	T	66	20	133	0	221	50	180	0	decided
12	122150826	G	A	56	0	108	0	195	40	108	0	decided
12	122255109	C	T	34	0	55	0	102	16	52	0	decided
12	124297808	C	G	149	0	174	0	178	35	192	0	decided
12	125621318	C	T	70	0	125	0	229	0	108	21	decided
12	131451076	C	T	162	0	420	77	404	0	423	61	decided
12	132631846	C	G	46	0	158	0	167	28	154	0	decided
12	132862939	C	A	31	0	89	0	129	26	89	0	decided
13	20425996	G	A	34	0	32	0	25	13	57	0	decided
13	24460502	G	A	63	0	101	0	115	26	89	0	decided
13	32885787	G	T	26	0	36	13	70	0	30	5	decided
13	33700268	G	A	141	0	229	61	291	0	239	44	decided
13	39263097	G	T	18	0	38	10	56	0	39	9	decided
13	39438481	G	A	55	0	91	0	91	23	81	0	decided
13	41373236	G	A	101	0	172	0	152	61	200	0	decided
13	46541734	G	C	151	0	228	0	235	70	310	0	decided
13	46553997	G	T	158	0	281	0	236	68	216	0	decided
13	46721189	C	A	23	32	57	40	65	63	82	36	decided
13	66878825	C	T	60	16	161	0	142	0	140	0	decided
13	77714184	C	T	97	0	103	0	106	22	174	0	decided
13	99992774	G	A	33	6	50	15	51	15	60	7	decided
13	103316023	G	A	148	67	106	29	145	37	316	62	decided
14	24765979	C	G	99	60	300	0	271	0	280	0	undecided
14	24839043	C	A	16	0	34	0	31	9	29	0	undecided
14	24839611	A	C	22	0	21	0	24	4	34	10	undecided
14	24843662	G	C	55	0	115	0	118	27	76	0	undecided
14	24877485	C	T	50	0	87	18	118	0	60	14	undecided
14	25076601	C	T	27	7	46	14	60	24	54	14	undecided
14	31539127	G	A	216	64	301	0	278	0	404	0	undecided
14	31626066	C	T	109	66	126	93	204	121	174	76	undecided
14	35492203	G	A	316	0	265	39	751	0	300	17	undecided
14	45605305	G	T	12	4	19	15	18	11	11	2	undecided
14	45653092	A	G	100	26	126	38	163	44	127	18	undecided
14	51060605	G	A	109	0	65	9	116	0	118	11	undecided
14	51224904	C	T	76	0	85	0	72	19	117	0	undecided
14	58605768	G	A	68	0	125	0	128	29	107	0	undecided
14	59107553	G	A	70	21	153	0	178	0	114	0	undecided
14	63473172	C	G	138	96	157	109	226	152	182	101	undecided
14	65007886	G	A	103	0	177	33	221	0	181	26	undecided
14	68191927	C	A	118	44	241	60	248	57	249	35	undecided
14	74193633	C	T	67	19	128	34	178	51	148	26	undecided
14	74769595	C	G	24	22	50	35	156	97	76	26	undecided
14	75498793	C	G	178	0	268	0	322	74	339	0	undecided
14	77605776	T	C	32	13	61	31	79	43	49	20	undecided
14	86089736	C	A	13	4	29	11	14	7	19	13	undecided
14	89178687	T	A	88	21	78	0	136	0	177	0	undecided
14	89628821	C	T	81	0	132	37	156	0	118	15	undecided
14	90651289	G	T	23	8	48	29	43	18	48	13	undecided
14	92150250	C	G	267	37	149	0	384	0	522	0	undecided
14	93393003	C	T	89	43	245	0	241	0	276	0	undecided
14	100158123	G	T	220	0	501	0	531	79	462	0	undecided
15	23811872	A	T	56	32	126	49	96	28	146	21	decided
15	27128634	G	T	33	13	67	19	87	18	75	12	decided
15	28370177	G	T	45	22	113	32	210	76	111	21	decided
15	30010289	G	A	156	0	271	85	306	0	248	50	decided
15	34023798	G	T	58	27	107	26	147	51	111	33	decided
15	34130932	G	A	25	0	39	24	37	0	43	13	decided
15	40751600	C	T	15	4	23	9	50	15	22	4	decided
15	40914143	G	A	36	0	33	0	32	6	33	0	decided
15	40933221	G	A	155	64	179	48	327	94	286	54	decided
15	43527902	G	T	81	13	146	52	168	56	149	35	decided
15	43890494	G	C	46	0	55	15	52	0	70	21	decided
15	45778869	C	G	113	0	94	41	156	0	144	37	decided
15	48796005	G	T	30	8	55	13	71	19	73	19	decided
15	50925185	G	C	87	0	87	0	89	39	109	0	decided
15	54919276	A	T	77	27	65	28	107	14	87	29	decided
15	58467151	G	A	94	22	180	36	238	59	157	30	decided
15	62173767	C	A	88	0	77	0	144	0	131	17	decided
15	63964729	C	A	63	40	129	65	131	96	173	95	decided
15	64424047	G	T	64	15	119	33	132	33	110	34	decided
15	64445463	A	T	81	0	136	30	203	0	176	0	decided
15	72638613	C	T	46	0	112	24	151	0	112	20	decided
15	74636304	G	A	54	11	128	66	151	73	131	35	decided
15	77471213	C	G	167	70	331	0	347	0	406	0	decided
15	78393342	G	A	57	0	110	0	168	38	90	0	decided
15	89390481	C	A	20	13	47	21	83	35	46	15	decided
15	89816692	C	G	145	0	145	0	358	76	223	0	decided
15	90127660	G	A	40	0	89	0	132	30	80	0	decided
15	90897947	C	T	216	0	374	59	459	0	298	47	decided
15	92988039	C	G	37	0	88	12	109	0	70	13	decided
16	560760	G	C	56	0	117	0	163	26	120	0	decided
16	2510636	G	A	47	0	87	0	180	51	128	0	decided
16	2636764	C	G	92	0	161	0	273	0	153	49	decided
16	4621605	T	A	42	12	105	0	162	0	114	0	decided
16	4621606	C	A	42	12	105	0	162	0	112	0	decided
16	4829754	G	C	54	0	79	25	248	0	75	20	decided
16	5040805	A	T	91	0	133	0	193	66	125	0	decided
16	8619993	C	G	9	10	16	15	20	17	20	10	decided
16	15680626	C	G	38	26	85	50	75	88	96	29	undecided
16	17211699	G	T	192	34	369	96	332	0	366	67	decided
16	19883974	G	T	10	2	54	18	64	21	44	5	decided
16	23535755	C	G	130	0	334	0	232	89	346	0	decided
16	23767052	G	C	78	0	153	0	115	44	158	0	decided
16	24826469	T	A	161	0	201	57	258	0	264	41	decided
16	30037972	G	C	38	0	95	0	122	26	84	0	decided
16	31373479	C	T	93	0	220	0	187	64	215	0	decided
16	50388794	C	T	125	0	247	80	394	0	196	53	decided
16	68846069	C	G	114	0	188	0	254	0	197	39	decided
16	69726561	C	T	42	0	74	0	51	16	75	0	decided
16	71570626	C	A	87	0	167	0	162	0	199	41	decided
16	74640737	G	T	4	0	12	0	14	7	16	0	decided
16	75563644	G	A	21	0	43	0	88	32	65	0	decided
16	75665720	C	T	108	0	172	0	156	43	254	0	decided
16	76350313	A	T	58	9	95	0	135	0	121	0	decided
16	81248800	C	A	9	9	20	10	30	20	21	19	decided
16	87367659	C	A	7	1	16	5	15	8	17	4	decided
16	87448968	C	G	123	0	114	32	164	0	223	50	decided
16	88501816	G	C	27	17	51	27	40	30	63	29	decided
16	89293225	C	G	92	0	141	0	144	50	256	0	decided
16	89293322	C	G	47	0	58	0	63	16	110	0	decided
16	89293417	C	T	44	0	70	0	77	30	110	0	decided
17	685790	C	T	68	0	53	27	130	0	69	9	decided
17	1538706	G	C	83	22	106	0	357	0	110	0	decided
17	3436011	G	A	33	82	62	60	78	138	62	40	decided
17	3550737	G	C	211	0	278	0	415	113	283	0	decided
17	3850958	G	T	15	0	12	0	47	12	21	0	decided
17	4803090	G	A	84	0	95	24	150	0	109	20	decided
17	4905812	G	C	152	0	151	0	238	67	180	0	decided
17	7579358	C	G	26	78	65	49	80	109	79	43	decided
17	8192352	C	G	60	0	53	0	79	52	64	0	decided
17	10215341	G	T	113	51	133	0	217	0	149	0	decided
17	10351439	G	A	79	51	86	0	143	0	102	0	decided
17	10355321	C	A	124	48	112	43	159	24	133	23	decided
17	10399365	C	A	196	27	188	19	333	39	280	16	decided
17	10399366	C	A	197	26	193	19	332	42	287	16	decided
17	10427881	C	A	53	86	134	78	124	106	160	42	decided
17	10427882	C	A	54	85	131	77	121	108	163	42	decided
17	16612451	A	T	134	94	140	0	141	0	155	0	decided
17	18053743	G	A	87	0	71	0	103	67	116	0	decided
17	26675217	C	G	181	0	219	0	317	34	221	0	decided
17	26864198	C	A	68	0	96	0	163	56	93	0	decided
17	27240228	G	A	40	0	89	0	90	39	97	0	decided
17	28791794	G	A	85	0	148	0	133	39	142	0	decided
17	34499300	C	T	283	44	315	39	228	12	326	35	decided
17	35310492	G	T	141	124	127	162	308	51	179	127	decided
17	36872788	G	T	11	0	35	0	20	20	21	0	decided
17	37566819	G	A	206	0	390	0	533	104	419	0	decided
17	37844206	G	C	20	0	42	0	67	17	33	0	decided
17	38430247	C	G	180	0	265	0	358	93	246	0	decided
17	39261881	C	T	22	0	40	15	100	0	28	6	decided
17	39550316	G	A	92	12	153	0	254	0	142	0	decided
17	40253871	C	T	39	19	52	48	177	43	57	40	decided
17	40946989	C	G	101	0	130	0	131	28	152	0	decided
17	42152697	G	A	116	0	282	0	198	40	265	0	decided
17	42756245	C	G	101	0	188	0	205	63	200	0	decided
17	44159903	C	A	81	0	171	0	114	31	115	0	decided
17	45286795	C	T	62	19	82	55	181	49	89	38	decided
17	46670537	C	G	85	0	184	0	184	54	136	0	decided
17	47677846	G	A	79	0	176	0	137	36	157	0	decided
17	53485153	C	T	101	11	115	18	124	0	102	24	decided
17	56434901	C	A	74	0	118	0	171	36	129	0	decided
17	57049509	C	A	72	51	84	72	140	25	94	45	decided
17	57761332	G	A	196	0	171	0	156	53	282	0	decided
17	59489375	G	A	110	0	213	62	228	0	184	29	decided
17	60493478	G	T	88	48	179	23	211	115	207	36	decided
17	61888494	G	A	145	0	321	0	261	52	230	0	decided
17	63537581	G	C	73	0	143	0	141	36	159	0	decided
17	64224259	G	C	152	0	325	58	452	0	249	28	decided
17	65103658	G	C	269	0	510	116	547	123	523	84	decided
17	65105532	G	C	156	0	412	0	341	70	394	0	decided
17	72245514	G	A	43	0	167	0	140	31	152	0	decided
17	72366787	C	A	117	0	255	0	441	0	242	35	decided
17	72366788	T	A	113	0	253	0	439	0	236	35	decided
17	72832355	C	T	103	0	176	39	350	73	158	40	decided
17	72999285	G	T	27	0	78	0	128	42	75	0	decided
17	73322040	C	T	111	16	292	0	335	0	311	0	decided
17	73872121	C	A	39	0	140	0	140	29	145	0	decided
17	73919315	G	A	29	0	42	17	82	0	60	8	decided
17	74469985	C	A	16	0	44	28	81	23	38	17	decided
17	78313315	C	T	10	0	41	0	25	10	28	0	decided
17	78313459	C	A	30	0	85	0	75	15	71	0	decided
17	78323581	C	T	96	0	177	0	179	36	212	0	decided
17	79210511	C	A	74	0	136	36	225	53	165	33	decided
17	80050779	C	T	56	12	125	0	210	0	123	0	decided
18	2890707	C	T	76	0	76	0	66	21	68	0	decided
18	3255828	G	A	99	27	150	0	131	0	110	0	decided
18	6882138	A	T	192	0	153	43	228	0	181	0	decided
18	6999496	G	A	52	0	60	14	125	0	46	0	decided
18	9517058	T	C	163	12	93	11	260	11	155	9	decided
18	10691258	C	G	77	14	133	0	178	0	80	0	decided
18	13040931	C	T	218	0	74	0	101	34	216	0	decided
18	19762803	C	G	142	22	121	26	94	29	238	31	undecided
18	21131687	G	A	55	0	135	39	87	0	121	18	undecided
18	22057122	A	T	28	0	61	0	33	15	57	0	undecided
18	28584192	A	G	148	21	227	144	263	0	239	56	undecided
18	28968979	C	A	29	15	56	16	32	24	49	20	undecided
18	29340327	C	A	130	13	246	44	112	32	222	28	undecided
18	29340427	C	A	103	64	279	111	124	98	280	92	undecided
18	31226308	G	T	228	30	357	131	283	0	385	124	undecided
18	31320166	G	T	65	5	121	54	125	0	106	52	undecided
18	31324513	T	A	39	5	81	27	49	11	72	15	undecided
18	42530884	G	T	32	7	73	46	70	0	68	26	undecided
18	42532626	T	C	51	15	92	21	56	13	96	10	undecided
18	42532627	A	T	50	16	92	21	57	12	97	10	undecided
18	44603801	G	C	116	19	258	0	290	0	240	0	decided
18	47014916	C	G	67	0	68	0	80	34	150	0	decided
18	55373761	C	T	153	0	250	0	312	108	255	0	decided
18	60223434	A	T	72	60	68	73	115	129	151	87	decided
18	76754170	G	A	11	0	32	15	62	15	38	8	decided
18	77208962	C	A	60	0	122	59	190	33	143	46	decided
18	77794605	C	T	31	0	97	31	131	0	106	17	decided
19	425184	C	T	33	0	60	0	219	55	60	0	decided
19	1120014	G	A	24	5	47	20	104	65	64	15	decided
19	2431564	C	T	60	0	135	0	282	0	121	19	decided
19	2799746	G	T	45	59	70	86	170	309	103	47	decided
19	3771584	C	T	61	9	85	0	190	0	121	0	decided
19	4154938	G	C	33	0	60	17	117	0	63	17	decided
19	4231306	C	T	25	0	45	0	77	21	56	0	decided
19	5686507	G	C	75	0	121	25	251	0	138	29	decided
19	5783030	G	C	26	9	42	0	101	0	57	0	decided
19	6902032	G	T	31	0	45	18	105	0	55	8	decided
19	7680171	G	C	4	10	14	12	32	30	26	16	decided
19	7712288	G	T	33	8	41	15	143	0	72	22	decided
19	9020007	G	A	99	5	172	6	244	16	185	7	decided
19	9074011	G	A	56	62	80	82	104	131	107	53	decided
19	9084022	A	T	126	35	174	73	157	159	182	47	decided
19	9236755	C	A	20	27	27	19	23	20	35	17	decided
19	13059509	C	G	45	0	86	0	96	32	90	0	decided
19	14581586	C	G	59	18	99	37	96	93	154	27	decided
19	15234359	C	G	35	0	40	10	85	0	54	16	decided
19	17940976	G	C	12	0	26	14	65	0	54	4	decided
19	18273784	G	A	40	21	108	0	90	0	105	0	decided
19	18543829	C	T	86	0	124	0	88	47	140	0	decided
19	18778536	C	T	9	9	14	28	58	26	28	15	decided
19	19757145	G	A	71	79	117	119	179	92	164	91	decided
19	22271351	A	T	56	18	79	14	46	22	112	20	decided
19	33119714	C	G	187	0	448	0	335	81	432	0	decided
19	33140633	G	A	89	23	162	75	147	92	190	52	decided
19	35801505	C	A	131	21	294	0	484	0	361	0	decided
19	36051816	G	C	131	0	261	0	272	81	292	0	decided
19	36303440	G	T	16	4	43	8	45	18	35	16	decided
19	37006110	C	T	45	0	27	0	40	0	32	10	decided
19	37870128	A	T	119	74	178	42	214	21	208	30	decided
19	38377719	T	C	67	69	85	30	160	29	105	28	decided
19	38993226	G	A	25	13	60	24	134	44	84	17	decided
19	39591932	G	A	82	26	98	23	138	80	86	44	decided
19	41858716	G	T	22	0	50	0	40	17	51	0	decided
19	42489186	C	G	86	0	142	26	135	0	139	28	decided
19	42855478	C	T	30	0	39	17	66	0	37	9	decided
19	44273951	C	A	53	38	99	116	104	71	88	50	decided
19	44352460	A	T	126	0	163	0	115	43	194	0	undecided
19	44536923	G	T	58	12	127	24	93	62	129	45	decided
19	48025230	G	A	88	0	193	0	229	49	233	0	decided
19	48978119	G	A	154	0	390	0	462	0	366	42	decided
19	49448158	A	T	110	23	157	46	264	57	240	33	decided
19	49846539	G	C	53	0	124	0	169	0	136	20	decided
19	50165742	G	T	112	0	231	0	361	65	287	0	decided
19	50383566	G	C	144	0	244	55	328	0	271	45	decided
19	50542432	C	G	129	0	309	0	207	57	245	0	decided
19	50763946	G	T	56	0	87	0	142	37	128	0	decided
19	51528036	C	T	37	0	88	0	120	34	63	0	decided
19	51920543	G	T	37	0	77	0	141	0	111	25	decided
19	52023450	G	T	87	15	140	25	250	0	154	28	decided
19	52272933	C	T	77	12	122	30	84	44	147	32	decided
19	52376669	C	T	61	16	123	34	108	66	114	26	decided
19	52869167	A	G	27	13	15	16	42	8	44	20	decided
19	53304048	A	T	95	0	146	0	154	0	144	33	decided
19	53304049	G	T	96	0	155	0	152	0	146	32	decided
19	53613139	G	A	80	10	124	0	145	0	133	0	decided
19	53762201	C	G	52	9	121	16	150	0	101	14	decided
19	53911072	G	C	94	31	127	54	205	39	145	46	decided
19	53911073	G	T	91	29	129	55	204	41	143	45	decided
19	54746394	C	A	22	4	42	0	21	10	36	0	decided
19	54967620	G	A	56	0	115	30	277	0	131	23	decided
19	55110700	G	T	166	62	234	53	247	161	470	79	decided
19	55603062	T	A	22	5	35	14	73	51	44	6	decided
19	56244843	G	C	83	16	93	17	134	60	128	27	decided
19	56423995	C	A	63	26	102	36	162	32	146	64	decided
19	56473437	C	A	82	32	96	66	168	43	168	66	decided
19	56702229	T	A	276	0	579	0	697	0	578	70	decided
19	56702230	C	G	283	0	580	0	701	0	590	71	decided
20	1424415	G	A	76	18	114	33	118	41	109	21	decided
20	1961447	G	T	44	11	91	17	83	21	108	15	decided
20	2775938	G	T	96	0	182	0	159	35	187	0	decided
20	3363146	G	A	76	0	151	34	171	0	176	37	decided
20	3652072	G	T	20	7	45	23	75	26	73	18	decided
20	5996076	G	T	204	75	363	65	282	98	335	66	decided
20	6057861	C	T	114	0	181	0	170	41	177	0	decided
20	13866986	T	A	274	35	183	52	293	8	461	90	decided
20	20505063	T	A	58	0	96	28	87	0	99	21	decided
20	23731370	T	C	216	103	405	212	331	130	378	199	decided
20	31587923	C	G	66	16	142	0	187	0	172	0	decided
20	31671201	C	T	71	0	150	0	81	16	136	0	decided
20	40065975	C	T	97	0	208	52	201	0	192	35	decided
20	40790127	G	A	83	11	245	36	249	0	216	24	decided
20	43378840	C	T	31	0	122	19	200	0	77	13	decided
20	43836745	G	A	58	0	63	11	104	0	83	12	decided
20	44052934	C	G	75	0	180	28	223	0	170	24	decided
20	49575048	C	A	58	0	155	40	175	0	188	0	decided
20	50235573	G	A	51	0	85	27	161	0	132	13	decided
20	51871813	G	T	37	0	93	19	75	19	60	13	decided
20	55803329	C	A	57	9	92	61	67	59	124	51	decided
20	57429370	G	A	44	0	110	13	125	32	100	22	decided
20	57769300	C	A	21	7	37	44	43	17	56	12	decided
20	57769619	G	T	29	12	40	25	85	45	70	19	decided
20	60791086	G	C	35	0	89	16	178	0	110	10	decided
20	61303165	G	C	63	15	187	54	154	34	137	25	decided
20	61341199	G	A	8	5	24	12	29	0	31	13	decided
20	61958113	G	T	49	18	140	64	121	101	152	61	decided
20	62871717	C	T	89	21	327	0	241	0	283	0	undecided
21	10921987	C	A	113	17	100	13	206	17	202	34	decided
21	31654588	C	T	64	19	122	40	93	39	105	39	decided
21	34805100	C	T	130	0	285	0	276	78	253	0	decided
21	35757882	C	T	104	0	168	0	142	31	234	0	decided
21	38536516	G	T	86	16	48	13	86	37	140	26	decided
21	41032956	C	T	129	0	188	0	130	39	231	0	decided
22	16287460	G	T	125	31	187	55	582	165	209	36	undecided
22	18314668	C	T	159	0	188	76	205	0	173	41	undecided
22	21330758	G	C	73	13	114	38	232	79	141	45	undecided
22	21331197	G	A	118	23	246	67	297	106	256	56	undecided
22	26761394	C	A	49	0	71	16	90	29	91	7	undecided
22	26761440	G	A	45	17	79	0	124	0	127	0	undecided
22	28378672	G	A	76	15	169	0	171	0	159	0	undecided
22	28503915	G	A	99	0	211	0	149	24	177	0	decided
22	28559257	C	G	105	63	120	125	154	129	149	123	decided
22	29932690	C	G	183	0	310	63	424	0	365	29	decided
22	30734892	C	G	364	0	859	0	737	224	818	0	decided
22	30735227	C	G	74	0	157	0	150	29	188	0	decided
22	30863049	C	T	178	0	381	0	474	95	349	0	decided
22	30953262	C	A	44	18	129	29	241	46	131	19	decided
22	31658692	A	G	67	20	152	29	293	59	139	18	decided
22	35661369	G	C	126	0	130	0	242	63	275	0	undecided
22	35661410	G	A	116	0	141	0	257	61	273	0	undecided
22	35947741	G	A	26	0	41	0	123	23	45	0	undecided
22	37705346	G	C	73	51	233	0	263	128	235	45	undecided
22	38333099	C	T	155	0	208	0	496	77	275	0	undecided
22	39777892	C	A	22	10	39	0	99	59	49	6	undecided
22	39883680	C	A	5	0	14	0	20	11	10	3	undecided
22	40708922	C	G	188	0	195	63	550	0	225	34	undecided
22	42191833	C	T	59	0	86	0	94	18	100	0	undecided
22	43227590	G	C	203	34	223	0	394	0	317	0	undecided
22	43231437	A	C	239	34	345	0	562	0	392	0	undecided
22	43464564	C	T	82	0	83	0	177	0	105	22	undecided
22	43619194	C	G	42	0	68	0	150	29	102	0	undecided
22	46668284	C	G	149	0	235	0	414	81	286	0	undecided
22	50528518	A	T	2	8	5	6	11	14	5	5	decided
X	9677359	G	A	101	0	161	0	114	47	173	0	undecided
X	9905710	G	C	29	0	25	0	29	10	48	0	undecided
X	18234838	G	T	8	8	20	11	4	5	16	5	undecided
X	34149295	G	T	15	11	32	14	48	20	34	10	undecided
X	47315362	G	A	78	17	179	0	229	0	202	0	undecided
X	54950126	G	T	14	15	31	14	26	16	29	14	undecided
X	54956665	G	T	73	0	80	50	106	0	95	45	undecided
X	65413417	T	A	24	18	64	18	34	16	52	22	undecided
X	70523116	G	C	190	0	366	88	178	0	278	74	undecided
X	70601652	G	C	142	0	270	73	180	0	242	40	undecided
X	91090813	G	C	220	34	299	87	220	74	403	61	undecided
X	99922344	C	T	145	72	351	0	378	0	316	0	undecided
X	100646014	G	A	293	0	488	167	624	0	477	124	undecided
X	101971550	A	C	77	55	209	84	177	88	180	44	undecided
X	102004006	G	T	25	38	53	58	50	89	51	34	undecided
X	102004335	G	T	113	0	169	52	249	0	171	47	undecided
X	102968852	T	C	9	9	6	14	10	18	18	13	undecided
X	105183886	G	C	39	35	37	20	61	56	84	28	undecided
X	107976787	C	G	117	21	219	0	230	56	175	0	undecided
X	107977173	G	T	67	0	80	0	149	51	94	0	undecided
X	114424768	C	A	7	5	22	6	25	25	22	8	undecided
X	119048808	C	A	24	29	42	23	85	54	44	20	undecided
X	127185206	G	T	60	10	57	43	84	42	63	25	undecided
X	128788554	G	T	12	0	20	19	60	37	27	11	undecided
X	129203385	C	A	44	13	72	62	112	64	106	53	undecided
X	131231322	G	T	125	25	113	98	311	137	137	84	undecided
X	135443685	C	A	119	42	254	0	283	82	256	0	undecided
X	142716956	C	A	46	9	92	73	134	81	113	51	undecided
X	152226046	C	A	35	15	82	0	96	39	78	0	undecided
X	153069643	A	G	19	8	19	17	42	61	29	18	undecided
X	153175485	C	G	78	0	94	26	277	0	143	23	undecided
X	153881584	G	A	29	0	54	30	126	0	60	15	undecided
X	154490123	C	G	101	0	154	0	152	27	199	0	undecided
