Chr	Posi	Wild	Mut	PrimT:ref	PrimT:alt	Met1T:ref	Met1T:alt	Met2T:ref	Met2T:alt	Met3T:ref	Met3T:alt	Status
1	8418636	C	G	51	56	24	33	78	93	49	54	undecided
1	13669142	G	T	156	102	119	50	128	104	147	122	undecided
1	19243466	T	A	185	116	76	137	200	176	149	114	undecided
1	21167384	C	A	137	125	114	46	90	57	176	124	undecided
1	25712301	A	C	180	147	192	67	207	133	198	124	undecided
1	25880440	G	C	87	54	52	24	95	99	53	49	undecided
1	32203115	C	A	129	87	115	34	140	97	114	78	undecided
1	32796249	C	T	229	0	142	0	207	0	243	92	undecided
1	75086585	A	G	57	69	38	18	35	14	102	84	undecided
1	75229646	A	G	125	118	71	130	74	60	181	128	undecided
1	84647996	C	T	393	0	195	96	76	61	588	0	undecided
1	103491153	T	C	248	55	161	0	52	0	313	0	undecided
1	111060692	C	T	87	0	34	28	50	12	83	0	undecided
1	114165579	A	T	229	0	160	0	67	8	236	0	undecided
1	144855845	G	C	65	34	31	43	81	57	65	34	undecided
1	150939671	T	C	69	63	98	53	47	49	62	66	undecided
1	151491131	G	T	222	191	259	124	329	282	181	155	undecided
1	155206047	T	A	84	35	75	19	77	62	58	39	undecided
1	157514221	C	G	125	19	100	0	160	0	141	0	undecided
1	160793392	G	A	65	50	31	50	81	68	52	53	undecided
1	183253130	C	A	151	144	201	96	212	166	176	182	undecided
1	196696060	C	G	69	0	58	13	20	6	86	0	undecided
1	216040396	G	T	122	110	75	153	101	93	143	140	undecided
1	227075805	G	T	245	179	318	124	185	167	229	179	undecided
1	227075806	G	T	244	179	322	125	182	164	230	176	undecided
1	234595062	G	A	115	83	82	175	57	73	157	125	undecided
1	237947189	G	A	41	26	14	35	27	30	32	37	undecided
1	247615162	C	A	106	90	137	57	137	135	111	95	undecided
1	247835455	C	G	75	58	50	76	42	41	94	77	undecided
2	11733111	A	G	61	57	45	32	84	68	44	46	decided
2	21229370	G	A	91	0	64	0	21	4	88	0	decided
2	26705455	C	A	72	62	54	43	82	82	55	36	decided
2	27685648	T	G	240	143	215	155	134	119	214	149	decided
2	50847266	T	C	61	61	74	62	68	41	102	82	decided
2	74757366	G	T	28	49	22	39	84	73	43	33	decided
2	95815939	T	C	110	91	88	76	66	58	118	85	decided
2	98128139	C	T	95	52	87	40	37	16	122	58	decided
2	108608652	G	T	124	109	146	108	82	66	167	155	decided
2	112620044	A	T	126	63	93	100	34	24	114	54	decided
2	135884200	A	T	173	206	266	163	110	76	242	185	decided
2	136409526	G	T	107	91	88	112	190	202	131	118	decided
2	152507348	G	A	90	79	88	63	53	39	100	80	decided
2	168104642	A	C	103	110	95	94	59	65	153	98	decided
2	170009340	G	T	130	94	100	120	92	69	105	125	decided
2	176973828	C	T	64	59	72	58	49	32	74	48	decided
2	179463261	T	G	96	115	111	108	72	57	155	158	decided
2	179574464	A	G	72	81	75	69	32	36	91	85	decided
2	188332528	C	A	383	81	301	0	139	0	484	0	decided
2	191874638	C	T	321	20	256	0	154	0	403	128	decided
2	212295826	C	T	98	96	101	74	48	32	133	98	decided
2	219609841	G	T	309	186	303	227	175	146	376	361	decided
2	233396360	C	A	64	41	34	31	55	37	36	25	decided
3	32031246	A	G	75	0	42	0	8	3	94	0	decided
3	38622788	T	A	7	78	2	42	1	82	2	49	decided
3	43073921	C	T	11	68	3	62	7	80	2	43	decided
3	46754484	G	A	215	0	150	0	113	0	106	93	decided
3	48606288	C	A	5	53	0	38	4	44	2	45	decided
3	58728271	G	C	11	81	1	91	0	66	14	86	decided
3	75715082	C	A	390	46	321	78	482	122	379	93	decided
3	75786366	A	T	209	18	188	21	84	10	220	9	decided
3	100362131	T	G	137	57	128	79	32	29	155	67	decided
3	113955403	G	A	112	50	89	79	83	44	111	49	decided
3	120977994	C	A	106	50	97	99	28	46	162	64	decided
3	124826815	C	A	26	48	38	36	47	72	16	36	decided
3	142234256	G	A	157	54	106	65	49	20	225	67	decided
3	143082344	C	T	262	0	259	75	121	44	293	0	decided
3	174814693	G	C	127	0	154	34	60	17	128	0	decided
3	184429382	C	G	52	80	61	56	101	123	44	64	decided
4	1956886	A	G	170	112	198	97	249	121	135	98	undecided
4	38933141	T	C	129	71	155	54	160	60	81	67	undecided
4	46314598	C	A	72	75	99	53	46	21	91	88	undecided
4	90816162	T	C	27	43	51	44	21	18	43	96	undecided
4	99993863	C	G	42	37	52	18	14	5	59	56	undecided
4	122724152	T	C	102	135	186	155	72	69	154	91	undecided
4	129131126	C	T	58	97	92	82	39	53	94	55	undecided
4	144619557	G	A	73	5	100	0	85	0	46	35	undecided
4	151504380	G	A	65	0	64	25	97	19	43	0	undecided
4	164272448	T	C	43	33	81	66	15	20	49	37	undecided
4	169206621	C	A	121	80	174	176	62	55	121	87	undecided
4	175898446	G	A	51	27	86	83	42	25	51	43	undecided
4	178354403	C	A	118	95	227	195	74	68	158	124	undecided
4	183676330	G	T	68	38	89	79	18	23	63	47	undecided
5	9066690	T	G	188	282	128	161	185	288	237	366	undecided
5	10239317	C	A	128	152	72	101	125	126	115	137	undecided
5	23521246	G	A	209	199	172	171	89	118	197	216	undecided
5	24593564	G	A	26	24	22	18	17	25	51	38	undecided
5	55168227	T	G	101	0	77	4	16	0	148	0	decided
5	60241189	C	T	56	0	51	7	59	0	87	0	decided
5	82491620	T	A	113	0	65	0	44	5	127	0	decided
5	82835851	A	G	9	72	1	50	3	32	5	60	decided
5	90074406	C	T	45	0	30	0	41	0	37	6	decided
5	156723784	T	G	94	12	69	0	65	0	88	0	decided
6	27278336	C	A	9	11	1	9	7	4	16	11	undecided
6	28297184	C	T	176	23	128	0	169	0	191	0	undecided
6	38851670	G	T	148	141	144	65	65	22	179	144	undecided
6	51523941	C	A	89	54	42	51	8	21	107	80	undecided
6	64419095	G	A	229	182	212	87	107	41	280	201	undecided
6	65767598	T	C	114	90	67	99	28	59	187	112	undecided
6	70098721	T	A	160	0	106	52	64	33	199	0	undecided
6	74078929	C	A	77	68	73	30	102	46	51	63	undecided
6	100390906	C	T	61	38	86	41	43	31	91	67	undecided
6	107088370	G	A	119	0	66	0	28	4	182	0	undecided
6	114383971	G	T	121	78	139	44	163	82	118	110	undecided
6	123786115	G	T	255	284	186	328	194	263	418	318	undecided
6	123786116	G	T	256	273	185	323	191	255	421	318	undecided
6	135776910	C	A	129	66	90	51	30	18	131	99	undecided
6	152456319	C	A	84	98	53	112	23	39	175	124	undecided
6	152529172	T	C	100	131	58	110	79	114	164	151	undecided
6	161771137	G	T	71	90	45	79	86	139	131	88	undecided
6	167590555	G	T	421	131	375	159	252	115	576	169	undecided
7	5360234	G	A	55	46	44	64	114	107	42	46	decided
7	6088475	C	A	52	71	52	47	33	38	68	93	decided
7	24324984	C	A	62	22	57	53	136	54	46	25	decided
7	35077489	G	T	6	10	8	3	13	15	8	8	decided
7	35244085	G	T	167	0	198	59	200	35	188	10	decided
7	48237893	C	T	164	0	175	22	142	24	180	0	decided
7	72281191	C	G	247	0	291	63	201	59	276	0	decided
7	73151381	C	T	97	119	147	159	203	213	98	130	decided
7	92761505	T	A	110	501	119	216	43	83	149	437	decided
7	99220205	C	T	496	88	259	103	451	124	314	80	decided
7	100635436	C	T	81	35	95	40	107	75	65	31	decided
7	120782150	A	C	151	17	97	16	75	14	139	32	decided
7	138341247	T	C	74	104	32	60	9	41	61	116	decided
7	148112623	C	T	134	64	99	45	160	58	117	57	decided
7	149461916	C	T	39	27	24	9	67	26	29	17	decided
8	2976019	A	G	10	101	5	95	2	76	7	124	decided
8	24811148	G	C	18	100	4	51	5	112	9	86	decided
8	37732495	T	A	35	17	14	11	32	34	50	28	decided
8	38947587	A	T	458	387	454	374	199	204	463	528	decided
8	77618548	C	G	151	0	84	29	164	56	178	0	decided
8	110980641	C	T	122	44	110	63	94	45	208	61	decided
8	116616829	C	T	45	31	37	31	16	9	80	33	decided
8	132002719	G	A	211	81	153	71	236	81	298	86	decided
8	140998968	C	A	189	0	161	0	339	0	166	24	decided
8	142480721	C	T	184	75	155	70	285	121	193	86	decided
9	17394880	G	T	13	98	10	85	2	66	13	166	decided
9	36218208	A	G	108	17	58	0	106	0	107	0	decided
9	138378571	C	T	10	16	12	6	24	11	11	10	decided
10	26459468	G	T	10	89	2	79	3	29	7	107	decided
10	45498943	T	G	53	0	46	0	35	5	60	0	decided
10	82045334	C	A	6	94	5	92	4	69	8	86	decided
10	85992120	C	A	4	37	2	16	1	41	5	21	decided
10	104590734	A	T	0	5	1	3	0	11	1	10	decided
10	118434472	G	T	88	0	77	18	151	0	105	0	decided
11	7586827	T	G	14	109	6	100	5	110	9	105	decided
11	15262023	C	A	192	147	128	117	191	176	153	116	undecided
11	34113604	G	A	70	0	75	21	38	11	69	0	undecided
11	55703456	C	T	51	53	36	49	23	31	66	69	undecided
11	56058164	G	T	104	65	83	104	56	60	97	100	undecided
11	56128531	C	A	30	37	36	34	8	12	45	42	undecided
11	56309901	G	T	109	69	73	55	18	17	89	79	undecided
11	57799028	G	T	353	235	221	182	261	232	293	239	undecided
11	60777053	C	A	68	47	52	39	85	83	49	37	undecided
11	64878026	T	A	3	115	0	95	2	162	5	126	decided
11	72406625	C	T	140	0	101	34	195	55	116	0	decided
11	78775835	C	A	12	159	3	123	5	258	3	141	decided
12	352954	G	A	38	0	26	27	20	29	31	0	decided
12	4705368	G	C	10	92	6	66	0	84	9	93	decided
12	10228205	A	G	70	67	76	70	36	23	145	111	decided
12	11286188	G	A	169	8	159	8	71	0	194	14	decided
12	34176942	A	G	198	26	212	17	97	18	248	24	decided
12	40728949	G	T	3	66	1	53	3	54	12	86	decided
12	56082653	C	A	144	72	125	50	236	104	101	41	decided
12	56106049	G	A	109	126	66	131	76	119	104	137	decided
12	57994165	A	G	178	96	177	78	94	43	191	84	decided
12	58024769	C	A	31	79	32	53	64	82	41	77	decided
12	69263190	G	T	174	0	150	0	59	8	289	0	decided
12	89891043	G	C	67	118	56	115	35	62	70	158	decided
12	91445200	C	G	61	116	44	96	23	57	56	87	decided
12	99043370	G	T	100	42	116	53	50	23	120	64	decided
12	101430903	A	G	490	201	430	212	221	97	458	196	decided
12	102046562	G	A	374	134	330	149	154	51	467	184	decided
12	107155059	C	A	109	48	107	37	132	73	120	44	decided
12	111085036	G	T	227	141	222	109	116	49	261	119	decided
12	121176672	C	T	37	15	31	9	57	15	20	17	decided
13	21179246	T	A	140	0	59	4	37	6	213	0	decided
13	28895724	T	A	96	0	60	0	49	6	135	0	decided
13	36909271	C	A	55	0	36	5	14	0	86	0	decided
13	38266273	A	C	135	24	129	0	80	0	216	0	decided
13	52548606	C	A	0	5	1	15	0	5	1	48	decided
13	52952547	C	G	5	32	1	17	0	29	0	28	decided
13	53035341	C	T	78	0	51	0	29	4	140	0	decided
13	75873504	A	G	0	61	1	40	1	62	7	72	decided
13	103418862	A	C	100	0	93	0	41	5	192	0	decided
14	20849498	C	T	480	0	365	49	415	47	428	0	decided
14	23504003	G	C	412	121	377	160	583	191	507	150	decided
14	23855159	C	G	214	0	181	0	348	0	182	23	decided
14	45478128	C	G	3	54	3	35	3	21	10	72	decided
14	75264407	G	T	6	70	2	58	2	58	3	67	decided
14	105412955	C	T	105	0	81	45	106	51	80	0	decided
15	22383342	C	A	49	9	55	0	21	4	81	16	decided
15	50835799	T	C	30	41	47	28	14	10	41	37	decided
15	52161433	G	T	46	0	50	17	28	13	88	0	decided
15	63047782	G	A	157	0	127	28	252	58	202	0	decided
15	72837161	G	A	159	75	159	135	64	47	154	124	decided
15	88472468	C	A	99	62	67	52	97	59	83	61	decided
16	188266	T	A	11	90	4	80	1	178	7	77	decided
16	2284299	G	T	71	35	76	25	86	45	55	12	decided
16	3406515	C	T	59	61	47	28	100	38	37	54	decided
16	24202425	C	G	42	93	63	72	36	53	35	86	decided
16	30364931	C	A	40	16	20	19	53	33	28	7	decided
16	50104087	A	G	139	59	123	101	68	52	167	62	decided
16	68266690	T	A	283	29	320	0	475	0	210	94	decided
16	76495900	A	G	151	84	137	119	160	123	131	78	decided
16	77465191	C	T	46	84	67	57	66	50	33	72	decided
16	89911743	G	T	151	238	217	187	226	177	130	242	decided
17	7578394	T	C	3	30	3	22	3	53	0	38	decided
17	7664117	G	A	80	0	60	22	96	0	77	0	decided
17	10426941	T	G	12	154	4	103	11	172	11	151	decided
17	26691503	C	T	143	145	115	94	228	184	127	102	decided
17	33288768	G	A	196	0	134	37	236	69	261	0	decided
17	37922309	G	A	224	0	192	33	305	30	232	0	decided
17	38933372	A	T	170	135	117	106	38	39	187	146	decided
17	42336949	C	T	112	66	74	77	103	113	77	68	decided
17	55055533	C	T	70	56	36	33	76	114	49	40	decided
17	55197610	G	T	229	182	185	170	176	182	200	162	decided
17	63554439	C	T	168	0	145	0	149	0	182	54	decided
17	66872649	A	T	284	54	216	0	403	0	346	0	decided
17	72691963	T	A	135	116	86	103	163	162	84	108	decided
17	73758964	G	T	47	30	22	17	46	44	36	28	decided
18	6999992	T	A	107	75	103	55	38	32	126	80	decided
18	19102772	G	A	126	0	129	23	76	0	175	0	decided
18	67741164	G	A	366	0	246	36	141	0	467	0	decided
19	9083815	G	T	24	21	14	18	12	7	25	20	undecided
19	11979382	T	C	65	61	69	76	26	20	78	64	undecided
19	12087889	A	T	256	138	228	119	159	147	199	153	undecided
19	15918224	C	A	199	94	144	76	232	118	131	60	undecided
19	17373779	C	A	32	32	18	20	46	40	25	32	undecided
19	20117033	G	T	160	0	115	0	155	19	233	0	undecided
19	20808090	C	T	114	0	75	9	56	7	143	0	undecided
19	21607695	C	A	116	0	56	0	63	9	101	0	undecided
19	33247069	G	C	81	65	47	52	27	22	78	74	undecided
19	34710362	G	C	241	64	235	10	343	81	304	12	undecided
19	41928134	G	A	40	0	29	0	59	0	31	6	undecided
19	50117868	A	T	255	84	171	63	355	110	197	85	undecided
19	50208555	G	A	144	28	93	16	161	30	150	22	undecided
19	50779346	G	A	31	66	31	42	56	86	31	41	undecided
19	53994823	A	C	185	62	163	40	64	24	189	37	undecided
19	56953614	C	A	40	263	34	180	19	93	53	324	undecided
20	5283113	T	C	59	33	56	31	98	49	64	31	decided
20	25297689	A	G	37	17	43	22	72	45	39	19	decided
20	43959107	C	A	80	294	165	297	134	284	200	298	decided
20	50701349	C	A	520	72	389	48	965	119	417	50	decided
20	61512097	G	A	47	97	56	80	106	104	59	65	decided
20	61945105	C	A	14	34	23	25	36	39	15	42	decided
20	62493315	G	C	24	12	13	5	10	17	8	6	decided
21	11098735	C	T	167	17	128	17	223	11	115	11	decided
21	15882716	G	T	77	52	85	54	74	53	63	32	decided
21	28296624	A	G	98	94	103	79	61	59	82	97	decided
21	34648902	T	A	173	135	159	120	83	58	200	109	decided
21	46078047	C	A	101	65	68	77	121	128	78	46	decided
21	47418327	A	C	138	97	93	88	190	155	51	60	decided
22	18300128	C	A	47	28	30	17	48	31	21	7	undecided
22	24463009	C	T	130	89	93	68	188	125	97	59	undecided
22	26743720	G	T	209	23	191	0	169	0	171	0	undecided
22	37622838	C	A	141	0	100	17	160	0	91	0	undecided
22	42089882	G	T	36	20	27	21	44	44	22	19	undecided
22	44528857	G	C	171	110	120	138	274	240	145	88	undecided
X	3228609	G	A	224	0	104	34	250	73	138	0	undecided
X	12734581	C	A	109	27	109	0	58	0	116	0	undecided
X	41000599	A	G	3	100	1	79	1	59	6	164	undecided
X	76937611	C	T	47	0	36	0	20	4	53	0	undecided
X	79932441	C	A	16	214	5	213	16	267	11	172	undecided
X	106096857	G	A	95	0	47	0	19	4	105	0	undecided
X	122757756	T	G	10	151	3	106	1	48	8	173	undecided
X	128625993	T	C	108	0	85	0	40	5	165	0	undecided
X	152989065	G	A	4	98	3	105	4	183	7	82	undecided
