Chr	Posi	Wild	Mut	PrimT:ref	PrimT:alt	Met1T:ref	Met1T:alt	Met3T:ref	Met3T:alt
2	1926311	G	A	78	0	73	0	91	5
2	29145833	G	A	240	0	437	5	434	0
2	32774487	C	T	120	7	200	0	262	0
2	61145543	C	T	227	4	320	4	316	8
2	65561851	C	T	150	0	298	0	300	7
2	71185486	C	T	169	0	229	6	288	0
2	131981221	C	G	90	0	213	4	233	14
2	141771136	C	T	238	0	376	5	328	0
2	149240800	G	A	102	33	143	38	165	53
2	166166959	G	A	212	0	320	6	369	6
2	179445065	A	T	194	4	331	0	248	0
2	207027476	G	A	316	0	462	4	375	0
2	210685054	A	T	106	0	197	0	213	4
2	224849626	C	T	190	0	298	0	322	4
2	242542480	T	G	70	0	115	5	150	0
4	16177756	C	T	220	0	449	4	253	0
4	69536320	G	A	91	11	122	4	118	7
4	76722259	C	G	235	0	481	0	242	4
4	144390266	T	A	201	0	338	0	405	4
4	149115959	C	T	218	0	522	0	490	4
6	31590622	C	T	238	0	455	0	547	6
6	43593549	C	T	135	7	351	0	409	6
6	56422191	C	T	122	0	267	4	228	0
6	109480249	C	T	269	0	580	0	440	6
6	131186766	G	A	133	0	265	0	288	4
6	168376883	G	T	55	6	78	0	114	0
9	14120590	G	A	66	0	73	0	107	4
9	33797869	G	A	132	0	169	4	278	8
9	88257741	C	T	266	0	626	4	393	0
9	95608705	T	A	208	53	301	43	276	76
9	101830881	C	T	192	0	378	4	422	5
9	112029769	G	A	227	0	420	0	513	4
9	133493253	C	T	164	0	230	0	326	4
9	136276110	G	T	109	4	214	0	267	0
10	17632416	G	A	207	5	301	0	290	0
10	44874130	G	A	203	0	420	0	434	6
10	76910602	A	G	115	40	201	34	171	41
10	88417802	C	T	75	0	96	0	164	7
10	96535275	G	T	143	6	321	0	409	0
10	118390753	C	T	143	46	244	51	277	81
10	119043322	C	T	238	0	304	0	409	5
10	123722752	C	T	268	4	589	5	460	0
11	119983163	C	T	402	7	584	14	635	4
12	541059	C	T	210	0	302	0	216	5
12	11545944	G	T	116	4	341	4	448	0
12	25398284	C	T	132	112	283	76	253	182
12	50745513	G	A	117	4	142	0	195	0
12	52710279	T	C	130	11	271	16	352	29
12	56676279	A	G	116	10	179	18	225	34
12	122990178	G	A	182	24	311	24	285	27
12	125396605	G	A	17	47	8	3	13	0
12	125397262	T	C	267	18	127	0	236	0
14	59992079	A	T	343	6	946	7	457	0
14	75325156	C	T	189	0	385	0	402	7
14	94152991	C	T	109	0	146	4	200	0
17	3919679	G	T	103	0	227	0	291	4
17	4015920	G	C	71	0	78	8	115	0
17	7671485	C	T	92	57	166	51	144	77
17	9583620	G	A	111	0	167	4	173	0
17	10408207	C	T	216	0	422	4	334	4
17	48545960	C	T	159	0	260	0	311	4
18	46956740	C	T	164	0	433	5	402	0
18	48603032	C	T	81	38	94	25	94	44
19	8968931	C	T	129	0	325	5	277	5
19	9018463	T	C	113	0	271	0	261	6
19	9019623	C	T	140	0	405	0	361	4
22	22160199	G	A	278	7	405	0	474	0
22	24210705	G	A	145	0	230	0	348	4
22	46929866	G	A	46	44	62	37	68	52
