Chr	Posi	Wild	Mut	PrimT:ref	PrimT:alt	Met2T:ref	Met2T:alt	Met3T:ref	Met3T:alt	Met4T:ref	Met4T:alt
1	62293125	G	A	390	0	121	62	39	129	198	0
1	64643561	C	A	153	0	63	26	78	0	64	0
1	70766555	C	G	197	0	76	46	121	0	106	0
1	75042611	G	A	224	59	107	0	112	0	104	0
1	77510030	G	A	83	0	112	67	44	46	58	11
1	77528712	G	T	129	0	149	37	119	0	193	0
1	79102890	T	C	105	0	44	30	72	57	124	0
1	82408791	G	A	104	35	92	0	118	0	70	0
1	86289224	A	T	365	0	287	89	357	0	379	0
1	86362065	C	A	242	0	270	0	246	0	174	71
1	89298994	C	T	343	0	174	93	259	136	239	94
1	89414821	A	T	237	0	237	0	220	0	176	30
1	89479034	A	G	274	0	211	0	234	0	131	58
1	89575902	A	G	368	0	210	154	183	181	235	118
1	89616229	T	C	313	0	212	49	244	0	167	0
1	89844017	C	T	152	13	101	23	86	11	82	16
1	90049813	A	G	160	51	169	0	163	0	134	0
1	91382482	C	T	345	0	356	0	300	0	205	89
1	92642432	G	T	52	31	62	44	85	64	91	16
1	97278663	G	A	262	86	171	133	210	137	155	81
1	103354459	G	A	163	28	184	0	216	0	134	0
1	109159015	T	C	355	0	252	0	276	116	427	0
1	109538267	A	C	424	0	411	0	373	148	324	0
1	109805571	C	T	57	0	74	20	53	37	48	0
1	109878953	G	T	122	47	125	108	145	86	119	62
1	110172060	T	C	153	0	137	0	113	0	75	35
1	110754453	G	A	120	0	303	0	122	0	58	31
1	112319744	A	G	458	0	402	0	217	0	252	28
1	112524699	G	A	25	0	67	0	47	7	36	0
1	113657286	G	A	126	0	159	43	119	0	113	0
1	114949608	A	G	337	0	336	0	332	0	297	150
1	117527384	T	C	267	0	258	65	174	0	146	0
1	120165569	C	T	38	0	122	0	54	7	32	0
1	145527623	C	T	139	0	128	78	131	68	107	40
1	145584261	C	A	141	0	200	0	136	0	96	50
1	149762899	G	A	273	0	139	18	149	0	234	0
1	150416764	G	A	210	0	275	87	268	0	222	0
1	150444055	C	T	111	0	107	0	86	53	113	0
1	150532346	G	A	206	0	179	0	117	13	176	0
1	151108571	A	C	174	0	194	37	110	0	129	0
1	151611425	G	A	176	0	154	36	117	64	101	4
1	151665036	C	A	132	0	244	0	169	23	167	0
1	152080773	C	A	160	42	184	122	113	72	149	53
1	152127537	G	A	147	0	121	0	50	29	129	0
1	152276476	T	C	83	0	82	16	69	0	59	0
1	154942568	C	T	117	0	82	22	90	0	74	0
1	154962915	C	T	149	0	94	97	98	50	38	21
1	154987425	G	T	48	13	12	24	16	12	19	6
1	155159833	G	A	176	0	73	63	88	54	58	28
1	155174866	C	T	90	0	69	43	80	37	94	31
1	155912518	C	T	62	0	49	0	32	6	21	0
1	155936654	C	T	180	62	230	0	162	6	156	0
1	156047388	T	C	230	0	177	208	102	87	95	43
1	156261376	G	A	15	0	26	0	18	10	12	0
1	156876668	C	T	24	0	39	0	20	15	7	0
1	156893847	G	A	70	18	141	0	83	0	56	0
1	156939149	G	A	157	0	144	0	79	66	84	0
1	158056409	G	A	169	0	185	0	144	0	131	19
1	158368646	C	T	38	0	38	14	41	0	9	0
1	158639346	G	T	48	0	49	18	41	0	44	0
1	158646053	C	G	221	0	223	0	175	96	202	0
1	158736317	G	C	73	0	37	26	42	36	105	44
1	158747198	G	A	57	14	42	24	50	22	53	26
1	160085659	G	A	149	88	106	85	104	68	69	29
1	161011508	A	G	205	0	135	0	132	0	73	29
1	161141758	T	C	245	61	128	124	136	80	75	40
1	162344310	G	A	127	0	128	0	93	0	65	25
1	166974634	G	A	241	0	145	110	130	99	109	35
1	167345350	C	T	354	0	323	0	222	158	292	0
1	167381315	G	A	53	0	29	20	21	25	39	28
1	171293410	A	T	558	0	346	271	204	193	292	158
1	174721451	G	T	748	0	464	0	526	0	605	126
1	176740312	A	G	103	0	52	15	55	30	109	0
1	182797991	A	G	343	0	250	37	288	0	205	0
1	183085745	T	C	294	0	360	46	270	0	299	0
1	186026521	A	T	306	0	211	42	255	0	213	0
1	190195447	C	T	157	0	94	34	161	0	95	0
1	197091053	G	A	308	67	237	0	354	0	403	0
1	198700775	C	A	358	0	140	125	209	111	223	105
1	200974705	C	T	372	0	282	7	199	0	136	75
1	200977992	C	T	87	0	125	0	58	24	54	0
1	201981119	C	A	36	0	25	25	36	22	20	23
1	202287853	G	A	33	17	64	41	20	17	15	13
1	202400629	G	A	207	0	155	37	191	0	246	0
1	202736067	C	T	411	0	377	6	218	33	213	0
1	202850313	A	G	109	0	132	35	113	0	97	0
1	206776484	T	C	174	0	163	110	112	89	101	51
1	207196070	G	A	91	0	48	32	37	25	36	17
1	211956815	C	A	160	41	121	82	150	119	190	83
1	216380613	A	G	29	0	32	0	8	16	22	0
1	217688195	C	T	190	0	272	48	268	0	218	0
1	220156660	C	A	180	0	190	0	143	66	176	0
1	220325021	T	C	169	0	178	43	184	0	127	0
1	226555247	T	C	304	0	268	78	211	0	212	0
1	227152832	G	A	57	17	151	0	101	0	85	0
1	228468040	G	T	115	0	184	0	113	23	102	0
1	228680947	G	A	48	0	75	12	82	0	40	0
1	229622248	C	T	98	27	89	64	108	51	205	52
1	232615446	G	T	266	81	280	229	215	134	260	120
1	233353670	T	C	160	0	138	90	134	109	162	0
1	233518183	G	A	88	0	103	29	87	0	87	0
1	236189218	G	T	93	0	104	20	107	0	88	0
1	248262886	T	C	135	26	177	0	148	0	158	0
1	248436576	C	T	94	0	12	87	25	35	38	43
2	1895868	G	A	84	0	194	52	68	57	62	0
2	7160609	C	A	57	0	88	14	64	0	56	0
2	9683285	T	C	417	0	322	64	307	0	350	0
2	11317908	C	T	361	0	370	0	248	170	300	0
2	17888551	T	C	498	0	382	0	408	0	333	129
2	17941283	A	G	182	0	183	0	198	0	114	63
2	21230501	G	A	141	0	114	36	89	0	97	0
2	24484576	A	T	236	0	143	22	256	0	222	0
2	25656830	T	A	498	0	543	102	399	0	507	0
2	26679340	A	G	209	0	173	0	124	55	108	0
2	27275942	C	T	128	0	101	0	93	37	82	0
2	27308768	C	T	45	14	34	45	43	17	29	10
2	27346893	C	T	312	0	155	105	165	116	204	0
2	27716878	C	T	203	0	213	23	159	0	150	0
2	27804505	C	T	85	0	95	0	90	12	63	0
2	29225528	C	A	98	0	119	0	77	0	45	19
2	29356587	G	A	353	88	385	0	246	0	328	0
2	31000438	C	T	229	0	228	0	193	0	115	60
2	31621438	C	A	193	0	149	57	130	0	107	0
2	32678925	T	C	403	0	383	69	382	0	324	0
2	32703844	G	A	599	0	496	0	416	0	365	140
2	37283759	C	A	108	0	149	0	150	0	127	38
2	39185202	G	A	153	0	198	0	142	0	94	45
2	42996861	C	T	84	36	78	58	78	49	38	33
2	43783572	C	T	146	0	106	31	121	4	125	0
2	43783643	T	A	295	0	273	50	222	0	189	0
2	47202126	C	T	88	26	60	39	56	46	51	25
2	48941138	T	C	230	0	223	0	220	0	170	63
2	64863260	G	A	174	50	198	0	208	0	208	0
2	69002326	A	G	207	0	185	49	137	0	146	0
2	70903915	G	A	143	0	230	0	108	21	98	0
2	71361764	A	G	65	21	32	26	65	44	84	27
2	71908189	C	T	132	33	135	0	75	0	72	0
2	74369475	G	A	230	0	219	53	224	4	254	0
2	84864358	C	T	132	0	129	29	159	0	142	0
2	86355076	C	A	413	110	390	0	391	0	425	0
2	96040646	G	A	120	0	152	39	111	0	86	0
2	96048217	G	T	82	0	166	0	76	60	68	0
2	96795838	C	A	216	0	270	50	195	0	200	4
2	97366114	G	A	174	0	149	17	166	0	168	0
2	97464885	C	T	98	0	90	27	81	52	93	0
2	97869977	A	G	439	0	378	0	486	78	609	0
2	98349770	T	C	68	17	150	0	72	0	52	0
2	99012948	C	T	132	45	223	0	113	0	108	0
2	99227329	C	T	668	0	442	115	415	0	433	4
2	99234650	T	C	228	0	175	25	208	0	200	0
2	100900842	G	A	89	29	53	60	74	50	47	15
2	101967439	G	A	227	0	133	19	169	0	132	0
2	102475519	T	A	277	0	188	79	161	0	129	0
2	103095698	C	T	100	0	145	44	111	0	58	0
2	103343376	T	C	158	0	194	51	191	0	183	0
2	105472922	G	A	65	0	95	102	52	39	30	27
2	105897107	G	A	135	0	114	80	102	56	130	75
2	111881618	T	A	207	0	199	36	203	0	196	0
2	112849343	T	C	513	157	308	236	282	239	500	195
2	113260615	C	T	196	0	188	0	248	0	198	100
2	113420487	T	A	578	0	500	0	220	172	455	0
2	120005381	C	T	52	0	39	29	29	22	19	7
2	127815152	G	A	275	0	52	261	46	106	117	95
2	131797625	G	A	52	0	117	0	44	8	67	4
2	131798892	C	T	101	0	32	0	48	0	21	17
2	135696589	T	A	426	0	20	131	36	176	137	116
2	135870750	C	T	341	0	268	45	226	0	189	0
2	141108398	T	C	305	85	139	0	226	0	223	0
2	145157088	T	A	301	0	153	0	137	26	127	0
2	155102400	T	C	332	0	304	0	319	0	192	56
2	162728830	C	T	233	62	279	0	329	0	223	0
2	166850677	C	T	134	0	100	0	160	17	205	0
2	167055454	C	A	130	0	146	37	129	0	143	0
2	168105398	G	A	119	0	139	0	144	0	117	55
2	168107081	A	G	91	0	60	32	60	59	162	74
2	168107357	A	T	29	0	8	5	6	5	14	10
2	171818250	A	G	476	0	241	170	219	139	363	0
2	174055771	T	C	159	0	85	69	145	100	115	41
2	175979561	T	C	573	0	516	0	358	194	369	0
2	179404394	C	G	125	0	125	26	80	48	87	0
2	179455924	T	C	208	0	155	98	99	72	133	45
2	179501277	A	G	241	0	289	68	200	0	205	0
2	179501487	C	A	123	0	120	0	109	0	37	33
2	179575360	A	G	153	0	176	0	131	0	119	22
2	179577259	G	T	83	0	85	22	72	0	48	0
2	186673380	C	A	100	0	47	22	78	61	143	0
2	187626616	C	T	167	57	209	0	166	0	124	0
2	191863029	C	G	387	0	157	122	170	135	262	117
2	197172804	C	A	206	0	170	0	99	13	91	0
2	197878236	T	C	208	0	171	28	131	0	126	0
2	201436778	C	A	122	0	39	0	82	13	90	5
2	202593810	G	A	255	95	335	0	314	0	226	0
2	203749136	G	A	61	24	58	50	100	55	91	47
2	204309610	T	A	295	0	262	49	316	0	219	0
2	204341806	A	G	232	0	283	0	271	0	170	69
2	207170181	C	T	88	28	95	0	98	0	123	0
2	208425067	A	G	474	0	511	135	401	0	470	0
2	209106797	T	G	161	0	194	49	172	4	103	0
2	209201630	T	C	366	0	225	128	249	210	204	100
2	210560320	G	T	82	20	75	34	51	48	61	18
2	210681757	C	T	111	0	140	0	109	11	61	0
2	210858061	G	A	282	0	145	141	166	143	207	79
2	219688593	C	A	131	0	176	0	107	12	76	0
2	219754759	G	A	101	0	105	83	67	34	67	18
2	220251845	G	A	157	0	103	49	81	62	69	28
2	220312756	C	T	34	0	36	36	16	12	16	12
2	220479995	A	G	41	11	37	39	21	20	26	14
2	222294783	T	G	224	0	182	138	105	78	102	34
2	222428938	C	A	135	0	136	0	110	12	93	0
2	228118303	G	A	281	122	276	276	210	155	316	138
2	228758576	A	G	159	0	234	52	112	85	114	0
2	230666992	T	A	64	0	36	12	72	0	63	0
2	231931785	C	T	274	0	251	0	320	31	255	0
2	232577540	G	A	353	0	199	0	239	0	130	91
2	234359654	C	T	123	0	142	0	139	0	44	25
2	237233394	T	G	248	0	253	179	156	149	211	109
2	237489947	T	C	94	49	207	0	124	0	102	0
2	238657858	C	T	126	0	198	0	118	0	116	15
2	241974125	C	T	38	0	89	50	32	34	23	5
2	242170310	G	A	224	0	212	0	158	0	98	49
2	242176129	T	C	172	64	314	0	196	0	192	0
2	242644068	G	T	174	0	238	0	128	62	132	0
3	9882416	C	A	172	53	145	102	89	93	77	47
3	12858664	C	T	20	0	82	0	18	16	22	0
3	14487228	C	A	547	0	333	217	260	149	346	162
3	14487272	C	T	486	0	329	0	189	162	335	0
3	14549136	G	A	196	70	319	0	170	0	98	0
3	16242199	G	C	65	0	83	22	78	0	36	0
3	17052139	A	G	79	0	43	18	60	0	30	0
3	27355815	G	T	239	80	173	140	196	138	299	143
3	33543144	T	C	130	0	122	0	159	0	95	31
3	33877554	A	T	140	0	105	27	175	0	100	0
3	37357031	G	A	361	0	362	83	276	186	551	4
3	37388700	T	C	498	0	494	0	460	0	468	79
3	38347856	T	C	71	31	51	71	54	46	68	25
3	38912973	T	A	58	25	71	49	55	41	58	30
3	42701039	C	T	26	0	28	0	10	7	21	0
3	42784432	G	A	170	0	158	0	113	0	78	22
3	42798642	G	A	361	0	342	0	275	32	297	0
3	42906097	C	T	143	0	182	34	122	0	96	0
3	44684230	A	C	93	0	128	14	96	0	112	0
3	45879442	G	T	203	0	164	0	161	0	146	31
3	47040207	C	T	52	0	20	26	24	11	9	13
3	47308751	A	G	223	0	181	125	184	148	228	99
3	47888801	T	C	197	69	320	0	195	0	189	0
3	48602218	G	T	24	0	15	14	20	13	13	11
3	49004625	T	A	286	0	192	26	159	16	177	11
3	49049974	G	A	101	0	88	20	72	0	40	0
3	49055090	T	G	121	0	113	33	99	0	87	0
3	49162285	A	G	72	0	62	45	43	18	38	0
3	49412958	A	C	156	0	196	0	154	0	120	58
3	49718581	G	T	236	0	181	67	123	4	148	0
3	49756796	G	A	87	0	80	17	67	0	33	0
3	49847964	A	T	117	0	141	0	97	19	85	0
3	49928882	G	A	58	0	60	26	57	0	44	0
3	50313955	C	T	32	0	76	23	30	19	22	0
3	50379045	T	C	172	0	119	0	106	0	71	29
3	52265490	G	A	279	0	167	121	140	83	137	65
3	52383247	G	A	40	9	29	26	31	28	22	7
3	52525939	A	G	142	0	130	34	152	0	115	0
3	53853045	C	T	152	0	145	68	98	69	122	0
3	54596945	T	A	317	109	387	0	277	0	265	0
3	54952683	T	C	187	57	211	172	102	84	119	51
3	54952854	T	C	192	0	128	74	88	39	105	0
3	56702488	G	T	257	58	236	0	233	0	243	0
3	63981198	C	A	82	29	93	0	91	0	143	0
3	63981276	A	T	153	0	178	33	139	0	133	0
3	75715161	G	T	201	0	166	19	149	21	140	6
3	77147427	C	T	199	4	164	0	172	4	112	60
3	89259384	G	T	103	23	75	60	47	31	34	30
3	96706577	T	C	192	48	149	118	139	99	156	70
3	100948321	T	G	134	43	192	0	137	0	111	0
3	107910473	G	A	395	125	227	181	251	183	290	129
3	108135721	C	T	420	0	420	0	216	167	278	0
3	108156516	C	G	312	0	250	70	236	0	273	0
3	111366502	C	A	246	0	216	52	193	0	214	0
3	112324475	G	T	199	59	147	103	221	129	172	66
3	113634568	C	A	276	0	295	66	273	0	272	0
3	113955293	G	A	91	0	66	46	56	50	62	33
3	119101176	G	A	230	0	209	49	186	0	179	5
3	121416136	T	C	266	0	157	0	235	0	193	64
3	121508994	A	G	762	0	416	351	352	249	431	204
3	121720597	A	G	362	0	276	79	218	137	180	0
3	122170875	T	C	243	0	295	72	278	4	195	0
3	122296677	C	T	38	18	42	70	21	24	36	21
3	122598150	G	A	473	0	503	0	366	0	405	51
3	124629318	G	A	127	0	128	89	101	80	166	0
3	126137617	C	T	122	0	140	20	73	0	85	0
3	134085269	G	A	57	0	72	0	52	0	38	9
3	134256003	C	T	220	0	106	84	138	94	119	49
3	135870358	T	G	97	0	57	0	50	5	98	0
3	135913933	G	T	303	0	85	52	149	114	177	0
3	135980909	T	C	175	32	121	114	146	93	86	62
3	138400868	C	T	359	84	398	0	398	0	439	0
3	138763122	G	A	25	13	32	32	35	30	18	7
3	139078140	G	T	307	0	146	28	174	109	201	0
3	141162450	G	A	261	0	145	35	187	4	188	0
3	153973143	C	T	201	0	201	4	181	15	180	0
3	153998421	A	C	536	0	362	102	479	0	404	0
3	154802026	T	C	272	0	357	90	257	0	290	0
3	155481463	A	T	229	0	130	6	157	19	342	0
3	156421363	T	C	413	0	226	178	207	109	247	0
3	158991666	T	C	427	0	331	0	264	0	189	54
3	164908311	G	T	51	0	39	11	70	0	41	0
3	167051642	A	T	468	0	392	0	396	0	338	31
3	174577201	G	C	325	175	79	53	207	212	225	107
3	178927996	G	A	137	0	87	0	145	0	89	50
3	178952085	A	G	114	36	83	106	135	109	169	70
3	179418824	C	T	295	0	252	0	316	0	234	108
3	184003370	G	A	200	0	289	0	149	68	163	0
3	184062428	G	A	67	0	42	32	34	12	13	0
3	184922232	C	T	180	0	158	119	155	81	155	59
3	185393583	A	G	622	0	562	142	310	0	427	0
3	186282043	A	T	176	0	120	26	121	0	70	0
3	190030700	T	C	287	0	291	86	201	0	288	0
3	191087707	G	A	140	0	159	0	215	0	133	19
3	193071941	G	T	435	0	272	196	156	154	210	0
3	196674897	G	T	171	0	148	36	113	0	123	0
4	13605251	T	C	224	0	211	0	213	0	251	35
4	15601216	A	T	223	0	213	24	262	0	236	0
4	15688891	C	A	82	0	31	29	65	46	61	18
4	17623238	G	A	169	0	174	0	186	38	179	0
4	25005309	G	A	98	0	100	0	85	30	70	0
4	26432339	G	A	287	0	224	52	209	0	202	0
4	40245421	C	T	125	19	46	35	49	37	38	15
4	42626551	A	T	152	0	91	27	224	0	188	0
4	47525042	T	C	181	0	187	0	139	17	160	0
4	48546886	G	C	334	0	248	28	301	0	253	0
4	48555303	C	T	190	0	220	0	193	0	145	17
4	56846458	T	C	173	0	53	60	120	88	202	72
4	57193841	G	C	178	0	172	0	212	39	123	0
4	68380301	A	C	262	0	223	60	287	0	241	0
4	68447058	G	A	240	0	182	0	250	0	221	38
4	68562363	C	A	296	0	183	111	192	157	218	104
4	69095011	C	T	266	0	205	201	285	189	191	109
4	69682000	T	C	125	0	67	14	102	0	87	0
4	74285230	T	C	46	0	73	16	80	0	91	0
4	76489581	C	T	152	34	156	0	197	0	179	0
4	76571592	C	T	438	0	393	85	358	0	349	0
4	76879009	C	G	177	0	168	21	207	0	264	0
4	79158746	G	A	109	0	134	27	150	0	90	0
4	83785565	T	A	128	21	29	51	70	26	121	15
4	83849265	A	G	264	83	315	0	322	0	322	0
4	87653886	G	T	225	0	118	81	144	118	157	72
4	87728817	G	T	128	0	159	38	167	0	126	0
4	89189485	T	A	147	0	165	31	144	0	169	0
4	89571068	C	A	205	0	177	69	126	107	149	0
4	89670186	T	C	145	32	155	0	180	0	134	0
4	100460361	G	A	128	0	121	32	122	84	136	5
4	100542353	T	C	200	0	204	39	194	0	185	0
4	106888483	G	A	103	24	87	0	70	0	51	0
4	113303709	G	A	35	0	15	9	10	22	41	0
4	114203898	A	T	116	0	124	0	117	9	153	0
4	122766672	T	C	232	0	126	106	184	154	210	99
4	123275004	C	T	220	0	139	0	237	0	149	52
4	128726372	C	T	60	0	58	10	78	63	89	0
4	128803011	G	A	462	0	266	41	395	0	286	0
4	128854139	C	T	168	68	126	114	220	148	258	151
4	128865003	C	T	213	0	145	118	170	122	195	107
4	130030754	A	G	135	0	125	18	175	0	143	0
4	135121299	C	A	420	0	292	0	234	0	241	38
4	138452597	G	A	86	46	69	52	51	41	64	30
4	144621090	G	T	43	12	44	50	24	20	27	12
4	146806895	G	A	234	0	171	54	153	0	164	0
4	151160980	C	A	336	0	272	181	206	138	166	69
4	154216665	C	T	112	71	159	0	138	0	81	0
4	154502027	T	C	524	0	365	0	239	169	318	0
4	155458560	G	A	203	40	115	104	169	149	178	76
4	156638322	T	C	135	0	146	0	129	76	99	0
4	159790273	A	C	81	0	58	0	29	23	38	0
4	169312781	A	G	156	0	167	40	170	0	148	0
4	169327787	A	G	325	70	219	0	205	0	241	0
4	169432879	T	G	92	0	72	0	48	24	40	0
4	169847411	C	T	300	45	410	0	284	0	313	0
4	186598265	A	G	259	0	171	165	167	96	162	71
5	1245978	C	T	31	14	169	0	61	0	41	0
5	11117636	C	T	314	38	327	0	193	0	251	0
5	13911555	C	T	313	90	395	0	378	0	273	0
5	14420078	C	T	90	0	98	14	87	0	64	0
5	14711365	C	T	112	0	120	41	100	0	133	0
5	15928465	G	A	52	0	91	15	55	0	29	0
5	24509907	T	C	149	0	173	0	192	25	145	0
5	24511619	A	G	32	10	63	42	39	23	25	18
5	40692135	A	C	54	0	43	35	49	38	42	13
5	41065543	G	A	135	0	74	0	107	0	156	28
5	41382324	A	G	70	0	22	33	25	32	28	10
5	53839112	T	G	319	0	349	0	261	33	282	0
5	55248078	G	A	445	146	383	204	341	212	324	103
5	73048988	C	A	121	0	141	0	111	17	86	0
5	76714214	T	C	156	0	132	52	158	0	111	0
5	77714690	C	T	360	0	296	0	273	132	243	0
5	78379459	T	C	161	0	121	30	163	0	127	0
5	80109517	G	A	271	73	378	0	329	0	250	0
5	89923555	T	C	61	0	55	0	76	0	27	16
5	89977194	G	A	204	74	309	0	288	0	192	0
5	90040906	C	T	426	0	273	210	259	198	306	146
5	96315052	T	C	62	0	47	30	55	25	29	19
5	96460320	T	C	197	0	139	35	112	0	138	0
5	101631889	C	T	113	0	122	0	77	0	53	9
5	110843027	C	T	619	0	407	4	375	0	415	81
5	111066720	T	A	395	156	411	0	254	0	260	0
5	112179635	A	G	53	0	86	22	54	29	111	0
5	114588931	T	A	313	0	298	62	299	0	334	0
5	118469592	A	G	99	24	135	0	102	0	119	0
5	127685132	A	T	129	55	169	0	193	0	178	0
5	131931452	A	T	68	0	54	7	53	9	50	0
5	132084153	C	T	93	0	46	35	52	41	49	37
5	132161328	C	T	3	10	40	30	14	19	8	7
5	133914278	C	T	55	0	74	11	49	21	33	0
5	134109461	C	T	336	4	229	38	330	0	522	0
5	137849313	T	C	106	0	106	23	94	0	89	0
5	140019436	G	T	211	0	139	0	139	0	115	26
5	140215971	C	T	52	14	77	64	58	31	37	8
5	140433360	C	T	125	28	135	110	99	80	112	49
5	140604665	C	T	28	0	118	82	76	40	51	0
5	140745700	C	T	79	0	59	35	31	22	47	0
5	140783198	C	T	19	0	48	9	18	16	19	0
5	140784547	C	T	90	25	105	91	62	28	58	46
5	140856653	G	A	110	0	142	26	108	0	131	0
5	141233876	C	T	25	0	39	9	12	13	17	0
5	145439621	C	T	71	20	89	41	42	26	59	35
5	145719487	C	T	13	6	34	18	15	11	13	5
5	146777271	C	T	183	0	93	65	80	59	96	39
5	149213172	T	C	66	0	111	27	64	0	32	0
5	149216124	C	T	61	0	71	19	59	0	42	0
5	149433900	C	A	67	0	93	0	68	0	48	24
5	149901288	T	C	92	0	98	0	87	31	60	0
5	149918853	G	A	307	41	345	5	214	0	244	4
5	150911428	G	A	80	0	119	0	61	0	28	8
5	154278757	G	C	159	0	120	27	161	0	97	0
5	156589619	A	G	174	0	229	0	145	54	176	0
5	157216437	A	G	421	0	332	0	369	52	324	0
5	162943656	T	A	121	0	138	0	100	59	118	0
5	167553799	C	T	69	27	88	71	57	40	60	16
5	167675028	G	T	70	0	72	0	60	0	41	16
5	167858309	C	A	134	24	159	0	145	0	105	0
5	169675729	G	A	374	58	366	0	238	0	299	0
5	172750353	G	A	248	0	270	57	103	65	108	0
5	174869362	A	G	187	0	215	27	122	0	98	0
5	176631202	C	T	232	0	199	40	230	0	172	0
5	176719124	A	G	143	0	147	33	174	0	143	0
5	176930373	G	A	74	20	57	34	54	42	46	28
5	179150700	C	G	476	6	304	5	304	4	317	52
5	179193379	G	A	128	0	130	47	89	59	97	0
5	179229008	A	G	111	0	52	47	48	32	32	16
5	180665241	T	C	252	0	178	28	134	0	113	0
6	7585003	G	A	54	0	53	0	34	0	48	22
6	10726210	T	C	647	0	235	104	178	91	208	63
6	10796395	T	C	205	0	217	0	192	0	139	16
6	12294557	T	C	237	0	159	0	234	0	270	38
6	17856287	G	A	368	0	396	0	247	26	303	0
6	22570299	C	T	11	4	35	24	19	5	17	10
6	24178807	A	G	629	0	556	0	389	55	472	0
6	26045787	G	A	368	0	390	0	225	145	190	0
6	26107763	C	G	298	0	129	0	201	0	147	25
6	26158622	A	C	389	0	78	48	227	88	180	31
6	26184221	T	C	306	0	215	7	196	19	206	4
6	28120861	A	G	84	0	51	41	54	41	59	34
6	28358753	T	C	168	0	148	0	138	0	119	31
6	28497371	G	A	179	0	180	0	130	16	104	0
6	29589965	C	A	140	0	169	0	166	0	97	19
6	29589966	T	C	136	0	165	0	165	0	95	20
6	30570712	C	T	111	28	64	62	72	38	48	9
6	30920773	G	A	128	0	141	58	89	47	143	0
6	31594915	T	C	50	0	56	23	35	0	24	0
6	33695968	C	G	103	0	135	0	62	0	43	10
6	35715204	T	C	90	0	132	0	87	12	49	0
6	36259187	T	C	182	0	106	54	72	47	68	19
6	38645142	C	T	159	36	210	0	180	0	209	0
6	38877371	C	A	286	0	163	116	125	114	151	0
6	39268206	C	T	248	84	316	0	186	0	219	0
6	43030724	C	T	68	0	55	17	49	20	60	0
6	43188967	C	T	132	0	180	0	115	0	112	16
6	43190362	C	T	74	0	52	41	64	29	42	28
6	44278887	C	T	146	0	81	55	54	49	82	0
6	46677139	T	C	273	16	194	25	255	17	201	9
6	46825886	C	T	154	0	101	64	104	36	119	48
6	47202607	T	C	132	0	111	0	114	35	84	0
6	49494395	T	C	65	0	81	22	48	30	40	0
6	54806328	A	G	84	0	53	24	36	40	75	44
6	56336065	A	G	198	0	138	26	231	0	166	0
6	56362753	G	T	191	140	362	0	384	0	356	4
6	56462631	C	A	337	0	464	70	300	0	334	0
6	64423401	C	T	175	0	121	95	129	95	304	127
6	76660567	G	A	85	0	132	29	90	0	87	0
6	79607676	G	A	320	0	189	167	206	146	232	0
6	83877659	C	T	62	0	42	30	71	21	48	11
6	87994006	A	G	49	11	26	25	40	26	50	30
6	90432675	T	C	198	0	102	19	134	13	218	0
6	90577470	T	A	85	32	122	0	109	0	104	0
6	100841631	G	A	115	0	124	40	96	0	80	0
6	105232300	A	G	169	0	162	0	197	29	189	0
6	105800867	T	C	262	103	237	239	257	209	244	137
6	106999840	A	G	61	26	24	36	36	36	49	26
6	107103549	G	T	307	84	249	164	228	143	258	87
6	109820296	G	A	118	42	232	0	236	0	155	0
6	110541006	T	G	639	0	580	113	478	0	437	0
6	111587472	T	C	422	0	376	0	333	0	487	79
6	114279881	T	A	375	0	230	0	302	43	300	0
6	116574959	G	A	51	0	32	0	52	11	33	0
6	116720825	A	G	157	39	77	60	103	76	127	40
6	121577312	C	T	171	62	101	98	181	139	235	134
6	122744819	T	C	544	0	377	0	301	237	397	0
6	126249330	G	A	600	0	359	38	403	0	451	0
6	134498871	A	T	756	0	432	118	418	0	420	0
6	136588258	C	T	426	0	202	136	195	147	232	103
6	142691559	T	G	119	0	108	0	165	21	87	0
6	144095298	C	T	208	64	193	0	286	0	351	0
6	146231674	A	G	144	0	146	31	111	103	159	0
6	146231724	T	C	102	0	130	0	179	27	219	0
6	146865143	G	A	88	36	62	0	108	0	109	0
6	151259844	C	T	313	120	382	4	297	0	241	0
6	152683409	G	A	182	42	163	100	170	96	152	45
6	152771868	T	C	83	0	89	20	95	0	61	0
6	154735495	C	A	325	0	365	0	315	37	292	0
6	155561770	G	A	115	33	139	0	92	0	66	0
6	155774599	C	T	504	0	357	116	303	0	349	0
6	157405977	T	C	198	0	104	0	96	0	92	50
6	157528913	C	T	161	0	10	72	21	72	81	0
6	166580950	C	T	35	19	137	0	51	0	36	0
6	167550201	A	G	111	0	116	44	79	4	77	0
6	167587435	G	A	109	29	88	38	53	21	67	21
6	168430329	C	T	365	0	350	0	228	5	150	24
6	169632094	G	A	128	0	242	0	111	0	74	7
7	1523800	C	T	42	0	105	0	60	0	36	14
7	2297054	G	A	103	0	230	56	89	75	145	0
7	2473391	G	A	41	0	59	15	48	0	39	0
7	2565062	T	G	55	32	154	0	86	0	46	0
7	4011176	C	T	215	0	157	85	115	53	91	23
7	4950811	G	A	125	24	103	83	65	58	94	46
7	6042235	G	A	323	137	344	242	264	221	234	125
7	6487472	A	G	101	35	104	75	139	74	72	31
7	6639605	A	T	92	0	97	0	129	0	99	21
7	6661903	G	A	4	0	18	19	19	13	11	5
7	7420478	G	A	361	0	328	0	206	143	347	0
7	21631003	C	T	31	5	28	8	11	8	16	7
7	23221789	G	T	254	0	105	63	167	125	135	42
7	23313748	A	G	345	0	352	87	365	0	362	0
7	26404247	G	A	337	63	237	146	262	164	255	107
7	27185428	C	T	419	0	581	91	202	43	285	0
7	27284789	C	T	54	31	227	0	88	0	53	0
7	31378711	T	C	507	0	351	46	371	0	506	7
7	33014836	T	C	316	0	157	97	157	104	209	74
7	36194357	G	A	71	22	89	0	79	0	51	0
7	37896904	A	G	419	0	370	117	288	0	342	0
7	43827575	A	T	385	119	330	279	185	161	223	122
7	44266237	C	A	22	0	18	9	22	17	10	0
7	44795897	G	A	126	48	103	0	107	0	94	0
7	47408113	A	G	246	0	182	131	125	75	105	62
7	47869039	G	A	146	52	188	0	183	0	215	0
7	48312865	C	A	81	23	52	47	66	65	62	35
7	53103948	C	T	133	0	226	0	111	74	97	0
7	55224320	C	T	126	0	173	0	133	53	168	0
7	55268059	G	A	479	5	547	0	297	151	336	4
7	65439906	G	A	142	0	144	114	98	74	121	0
7	72209572	G	A	159	60	189	0	177	0	298	0
7	72849981	C	T	29	0	34	21	15	20	20	0
7	73922466	G	A	132	0	179	114	121	72	86	54
7	81388049	T	A	391	0	405	104	372	0	320	0
7	81978924	G	A	427	0	518	0	221	220	371	0
7	82785039	A	G	172	53	175	0	152	0	136	0
7	86577084	A	G	162	0	123	91	127	78	116	51
7	98513427	C	T	285	0	214	152	141	140	215	0
7	98602881	C	T	151	33	202	141	127	72	105	61
7	98654887	C	T	204	0	278	0	201	30	269	0
7	98957219	A	T	158	0	188	0	137	0	93	28
7	99705652	T	C	106	0	106	33	81	0	64	0
7	99751529	G	T	250	0	287	0	183	0	112	46
7	100319325	C	T	81	18	105	0	77	0	79	0
7	100731255	C	T	21	0	24	19	10	5	10	6
7	101091068	G	T	67	0	79	0	29	26	44	0
7	101882745	G	T	39	24	103	0	72	0	101	0
7	102737759	A	T	402	0	288	75	344	0	369	0
7	102988215	C	T	325	98	169	115	343	189	272	109
7	105148680	C	T	159	0	244	47	168	0	264	0
7	105891589	T	C	356	0	88	71	97	55	176	56
7	107167698	C	T	667	0	512	288	438	287	608	5
7	108128215	A	G	89	0	82	31	58	64	110	0
7	112579721	G	A	106	0	77	18	179	0	74	0
7	115581993	T	A	469	0	438	80	421	0	384	0
7	120767168	G	T	134	38	132	0	268	0	164	0
7	121942332	G	A	162	35	238	0	157	0	162	0
7	128434537	T	A	56	8	99	15	56	12	57	5
7	128484762	G	A	63	0	71	16	58	0	41	0
7	128486390	G	A	156	0	147	119	96	65	100	4
7	128532802	C	T	69	0	80	0	69	0	42	18
7	128848660	C	T	137	0	158	0	120	0	103	16
7	129688928	G	T	532	0	402	0	416	0	256	150
7	129760633	A	G	407	0	276	243	252	167	304	0
7	134215431	G	T	88	0	90	0	98	17	69	0
7	139734083	C	T	482	0	422	69	283	0	292	0
7	148951397	G	A	35	0	47	0	13	18	20	0
7	149477329	G	A	56	0	100	34	46	23	45	0
7	150389608	A	G	136	0	137	25	135	0	106	0
7	150934918	G	A	15	0	4	6	4	10	3	0
7	151668059	C	T	146	0	129	25	188	0	161	0
7	151805179	C	A	81	27	140	0	99	0	72	0
7	154172103	C	T	206	42	251	0	147	0	166	0
7	155093362	T	G	493	0	395	79	327	0	298	0
7	155530891	C	T	234	0	212	0	187	0	181	51
7	157341688	C	T	172	52	293	0	147	0	155	0
7	158456934	A	G	117	0	127	41	162	0	138	0
8	1581058	A	G	273	0	303	0	146	0	92	45
8	2855567	G	A	100	0	117	0	78	0	56	13
8	3087745	C	T	101	0	90	39	103	59	86	0
8	8233778	G	A	107	46	181	0	142	0	79	0
8	8233972	A	G	170	0	196	45	128	0	117	0
8	11607622	C	T	66	0	130	0	65	9	57	0
8	16885127	C	A	7	0	8	15	2	3	0	1
8	19363317	G	A	90	0	129	0	61	45	181	0
8	21562628	A	G	68	0	51	51	58	20	34	11
8	21977670	G	A	107	0	156	43	85	66	72	0
8	22058655	C	T	190	0	208	0	155	0	163	26
8	22852116	G	T	271	0	390	0	231	0	239	30
8	28385280	G	A	259	0	300	48	285	0	183	0
8	38008284	C	T	91	0	81	29	92	0	137	0
8	41790227	A	T	94	20	98	0	66	0	100	0
8	41906052	T	C	132	0	105	27	125	0	70	0
8	48719839	T	A	211	0	243	0	285	47	248	0
8	48740747	G	T	366	0	199	138	211	158	346	128
8	48771177	A	C	275	0	181	67	247	0	270	0
8	54852225	G	A	288	0	395	268	192	136	172	79
8	57358398	G	A	171	0	215	175	125	105	81	30
8	59514007	T	C	186	55	122	0	211	0	276	0
8	61471466	G	A	560	0	392	73	401	0	386	0
8	67089602	C	T	12	7	39	0	18	0	10	0
8	72267029	T	C	338	0	176	101	159	148	147	71
8	72966070	G	A	83	0	201	0	76	65	86	0
8	77618550	G	A	84	32	67	38	67	47	46	29
8	86047179	T	A	241	0	251	44	265	0	261	0
8	92307892	C	T	291	0	227	0	214	0	152	76
8	93904297	G	T	254	51	183	0	247	0	297	0
8	103297537	A	C	224	0	221	0	237	0	204	36
8	105459559	A	G	209	0	305	58	206	0	201	0
8	113420638	T	A	263	72	284	0	355	0	194	0
8	116631488	G	T	273	0	218	0	150	77	158	0
8	120768325	G	C	421	0	212	32	380	0	268	0
8	121530194	T	C	285	0	228	0	270	0	228	39
8	122626613	T	A	22	13	31	0	26	0	35	0
8	128428659	C	T	466	0	417	0	283	0	192	79
8	131833623	T	C	119	0	126	77	119	64	88	38
8	133790148	T	A	608	164	456	0	399	0	343	0
9	71714819	T	A	265	0	335	62	235	0	241	0
9	72131778	C	T	21	0	30	20	22	15	7	8
9	79321479	T	C	102	0	47	41	57	30	46	21
9	84230944	C	G	229	0	208	50	131	104	139	0
9	88633726	C	T	72	54	133	0	179	0	134	0
9	91793187	G	C	16	0	22	13	21	0	4	0
9	94486911	A	G	93	0	146	37	83	55	93	0
9	95484938	C	T	235	0	157	114	118	46	143	54
9	98241412	G	A	211	0	224	0	115	61	112	0
9	99701176	C	T	249	0	162	0	132	0	157	23
9	100204062	A	G	274	0	141	50	139	96	318	0
9	100423255	T	C	244	89	307	0	267	0	280	0
9	102988416	A	G	65	19	116	0	147	0	126	0
9	106896739	G	A	398	0	322	0	393	49	331	0
9	111637198	T	C	183	145	242	0	299	0	292	0
9	112168863	A	T	282	0	296	0	180	102	204	0
9	116060314	G	A	10	7	34	0	30	0	8	0
9	116346332	G	T	110	0	139	0	98	0	116	18
9	116856634	C	A	103	0	80	76	59	62	90	41
9	116967423	A	T	85	0	120	0	87	0	57	15
9	117118401	T	A	132	0	179	44	132	0	69	0
9	118950412	G	A	106	0	65	57	43	49	49	12
9	118974088	C	T	118	0	186	0	127	0	101	54
9	124441019	C	T	54	0	69	29	28	20	14	12
9	124979560	C	A	91	0	204	0	119	18	41	0
9	126139259	G	A	47	0	58	15	53	5	37	0
9	127912080	G	A	110	112	187	0	251	0	248	0
9	130575530	C	T	39	0	36	39	29	12	18	10
9	130864651	T	C	171	0	209	0	137	0	99	42
9	130941406	C	T	49	0	63	0	41	17	42	0
9	131183253	G	T	7	16	33	0	34	0	9	0
9	131375658	A	G	115	0	152	20	158	0	137	0
9	131670560	G	A	142	0	170	0	124	39	111	0
9	131761531	T	C	95	21	110	0	119	0	116	0
9	131832625	C	T	48	0	160	0	69	23	82	0
9	136307626	G	A	63	0	70	60	44	20	33	12
9	136308586	G	A	10	5	26	19	11	11	5	3
9	136905364	C	A	28	0	94	0	61	0	40	28
9	137582861	G	A	60	63	194	0	111	0	138	0
9	137645703	C	A	257	0	294	106	154	0	174	0
9	137698040	T	C	58	0	77	26	49	0	51	0
9	138657475	T	C	111	0	263	0	126	18	66	0
9	139399350	C	T	47	0	102	65	44	25	47	7
9	139418220	C	T	78	0	127	0	96	0	54	9
9	139635708	C	T	138	0	213	0	115	0	89	21
9	139734849	C	T	18	20	43	0	42	0	65	0
9	140007514	T	C	54	68	175	0	99	0	71	0
9	140082201	G	A	108	0	103	17	38	37	67	0
9	140120251	C	T	59	0	44	29	24	34	26	0
9	140329536	A	G	71	0	101	0	85	0	56	11
9	140807679	C	A	177	0	219	0	106	48	87	0
10	1405905	T	C	7	0	71	0	11	6	14	0
10	5784291	G	T	234	91	240	172	246	181	205	80
10	5788888	T	C	90	31	123	0	129	0	99	0
10	7290566	G	T	281	55	262	142	147	121	234	89
10	7773958	C	T	207	0	143	117	128	99	146	59
10	12131235	A	T	109	0	142	102	96	85	89	23
10	12139957	C	A	189	41	254	0	239	0	175	0
10	13167420	G	T	267	0	191	22	249	0	198	0
10	13213076	T	G	127	0	146	16	177	0	132	0
10	16979776	T	A	202	0	193	56	234	0	140	0
10	17195535	G	A	848	0	357	0	391	0	397	129
10	21157622	C	T	439	0	405	87	320	0	266	0
10	29801681	G	A	216	0	173	29	179	0	98	0
10	29811393	G	A	250	0	205	51	199	0	177	5
10	31137485	G	A	329	0	451	129	239	162	367	0
10	43089726	A	G	170	0	134	22	122	75	150	0
10	43600496	C	T	65	0	72	70	46	39	30	17
10	47087677	C	T	132	31	229	0	108	0	118	0
10	49635186	G	T	225	73	169	109	242	200	342	104
10	50121465	T	C	260	0	227	76	105	83	188	0
10	50732367	T	C	60	0	49	35	35	22	33	13
10	61874077	T	C	159	0	135	35	131	82	173	0
10	63212734	A	G	90	0	99	0	87	0	58	17
10	70209880	C	T	234	68	377	0	377	0	435	0
10	70451132	A	G	153	56	247	0	187	0	120	0
10	70670073	G	A	381	5	366	7	293	42	369	0
10	70930960	A	G	311	58	201	138	225	138	257	117
10	73104001	C	T	279	0	172	127	144	92	194	0
10	73521522	T	C	159	0	194	78	81	75	100	0
10	74874160	T	A	887	0	333	36	365	35	440	25
10	75051178	T	A	166	0	162	36	183	0	146	0
10	75413982	C	T	271	0	221	138	127	95	122	42
10	79567631	G	A	93	0	97	6	56	33	61	0
10	81921729	G	A	233	0	193	50	115	110	97	0
10	82329935	G	A	124	0	115	85	75	49	88	30
10	90574942	C	T	41	26	12	84	16	78	20	50
10	93247530	G	A	178	49	173	8	257	4	370	7
10	98742511	A	G	71	0	89	0	100	0	70	30
10	100202884	T	G	194	0	157	125	127	96	243	0
10	101370851	C	T	310	0	337	97	197	0	197	0
10	102051057	C	A	268	62	353	0	258	0	325	0
10	103543108	G	A	120	0	64	0	130	22	76	0
10	104356917	C	T	136	28	168	4	192	0	150	0
10	105165804	T	C	182	0	194	138	136	104	151	0
10	105202178	G	A	49	16	76	0	81	0	54	0
10	105974099	G	A	206	0	300	83	151	109	205	0
10	115894686	C	T	310	0	261	58	306	0	249	0
10	121207743	G	A	91	104	15	203	23	166	45	102
10	121689853	G	A	132	0	139	20	215	0	187	0
10	123258088	C	T	274	0	137	130	183	144	235	113
10	123274746	A	C	192	0	96	82	99	89	67	29
10	123325147	G	A	134	0	157	33	114	6	90	0
10	123845914	C	T	36	0	40	13	36	0	29	0
10	124096067	G	C	158	0	179	0	139	0	133	18
10	124189200	G	A	251	4	236	78	193	0	220	0
10	124711471	T	G	310	69	302	0	319	0	323	0
10	126384776	C	T	479	4	309	56	327	0	369	0
10	126671799	G	A	259	0	165	55	211	4	193	0
10	129535968	C	T	56	25	129	0	64	0	42	0
10	129908732	C	T	278	0	162	153	168	118	159	90
10	135099084	C	T	75	0	157	0	77	40	65	0
10	135106575	G	A	166	0	146	38	125	0	83	0
11	209433	C	A	112	0	94	89	67	73	50	29
11	291095	C	T	78	0	62	10	56	0	40	0
11	320724	A	G	142	0	72	14	61	35	75	14
11	639531	C	T	41	21	114	68	55	41	39	22
11	722533	A	T	75	0	113	21	92	0	45	0
11	1268272	C	A	103	0	139	103	74	40	165	0
11	2334970	G	A	58	0	105	0	40	41	51	0
11	3660999	G	A	150	0	176	0	160	0	126	24
11	4147994	T	C	230	0	177	0	189	0	129	49
11	4621714	G	A	119	0	99	73	99	46	76	36
11	5344908	A	G	84	0	89	0	97	0	83	29
11	5344909	G	T	84	0	88	0	95	0	83	28
11	5411391	G	A	111	24	141	0	107	0	97	0
11	5655087	G	T	222	0	162	102	144	109	213	0
11	5730876	T	C	37	0	29	23	18	15	32	7
11	6261415	C	T	48	0	107	4	52	9	49	0
11	6424969	A	G	181	41	167	0	132	0	90	0
11	6654102	G	A	227	0	215	74	147	0	153	0
11	8724161	A	G	107	0	98	0	104	0	73	50
11	8938841	A	T	271	0	253	0	256	28	379	0
11	9069586	T	C	240	0	170	95	125	82	133	50
11	12883830	T	G	229	0	165	121	161	97	314	118
11	14913651	C	A	16	0	16	12	10	5	9	3
11	15197353	C	T	99	0	91	68	43	46	44	11
11	18313467	C	T	132	0	177	0	194	0	133	27
11	20066637	G	A	70	0	70	54	63	36	92	0
11	26714058	G	T	120	53	225	0	259	0	156	0
11	27679893	C	A	402	0	405	0	234	0	302	143
11	28110222	A	G	528	0	431	71	493	0	345	0
11	31823202	G	T	182	0	175	0	85	42	123	0
11	32953567	A	C	95	0	129	0	91	46	144	0
11	32975674	C	T	235	0	147	129	172	127	215	116
11	36615031	G	T	127	0	114	0	120	0	77	13
11	43425676	G	A	198	0	215	0	205	0	168	36
11	44621712	T	C	290	0	183	143	160	120	184	0
11	48285970	C	A	177	0	167	0	130	0	101	22
11	49974864	G	T	64	0	25	24	26	39	62	0
11	55653122	T	C	26	5	25	11	16	14	28	8
11	55927221	A	G	59	18	87	0	87	0	114	0
11	56058046	G	A	52	0	36	35	29	41	54	13
11	57076165	C	T	65	18	56	0	55	0	46	0
11	57428850	G	A	197	0	175	52	157	0	129	0
11	57569320	C	T	126	0	105	24	104	0	62	0
11	57576864	T	C	210	0	181	151	173	122	184	95
11	58980280	C	G	43	0	28	21	38	15	22	0
11	59830071	C	A	158	0	180	0	146	63	164	0
11	60558524	G	T	329	0	348	0	195	26	173	0
11	60610013	C	T	36	6	13	14	15	23	12	7
11	61070183	C	A	221	0	171	0	158	18	226	0
11	61110263	G	A	212	0	195	0	139	0	86	39
11	61729802	C	T	145	0	123	0	120	0	74	20
11	62378626	T	C	70	0	74	52	35	18	19	0
11	62378627	G	A	72	0	73	54	35	18	19	0
11	63320495	G	A	100	0	59	69	69	38	60	27
11	64084377	C	A	137	0	50	14	91	0	74	0
11	64135983	C	A	62	0	171	45	87	0	35	0
11	65124511	A	T	182	0	191	18	152	0	99	0
11	66328057	C	T	32	0	49	29	41	14	26	0
11	66360130	G	A	107	0	105	0	80	0	85	19
11	67187103	T	C	125	0	174	22	96	0	83	0
11	67261024	C	A	112	38	381	0	156	0	97	0
11	67289448	C	T	183	0	257	0	162	22	147	0
11	67764078	C	T	167	35	238	98	126	96	133	52
11	67800728	G	A	49	0	95	0	58	8	23	0
11	67957472	G	A	500	0	472	0	285	0	379	52
11	68747612	G	A	31	0	60	19	24	18	45	0
11	71734144	C	T	228	0	200	31	171	0	146	0
11	72406845	G	A	150	31	232	89	112	73	114	56
11	72532751	C	A	93	0	64	0	91	17	61	0
11	73066937	C	T	114	28	119	88	55	44	78	31
11	73789465	G	T	58	26	107	0	72	0	35	0
11	74305113	A	G	492	0	344	61	299	0	332	0
11	75160609	A	G	110	0	206	0	107	0	68	10
11	76376926	G	A	147	0	171	0	109	35	51	0
11	77907817	C	T	16	0	39	15	8	10	16	0
11	78412687	G	A	118	40	114	139	62	63	92	32
11	78776004	G	T	17	0	21	11	9	0	9	0
11	89028386	C	T	347	0	303	0	194	81	166	0
11	94113611	G	T	110	0	177	26	114	0	77	0
11	95712379	C	A	249	0	332	51	218	0	152	0
11	100064395	C	T	119	37	166	0	164	0	144	0
11	107943150	C	T	244	52	342	0	320	0	237	0
11	108380698	T	C	99	0	78	113	78	73	128	0
11	111783563	C	T	86	22	266	0	129	0	104	0
11	118344836	A	C	163	0	243	53	191	0	159	0
11	118427698	A	G	309	0	649	108	258	5	293	0
11	118428468	G	A	98	0	103	100	94	69	168	45
11	118965870	T	C	229	55	251	0	281	0	252	0
11	119044783	G	A	149	0	128	47	84	69	78	31
11	119045246	T	C	219	0	182	18	148	0	102	0
11	119045752	A	G	67	28	84	81	52	42	38	27
11	119545945	G	A	460	0	420	83	221	0	182	0
11	120187973	C	T	130	55	124	58	107	85	115	54
11	122955290	C	A	134	0	88	84	89	48	105	0
11	123754914	T	C	69	0	100	0	64	0	76	39
11	123847630	C	A	38	14	55	18	18	15	11	14
11	124096208	A	G	171	0	232	33	131	0	139	0
11	124748307	G	C	41	0	59	0	35	0	24	17
11	125472217	A	G	307	0	274	28	286	0	261	0
11	128642703	G	A	163	40	250	0	135	0	140	0
11	128807443	A	G	92	0	75	68	41	38	66	15
11	128840930	T	C	70	0	131	0	52	38	63	0
11	129312794	A	T	316	0	331	51	257	0	221	0
12	2062257	T	C	152	0	192	40	125	0	82	0
12	2113590	G	A	20	8	12	7	9	12	9	1
12	4553331	C	T	82	26	91	63	90	35	82	31
12	4919352	G	A	74	0	207	0	86	0	49	28
12	4919765	C	T	83	0	102	0	59	33	76	0
12	7069358	G	A	106	0	89	63	74	21	76	0
12	10251408	T	G	245	0	122	64	138	62	112	40
12	20522376	A	G	76	0	54	30	72	51	30	19
12	25261545	G	C	97	28	86	60	84	59	93	34
12	29423406	T	C	144	50	96	106	116	85	101	66
12	32138640	G	T	147	55	61	46	98	87	172	68
12	40619427	C	T	376	0	282	43	219	0	310	0
12	40748186	C	A	151	0	173	0	204	19	138	0
12	46230604	C	T	369	5	208	158	228	181	248	123
12	49434536	C	T	31	0	24	16	20	13	11	5
12	49440533	T	C	54	0	62	20	25	24	112	0
12	49447100	G	T	110	49	72	70	49	55	98	47
12	50027687	G	A	70	0	56	62	72	35	58	48
12	50232533	G	A	153	0	130	105	74	78	85	41
12	51236924	G	A	30	7	39	35	23	13	23	12
12	53039189	C	T	35	0	23	19	25	16	23	14
12	53683273	C	A	196	0	180	0	187	0	90	55
12	53873204	C	T	346	134	454	5	338	0	335	6
12	54396280	A	G	173	0	92	26	72	57	88	0
12	55421069	T	C	62	0	48	0	20	15	46	0
12	56212902	T	C	433	0	137	118	205	99	170	76
12	57604213	A	G	36	0	36	36	28	21	19	9
12	57869633	T	C	137	0	142	49	112	0	70	0
12	58004045	C	T	40	0	31	44	32	15	14	0
12	62749152	T	A	434	0	286	0	456	53	387	0
12	64383830	A	G	257	0	284	70	231	159	246	0
12	64812808	C	G	295	10	256	5	304	25	222	12
12	64878159	C	T	216	0	223	57	277	0	291	0
12	69644981	G	T	211	0	165	56	225	0	146	0
12	70953215	C	T	165	0	153	23	160	0	115	0
12	72017908	G	A	293	0	225	51	301	0	237	0
12	88478549	C	A	151	0	120	0	215	0	156	39
12	92537974	C	T	67	0	45	0	55	22	64	0
12	94618035	C	T	704	5	379	286	359	192	361	172
12	101584307	C	T	367	135	240	240	249	195	235	92
12	104097017	A	C	160	0	197	0	163	0	179	31
12	104131413	G	A	57	18	105	0	51	0	46	0
12	105385529	G	A	207	90	246	6	285	0	291	6
12	105514966	T	C	224	0	101	82	153	111	169	0
12	106830903	G	T	168	0	130	110	73	93	199	0
12	112688794	G	A	402	0	346	77	349	5	421	5
12	112694228	C	T	247	0	125	92	188	117	173	43
12	113334527	A	C	172	0	195	48	125	4	181	0
12	113382420	G	A	233	0	160	29	113	0	142	0
12	114384233	G	A	199	0	215	40	138	0	120	0
12	115112615	G	A	31	0	91	19	50	0	32	0
12	118105366	C	T	107	29	122	100	70	59	86	28
12	118198821	C	T	101	0	176	48	133	5	65	0
12	118675969	T	A	131	0	74	8	92	11	76	0
12	118675970	A	T	124	0	68	7	92	8	74	0
12	119588963	A	G	159	0	156	0	106	0	117	38
12	120582131	A	T	149	0	157	93	114	69	121	0
12	120602450	T	A	299	0	251	169	239	155	205	105
12	121176689	C	T	16	0	24	21	16	7	21	0
12	121204152	A	G	166	0	255	0	182	0	144	87
12	122212624	G	A	260	0	303	76	177	0	214	0
12	122389436	A	G	166	67	272	0	237	0	224	0
12	122437780	C	T	82	38	83	56	99	58	78	38
12	122614526	A	G	60	0	64	24	43	0	59	0
12	122619886	C	T	156	42	301	4	163	0	113	0
12	123046469	T	G	176	0	130	40	255	0	141	0
12	123200208	G	A	254	0	139	86	134	48	79	37
12	124114800	C	A	132	35	125	68	160	78	158	55
12	124387517	G	T	154	0	130	97	90	65	170	60
12	124812151	C	T	131	0	119	49	97	0	66	0
12	124819802	G	A	20	0	34	31	23	14	16	9
12	124846842	T	C	56	22	63	42	54	42	29	5
12	125348213	C	A	48	0	78	21	84	0	91	0
12	125398158	G	A	313	59	203	0	421	0	307	0
12	129278856	G	A	198	48	162	0	183	0	283	0
12	130830387	A	C	249	0	325	44	238	0	342	0
12	132334397	C	T	169	0	217	78	108	64	89	35
12	132512735	C	T	260	0	289	0	178	0	129	61
12	133779927	G	A	172	60	101	110	111	69	127	47
13	25073488	G	A	367	0	155	127	220	100	198	72
13	25483989	C	T	61	16	88	0	94	0	91	0
13	28136562	G	T	156	0	163	0	131	71	93	0
13	36909912	G	T	305	0	185	39	220	0	197	0
13	42486269	G	C	219	0	139	107	166	97	154	89
13	43180680	G	T	209	0	235	0	153	67	159	0
13	45980026	C	T	265	0	301	62	253	5	171	6
13	46358098	T	C	162	0	267	233	176	113	169	110
13	47224436	T	C	293	0	261	60	267	0	263	0
13	51957533	C	T	358	0	272	75	298	0	241	0
13	52604680	G	A	168	0	112	16	118	0	122	0
13	52725302	T	G	376	0	278	57	248	0	280	0
13	97999190	C	T	101	0	108	0	93	12	84	0
13	103390850	A	T	180	0	154	30	125	0	150	0
14	20897775	C	T	115	0	77	24	63	44	69	0
14	21270029	G	A	228	0	182	69	161	0	112	0
14	21462185	A	C	246	0	253	0	197	0	158	30
14	21542551	C	T	101	0	65	18	60	0	54	0
14	21544563	G	A	97	0	88	0	77	0	59	24
14	21769371	A	G	69	0	99	0	73	0	63	11
14	21871753	T	C	194	34	254	0	252	0	153	0
14	23530345	C	T	410	0	349	0	237	5	227	41
14	23548195	T	C	269	87	173	129	180	123	210	54
14	23846490	G	A	166	0	232	39	132	0	73	0
14	23871808	C	T	30	0	31	14	8	6	14	6
14	23884226	C	T	107	0	254	0	99	0	107	14
14	24036391	C	A	257	0	212	0	192	29	114	0
14	24533477	A	G	95	0	120	45	97	0	44	0
14	24607567	C	T	280	0	144	23	164	110	181	0
14	24662140	G	T	169	0	106	77	107	82	141	50
14	24773355	G	T	153	0	125	39	75	63	82	0
14	24897028	T	C	165	62	185	0	209	0	222	0
14	26917338	T	C	373	0	232	132	183	138	187	81
14	29237834	C	T	141	0	139	35	100	0	74	0
14	31642744	G	A	174	0	186	42	153	0	165	0
14	33836406	C	T	309	0	172	116	170	145	193	70
14	35263962	T	C	220	0	235	0	155	82	198	0
14	38679498	G	A	89	0	110	23	101	0	82	0
14	45623997	A	G	188	0	153	79	191	109	102	52
14	51224538	C	T	163	37	209	0	196	0	265	0
14	55604879	C	T	49	0	26	0	8	6	19	0
14	59014531	A	G	99	0	101	0	84	0	58	11
14	59930668	C	T	188	0	225	27	166	0	106	0
14	61519121	A	G	1065	0	569	200	468	341	518	0
14	62016511	A	T	311	0	176	18	221	0	210	0
14	65560514	T	C	223	144	34	335	33	245	98	178
14	69343912	G	A	136	0	159	0	112	0	64	36
14	69925226	G	A	140	42	109	0	91	0	59	0
14	70237238	C	A	259	0	127	115	127	95	152	55
14	72202068	C	T	192	0	152	118	154	99	141	80
14	73406933	C	A	93	0	124	29	76	0	101	0
14	73423134	A	G	90	0	78	54	80	39	82	0
14	74754591	T	C	72	0	43	50	57	31	39	27
14	76045975	T	C	85	0	87	0	84	0	79	23
14	76905977	T	C	136	0	228	0	125	0	82	10
14	77302619	G	T	298	77	250	212	138	114	147	88
14	77714713	G	A	199	25	313	0	190	0	212	0
14	77978718	T	C	230	0	210	80	181	0	241	0
14	80669498	C	T	151	59	218	0	149	0	105	0
14	81366317	T	A	444	0	306	93	265	181	276	0
14	88434730	C	A	275	0	287	97	304	0	288	0
14	91156014	A	G	254	0	187	142	120	106	100	55
14	91875076	T	C	483	0	465	128	263	5	305	0
14	91925179	T	C	169	46	214	0	248	0	321	0
14	93303770	G	C	428	0	332	198	299	183	272	90
14	94004502	G	A	126	0	157	0	104	42	66	0
14	94039135	G	A	369	0	326	89	262	0	248	0
14	94545837	T	C	204	0	95	14	116	21	157	20
14	94776260	T	C	100	14	162	0	101	0	99	0
14	95572080	T	C	311	65	314	0	345	0	316	0
14	99724043	G	C	56	0	39	16	40	0	33	0
14	102323153	A	G	335	0	263	0	182	125	249	0
14	102452221	C	T	71	0	72	0	84	0	50	15
14	104216175	G	A	309	0	249	194	206	152	239	161
14	104633375	G	A	57	17	109	0	67	0	66	0
14	105349160	C	T	79	0	109	0	60	0	36	10
14	105409958	T	C	104	0	215	0	86	26	99	0
14	105818794	T	C	169	18	96	0	132	0	114	0
14	105936494	C	T	25	0	47	22	27	8	17	6
15	27188439	G	A	88	0	78	0	53	0	46	22
15	28000587	T	C	145	28	202	0	155	0	249	0
15	28412887	C	T	144	0	110	0	115	0	74	35
15	28420701	G	T	95	0	50	29	46	18	45	0
15	34520745	A	G	176	0	223	0	245	0	150	60
15	34656226	T	G	343	0	235	0	226	112	309	0
15	35084644	A	G	143	0	100	79	75	44	100	30
15	38234392	A	T	272	0	215	59	222	0	244	0
15	40093753	C	T	209	0	194	0	133	0	104	9
15	42147788	C	T	97	0	82	63	62	48	48	28
15	42717100	G	A	111	0	111	90	102	59	118	0
15	42983545	C	T	110	0	112	27	98	0	89	0
15	43690261	G	A	95	0	144	0	118	19	87	0
15	43695966	G	A	329	0	237	4	218	0	183	41
15	45456980	C	A	171	4	165	0	101	60	126	0
15	48744846	G	A	124	37	176	121	105	79	116	30
15	50836884	C	G	68	0	72	14	73	0	56	0
15	52676381	G	A	303	78	298	0	211	0	192	0
15	59494553	C	T	314	0	255	55	304	0	306	0
15	60741735	G	A	156	57	184	0	173	0	246	0
15	62456930	G	A	7	0	18	10	2	5	2	2
15	63829351	T	C	71	0	62	0	48	56	122	0
15	64019981	G	C	122	0	139	0	147	0	168	30
15	64204175	C	T	92	0	90	68	50	60	39	32
15	65242085	G	A	51	0	93	0	32	15	38	0
15	66206192	G	A	102	0	94	0	64	38	72	0
15	72039224	G	A	97	0	45	41	53	63	39	26
15	72581226	C	A	38	0	70	20	33	25	37	0
15	73562682	A	G	207	45	141	125	118	84	145	68
15	74290558	C	T	193	0	242	66	178	0	129	0
15	74325610	C	T	86	0	52	11	47	0	58	0
15	74948354	C	A	438	0	396	65	305	0	389	0
15	76161330	A	G	283	0	106	93	143	111	144	66
15	78471983	C	A	146	0	94	69	76	52	39	22
15	78839042	T	C	205	0	204	0	137	118	184	0
15	80465358	C	T	194	0	173	51	109	71	95	0
15	83781572	C	A	412	0	270	206	139	123	209	80
15	90276285	G	T	153	0	168	82	178	0	173	0
15	90802123	G	T	317	0	322	0	297	0	204	92
15	91333930	C	T	252	56	180	148	183	128	170	71
15	92981791	C	T	42	0	16	20	14	10	13	0
15	101595289	A	G	134	65	190	0	152	0	192	0
15	101605984	G	A	88	24	66	58	47	46	43	20
16	143324	C	A	107	0	65	72	61	34	81	37
16	321022	G	A	26	0	32	0	20	10	9	0
16	601311	G	T	91	0	134	0	86	0	47	7
16	626234	G	A	90	0	138	0	54	42	25	0
16	706316	G	A	37	0	85	0	52	9	41	0
16	706747	T	C	172	0	195	62	113	0	180	0
16	816912	G	A	110	0	144	43	84	0	82	0
16	1272844	C	G	32	0	39	0	25	13	5	0
16	1494006	A	G	44	0	64	50	41	29	30	0
16	1825168	C	T	58	27	44	28	23	22	16	8
16	2114373	T	C	93	0	83	59	44	41	56	29
16	2137930	C	T	36	0	50	43	40	28	32	21
16	2159072	G	A	28	10	113	0	81	0	40	0
16	2273638	G	A	78	0	62	13	96	0	57	0
16	2903165	G	A	12	6	52	0	30	0	29	0
16	3140378	C	T	29	0	19	26	19	10	27	0
16	3778442	C	T	123	0	134	0	81	13	133	5
16	5140524	T	A	141	0	75	9	59	7	57	0
16	7568351	C	T	70	0	60	24	34	21	54	24
16	14340822	G	A	57	0	83	0	66	0	46	21
16	14989389	C	T	522	0	489	80	302	0	557	0
16	15724317	G	C	181	0	215	4	148	80	187	0
16	15869940	A	G	201	48	256	0	160	0	254	0
16	18841273	A	G	227	0	157	0	154	106	233	0
16	21014450	C	A	340	86	433	0	293	0	312	0
16	21261596	G	T	57	0	77	4	72	0	95	20
16	21261802	A	T	166	0	205	0	128	0	179	31
16	21734276	A	G	213	0	220	66	197	6	183	0
16	22926672	T	C	35	0	26	14	32	22	53	18
16	23721555	G	C	116	0	163	0	118	19	108	0
16	24582214	G	T	120	0	140	36	136	0	214	0
16	24788441	G	A	58	15	95	88	42	49	58	41
16	24826598	C	T	93	24	133	85	94	96	78	52
16	25143804	A	G	267	0	291	54	210	0	228	0
16	27445715	G	A	156	41	269	0	195	0	185	0
16	27455916	C	A	155	0	172	0	89	35	76	0
16	27506092	T	C	63	0	53	0	75	0	50	16
16	28993861	A	G	130	0	172	0	93	0	67	36
16	29856034	C	A	58	25	129	0	71	0	55	0
16	29885037	A	G	59	0	113	28	71	0	83	0
16	29974536	T	G	214	0	265	54	179	0	154	0
16	30096369	G	A	105	37	157	4	114	0	91	0
16	30097952	C	T	94	19	91	0	81	0	38	0
16	30536427	T	C	176	0	169	36	118	0	78	0
16	30594670	G	A	106	0	137	25	118	0	122	0
16	48249185	A	G	159	0	209	68	161	0	142	0
16	50100144	G	T	97	0	139	30	251	0	104	0
16	57552112	C	A	97	0	172	27	138	0	127	0
16	66950006	G	T	89	0	120	0	61	27	92	0
16	67241840	C	T	15	6	22	15	11	10	14	5
16	67290455	T	C	207	0	161	103	101	83	121	60
16	67472954	G	A	125	0	105	18	90	0	69	0
16	67576472	G	A	180	47	160	0	109	0	274	0
16	67961328	C	T	131	0	174	40	101	0	84	0
16	68009760	C	A	212	0	274	61	155	0	120	0
16	68014180	C	T	30	0	94	0	59	0	31	8
16	68108011	G	A	174	0	126	19	112	0	108	0
16	71094518	G	A	596	89	780	4	489	0	459	6
16	74695093	G	T	89	0	80	26	98	0	64	0
16	74773984	A	G	184	0	196	60	129	66	135	0
16	75186859	T	C	782	0	569	175	444	7	518	0
16	75269520	C	A	27	6	22	25	12	9	26	15
16	75270782	C	T	153	57	283	0	146	0	128	0
16	77389927	T	C	298	0	216	151	212	153	204	81
16	81929512	C	T	329	0	377	118	167	113	235	0
16	81969849	A	G	127	0	151	0	87	42	118	0
16	83520246	C	T	69	16	104	0	74	0	69	0
16	84115482	C	T	234	47	170	136	193	101	125	44
16	85667564	A	G	109	0	186	53	86	55	133	0
16	88690396	G	A	145	46	177	101	122	79	160	46
16	88807969	T	C	70	0	73	64	40	33	27	11
16	89347495	A	C	22	0	45	0	21	0	20	10
16	89357063	C	A	191	0	405	0	245	0	135	19
16	89789013	A	G	74	0	54	11	44	0	16	0
16	89818627	T	G	104	0	182	56	101	84	114	0
16	89952325	G	T	167	0	250	0	121	77	98	0
17	1382773	C	T	93	0	169	0	113	13	65	0
17	1417183	A	G	226	0	156	111	103	70	147	52
17	3494614	G	T	146	0	169	0	138	0	80	21
17	4428461	C	A	150	54	159	128	123	82	137	102
17	4713246	T	G	208	0	113	120	129	92	131	53
17	5984362	C	T	16	0	12	18	12	8	6	5
17	7187625	C	G	78	0	103	0	65	0	42	14
17	7414619	G	A	93	0	108	42	53	35	64	0
17	7578449	C	T	78	0	198	0	62	34	79	0
17	7579352	C	T	153	0	173	0	135	21	90	0
17	7689970	G	A	168	0	155	103	80	50	77	53
17	7736840	C	A	189	48	198	0	218	0	145	0
17	7749556	G	A	138	0	117	28	124	0	87	0
17	7910821	A	C	130	0	177	44	97	67	160	0
17	7989476	G	A	159	0	156	19	134	0	102	0
17	8053953	G	A	59	0	49	0	43	8	43	0
17	8109820	C	T	96	0	125	46	101	0	80	0
17	8192601	G	A	216	0	187	0	163	70	152	0
17	8380201	G	A	124	42	147	117	95	69	68	37
17	8661604	G	A	132	0	114	87	69	61	61	31
17	9808339	G	A	123	0	114	97	59	39	72	18
17	10633150	G	T	3	0	11	8	10	8	5	0
17	16326187	G	C	80	0	75	20	75	0	74	0
17	16326188	A	T	77	0	73	20	73	0	73	0
17	16527536	T	C	232	0	177	143	159	83	192	88
17	16612383	A	G	247	0	136	78	125	91	181	0
17	17697237	C	T	47	7	93	0	61	0	77	0
17	17769609	C	A	163	0	199	0	171	24	87	0
17	17769610	C	A	166	0	200	0	169	23	88	0
17	19617179	C	T	96	0	148	31	109	0	67	0
17	25631849	A	T	437	0	303	0	223	24	280	0
17	26723232	G	T	154	0	133	33	111	0	91	0
17	26821049	G	T	156	0	149	89	64	63	64	49
17	27999110	C	T	306	97	333	6	261	0	286	0
17	28400686	C	A	103	27	108	0	155	0	160	0
17	29276387	A	G	251	0	328	58	157	0	169	0
17	29280352	A	G	413	0	341	0	277	0	272	142
17	30781587	C	T	375	0	365	4	253	90	321	0
17	33316500	C	G	133	0	121	0	109	0	90	33
17	33520358	A	G	155	5	230	0	117	21	115	0
17	33690677	T	C	193	55	141	121	139	112	179	84
17	34001206	T	C	240	43	250	0	276	0	188	0
17	34869254	C	T	479	0	402	10	199	99	316	0
17	35631135	G	A	299	99	302	0	249	0	304	0
17	36861932	G	A	325	0	215	141	204	126	220	67
17	38345468	C	T	208	7	280	72	224	0	213	0
17	39134532	A	T	161	0	204	39	178	0	134	0
17	39643383	G	A	131	0	234	0	148	0	76	27
17	40010125	T	C	187	0	170	38	139	0	140	0
17	40257074	G	A	100	0	114	27	97	0	86	0
17	40821559	C	A	75	0	62	57	56	41	36	20
17	41178024	C	T	243	0	197	164	190	141	229	0
17	41832713	G	T	37	16	94	0	63	0	37	0
17	42113596	C	T	198	0	78	0	53	8	66	0
17	42165883	G	A	32	11	77	75	52	38	17	9
17	42255640	C	T	40	23	136	0	90	0	52	0
17	42255673	G	A	26	16	69	44	49	34	13	10
17	42433911	C	T	71	0	151	0	61	39	45	0
17	42635787	C	T	121	46	174	139	104	84	101	40
17	42800344	G	A	154	0	213	54	166	0	118	0
17	43907470	T	C	147	0	242	83	87	63	163	0
17	45376883	T	C	138	0	123	0	97	0	42	20
17	45911817	C	T	236	0	151	0	188	0	121	38
17	47041674	A	G	141	0	258	0	146	55	156	0
17	47294003	G	A	52	13	79	0	76	0	22	0
17	55038374	C	T	200	74	74	43	172	92	107	27
17	56357232	C	T	52	0	76	22	46	0	29	0
17	57043178	C	T	99	0	74	54	79	55	81	31
17	57057768	A	G	79	0	56	30	44	22	45	23
17	60033176	G	A	145	25	186	0	182	0	174	4
17	62028911	A	G	144	0	195	0	119	0	85	46
17	63049844	T	A	222	41	117	107	154	120	173	47
17	65924713	T	A	194	72	158	0	229	0	213	0
17	66267253	C	T	106	0	66	46	74	51	82	36
17	66913555	G	A	170	0	188	0	177	73	120	0
17	67184009	C	T	276	127	238	0	249	0	290	0
17	71205815	G	A	139	43	169	147	99	88	54	36
17	71411971	T	C	92	0	178	57	132	0	114	0
17	73059133	G	A	257	0	301	0	231	0	198	69
17	73486357	C	A	91	0	143	0	99	0	54	39
17	73513140	T	C	109	0	57	67	58	61	46	0
17	73554641	C	T	76	0	95	0	79	11	48	0
17	74013960	C	T	94	0	146	41	60	49	70	0
17	74721607	T	G	266	70	225	0	320	0	240	0
17	76046808	C	T	70	0	57	23	27	30	30	0
17	76496450	G	T	89	0	146	40	125	0	64	0
17	76968681	G	T	44	18	48	0	53	0	15	0
17	77077151	A	G	138	0	193	0	149	0	139	74
17	77769008	C	T	74	44	78	61	74	72	36	12
17	78321815	C	T	99	17	135	0	74	0	98	0
17	78681657	G	A	91	0	136	0	79	45	80	0
17	79176190	A	G	109	0	94	50	72	48	54	19
17	79496242	C	A	34	0	41	39	33	12	18	5
17	79803034	C	T	260	0	268	0	134	18	187	0
17	79862726	G	A	49	0	50	27	43	17	24	0
18	2656249	T	C	216	91	250	0	218	0	157	0
18	2892375	G	A	51	17	114	0	87	0	62	0
18	3079336	A	T	178	0	174	0	163	0	109	13
18	5956385	T	C	67	26	98	0	104	0	84	0
18	6870616	C	A	136	0	156	0	184	0	171	24
18	8819197	C	T	78	40	123	0	87	0	59	0
18	9530834	G	A	150	0	84	63	142	72	226	0
18	10731423	G	A	545	162	611	0	334	0	514	0
18	12325149	C	T	96	0	295	0	113	16	112	0
18	12325296	A	G	230	0	312	0	175	0	94	53
18	12337440	G	A	199	0	168	0	205	0	175	27
18	14105664	T	C	120	0	128	0	100	15	124	0
18	24441226	G	A	219	0	217	0	220	0	242	30
18	29339733	A	G	56	17	52	0	75	0	65	0
18	30260222	G	A	375	5	235	165	227	120	289	0
18	43310297	C	T	262	89	283	0	206	0	198	0
18	45391461	A	G	586	0	389	122	425	0	463	0
18	45395766	A	C	246	0	238	75	245	0	234	0
18	47918470	T	C	185	0	175	0	170	92	262	0
18	48575084	T	C	368	111	314	191	264	175	284	132
18	60223436	G	A	304	0	228	38	323	0	430	0
18	61002502	C	A	177	80	208	0	147	0	149	0
18	61463582	G	A	182	0	149	101	161	121	166	6
18	65179206	G	A	138	0	91	27	96	0	87	0
18	66365257	C	T	246	0	124	50	232	4	209	0
18	72346223	T	C	124	0	112	0	145	17	142	0
18	77624241	G	A	6	5	36	0	18	0	3	0
18	77728182	T	C	103	0	69	0	109	0	63	37
20	398529	A	G	60	0	55	52	39	16	19	18
20	422685	T	C	110	0	68	69	73	47	90	0
20	1373500	C	T	79	32	48	42	56	65	38	20
20	1961538	G	A	10	2	20	9	17	16	7	3
20	2082681	G	T	19	0	6	4	7	12	8	0
20	2378669	G	A	162	4	207	0	94	6	135	85
20	2464386	C	T	293	0	329	65	192	0	243	0
20	2597866	G	T	237	0	285	84	167	5	169	0
20	2820516	G	A	188	0	207	55	233	0	154	0
20	3214197	A	C	273	0	237	97	116	69	143	0
20	3669867	G	A	275	61	226	147	137	110	175	91
20	4162940	C	A	54	11	52	47	24	17	21	8
20	4202213	T	G	37	0	35	0	35	0	14	8
20	5919235	G	T	245	0	256	35	271	0	318	4
20	5974262	A	C	158	0	119	0	149	83	163	0
20	17928228	T	A	601	0	473	0	289	137	437	0
20	18496338	C	T	285	70	329	4	293	0	226	0
20	18507177	T	C	71	28	96	0	88	0	72	0
20	19970743	G	T	98	0	114	17	84	0	57	0
20	20029056	C	T	451	0	384	96	290	0	377	0
20	23472530	C	T	30	9	43	0	47	0	44	0
20	25656381	G	A	65	25	110	0	77	0	58	0
20	31624302	C	T	171	58	285	0	150	0	187	0
20	31652351	C	T	94	0	97	56	59	30	65	0
20	34050301	G	C	102	23	184	0	108	0	124	0
20	34572681	T	C	230	0	171	0	145	19	184	0
20	37146278	C	T	346	0	333	80	210	150	368	0
20	40053888	A	G	210	0	193	46	186	0	156	0
20	42694687	G	T	40	0	44	27	12	18	22	14
20	42744371	C	T	44	0	90	19	37	19	44	0
20	42788637	C	T	35	0	63	48	64	30	11	12
20	43042409	C	T	70	29	95	51	51	27	43	17
20	43927055	C	T	37	0	55	55	40	28	11	13
20	44640334	C	A	136	23	298	0	137	0	121	0
20	44642379	G	A	250	0	316	0	143	0	142	25
20	44681757	C	T	137	0	166	0	71	39	74	0
20	44698849	C	A	129	0	137	36	103	46	74	0
20	45867717	C	A	196	0	282	81	205	4	153	0
20	47248892	G	A	165	0	241	0	152	0	104	28
20	48164500	C	T	76	21	71	52	55	40	41	32
20	48808475	A	G	111	37	138	0	149	0	107	0
20	49221221	T	C	137	0	180	33	123	0	57	0
20	50224073	G	T	112	0	125	32	119	0	119	0
20	50234050	G	A	211	0	338	47	207	5	271	0
20	50273620	G	A	133	53	304	0	175	0	142	0
20	54578976	G	A	206	0	302	86	179	0	145	4
20	55206890	C	T	202	0	144	116	165	145	142	65
20	55746142	G	A	258	0	194	148	114	85	99	25
20	58558084	A	T	178	0	168	0	157	20	167	0
20	61461005	C	T	119	40	137	77	75	58	52	26
20	62172864	G	A	37	12	81	38	26	21	24	13
20	62365022	C	G	140	0	218	0	124	18	78	0
20	62598259	C	A	199	0	197	43	100	0	133	0
21	18933752	G	A	225	78	173	92	172	104	228	116
21	30414357	C	T	457	0	399	102	467	0	342	0
21	33371142	G	T	48	12	64	0	35	0	27	0
21	34924811	A	G	434	0	397	101	184	114	242	0
21	40636577	C	T	158	0	143	33	203	0	176	0
21	43519058	C	T	217	0	218	168	203	167	189	81
21	43541228	C	A	99	0	110	34	125	0	87	0
21	43549832	A	G	246	0	274	66	233	0	212	0
21	45502846	A	G	159	0	103	82	122	73	160	0
21	46640895	C	T	151	0	227	0	84	48	76	0
21	46950773	C	T	46	19	137	0	79	0	46	0
21	47769657	C	A	154	71	252	0	245	0	240	0
21	47954584	G	A	133	0	112	74	102	65	52	26
