Chr	Posi	Wild	Mut	PrimT:ref	PrimT:alt	Met1T:ref	Met1T:alt	Met2T:ref	Met2T:alt	Met3T:ref	Met3T:alt
1	152084018	C	T	44	11	87	4	53	35	74	42
1	152324182	G	C	204	35	265	19	210	23	265	24
1	152327063	A	G	146	21	106	12	133	13	140	11
1	201180243	A	G	171	13	120	15	163	24	139	32
1	201180717	C	T	401	58	300	32	347	70	348	49
1	201180767	A	G	364	39	327	30	342	46	357	30
1	215814067	T	C	94	0	69	33	77	0	78	0
2	21235202	C	T	219	53	135	53	146	76	154	86
2	219324626	A	C	111	0	75	38	103	0	106	0
3	87027679	G	A	148	0	132	37	171	0	159	0
5	21802491	T	G	145	0	106	42	193	0	150	0
6	53769234	A	C	309	0	173	79	240	0	215	0
6	71603915	C	T	209	54	351	0	218	93	205	109
6	111688985	A	G	177	50	127	0	122	55	146	64
9	429808	G	A	230	39	180	52	179	58	201	55
9	113259135	G	T	193	62	145	74	149	80	178	88
9	114462242	C	T	346	83	190	0	224	97	179	98
9	129642355	G	T	124	21	112	0	76	45	93	72
9	129642356	A	G	131	21	114	0	74	44	94	72
10	119014834	G	A	213	47	234	0	223	79	208	74
12	46230439	G	A	224	53	126	50	172	100	168	80
13	30077183	A	G	126	33	101	0	100	43	83	46
13	47409492	A	C	49	0	70	0	36	16	46	29
16	24373095	G	A	123	0	153	53	141	0	158	0
16	67424181	C	T	198	52	323	0	225	75	219	92
16	90126912	G	T	164	27	166	15	165	34	164	29
17	5085647	A	G	159	22	82	5	135	16	113	0
17	16285542	G	A	211	33	220	27	254	32	272	26
17	16285560	T	C	217	47	226	43	249	43	248	43
17	74068439	G	A	213	0	245	122	207	0	226	0
18	14543062	A	G	83	25	138	26	102	31	103	33
21	14987721	A	G	348	37	283	38	391	50	307	48
21	15872852	G	A	167	46	74	39	110	57	111	59
