Chr	Posi	Wild	Mut	Met1T:ref	Met1T:alt	Met2T:ref	Met2T:alt	Met3T:ref	Met3T:alt	Met4T:ref	Met4T:alt
1	24976494	G	A	214	6	258	0	242	0	247	0
1	24976495	C	G	213	5	258	0	241	0	243	0
1	28800077	C	A	194	4	197	0	166	0	191	0
1	43162381	C	T	318	0	287	5	308	4	302	0
1	44458011	T	A	51	42	67	61	94	38	85	44
1	46669247	G	T	78	85	82	65	98	62	118	73
1	52947128	G	T	642	8	801	7	608	0	601	0
1	68954685	G	T	220	4	410	0	531	0	537	0
1	71536514	A	T	537	0	690	4	533	0	571	0
1	74492576	C	A	117	84	187	145	222	142	275	129
1	89520851	A	G	159	10	167	4	151	0	148	7
1	104115756	C	A	463	0	563	4	533	0	490	0
1	113658956	G	T	60	48	58	55	62	52	70	50
1	152324518	A	T	1059	5	982	0	743	0	768	0
1	161334821	A	G	768	0	721	0	779	5	729	0
1	161512834	A	G	266	10	336	21	280	9	305	15
1	173743513	G	C	509	4	571	0	570	0	606	0
1	183191290	A	T	203	197	202	178	223	138	254	118
1	201178696	G	C	854	9	832	6	649	0	631	0
1	236347187	G	T	352	202	575	153	528	138	491	255
1	240979657	G	T	1230	6	912	0	831	0	1128	0
2	11053078	G	A	248	0	135	76	259	0	291	0
2	74588704	C	T	172	113	147	103	201	88	171	77
2	84881844	G	T	530	0	542	0	483	0	517	4
2	84921530	G	A	202	119	219	171	262	124	261	111
2	98129813	G	T	327	30	423	13	464	0	487	0
2	108455338	A	G	917	7	1139	4	1076	0	1139	0
2	110342763	T	C	82	0	125	5	244	6	223	4
2	152128216	T	G	187	13	239	23	317	20	377	47
2	152512813	C	A	515	0	530	0	452	0	441	4
2	152663433	T	G	228	0	344	5	361	0	352	6
2	175304647	C	T	281	4	362	0	352	0	380	0
2	179395103	A	T	266	0	343	4	343	0	369	0
2	183104928	G	T	265	5	293	0	295	0	321	0
2	211070422	C	G	169	0	159	0	215	0	191	4
2	223389667	C	T	681	5	725	0	680	0	670	0
2	234460050	C	T	481	0	618	4	552	0	528	0
3	1425041	A	T	155	0	166	0	194	0	183	4
3	44819658	G	A	306	0	319	4	332	0	346	0
3	52014976	T	C	45	6	46	7	71	7	33	8
3	100565246	G	T	487	0	577	5	617	0	627	4
3	112289434	G	T	406	5	663	0	650	0	604	0
3	124351327	A	G	212	0	101	91	241	0	231	0
3	128991123	G	A	134	112	126	111	153	90	140	81
3	183884409	T	A	241	26	247	0	247	0	208	37
3	185929649	C	A	236	187	201	186	267	133	213	138
3	190120209	C	T	93	63	159	0	148	0	86	69
3	193232552	G	T	216	0	216	4	198	0	193	0
3	195515588	G	T	660	4	502	4	470	0	479	0
4	57367989	C	A	174	4	173	0	171	0	185	0
4	177605077	T	A	116	0	131	0	132	6	139	9
4	184114813	G	T	413	20	374	0	362	12	432	13
5	36035854	C	A	213	0	169	0	133	62	191	0
5	37000553	A	C	440	4	532	0	530	0	503	0
5	37177771	T	A	478	0	625	4	562	0	620	0
5	55237472	G	A	171	12	145	6	180	6	182	11
6	27834841	G	A	57	53	67	52	81	38	95	27
6	33638187	C	T	184	135	127	120	213	106	196	140
6	34803093	C	A	164	130	158	139	153	117	200	90
6	39859493	T	G	76	50	84	62	94	57	83	33
6	44249854	A	G	311	5	288	0	316	0	349	0
6	72943520	C	G	411	0	499	4	419	0	405	0
6	80636040	G	T	210	4	236	0	195	0	186	0
6	100062205	G	T	55	43	77	0	99	0	107	61
6	101079014	G	T	270	4	412	0	516	0	517	0
6	110777893	A	C	156	0	212	0	164	0	177	4
6	111697172	A	T	367	4	441	0	419	0	432	0
6	128150654	T	A	151	140	217	163	250	131	273	135
6	132643960	A	C	177	59	253	0	222	0	195	39
6	137482877	T	G	92	61	171	65	155	56	82	39
6	144774920	A	C	315	0	456	4	421	0	459	0
6	160952790	A	C	638	5	662	0	572	0	605	0
7	63726415	A	T	598	4	699	0	580	0	677	0
8	24810429	T	C	195	6	226	0	238	0	162	0
8	77765722	A	T	130	0	101	93	128	58	179	0
8	110455187	A	T	208	11	261	10	287	8	295	13
9	111642356	C	A	904	4	760	0	677	0	704	0
9	112687355	G	A	521	0	558	0	436	0	468	4
9	114500663	C	T	404	0	571	4	602	0	593	0
9	116176176	T	G	47	0	52	0	62	0	90	4
9	134019890	C	T	175	0	152	4	180	0	147	0
10	6157417	G	A	528	0	1104	5	1179	0	563	0
10	13481253	A	C	653	4	1168	0	858	0	576	0
10	18266863	A	T	247	0	623	4	539	0	347	0
10	46238853	C	T	678	0	836	5	775	0	739	6
10	105372934	C	G	179	45	138	60	163	57	124	56
10	105798877	C	A	199	0	134	56	161	42	160	0
10	105912386	C	T	706	0	917	4	828	0	740	0
10	118687319	G	T	578	15	592	5	633	0	545	4
10	135053548	C	A	126	61	82	60	106	51	137	45
11	9005439	G	C	185	151	183	165	202	134	223	110
11	16256145	A	T	460	5	973	0	1077	0	1094	0
11	18456380	G	A	925	5	984	0	776	5	761	0
11	31625345	C	T	149	0	320	0	315	0	255	5
11	32720811	A	T	470	4	1035	0	1473	0	1100	0
11	62296299	G	A	307	0	226	0	233	4	234	7
11	77614645	T	G	234	0	218	0	241	4	186	0
11	124857562	A	G	306	10	440	5	260	0	436	12
12	41303902	A	C	223	4	409	0	661	0	636	0
12	42491268	T	C	57	0	73	0	68	5	82	4
12	52710279	T	C	409	14	342	10	309	8	378	4
12	66603238	G	T	201	0	306	4	365	0	347	0
12	76763583	G	C	104	4	99	0	118	0	139	0
12	88465632	G	T	358	5	597	76	671	4	559	0
12	97336371	G	A	272	4	413	0	462	0	434	0
13	35630266	T	C	215	4	290	4	374	8	407	5
14	55477066	A	T	235	0	279	4	287	0	227	0
14	70991088	A	G	108	4	78	0	110	0	128	0
15	24923343	C	G	86	0	68	47	101	0	95	0
15	37184557	A	T	212	192	139	163	212	119	205	125
15	68631857	C	G	260	0	186	66	204	60	230	0
15	90135319	A	C	277	4	277	0	264	0	248	0
15	100230572	G	A	106	79	105	95	157	76	139	80
16	74943527	G	C	785	0	674	0	585	0	713	5
17	33520580	G	A	245	0	210	6	275	0	226	0
17	62265795	G	A	87	62	60	55	90	51	98	50
18	252570	C	T	309	0	313	0	1838	13	311	0
20	2968987	C	A	35	33	45	33	55	27	51	26
20	21346300	G	A	571	0	522	4	551	0	499	0
20	37121598	G	T	259	4	335	0	364	0	366	0
20	39750411	A	T	258	0	156	113	139	79	257	0
20	47648619	T	A	594	0	654	4	488	0	497	0
20	47989673	G	A	719	4	689	7	617	0	553	0
20	47989674	A	G	711	0	681	5	626	0	559	0
20	56140638	C	T	67	49	55	61	98	53	69	42
20	58461822	C	T	230	4	434	0	490	0	490	0
21	19638434	G	T	7	9	6	15	14	9	13	9
21	41514622	T	G	185	14	218	17	207	14	226	21
