Chr	Posi	Wild	Mut	PrimT:ref	PrimT:alt	Met1T:ref	Met1T:alt	Met2T:ref	Met2T:alt	Met4T:ref	Met4T:alt
1	2103612	G	C	29	0	91	0	101	17	76	0
1	3319489	G	A	20	0	53	0	130	23	62	0
1	11854836	C	T	135	22	326	0	334	0	328	0
1	15692371	C	T	89	0	182	0	168	38	179	0
1	19180711	C	A	14	4	30	21	26	18	19	13
1	26582112	G	C	39	0	82	0	109	37	89	0
1	26672983	C	G	117	0	243	0	235	76	252	0
1	28598357	C	G	55	0	104	0	120	26	101	0
1	28800471	C	G	47	17	123	0	135	0	151	0
1	32647088	G	T	39	0	130	0	100	23	118	0
1	32658282	C	T	92	20	276	0	238	0	219	0
1	43317434	C	T	36	0	120	0	124	34	103	0
1	43850762	C	G	159	0	358	0	364	84	338	0
1	46073475	G	C	34	10	80	0	110	0	77	0
1	48708262	C	A	17	10	88	0	118	0	88	0
1	60503770	C	A	101	26	161	0	248	0	249	0
1	65344710	C	T	125	0	273	0	226	46	230	0
1	92647376	C	G	91	0	162	0	143	38	153	0
1	92647600	G	A	135	0	275	0	212	31	219	0
1	110086781	G	C	40	0	51	0	88	20	100	0
1	112991614	C	T	86	14	77	0	163	0	156	0
1	117663581	G	C	84	0	112	0	114	23	103	0
1	150532576	G	A	198	0	427	0	398	86	465	0
1	151665405	G	C	205	0	356	0	417	69	391	0
1	152059301	G	C	234	0	296	0	435	56	314	0
1	152191894	A	G	182	0	299	57	392	0	321	0
1	152282323	C	G	95	0	203	0	226	29	189	0
1	155145044	C	T	320	0	433	0	505	97	668	0
1	155233056	C	A	172	0	353	0	449	61	400	0
1	158618395	G	A	171	0	281	0	394	61	380	0
1	162492320	C	T	305	0	494	0	549	92	406	0
1	163122432	C	T	151	0	254	0	276	37	176	0
1	171236805	C	G	114	0	158	0	153	28	176	0
1	173952703	C	A	80	0	180	0	201	33	142	0
1	179084088	C	G	89	0	195	0	203	63	207	0
1	186055481	C	T	106	20	315	0	368	0	268	0
1	200559396	C	G	184	0	222	0	298	83	401	0
1	203452460	G	C	37	0	79	0	78	32	69	0
1	220324724	C	A	83	13	197	0	230	0	157	0
1	234582617	T	G	81	0	202	53	216	0	211	0
1	247588680	G	A	80	0	121	0	110	33	133	0
2	3651918	G	T	117	0	274	69	328	71	271	0
2	9588414	G	C	109	0	187	0	228	51	169	0
2	10044997	G	C	113	0	140	0	205	41	149	0
2	24246478	G	C	87	0	201	48	343	0	202	0
2	24247022	C	G	135	0	301	0	282	69	197	0
2	24387114	G	C	149	0	250	45	273	0	211	0
2	25064464	C	A	42	0	87	22	122	0	107	0
2	26257507	C	G	161	0	403	92	488	0	338	0
2	26702459	G	T	20	31	50	50	94	77	54	45
2	27800455	C	G	119	0	278	0	194	27	139	0
2	29295306	T	A	61	0	110	31	142	24	110	0
2	32713704	C	T	78	0	98	16	138	34	121	0
2	32713770	C	T	31	0	22	0	10	7	46	0
2	36775713	G	C	76	0	146	0	149	23	131	0
2	43984294	C	T	70	0	100	0	119	39	129	0
2	44010686	C	T	191	0	74	0	250	57	308	0
2	49217768	G	T	157	0	159	23	352	0	252	0
2	54101611	C	T	83	0	133	0	151	29	136	0
2	55570820	G	A	149	172	236	181	268	219	272	253
2	63272271	C	G	67	0	206	0	277	47	140	0
2	66664987	C	T	74	0	155	37	153	32	133	0
2	68805104	G	A	234	0	311	0	384	45	337	0
2	69706148	G	C	122	0	289	0	249	40	188	0
2	71795174	C	A	121	0	313	0	340	60	282	0
2	73613292	C	G	13	0	40	0	51	22	40	0
2	74684617	G	C	21	0	71	0	98	23	37	0
2	74881587	G	C	5	8	23	4	64	15	21	0
2	80529988	C	G	28	0	56	0	97	22	34	0
2	80773057	C	A	51	0	71	15	109	20	105	0
2	105885773	G	A	80	0	195	0	122	45	201	0
2	136481652	C	G	62	0	133	0	145	60	133	0
2	141259390	T	G	62	8	129	4	96	0	110	0
2	160031655	C	T	42	14	98	0	111	0	115	0
2	160194222	G	T	83	16	155	0	113	0	146	0
2	160811756	T	A	244	36	299	0	415	0	516	0
2	179399605	C	G	26	0	44	0	21	12	41	0
2	179399962	C	T	127	0	206	0	111	46	196	0
2	179400049	C	T	166	0	277	0	204	63	239	0
2	179401066	C	T	119	0	170	0	115	41	184	0
2	179721007	C	G	184	0	139	0	123	40	278	0
2	180014084	A	G	139	34	111	0	138	0	295	0
2	182358051	G	T	61	54	74	94	68	64	107	98
2	196746681	C	A	131	0	126	0	80	31	216	0
2	197184223	T	A	29	6	77	0	33	0	74	0
2	203676484	A	G	115	17	83	0	261	0	195	0
2	204591431	C	T	35	0	89	0	91	19	66	0
2	211306049	G	C	93	15	251	0	197	0	176	0
2	218675022	C	A	139	0	268	41	397	0	259	0
2	219694735	C	A	12	20	35	52	28	38	27	27
2	220030007	C	T	18	0	64	0	82	20	67	0
2	220044899	G	A	50	0	142	0	115	18	90	0
2	228384766	G	A	88	0	135	0	136	47	147	0
2	231037625	G	A	121	0	249	0	267	82	272	0
2	231331062	G	C	78	0	30	0	155	37	169	0
2	233394654	G	T	34	28	56	66	88	94	56	59
2	233399050	G	A	52	0	84	0	93	21	105	0
2	238725732	C	T	52	0	35	0	61	18	79	0
3	33194704	A	G	24	23	32	25	15	22	42	26
3	57348608	C	G	121	0	78	0	140	42	122	0
3	58067355	G	C	80	0	110	0	95	25	132	0
3	69168258	C	G	129	0	217	0	168	36	202	0
3	85935357	C	A	103	0	192	0	243	42	191	0
3	88040476	C	A	16	16	19	22	22	11	24	15
3	88040477	C	A	16	16	19	22	21	12	23	16
3	88205608	C	G	96	0	165	0	230	39	147	0
3	111603606	G	T	25	0	75	0	43	24	67	0
3	129373947	C	G	126	0	214	0	183	103	178	0
3	129389314	G	C	128	0	292	0	257	48	251	0
3	131254074	C	G	204	0	388	0	291	102	296	0
3	142396883	C	T	105	0	80	0	136	70	122	0
3	147127973	C	G	6	5	30	4	72	19	20	0
3	150903224	G	T	128	0	211	44	349	0	204	0
3	169700673	G	C	35	0	18	0	51	8	68	0
3	172166090	G	T	5	7	17	10	27	29	14	6
3	183961608	G	A	32	0	117	0	160	38	88	0
3	192125836	C	A	22	10	36	29	72	65	22	15
3	193052857	C	T	209	0	378	0	434	48	320	0
3	195516687	C	G	189	0	466	0	260	187	389	0
4	1090586	A	T	207	0	328	45	338	0	442	0
4	1701776	G	A	199	187	371	0	613	0	754	0
4	5837646	T	G	138	0	383	0	238	47	325	0
4	37445775	G	T	86	0	182	0	64	21	132	0
4	38995545	A	G	216	0	276	0	240	42	298	0
4	68490717	C	A	55	44	70	66	101	69	71	48
4	69188588	G	A	60	18	138	0	265	0	143	0
4	69978218	C	T	111	0	253	0	273	43	233	0
4	70346486	A	T	30	20	32	40	103	37	53	27
4	70505070	C	G	43	21	75	0	65	0	120	0
4	72317015	G	C	125	0	237	0	192	48	178	0
4	72994477	T	A	81	93	90	82	121	108	154	104
4	73188752	C	T	123	26	199	0	154	0	220	0
4	74447941	C	A	130	88	53	47	167	135	231	132
4	79763658	C	G	131	66	254	0	232	0	256	0
4	89311916	G	T	81	65	146	107	253	237	194	105
4	90170777	G	C	69	29	133	38	101	25	128	23
4	90856956	C	A	62	58	53	42	100	65	116	44
4	95229866	T	C	67	18	98	40	156	60	87	19
4	99969991	C	G	204	0	285	0	177	76	250	0
4	113345121	A	G	92	47	148	55	194	75	162	38
4	121706239	G	C	126	0	210	0	201	55	161	0
4	123176285	G	C	49	25	31	24	62	58	54	51
4	140272705	C	T	98	0	76	0	106	34	131	0
4	140811994	C	A	38	42	56	52	43	54	68	48
4	151509258	G	A	84	0	137	41	229	0	106	32
4	153809438	G	T	71	0	73	15	88	0	78	23
4	153883983	G	A	65	33	114	0	153	0	136	0
4	155254640	G	C	64	0	125	0	102	43	110	0
4	155411115	C	G	5	6	5	4	19	5	19	0
4	160277030	G	C	11	9	24	30	26	43	21	13
4	164061412	C	T	157	33	89	0	156	0	272	0
4	187519216	C	A	17	16	41	27	45	19	48	22
5	31305293	G	C	109	34	175	0	285	0	186	0
5	33577045	G	T	88	44	161	64	213	47	188	61
5	35793271	T	A	79	0	84	0	133	16	132	0
5	37044554	G	C	127	0	121	31	259	0	156	34
5	37049271	G	C	126	0	161	0	231	51	174	0
5	39306777	G	T	142	32	196	48	408	65	222	42
5	40854365	C	G	93	19	140	0	218	0	154	0
5	41009499	C	G	25	0	65	0	52	17	49	0
5	41033186	C	A	85	43	154	39	196	53	138	22
5	41199965	C	A	65	22	111	46	114	44	84	17
5	63257211	G	T	16	6	39	7	51	9	50	13
5	63509699	C	T	51	0	80	0	49	20	71	0
5	68572381	G	A	64	0	124	0	146	39	124	0
5	70797446	G	A	91	0	82	0	116	36	185	0
5	71495642	G	T	75	18	128	23	131	37	122	24
5	72469181	G	T	47	9	65	14	71	29	92	16
5	75996938	G	A	91	0	167	0	170	43	170	0
5	76128803	C	T	33	21	75	0	66	0	80	0
5	79373991	G	A	88	0	115	25	143	0	114	17
5	79950579	C	A	26	9	74	0	101	0	69	0
5	86629117	C	G	112	36	124	0	230	0	223	0
5	89793491	G	C	85	0	27	9	106	0	130	26
5	109026243	C	A	91	38	123	63	121	38	138	25
5	115336826	G	T	63	25	131	48	155	34	120	24
5	118500908	G	A	143	0	118	0	183	72	259	0
5	130517976	C	G	31	11	13	4	10	4	44	13
5	134099766	G	A	89	0	161	0	134	38	159	0
5	137627779	G	C	82	0	196	0	168	48	145	0
5	138714002	G	C	64	0	112	59	239	0	107	16
5	140176453	G	T	19	6	40	17	63	34	43	15
5	140209710	G	A	7	1	18	9	48	9	15	4
5	140214945	G	T	188	26	288	67	298	94	328	68
5	140256885	G	A	78	0	215	0	317	100	234	0
5	140682846	G	A	61	0	119	32	182	0	123	29
5	140737030	C	A	38	24	70	25	88	31	75	20
5	140870089	G	A	103	0	166	0	104	27	173	0
5	140957897	A	G	37	33	66	27	75	26	75	16
5	141016189	G	A	98	36	228	0	196	0	214	0
5	149265842	G	T	149	0	264	0	211	92	248	0
5	150278065	G	C	112	0	226	0	178	50	148	0
5	151783980	A	T	49	36	155	0	98	0	126	0
5	154287184	C	T	102	0	157	60	224	0	188	45
5	156920107	G	T	79	11	131	59	117	44	117	25
5	159661888	C	T	102	0	162	0	163	47	204	0
5	160047684	C	A	11	9	40	14	40	12	35	8
5	162902542	G	A	99	0	92	26	105	0	114	16
5	171766725	C	T	38	0	86	0	98	48	95	0
5	180432681	C	A	91	47	117	50	111	45	155	35
6	6182372	G	A	112	0	179	0	180	32	127	0
6	11104214	G	C	29	0	65	0	26	15	51	0
6	16279077	G	C	96	0	244	0	269	79	199	0
6	26156838	G	C	110	0	224	0	208	45	202	0
6	26157005	G	C	56	0	168	0	133	47	117	0
6	32808789	C	T	225	0	382	0	247	61	368	0
6	33996033	C	T	69	0	144	0	206	35	153	0
6	34735690	G	A	57	0	126	0	142	32	130	0
6	44121907	C	A	102	0	183	0	179	30	153	0
6	46851919	G	C	69	0	137	0	110	31	100	0
6	47650319	C	T	90	0	190	0	151	22	164	0
6	56380468	T	A	74	0	96	0	70	17	79	0
6	64694337	C	T	107	0	153	0	129	33	99	0
6	70900023	A	G	245	0	77	31	214	0	236	57
6	71567761	G	C	79	24	128	37	89	31	129	20
6	74351447	G	C	67	22	109	0	177	0	126	0
6	83851645	G	C	118	40	105	35	141	52	174	35
6	83851737	G	C	143	46	170	41	167	46	197	39
6	83926243	C	G	172	0	149	0	209	78	233	0
6	87964901	G	C	130	48	150	39	161	60	167	40
6	90576100	G	T	47	43	30	25	61	76	91	54
6	93955017	C	T	68	0	67	0	52	21	81	0
6	93973586	T	A	244	0	225	83	333	0	293	79
6	97621080	C	A	88	40	113	24	167	47	126	31
6	107009231	C	G	83	36	106	41	109	57	134	18
6	108723225	A	T	94	16	21	0	90	0	157	0
6	111527923	G	C	139	0	215	0	238	71	267	0
6	116720765	G	A	80	0	131	0	90	22	124	0
6	117710914	C	G	22	0	23	0	28	0	30	12
6	117725555	G	A	109	0	122	0	84	33	135	0
6	123319048	G	T	149	52	293	70	205	62	265	38
6	125379234	G	A	89	0	88	36	160	0	85	23
6	129714350	G	A	124	51	187	50	197	47	180	45
6	130762498	G	A	130	0	121	0	70	28	169	0
6	132043372	C	G	134	0	151	55	267	0	174	36
6	133097478	C	T	74	34	158	0	199	0	168	0
6	139113897	A	G	112	47	87	39	162	59	187	49
6	145156965	G	C	63	25	82	28	95	43	132	34
6	152762276	C	T	193	23	133	0	289	0	286	0
6	159188482	T	G	33	0	50	0	46	0	32	5
6	160328360	G	T	44	7	85	0	79	0	104	0
6	166952186	C	T	214	0	300	0	179	64	255	0
6	170062521	C	A	118	33	161	58	149	61	179	51
6	170062522	T	A	115	32	153	58	147	61	176	48
6	170102976	C	T	29	0	40	0	70	13	30	0
7	4285316	C	A	45	0	113	0	156	21	140	0
7	8272319	C	T	316	0	463	0	606	96	693	0
7	39610224	G	A	292	0	402	0	481	87	581	0
7	42004321	G	T	45	0	118	0	101	17	140	0
7	45140930	C	T	92	0	264	0	274	54	310	0
7	72738717	G	T	58	0	142	0	167	19	141	0
7	82544863	G	A	92	0	164	0	106	26	136	0
7	86542460	C	T	109	0	182	0	139	22	229	0
7	88963584	G	C	77	0	112	0	115	15	122	0
7	99013786	G	C	159	0	275	0	270	68	286	0
7	99091249	C	T	164	0	207	0	275	75	301	0
7	103368635	C	T	87	0	206	0	148	37	194	0
7	107013191	G	A	111	0	133	0	143	25	169	0
7	123269228	G	A	79	0	129	0	96	19	98	0
7	135320346	G	A	253	0	173	0	187	40	306	0
7	143016876	C	G	87	0	124	0	130	38	150	0
7	143400267	C	A	84	0	139	0	111	36	157	0
7	148489899	C	G	178	0	312	0	293	57	333	0
7	150769187	C	T	100	0	180	0	248	56	208	0
7	150935632	C	T	99	0	239	0	279	58	233	0
7	151800335	C	T	90	0	137	0	125	25	174	0
8	24771822	G	A	10	0	20	13	52	17	27	0
8	28707757	C	T	190	0	341	0	332	108	293	0
8	38265746	C	T	114	0	261	0	370	83	262	0
8	54967622	G	C	116	0	101	0	224	48	237	0
8	61654874	C	T	39	0	52	0	37	11	68	0
8	77616782	G	T	71	0	99	28	143	0	147	0
8	77763523	C	A	28	6	49	23	55	31	37	26
8	91937792	C	T	118	0	309	0	375	49	372	0
8	96060709	C	G	120	0	220	0	252	63	270	0
8	97263159	C	T	92	11	153	0	241	0	226	0
8	113318329	C	T	90	0	192	0	184	36	245	0
8	118165232	C	G	93	0	134	89	313	0	140	110
8	118174126	A	T	76	0	141	0	103	38	111	0
8	124357196	C	G	105	0	202	0	219	30	227	0
8	133056714	C	T	196	0	225	28	430	0	427	0
8	141711049	G	A	106	0	270	0	214	70	200	0
8	143427171	C	G	60	0	186	35	224	0	170	0
8	146028325	G	C	89	0	187	0	144	54	188	0
9	18770712	C	G	45	0	109	0	121	28	134	0
9	32635509	C	A	50	10	103	0	102	33	128	0
9	34379171	G	C	57	58	162	0	181	0	149	0
9	34725904	C	A	31	14	31	40	50	8	41	31
9	35061084	G	A	58	0	67	0	65	16	88	0
9	35061085	A	T	59	0	67	0	66	16	92	0
9	35108150	C	A	13	0	19	0	24	7	20	0
9	35698319	C	A	62	0	108	0	60	24	84	0
9	35738546	A	G	160	29	313	0	212	75	306	0
9	102992001	C	G	61	16	125	0	115	0	107	0
9	125239525	C	T	110	0	143	0	85	23	159	0
9	125922696	G	A	108	0	191	0	402	54	164	0
9	131512915	C	G	49	0	88	0	110	20	89	0
9	137020486	C	A	66	0	103	38	166	0	150	0
9	138773641	C	T	76	0	112	0	67	30	125	0
9	139750562	G	T	50	0	52	0	80	32	68	0
9	140968452	G	C	41	18	48	47	97	28	61	41
11	76072059	C	G	244	0	297	0	302	73	411	0
11	85692816	G	T	149	0	118	0	96	25	213	0
11	103908679	G	C	30	0	72	0	57	14	75	0
11	113650655	G	C	26	14	57	0	72	0	81	0
11	117304162	C	G	193	0	251	0	230	42	212	0
11	118885736	G	T	93	0	103	0	147	44	133	0
11	123755211	A	T	218	0	199	55	207	0	261	0
11	123847894	G	T	99	0	177	0	118	13	139	0
11	130332470	A	G	4	5	6	9	11	18	9	3
11	130341150	C	T	178	0	254	0	269	58	230	0
11	130341267	C	T	321	0	468	0	369	76	427	0
12	988811	G	T	122	43	444	0	165	0	380	0
12	10560267	C	T	281	0	578	0	706	113	638	0
12	12311941	G	A	81	34	344	0	348	0	337	0
12	13061324	C	G	42	16	164	0	318	0	207	0
12	14982341	C	G	143	0	307	0	427	71	318	0
12	31944848	G	A	189	0	433	0	478	53	374	0
12	39170083	C	G	333	0	207	0	199	75	597	0
12	51347854	G	A	81	0	185	0	143	44	170	0
12	51467708	C	A	37	11	134	0	111	0	128	0
12	53237933	G	A	63	22	224	0	232	0	231	0
12	56142422	C	T	56	0	102	0	109	20	121	0
12	56494858	C	T	18	10	66	0	86	0	70	0
12	56574782	C	T	158	0	345	0	409	84	339	0
12	56574825	C	G	223	0	393	0	579	96	496	0
12	56679748	G	A	135	0	283	0	400	90	221	0
12	56722073	C	T	103	29	214	0	223	0	256	0
12	57345962	C	T	86	0	229	0	180	29	199	0
12	57868437	G	T	74	24	165	0	214	0	192	0
12	68553308	C	A	62	35	134	0	176	0	191	0
12	76425053	C	A	43	0	91	0	62	38	83	0
12	76788451	A	C	137	114	148	181	162	145	203	200
12	79990346	G	A	242	0	247	0	483	97	378	0
12	80699460	T	C	251	0	275	0	362	76	380	0
12	82750856	G	A	322	0	555	5	568	125	424	0
12	85623336	G	A	204	0	189	0	261	64	250	0
12	88390247	G	C	311	0	269	0	421	62	393	0
12	95566518	G	C	48	0	74	47	136	0	59	46
12	102159080	G	A	15	0	26	9	18	0	22	0
12	104391268	C	T	125	14	215	0	310	0	241	0
12	111317824	T	A	51	42	69	69	97	101	119	95
13	20425996	G	A	34	0	32	0	25	13	57	0
13	24460502	G	A	63	0	101	0	115	26	89	0
13	32885787	G	T	26	0	36	13	70	0	30	5
13	33700268	G	A	141	0	229	61	291	0	239	44
13	39263097	G	T	18	0	38	10	56	0	39	9
13	39438481	G	A	55	0	91	0	91	23	81	0
13	41373236	G	A	101	0	172	0	152	61	200	0
13	46541734	G	C	151	0	228	0	235	70	310	0
13	46553997	G	T	158	0	281	0	236	68	216	0
13	46721189	C	A	23	32	57	40	65	63	82	36
13	66878825	C	T	60	16	161	0	142	0	140	0
13	77714184	C	T	97	0	103	0	106	22	174	0
13	99992774	G	A	33	6	50	15	51	15	60	7
13	103316023	G	A	148	67	106	29	145	37	316	62
15	40914143	G	A	36	0	33	0	32	6	33	0
15	50925185	G	C	87	0	87	0	89	39	109	0
15	64445463	A	T	81	0	136	30	203	0	176	0
15	77471213	C	G	167	70	331	0	347	0	406	0
15	78393342	G	A	57	0	110	0	168	38	90	0
15	89816692	C	G	145	0	145	0	358	76	223	0
15	90127660	G	A	40	0	89	0	132	30	80	0
16	4621605	T	A	42	12	105	0	162	0	114	0
16	4621606	C	A	42	12	105	0	162	0	112	0
16	8619993	C	G	9	10	16	15	20	17	20	10
16	23535755	C	G	130	0	334	0	232	89	346	0
16	23767052	G	C	78	0	153	0	115	44	158	0
16	30037972	G	C	38	0	95	0	122	26	84	0
16	31373479	C	T	93	0	220	0	187	64	215	0
16	69726561	C	T	42	0	74	0	51	16	75	0
16	74640737	G	T	4	0	12	0	14	7	16	0
16	75563644	G	A	21	0	43	0	88	32	65	0
16	75665720	C	T	108	0	172	0	156	43	254	0
16	76350313	A	T	58	9	95	0	135	0	121	0
16	81248800	C	A	9	9	20	10	30	20	21	19
16	89293225	C	G	92	0	141	0	144	50	256	0
16	89293322	C	G	47	0	58	0	63	16	110	0
16	89293417	C	T	44	0	70	0	77	30	110	0
17	3550737	G	C	211	0	278	0	415	113	283	0
17	3850958	G	T	15	0	12	0	47	12	21	0
17	4905812	G	C	152	0	151	0	238	67	180	0
17	8192352	C	G	60	0	53	0	79	52	64	0
17	18053743	G	A	87	0	71	0	103	67	116	0
17	26675217	C	G	181	0	219	0	317	34	221	0
17	26864198	C	A	68	0	96	0	163	56	93	0
17	27240228	G	A	40	0	89	0	90	39	97	0
17	28791794	G	A	85	0	148	0	133	39	142	0
17	36872788	G	T	11	0	35	0	20	20	21	0
17	37566819	G	A	206	0	390	0	533	104	419	0
17	37844206	G	C	20	0	42	0	67	17	33	0
17	38430247	C	G	180	0	265	0	358	93	246	0
17	39550316	G	A	92	12	153	0	254	0	142	0
17	40253871	C	T	39	19	52	48	177	43	57	40
17	40946989	C	G	101	0	130	0	131	28	152	0
17	42152697	G	A	116	0	282	0	198	40	265	0
17	42756245	C	G	101	0	188	0	205	63	200	0
17	44159903	C	A	81	0	171	0	114	31	115	0
17	46670537	C	G	85	0	184	0	184	54	136	0
17	47677846	G	A	79	0	176	0	137	36	157	0
17	56434901	C	A	74	0	118	0	171	36	129	0
17	57761332	G	A	196	0	171	0	156	53	282	0
17	61888494	G	A	145	0	321	0	261	52	230	0
17	63537581	G	C	73	0	143	0	141	36	159	0
17	65105532	G	C	156	0	412	0	341	70	394	0
17	72245514	G	A	43	0	167	0	140	31	152	0
17	72999285	G	T	27	0	78	0	128	42	75	0
17	73322040	C	T	111	16	292	0	335	0	311	0
17	73872121	C	A	39	0	140	0	140	29	145	0
17	78313315	C	T	10	0	41	0	25	10	28	0
17	78313459	C	A	30	0	85	0	75	15	71	0
17	78323581	C	T	96	0	177	0	179	36	212	0
17	80050779	C	T	56	12	125	0	210	0	123	0
18	2890707	C	T	76	0	76	0	66	21	68	0
18	6882138	A	T	192	0	153	43	228	0	181	0
18	6999496	G	A	52	0	60	14	125	0	46	0
18	13040931	C	T	218	0	74	0	101	34	216	0
18	47014916	C	G	67	0	68	0	80	34	150	0
18	55373761	C	T	153	0	250	0	312	108	255	0
18	60223434	A	T	72	60	68	73	115	129	151	87
18	76754170	G	A	11	0	32	15	62	15	38	8
18	77208962	C	A	60	0	122	59	190	33	143	46
18	77794605	C	T	31	0	97	31	131	0	106	17
19	3771584	C	T	61	9	85	0	190	0	121	0
19	4231306	C	T	25	0	45	0	77	21	56	0
19	5783030	G	C	26	9	42	0	101	0	57	0
19	7680171	G	C	4	10	14	12	32	30	26	16
19	13059509	C	G	45	0	86	0	96	32	90	0
19	18273784	G	A	40	21	108	0	90	0	105	0
19	18543829	C	T	86	0	124	0	88	47	140	0
19	33119714	C	G	187	0	448	0	335	81	432	0
19	36051816	G	C	131	0	261	0	272	81	292	0
19	41858716	G	T	22	0	50	0	40	17	51	0
19	48025230	G	A	88	0	193	0	229	49	233	0
19	50165742	G	T	112	0	231	0	361	65	287	0
19	50542432	C	G	129	0	309	0	207	57	245	0
19	50763946	G	T	56	0	87	0	142	37	128	0
19	51528036	C	T	37	0	88	0	120	34	63	0
19	53613139	G	A	80	10	124	0	145	0	133	0
19	54746394	C	A	22	4	42	0	21	10	36	0
20	2775938	G	T	96	0	182	0	159	35	187	0
20	6057861	C	T	114	0	181	0	170	41	177	0
20	31671201	C	T	71	0	150	0	81	16	136	0
20	49575048	C	A	58	0	155	40	175	0	188	0
21	34805100	C	T	130	0	285	0	276	78	253	0
21	35757882	C	T	104	0	168	0	142	31	234	0
21	41032956	C	T	129	0	188	0	130	39	231	0
22	28503915	G	A	99	0	211	0	149	24	177	0
22	28559257	C	G	105	63	120	125	154	129	149	123
22	30734892	C	G	364	0	859	0	737	224	818	0
22	30735227	C	G	74	0	157	0	150	29	188	0
22	30863049	C	T	178	0	381	0	474	95	349	0
22	50528518	A	T	2	8	5	6	11	14	5	5
