Chr	Posi	Wild	Mut	PrimT:ref	PrimT:alt	Met1T:ref	Met1T:alt	Met2T:ref	Met2T:alt	Met3T:ref	Met3T:alt
2	10923307	T	G	217	73	170	98	238	69	181	113
2	54753592	G	C	242	0	151	113	211	42	139	71
2	55130303	G	C	179	0	136	63	145	54	138	47
2	74747053	G	A	97	33	40	46	90	23	67	35
2	85895292	G	A	87	0	64	38	56	15	83	41
2	98349784	C	T	88	22	94	0	110	0	99	0
2	136111116	G	A	228	0	172	94	214	82	165	70
2	173787017	G	C	328	0	222	109	286	101	228	130
2	176996135	C	T	148	0	122	31	171	0	144	0
2	179455125	A	G	160	0	153	0	152	4	154	5
2	179455126	C	A	159	0	150	0	149	0	154	5
2	240048282	C	T	96	0	73	29	79	16	66	23
3	4669554	A	G	55	25	43	45	51	30	68	39
3	9945816	T	G	191	74	164	54	180	24	160	63
3	10114578	C	G	322	0	200	32	260	21	279	41
3	44636237	C	A	107	35	86	16	104	11	80	17
3	46005917	C	T	100	0	60	18	84	5	95	21
3	48229341	C	A	105	53	81	33	96	21	82	18
3	50220986	C	T	61	15	36	32	53	18	49	38
3	75787218	T	A	269	43	250	22	226	13	187	28
3	98109545	C	T	206	0	115	63	142	49	138	59
3	121187170	C	T	197	100	264	0	240	0	274	0
3	141457339	C	G	320	0	218	155	225	69	239	103
3	160942755	C	G	384	0	272	143	365	108	270	160
3	180694010	G	A	120	46	172	0	199	0	170	0
4	80329316	C	T	45	24	52	33	41	8	51	23
4	87967397	G	C	127	0	99	60	141	36	125	48
5	35704693	C	A	251	89	177	104	273	102	190	116
5	146080701	G	T	278	77	339	0	317	0	313	0
5	178373973	G	A	200	92	197	115	196	74	186	90
6	38738290	G	A	103	53	159	0	140	0	136	0
6	49666119	C	G	127	36	101	65	147	44	138	47
6	53370189	C	G	167	0	103	59	141	35	69	39
6	56354376	C	G	214	77	220	0	261	0	206	0
6	70410740	G	C	55	0	15	25	49	15	16	8
6	97587152	C	T	76	0	31	24	64	19	46	11
6	112393976	C	T	106	0	71	0	116	0	75	9
7	150069555	G	T	21	0	13	23	16	12	27	18
8	3224728	G	T	135	42	116	0	132	0	123	0
8	7215733	G	A	269	49	265	0	264	0	298	0
8	48196679	G	A	320	97	254	135	384	106	288	113
8	77767849	C	T	153	0	99	52	139	29	138	59
8	124266356	C	A	225	0	116	68	168	40	135	63
8	142229895	G	A	92	17	131	0	75	0	131	0
9	3225228	T	A	53	17	24	37	45	21	39	52
9	84609068	C	T	96	0	69	43	92	24	67	22
9	101470821	C	G	65	0	62	13	38	12	41	0
9	114911538	C	G	247	0	279	66	229	22	188	0
9	116183457	C	A	221	0	176	48	210	23	148	0
10	1061701	C	T	72	0	50	0	60	8	73	0
10	11363176	C	T	327	66	314	0	313	0	284	0
10	26459440	G	A	178	45	179	0	212	0	205	0
10	79742055	C	G	263	0	178	97	257	67	222	81
10	96493172	A	T	159	56	124	93	173	37	138	82
10	96988448	C	A	242	0	181	101	224	73	179	98
10	117884949	C	T	159	23	196	0	170	0	202	0
10	132891463	C	T	336	49	365	0	387	0	323	0
11	7021406	C	T	97	0	70	0	71	5	59	39
11	36422788	A	T	125	45	78	21	93	13	126	30
11	57428882	G	A	44	0	34	13	39	13	33	18
11	62290520	G	A	181	0	72	43	119	44	86	90
11	64597341	G	T	18	5	5	6	7	2	4	8
11	67059566	C	T	133	62	129	0	133	0	185	0
11	102593353	T	G	191	48	159	0	174	0	144	0
11	114392858	G	T	244	67	123	126	180	81	146	127
11	114577185	C	A	205	0	156	39	193	31	153	23
11	117096733	G	A	79	0	52	14	95	13	90	13
12	6122773	C	T	125	24	120	0	110	4	117	0
12	9307317	G	C	168	0	95	78	122	49	114	57
12	11174818	G	A	65	0	32	7	44	0	47	0
12	27156235	G	A	95	0	64	47	86	18	65	23
12	41318374	C	T	206	69	144	98	208	77	183	92
12	49229945	G	A	121	0	89	50	119	47	100	42
12	52865041	C	T	157	30	141	0	155	0	144	0
12	68551771	G	A	311	0	174	90	290	77	183	90
12	80862593	A	T	254	0	223	64	267	46	213	38
12	105322118	C	A	55	25	52	33	45	16	48	20
12	105322119	C	A	54	26	55	33	46	16	48	19
12	133148880	A	T	188	68	140	80	184	44	151	77
13	73649922	C	G	85	53	124	0	116	0	115	0
14	73683881	G	T	175	0	117	106	209	56	143	86
14	75264410	G	A	59	15	60	46	70	35	58	22
15	45003745	A	G	206	104	209	0	187	0	223	0
15	49429612	T	C	262	108	207	69	271	34	205	54
15	62985116	C	A	174	0	84	64	110	41	115	48
15	74367243	C	A	29	7	12	5	17	10	12	6
15	86838489	C	A	103	0	71	16	46	14	73	13
15	88524540	C	G	193	0	109	81	169	60	87	73
15	100673422	G	T	82	0	32	42	84	20	75	31
16	30119585	C	G	81	0	89	4	64	0	75	13
16	30910834	G	A	130	0	83	61	85	42	99	81
17	31350930	G	A	196	69	149	68	190	48	164	52
17	34863756	C	A	32	25	35	13	41	14	31	23
17	36872053	C	T	115	0	106	7	99	4	93	0
17	67250619	C	T	57	0	28	20	33	8	27	17
17	71468306	G	A	226	56	173	103	164	50	172	73
17	76567754	A	G	132	53	84	69	113	38	84	52
19	1397454	C	T	128	0	121	35	106	16	125	34
19	1456085	C	G	66	0	44	34	38	21	39	33
19	4123851	C	T	51	15	43	5	36	0	57	18
19	5776244	G	A	96	0	55	58	86	39	39	57
19	10226675	C	T	211	0	159	61	190	20	171	49
19	33353426	G	A	144	0	92	24	87	18	102	25
19	33697146	G	T	69	39	55	0	66	0	70	0
19	36046484	C	T	101	29	90	0	73	0	88	0
19	42557756	G	A	97	0	28	36	47	13	38	24
19	42557805	G	C	145	0	48	57	77	30	52	39
19	45176020	G	A	87	0	51	17	55	7	66	14
19	50105111	G	A	266	0	131	123	161	46	157	82
19	57334136	T	C	283	86	154	135	203	83	207	130
19	58084560	C	T	140	0	103	23	102	8	93	15
20	20350165	G	T	7	4	1	3	2	8	6	8
20	34505428	C	A	140	60	99	52	152	33	120	55
20	43942687	C	T	104	0	60	30	80	24	68	53
20	45633689	A	C	111	7	104	7	126	8	104	6
20	60791711	C	T	80	35	80	0	99	0	89	0
21	15884770	G	A	177	0	95	48	163	39	152	63
21	27394325	T	C	686	7	671	172	754	114	744	167
21	32559316	C	T	242	0	118	90	204	64	144	80
21	43800277	G	A	166	76	172	0	191	0	191	0
22	20843400	G	A	240	42	194	110	203	50	190	88
22	24579547	C	T	108	51	145	0	117	0	119	0
22	26173673	G	T	132	45	121	68	160	49	133	54
22	26173674	G	T	126	51	121	68	167	50	136	59
22	30218367	C	T	146	22	179	0	160	0	182	0
22	35661003	G	A	42	0	47	28	46	16	41	30
22	36122990	G	T	71	26	83	47	107	27	101	45
