Met1T:ref	Met1T:alt	Met2T:ref	Met2T:alt	Met3T:ref	Met3T:alt
1	1	1	1	1	1	
1	1	1	1	1	1	
1	1	1	1	1	1	
1	1	1	1	1	1	
1	1	1	1	1	1	
1	1	1	1	1	1	
1	1	1	1	1	1	
1	1	1	1	1	1	
1	1	1	1	1	1	
1	1	1	1	1	1	
1	1	1	1	1	1	
1	1	1	1	1	1	
1	1	1	1	1	1	
1	1	1	1	1	1	
1	1	1	1	1	1	
1	1	1	1	1	1	
1	1	1	1	1	1	
1	1	1	1	1	1	
1	1	1	1	1	1	
1	1	1	1	1	1	
1	1	1	1	1	1	
1	1	1	1	1	1	
0	2	1	1	1	1	
1	1	1	1	1	1	
1	1	1	1	1	1	
1	1	1	1	1	1	
1	1	1	1	1	1	
1	1	1	1	1	1	
1	1	1	1	1	1	
1	1	1	1	1	1	
0	1	1	1	1	1	
1	1	1	1	1	1	
1	1	1	1	1	1	
1	1	1	1	1	1	
1	1	1	1	1	1	
1	1	1	1	1	1	
1	1	1	1	1	1	
1	1	1	1	1	1	
1	1	1	1	1	1	
1	1	1	1	1	1	
1	1	1	1	1	1	
1	1	1	1	1	1	
1	1	1	1	1	1	
