Chr	Posi	Wild	Mut	Met1T:ref	Met1T:alt	Met2T:ref	Met2T:alt	Met3T:ref	Met3T:alt	Met4T:ref	Met4T:alt	Met5T:ref	Met5T:alt
1	1407265	A	G	20	7	41	6	42	0	21	13	24	16
1	38027220	C	T	192	80	243	63	223	174	153	106	125	97
1	72400903	G	C	165	72	164	47	116	106	127	116	147	123
1	101198074	G	A	66	31	119	17	74	62	74	49	59	46
1	113084578	T	C	205	32	217	27	151	39	217	47	241	68
1	145562524	G	A	39	21	45	8	51	38	39	19	20	12
1	151010085	G	C	284	126	311	92	310	244	216	203	208	167
1	151785790	G	A	432	0	427	0	467	134	457	0	381	0
1	154155511	C	G	149	0	183	0	164	42	176	0	130	0
1	155177637	C	T	361	0	335	0	420	112	298	0	243	0
1	167096276	G	A	56	28	74	18	51	56	47	37	31	31
1	179782935	G	A	37	15	29	9	30	29	24	21	19	12
1	190423875	G	A	264	37	352	0	445	0	310	0	238	0
1	212193534	C	T	354	0	300	0	150	0	326	63	348	40
1	217793371	G	A	123	99	176	37	143	99	105	107	117	95
1	226108319	C	G	68	49	94	19	71	71	58	52	56	42
1	226109780	C	G	49	32	95	29	60	52	47	29	47	34
4	7985276	T	C	367	0	324	0	431	0	327	0	256	34
5	5303445	G	A	28	0	46	0	73	0	49	0	31	11
5	14758708	C	T	218	96	275	54	264	121	297	159	290	127
5	77784802	G	C	146	78	245	40	247	0	224	86	138	97
5	101709083	A	T	229	0	249	0	66	8	285	0	187	0
6	16327658	T	G	33	0	48	0	42	0	37	0	28	4
6	99823979	G	C	87	0	103	0	51	17	94	0	110	0
6	108192957	A	C	122	34	149	9	164	68	133	47	138	52
6	109319859	C	T	105	28	104	0	97	0	134	0	129	0
6	129775318	G	C	301	72	343	0	351	0	243	81	280	83
6	152546954	C	T	344	71	327	33	242	63	378	76	471	104
6	152804281	G	C	425	118	496	68	527	0	483	111	400	84
7	30695573	G	A	561	0	438	0	853	144	561	0	494	0
7	73097591	C	T	118	29	153	26	85	96	94	40	64	21
7	75053369	C	T	113	17	175	0	175	0	159	0	121	0
7	86468281	G	T	138	27	159	34	93	83	133	36	134	42
7	94898616	C	T	81	33	84	37	61	74	66	18	65	25
7	101882603	A	G	16	6	15	4	6	15	15	0	13	0
7	140301412	G	A	111	0	151	0	122	40	118	0	106	0
7	150768874	G	A	64	45	99	15	92	32	60	52	49	46
7	154747257	C	T	246	0	240	4	173	54	240	5	230	0
7	158695085	G	C	65	19	98	14	101	4	77	25	60	19
9	37782130	C	G	173	0	132	0	116	31	226	0	177	0
9	79320184	C	T	173	0	175	0	209	51	171	0	166	0
9	84235418	C	A	850	0	632	0	797	0	739	124	825	0
9	125562602	G	A	178	52	164	41	186	98	114	106	94	99
9	133327718	C	G	459	0	406	0	552	119	424	0	446	0
9	139316325	C	T	58	27	88	21	114	59	48	35	71	30
12	11214495	T	C	32	5	32	0	14	15	42	7	33	4
12	21242960	G	A	166	34	136	0	48	0	170	44	170	43
12	21243032	G	C	82	12	74	0	19	0	107	18	67	21
12	49360203	G	T	34	0	59	0	63	0	30	4	43	0
12	63328337	G	T	37	0	44	0	56	0	58	0	30	5
12	121603912	G	C	339	156	386	82	359	274	273	234	345	238
12	125396605	G	A	24	0	25	0	21	29	39	0	23	0
12	132636167	C	T	34	4	44	0	55	0	55	0	45	0
13	67802065	C	G	152	25	159	0	174	0	103	34	125	41
13	84454992	G	A	102	0	172	0	172	0	95	23	96	0
13	108518366	C	T	54	0	53	0	52	0	29	10	29	0
14	23058003	G	C	252	0	257	0	235	71	220	0	187	0
14	53326337	C	T	253	147	301	83	263	166	235	202	268	199
14	55643946	C	T	349	177	372	76	116	78	279	206	301	193
14	58605614	G	A	61	30	54	11	51	29	43	39	62	33
14	58941457	G	C	336	0	257	0	162	48	383	0	332	0
14	64483261	A	G	98	37	97	32	12	10	89	67	88	69
14	64520278	G	C	257	154	252	88	224	128	240	204	245	198
14	94079330	C	T	194	84	222	69	190	140	175	107	162	126
14	94404138	G	C	151	69	140	41	143	104	97	88	89	70
15	32460281	G	A	33	6	52	0	40	0	45	0	27	0
15	34109112	G	C	232	46	213	22	165	62	199	63	207	61
15	40750931	G	A	36	0	58	0	42	8	45	0	35	0
15	56032669	C	A	183	32	172	31	189	59	165	46	164	56
19	9361824	C	G	24	7	23	0	14	25	25	11	21	5
19	9362071	C	G	87	24	96	11	59	60	73	37	84	24
19	9453482	T	G	69	37	55	15	59	31	40	51	57	38
19	18677976	G	C	85	12	77	0	83	0	51	0	55	0
19	22846834	C	G	122	27	123	10	20	30	124	21	103	23
19	38979846	G	A	183	0	130	0	136	45	175	0	157	0
19	38980000	G	A	118	0	123	0	129	38	136	0	116	0
19	42790961	C	T	102	23	131	18	73	98	63	32	83	36
19	42880063	G	A	21	0	20	0	11	0	11	5	14	0
19	45016988	T	G	293	32	387	20	459	37	348	19	293	25
19	45489796	G	A	156	44	174	0	204	0	158	0	137	0
19	47542664	G	T	16	4	26	0	23	0	20	0	17	0
19	49641511	G	C	55	0	74	0	95	0	64	0	50	6
19	50461754	G	T	20	4	21	6	18	4	14	13	3	9
19	51201147	G	C	120	103	167	46	191	59	97	88	83	98
21	19647574	A	C	229	0	198	0	117	15	230	0	200	0
21	39672130	C	G	178	0	170	0	153	52	244	0	138	0
21	46876010	C	A	32	0	26	0	17	4	40	0	25	0
22	20119536	G	T	22	0	34	0	41	0	28	5	23	0
22	21340142	C	G	132	0	165	0	148	49	142	0	121	0
22	31286723	C	G	26	0	36	9	33	12	25	10	28	0
22	32015679	G	C	159	129	268	66	156	187	114	133	113	131
22	40814587	G	T	71	7	51	0	73	35	51	15	57	12
