Chr	Posi	Wild	Mut	PrimT:ref	PrimT:alt	Met1T:ref	Met1T:alt	Met3T:ref	Met3T:alt	Met4T:ref	Met4T:alt
3	124731739	G	A	68	93	79	63	74	74	75	86
3	142188239	T	A	198	0	105	17	107	0	234	0
3	151105621	G	A	173	27	115	14	196	33	177	33
3	157131880	C	A	108	25	54	17	49	14	99	23
3	164697162	G	A	496	81	387	68	289	37	526	111
3	167184983	A	G	505	0	259	0	207	30	447	0
3	167184984	G	T	507	0	261	0	207	31	449	0
3	178936091	G	A	259	165	109	95	86	99	210	198
6	48036193	C	T	27	16	43	15	58	42	37	24
6	70092770	A	C	172	44	131	0	93	0	177	0
6	72968715	G	C	195	44	113	36	105	31	126	48
6	117150092	C	T	194	0	123	20	192	0	168	0
6	132695784	C	T	334	87	189	40	155	40	225	106
6	158870175	G	A	162	42	146	45	262	86	120	0
6	161969943	C	G	124	0	92	0	188	0	47	24
8	33451178	G	T	82	0	91	0	166	74	69	0
8	51449341	A	G	601	0	365	61	861	0	568	0
8	68007601	G	T	206	0	111	0	116	18	248	0
8	110985000	C	G	299	0	141	11	179	30	287	0
10	64575686	G	A	174	122	148	89	240	212	110	95
10	70641814	G	A	135	93	84	46	59	61	111	93
10	96818251	A	G	176	0	82	15	92	0	172	0
11	2321780	C	T	85	15	81	0	215	66	48	8
11	19955533	G	A	74	14	78	10	124	24	59	12
11	55927290	G	T	84	23	55	15	65	9	55	18
11	66258799	G	A	161	28	123	33	178	31	124	20
11	75852266	G	A	96	19	46	26	139	34	57	17
11	75905663	C	A	209	0	173	0	457	0	138	51
11	108383537	C	A	91	0	55	11	86	0	75	0
11	123753997	T	G	91	0	41	0	74	21	76	0
13	52725364	C	T	172	34	130	25	96	16	241	43
13	103398590	G	A	18	19	7	3	17	10	12	14
19	36036648	C	T	186	0	240	0	549	0	144	29
20	34458922	T	C	222	47	135	0	210	0	166	47
22	32506093	A	G	136	0	114	0	139	0	80	36
