Chr	Posi	Wild	Mut	PrimT:ref	PrimT:alt	Met1T:ref	Met1T:alt	Met2T:ref	Met2T:alt	Met3T:ref	Met3T:alt	Met4T:ref	Met4T:alt	Met5T:ref	Met5T:alt	Met6T:ref	Met6T:alt
1	2939177	C	T	18	4	12	0	18	8	17	6	35	5	36	13	33	4
1	10384954	G	A	498	0	516	0	445	100	377	32	414	0	394	0	587	42
1	10711024	A	C	135	0	88	16	82	13	65	0	117	12	193	26	91	5
1	39788581	G	T	164	0	144	0	102	36	97	12	114	0	140	0	148	12
1	52442668	C	T	85	0	130	0	111	21	120	17	113	19	255	0	134	12
1	57173340	A	T	62	58	75	25	58	27	72	17	46	11	63	0	79	20
1	118581954	C	G	334	0	285	0	392	87	287	30	165	23	325	0	330	26
1	161141666	G	C	606	0	214	11	315	58	266	23	373	38	365	58	312	36
1	162760608	G	C	2062	225	434	36	451	126	421	66	575	100	565	34	603	77
1	167805709	G	A	369	39	386	26	531	121	417	47	417	63	319	22	498	66
1	186644476	G	C	339	0	309	65	305	47	365	54	270	44	278	13	364	71
1	208215609	G	A	302	0	283	31	299	59	267	0	417	36	585	0	341	20
1	236755893	C	T	314	0	376	0	323	101	307	65	275	41	321	0	384	74
1	248524929	T	G	115	29	243	30	155	53	210	30	258	21	198	11	298	29
2	141214026	G	T	249	0	219	31	340	0	321	0	185	0	269	0	349	0
2	141459305	G	A	177	45	286	67	278	162	361	77	161	40	270	31	352	89
2	161223769	G	A	853	0	580	0	509	95	585	0	698	0	533	0	686	0
2	163291971	T	G	117	0	215	69	163	72	177	50	150	36	180	19	210	36
2	170044559	G	A	104	0	141	24	139	29	124	26	159	19	242	0	187	15
2	175243770	T	G	126	0	116	16	126	0	159	0	106	0	127	0	170	0
2	196741271	T	G	236	0	393	0	358	0	368	43	277	0	242	0	431	0
2	211179675	G	C	296	0	275	0	277	0	331	0	416	0	399	56	397	0
2	213872136	T	G	106	0	140	20	113	0	150	0	98	0	88	0	169	0
2	213872682	A	C	192	0	291	0	219	49	253	27	232	14	241	0	294	18
2	216236634	G	C	150	0	245	35	282	0	272	0	230	0	239	0	294	0
2	228147173	C	T	278	0	446	0	389	75	386	45	399	0	342	0	427	63
2	231655592	A	G	489	0	293	33	250	46	258	30	267	33	279	0	351	29
3	33055592	C	G	172	0	273	0	191	34	230	24	252	24	355	0	332	23
3	41266113	C	T	193	57	200	20	142	32	115	17	129	10	140	0	199	28
3	48624007	C	G	74	0	71	21	53	29	71	16	78	22	88	22	98	19
3	75787218	T	A	359	42	290	55	328	49	281	29	176	16	341	18	400	41
3	75787244	A	G	294	32	262	44	306	36	255	19	156	12	301	11	327	35
3	138739017	A	C	84	0	75	0	84	20	75	5	94	10	190	17	97	0
3	146177758	G	A	113	0	284	0	154	33	261	0	267	0	261	0	270	0
3	153995412	T	C	391	165	333	134	289	174	418	99	259	85	414	28	517	130
3	154033003	C	G	283	98	197	0	241	0	237	0	142	0	207	0	280	0
3	184801255	G	A	70	0	65	20	74	35	79	11	93	32	79	0	129	22
4	6037800	G	A	15	0	18	6	11	19	15	7	29	7	38	11	27	10
4	7436260	G	A	14	8	31	0	40	0	27	0	46	0	62	0	32	0
4	15529107	G	C	295	0	222	28	310	0	271	0	192	0	205	0	361	0
4	57215954	C	T	108	0	188	0	126	17	139	0	154	0	125	0	197	0
4	77817011	G	A	254	0	151	14	163	32	138	9	161	16	167	0	204	6
4	99325726	G	A	247	75	215	0	410	0	278	0	155	0	246	0	346	0
4	114279753	G	C	132	0	151	23	174	41	121	21	125	15	110	0	224	15
4	144617375	G	C	94	0	122	37	139	66	133	31	130	41	137	11	178	43
4	151770610	A	C	146	6	253	5	227	9	294	8	181	0	205	7	298	5
4	158282752	A	T	383	157	816	306	602	318	824	158	566	161	754	44	950	213
4	165118225	T	A	184	0	261	19	283	48	233	27	239	34	257	0	266	26
4	165118226	C	A	190	0	271	19	285	50	236	27	248	34	262	0	275	26
4	175237426	G	T	283	107	357	122	284	159	409	60	301	62	346	15	485	94
4	183714476	C	T	227	0	287	32	262	46	277	24	292	23	229	8	349	40
4	185678378	G	A	202	0	141	57	93	48	115	31	123	35	111	11	188	54
6	394886	G	A	186	0	138	0	88	24	116	0	145	0	224	0	159	0
6	2959567	G	C	181	0	154	16	105	42	136	12	151	20	270	0	180	21
6	32629133	T	C	232	4	118	5	167	10	126	19	173	4	184	5	182	5
6	36339140	T	A	54	0	33	17	37	48	43	15	54	48	90	26	52	20
6	37606389	G	A	103	0	131	0	146	24	136	0	224	0	238	0	190	0
6	42613248	G	A	265	104	247	88	209	282	254	112	176	110	233	16	337	184
6	49754204	C	A	152	47	253	69	271	118	254	78	257	37	323	15	399	70
6	79577450	G	T	216	0	59	0	55	10	73	7	77	14	167	0	79	9
6	85466460	C	G	71	8	133	0	72	0	113	0	125	0	148	0	166	0
8	22020183	G	A	160	0	126	0	125	0	134	0	152	40	224	0	207	0
8	35542203	C	T	96	0	205	0	148	26	173	19	166	17	200	0	202	27
8	41166552	T	C	67	0	42	22	43	22	80	6	103	17	172	33	89	8
8	42173801	C	T	261	0	176	27	162	56	184	24	205	33	326	0	241	26
8	67726129	C	T	277	0	348	32	267	83	307	42	226	28	330	0	362	38
8	105026786	G	A	182	87	367	131	132	272	312	110	186	104	279	28	364	178
8	122626427	C	G	218	0	222	19	249	46	187	43	130	12	165	0	213	25
8	133759261	G	T	166	0	200	0	217	27	183	0	113	0	169	0	267	0
9	67926873	A	G	151	28	103	31	104	26	106	37	147	35	227	63	174	39
9	73399191	G	A	83	27	148	59	69	69	107	47	138	33	195	23	207	46
9	102730769	A	G	158	0	207	8	178	4	230	7	188	8	237	11	231	21
9	139640316	C	T	518	0	216	0	262	27	218	14	324	25	496	0	288	12
11	45672159	G	T	58	0	86	15	65	21	88	11	135	8	227	24	119	9
12	7046168	C	T	262	0	38	11	43	29	50	12	72	22	78	12	68	13
12	11546858	A	G	160	33	221	0	255	0	209	5	345	4	309	4	349	0
12	32793387	G	A	106	0	110	0	115	22	134	0	146	0	125	0	186	0
12	50035714	G	T	181	0	127	30	175	0	203	0	251	0	313	0	218	0
12	78531021	C	A	133	49	249	79	125	110	246	61	206	52	227	31	328	82
12	96653579	C	A	158	0	115	10	123	23	105	14	130	10	178	0	122	8
12	105151113	C	T	107	0	106	14	112	60	125	16	144	33	179	20	151	24
13	20716958	G	A	16	0	10	8	19	7	25	0	23	0	71	0	35	4
13	37605902	C	A	55	0	46	24	21	36	66	11	27	10	58	4	69	22
15	41797630	T	C	225	0	112	21	148	54	156	17	218	29	254	27	205	14
15	53809913	G	T	289	0	235	30	267	85	305	27	189	23	333	0	377	45
15	90611751	G	A	248	0	111	24	109	0	134	0	205	0	262	0	192	0
17	7017556	C	G	162	37	86	14	61	38	116	17	132	13	254	48	145	9
17	7577539	G	A	67	124	72	59	50	76	103	25	140	39	206	143	167	46
17	8408200	C	A	150	0	122	26	117	37	134	26	188	42	260	57	217	21
17	27005589	G	A	238	0	319	0	378	46	267	0	408	0	277	0	363	0
17	27613873	G	A	413	0	323	115	190	326	274	108	255	153	239	31	353	168
17	33689792	C	T	71	0	90	17	89	33	86	17	73	14	64	6	136	15
17	36476502	G	C	559	0	198	0	224	30	163	24	202	14	147	0	231	17
17	40475318	C	A	655	0	299	22	463	81	307	25	401	34	330	0	447	29
17	40965983	G	C	598	0	260	88	260	177	264	72	233	72	228	0	313	125
17	60525994	T	C	378	45	451	18	514	39	434	18	589	12	468	13	473	26
17	73235058	C	A	250	0	174	12	175	28	154	10	280	19	283	0	176	13
19	2853263	G	C	50	0	79	0	47	11	63	0	57	8	52	0	83	9
19	8188415	C	T	130	0	105	0	101	17	85	8	135	14	175	0	112	12
19	22171610	C	T	466	52	618	26	694	41	526	34	368	28	672	25	727	30
19	39591247	C	T	110	0	132	10	153	45	122	13	140	17	259	0	169	13
19	43689111	C	G	170	0	433	0	262	57	283	25	450	0	346	0	400	26
19	45458682	C	T	31	42	10	2	1	7	13	6	13	8	19	15	9	0
19	53056992	G	A	166	46	156	26	194	38	187	33	161	18	194	17	234	34
19	58385762	C	G	259	77	245	26	270	14	229	18	211	14	184	12	339	21
22	46751472	C	A	108	0	68	0	53	0	62	0	90	0	106	16	86	0
