Chr	Posi	Wild	Mut	Met1T:ref	Met1T:alt	Met2T:ref	Met2T:alt	Met3T:ref	Met3T:alt
2	39224440	T	A	487	0	391	0	332	113
2	183792917	G	T	333	0	316	0	182	70
5	14461216	G	A	36	23	34	41	39	98
5	109181619	C	G	255	0	242	0	177	60
5	140725312	G	A	95	0	72	0	40	10
5	176072885	C	A	111	0	108	0	82	30
6	75838122	C	A	228	0	255	0	249	52
6	153043129	T	A	144	24	62	66	69	75
6	155575663	G	A	298	0	125	70	285	0
7	43351426	G	A	291	0	258	0	263	30
7	95218952	C	A	246	0	391	0	310	69
7	96650148	G	T	387	0	422	0	424	66
7	121659316	A	C	301	0	423	0	374	60
8	64087922	G	T	377	0	416	0	388	72
9	6482099	G	T	211	0	267	0	212	60
9	86004582	G	T	161	0	92	71	126	0
9	114145508	C	T	129	34	177	0	133	0
10	24880837	A	G	280	27	204	23	234	45
12	41352978	A	G	166	0	174	0	78	60
12	53346023	C	T	29	0	9	5	12	0
12	125396605	G	A	7	0	0	2	5	11
12	133780551	C	A	116	56	117	0	136	167
12	133780578	C	T	79	43	90	0	80	97
16	24372943	G	T	189	0	114	46	135	0
16	67478452	T	C	159	0	72	43	101	0
16	67761342	C	A	76	0	46	0	33	6
16	67914684	G	C	61	0	43	16	57	0
16	88729441	G	T	205	0	146	65	178	0
16	90029834	G	T	137	0	93	0	42	19
17	9757842	C	T	349	0	333	64	269	209
17	10442571	C	T	566	0	529	5	637	181
17	11455229	C	A	191	0	185	0	289	76
17	16285560	T	C	301	0	328	13	292	37
17	18150651	C	G	171	0	91	23	94	52
17	28618469	A	G	329	0	184	22	228	0
17	37317573	C	A	192	0	116	0	203	63
17	37317574	G	C	192	0	116	0	204	60
17	37331781	C	A	103	14	65	0	98	0
17	37373107	T	A	353	82	234	65	261	192
17	37373108	C	T	355	82	233	64	268	191
17	73808271	C	G	269	43	312	0	256	0
17	79674252	C	T	437	0	397	0	343	87
20	4893619	C	G	134	29	66	23	124	24
20	5081522	C	A	187	13	152	8	93	9
20	49181550	A	G	234	48	302	64	284	77
22	20761134	G	T	184	0	136	0	117	24
22	38119755	C	A	108	15	58	13	32	32
22	38271975	G	A	88	0	79	0	124	24
22	42981798	C	G	161	37	100	40	112	83
