Chr	Posi	Wild	Mut	PrimT:ref	PrimT:alt	Met1T:ref	Met1T:alt	Met3T:ref	Met3T:alt	Status
1	3548778	G	A	109	0	266	0	291	5	undecided
1	13036665	G	A	118	0	318	7	333	0	undecided
1	14099644	C	A	331	0	733	0	657	4	undecided
1	17701949	G	A	103	4	144	0	186	0	undecided
1	27106861	C	T	28	10	50	9	43	20	undecided
1	27272084	G	C	67	25	89	9	97	34	undecided
1	38355336	C	T	197	0	361	0	317	4	undecided
1	57528605	G	T	210	0	406	4	500	0	undecided
1	92177930	G	A	193	0	208	0	253	4	undecided
1	100671808	A	G	249	97	380	63	347	141	undecided
1	100681617	G	T	247	0	595	0	652	4	undecided
1	103345240	G	A	154	30	183	9	146	23	undecided
1	115456629	C	A	262	4	521	0	210	0	undecided
1	145818769	C	T	166	0	515	4	389	0	undecided
1	152127961	C	T	212	8	518	13	592	26	undecided
1	152128065	C	T	218	0	446	9	486	15	undecided
1	152324182	G	C	145	7	253	0	262	0	undecided
1	152327757	C	T	64	4	115	0	128	0	undecided
1	154145607	T	G	110	4	231	0	188	0	undecided
1	158435784	A	G	126	4	187	5	263	12	undecided
1	161569430	G	A	102	11	178	14	208	24	undecided
1	220791709	A	T	137	0	174	4	165	0	undecided
2	1926311	G	A	78	0	73	0	91	5	decided
2	29145833	G	A	240	0	437	5	434	0	decided
2	32774487	C	T	120	7	200	0	262	0	decided
2	61145543	C	T	227	4	320	4	316	8	decided
2	65561851	C	T	150	0	298	0	300	7	decided
2	71185486	C	T	169	0	229	6	288	0	decided
2	131981221	C	G	90	0	213	4	233	14	decided
2	141771136	C	T	238	0	376	5	328	0	decided
2	149240800	G	A	102	33	143	38	165	53	decided
2	166166959	G	A	212	0	320	6	369	6	decided
2	179445065	A	T	194	4	331	0	248	0	decided
2	207027476	G	A	316	0	462	4	375	0	decided
2	210685054	A	T	106	0	197	0	213	4	decided
2	224849626	C	T	190	0	298	0	322	4	decided
2	242542480	T	G	70	0	115	5	150	0	decided
3	24006626	C	G	169	74	183	63	198	108	undecided
3	33584994	C	T	257	0	579	5	572	0	undecided
3	38141802	C	T	65	20	65	12	80	36	undecided
3	38542914	A	G	118	46	129	14	142	66	undecided
3	41746597	A	C	193	18	385	23	285	52	undecided
3	46450448	G	A	116	39	200	17	187	62	undecided
3	53854543	G	A	149	0	199	0	211	4	undecided
3	56330307	T	C	83	34	143	24	150	45	undecided
3	57627403	C	T	232	5	587	5	507	6	undecided
3	122090589	G	A	216	0	361	11	348	14	undecided
3	154864956	C	T	166	0	350	0	239	4	undecided
3	160151506	C	T	239	0	316	0	199	5	undecided
3	183474380	C	T	80	0	119	0	128	4	undecided
3	184090630	C	T	143	20	163	19	202	34	undecided
3	194371638	A	G	134	31	160	11	183	30	undecided
3	195006582	G	A	209	0	517	0	309	7	undecided
3	195512181	G	A	40	5	68	0	79	4	undecided
4	16177756	C	T	220	0	449	4	253	0	decided
4	69536320	G	A	91	11	122	4	118	7	decided
4	76722259	C	G	235	0	481	0	242	4	decided
4	144390266	T	A	201	0	338	0	405	4	decided
4	149115959	C	T	218	0	522	0	490	4	decided
5	14746024	G	A	149	0	175	0	245	4	undecided
5	36195374	G	A	191	7	232	0	272	0	undecided
5	101748821	G	A	90	0	140	0	117	15	undecided
5	101794117	G	A	217	4	664	0	394	0	undecided
5	140779849	G	A	87	17	105	11	118	15	undecided
5	145610463	G	A	81	6	76	0	73	0	undecided
5	146778737	G	A	168	0	255	4	342	0	undecided
5	147665577	G	T	319	4	674	0	330	0	undecided
6	31590622	C	T	238	0	455	0	547	6	decided
6	43593549	C	T	135	7	351	0	409	6	decided
6	56422191	C	T	122	0	267	4	228	0	decided
6	109480249	C	T	269	0	580	0	440	6	decided
6	131186766	G	A	133	0	265	0	288	4	decided
6	168376883	G	T	55	6	78	0	114	0	decided
7	1589503	C	T	137	0	192	0	250	5	undecided
7	4917591	C	T	48	8	40	0	30	10	undecided
7	5939980	C	T	117	0	320	0	245	4	undecided
7	76132828	G	A	168	0	229	0	255	4	undecided
7	127014674	A	G	122	69	221	61	200	93	undecided
7	128480201	G	T	137	0	166	0	229	4	undecided
7	129825154	G	A	179	0	225	4	259	0	undecided
7	150937511	C	T	135	54	181	54	225	103	undecided
8	196154	G	A	187	5	294	0	328	0	undecided
8	21905506	G	A	71	32	65	26	112	48	undecided
8	37993284	G	A	124	4	187	0	236	0	undecided
8	38285885	T	C	202	88	435	58	438	124	undecided
8	79598700	A	C	222	5	262	0	169	0	undecided
8	110539073	T	G	144	14	173	11	207	14	undecided
9	14120590	G	A	66	0	73	0	107	4	decided
9	33797869	G	A	132	0	169	4	278	8	decided
9	88257741	C	T	266	0	626	4	393	0	decided
9	95608705	T	A	208	53	301	43	276	76	decided
9	101830881	C	T	192	0	378	4	422	5	decided
9	112029769	G	A	227	0	420	0	513	4	decided
9	133493253	C	T	164	0	230	0	326	4	decided
9	136276110	G	T	109	4	214	0	267	0	decided
10	93180	C	G	101	0	238	0	273	4	undecided
10	17632416	G	A	207	5	301	0	290	0	decided
10	44874130	G	A	203	0	420	0	434	6	decided
10	76910602	A	G	115	40	201	34	171	41	decided
10	88417802	C	T	75	0	96	0	164	7	decided
10	96535275	G	T	143	6	321	0	409	0	decided
10	118390753	C	T	143	46	244	51	277	81	decided
10	119043322	C	T	238	0	304	0	409	5	decided
10	123722752	C	T	268	4	589	5	460	0	decided
11	22747968	C	T	266	0	715	6	573	0	undecided
11	62295549	C	T	113	4	127	0	179	0	undecided
11	62296271	G	A	204	11	320	9	306	5	undecided
11	62296299	G	A	178	12	244	0	248	0	undecided
11	67942578	C	A	247	5	608	0	483	0	undecided
11	119983163	C	T	402	7	584	14	635	4	decided
12	541059	C	T	210	0	302	0	216	5	decided
12	11545944	G	T	116	4	341	4	448	0	decided
12	25398284	C	T	132	112	283	76	253	182	decided
12	50745513	G	A	117	4	142	0	195	0	decided
12	52710279	T	C	130	11	271	16	352	29	decided
12	56676279	A	G	116	10	179	18	225	34	decided
12	122990178	G	A	182	24	311	24	285	27	decided
12	125396605	G	A	17	47	8	3	13	0	decided
12	125397262	T	C	267	18	127	0	236	0	decided
13	27847296	C	T	146	0	143	18	238	0	undecided
13	28599041	C	T	214	5	644	4	552	0	undecided
13	35630266	T	C	217	9	566	5	332	12	undecided
13	99534250	C	T	121	34	193	29	260	72	undecided
14	59992079	A	T	343	6	946	7	457	0	decided
14	75325156	C	T	189	0	385	0	402	7	decided
14	94152991	C	T	109	0	146	4	200	0	decided
15	25223575	G	A	155	22	326	32	302	36	undecided
15	29415826	G	A	152	0	281	0	326	4	undecided
15	30011277	G	A	174	0	253	0	331	6	undecided
15	33944994	C	T	136	0	163	4	219	0	undecided
15	34163195	G	A	182	0	254	0	241	6	undecided
15	43352309	G	A	149	0	196	0	241	4	undecided
15	43931133	G	A	150	0	172	5	256	0	undecided
15	52606339	G	A	251	4	533	0	386	0	undecided
15	65746678	G	A	122	0	168	0	177	4	undecided
15	78927889	G	A	139	4	460	0	466	0	undecided
16	72139431	C	T	156	0	169	0	227	6	undecided
17	3919679	G	T	103	0	227	0	291	4	decided
17	4015920	G	C	71	0	78	8	115	0	decided
17	7671485	C	T	92	57	166	51	144	77	decided
17	9583620	G	A	111	0	167	4	173	0	decided
17	10408207	C	T	216	0	422	4	334	4	decided
17	18205213	G	A	245	45	597	79	779	147	undecided
17	18205653	G	A	108	19	96	9	140	26	undecided
17	27074875	G	A	121	53	107	19	184	75	undecided
17	30692411	G	A	152	35	200	37	218	53	undecided
17	34499271	C	T	208	0	569	0	586	4	undecided
17	48545960	C	T	159	0	260	0	311	4	decided
17	62855768	C	T	69	5	196	0	252	0	undecided
17	72540795	C	T	110	6	167	8	176	5	undecided
17	80755648	C	A	198	4	514	6	336	4	undecided
18	14543092	G	A	104	13	319	0	465	0	undecided
18	46956740	C	T	164	0	433	5	402	0	decided
18	48603032	C	T	81	38	94	25	94	44	decided
19	8968931	C	T	129	0	325	5	277	5	decided
19	9018463	T	C	113	0	271	0	261	6	decided
19	9019623	C	T	140	0	405	0	361	4	decided
19	14208270	C	T	103	26	137	13	194	0	undecided
19	14591428	C	T	114	0	244	0	283	6	undecided
19	22363413	C	T	58	0	62	9	73	5	undecided
19	23836372	C	T	92	0	81	6	102	0	undecided
19	46627897	G	A	161	34	230	61	229	78	undecided
19	49416393	G	A	140	0	199	0	204	5	undecided
19	57932012	A	G	132	4	154	0	110	0	undecided
20	1902132	A	T	42	7	140	0	121	0	undecided
20	61845283	G	A	190	0	254	4	245	4	undecided
22	22160199	G	A	278	7	405	0	474	0	decided
22	24210705	G	A	145	0	230	0	348	4	decided
22	46929866	G	A	46	44	62	37	68	52	decided
X	15262713	C	T	143	0	345	0	416	8	undecided
X	17745015	C	T	94	0	157	4	191	0	undecided
X	22115094	C	T	139	0	281	0	355	5	undecided
X	24760181	C	T	135	0	192	0	257	4	undecided
X	46737004	C	T	86	0	330	0	253	7	undecided
X	50659228	G	A	50	7	48	0	62	0	undecided
X	80370424	C	T	123	4	179	0	128	0	undecided
X	110996031	G	T	150	0	361	5	236	0	undecided
