Chr	Posi	Wild	Mut	PrimT:ref	PrimT:alt	Met1T:ref	Met1T:alt	Met3T:ref	Met3T:alt	Met4T:ref	Met4T:alt	Met5T:ref	Met5T:alt	Met6T:ref	Met6T:alt	Met7T:ref	Met7T:alt	Met8T:ref	Met8T:alt
1	45110941	C	A	123	0	117	0	124	0	77	0	74	0	77	76	116	0	82	0
1	47048972	C	T	104	51	107	0	133	0	89	0	127	0	102	0	111	0	93	0
1	145311931	C	T	30	4	31	6	47	9	27	13	37	21	40	9	33	8	32	9
2	113588905	G	A	423	0	385	95	391	161	318	192	375	172	396	6	349	182	374	82
2	223489020	G	A	347	111	348	94	353	171	407	168	342	197	202	130	307	144	390	116
2	234581384	C	T	149	10	139	15	160	21	160	17	143	29	94	12	188	23	129	15
5	79734658	C	T	177	64	197	66	190	69	169	121	185	102	113	71	167	84	207	70
5	121780324	G	A	230	74	153	60	243	115	157	77	165	99	165	122	234	113	170	61
5	140564355	G	A	80	35	75	23	91	25	62	29	54	29	61	45	52	33	44	20
6	27879804	C	A	263	0	301	0	392	0	312	0	316	0	160	107	308	0	293	0
8	7215882	C	T	206	12	263	18	296	33	269	39	247	29	166	12	278	20	269	15
8	99961471	C	G	147	0	51	0	103	0	56	0	97	0	132	0	78	41	53	0
9	116346421	G	A	77	24	37	19	76	37	30	21	39	34	80	21	76	33	55	23
10	48389383	G	A	73	16	28	7	55	34	29	13	41	19	76	32	52	27	30	12
10	49635182	G	T	448	4	434	4	550	0	590	0	518	124	372	0	499	0	513	0
11	65649956	G	A	319	0	188	47	263	0	149	0	184	0	375	0	334	0	167	0
11	65793647	G	T	354	0	266	0	418	0	231	0	243	0	441	101	435	0	245	0
11	85623729	C	T	614	169	402	117	478	196	361	198	310	215	351	221	355	168	396	152
12	58131102	C	A	214	60	107	0	164	0	106	0	131	0	228	0	179	0	93	0
14	24836270	A	C	307	17	261	21	345	9	256	21	253	7	365	37	419	16	247	0
18	61223484	C	T	355	0	344	0	364	0	359	0	261	0	202	109	303	0	318	0
19	39879938	C	T	189	0	125	0	88	78	84	0	99	0	149	0	111	0	123	0
19	54782829	G	A	260	0	157	0	185	0	99	0	119	0	236	0	190	0	121	19
19	55716764	C	A	471	0	226	0	349	0	212	0	202	0	215	208	297	0	205	0
