Chr	Posi	Wild	Mut	PrimT:ref	PrimT:alt	Met1T:ref	Met1T:alt	Met4T:ref	Met4T:alt	Status
1	43903092	G	T	89	101	308	0	32	45	decided
1	65830351	G	T	76	105	144	0	14	26	decided
1	107973484	G	T	88	132	254	0	25	28	decided
1	153652146	T	C	60	28	47	0	29	0	undecided
1	156038254	G	T	225	56	125	0	111	36	undecided
1	158325308	C	T	376	90	211	0	86	26	undecided
1	158368957	G	T	238	356	351	0	62	128	undecided
1	160806041	G	A	338	199	437	4	93	60	undecided
1	171504666	G	T	222	120	275	0	57	30	undecided
1	174417800	G	T	141	67	128	0	24	16	undecided
1	185984429	C	G	129	51	148	0	42	18	undecided
1	196398736	A	G	171	91	92	0	48	25	undecided
1	196953215	C	A	145	69	51	0	42	22	undecided
1	212798782	C	A	45	26	46	0	15	7	undecided
1	216062367	G	T	115	41	63	0	28	21	undecided
1	226421134	C	A	399	186	349	0	106	55	undecided
1	228033240	A	G	193	89	334	0	73	65	undecided
1	228111892	T	C	123	77	197	0	45	22	undecided
1	228433240	G	T	176	121	369	0	58	42	undecided
1	231830067	G	T	85	37	140	0	27	19	undecided
1	232601095	G	C	83	41	95	0	29	8	undecided
1	237821257	G	T	163	103	18	0	40	27	undecided
1	247835732	G	T	39	17	32	0	11	0	undecided
1	248685844	G	T	94	49	47	0	19	17	undecided
2	1507748	C	A	233	93	254	0	60	39	decided
2	3391650	G	T	52	15	79	0	21	17	decided
2	27372107	C	T	96	28	130	0	25	23	decided
2	33534509	G	A	278	142	105	0	53	28	decided
2	45169599	C	A	22	13	37	0	13	9	decided
2	50765687	C	A	179	95	232	0	42	33	decided
2	62081056	C	A	163	0	151	0	47	32	decided
2	73679043	G	A	67	32	46	0	15	5	decided
2	73679044	G	T	68	32	44	0	15	5	decided
2	74749983	C	T	58	49	145	0	25	0	decided
2	103010994	C	A	409	211	275	0	105	58	decided
2	128903459	A	T	210	128	270	0	54	25	decided
2	130877628	C	A	41	21	42	0	9	7	decided
2	132021063	G	T	311	81	112	0	88	26	decided
2	151343232	C	A	278	144	365	0	124	61	decided
2	153520739	C	A	90	42	8	0	28	8	decided
2	157186543	A	T	343	199	433	0	102	53	decided
2	160028721	G	T	224	113	192	4	63	31	decided
2	163124756	T	C	180	0	18	4	60	0	decided
2	166897974	C	A	120	84	15	0	30	18	decided
2	167266781	C	A	770	444	208	0	219	97	decided
2	167266782	C	G	767	439	206	0	221	96	decided
2	167322468	G	A	95	63	41	0	24	17	decided
2	203417478	G	T	165	98	225	0	52	26	decided
2	228884161	C	A	101	70	157	0	28	19	decided
2	232081479	G	A	450	0	208	0	103	15	decided
2	234581022	G	T	635	150	218	0	193	51	decided
2	238305432	A	T	256	153	306	0	64	51	decided
3	44938233	C	A	80	151	334	0	22	54	decided
3	51696762	G	A	38	25	112	0	9	18	decided
3	75715006	G	T	1321	186	1893	0	529	76	decided
3	96962948	G	T	293	161	336	0	66	29	decided
3	101383996	G	C	247	142	92	0	50	41	decided
3	113005605	C	T	230	0	364	0	72	45	decided
3	126707583	G	T	44	46	104	0	12	35	decided
3	130424549	G	C	288	0	117	0	76	46	decided
3	164905775	G	T	88	242	270	0	13	71	decided
3	170198875	G	T	69	48	114	0	13	17	decided
3	170216653	G	C	131	85	185	0	35	28	decided
4	4199046	C	A	51	30	108	0	12	11	decided
4	7736032	G	T	647	286	904	0	237	80	decided
4	20619270	C	T	104	73	194	0	35	11	decided
4	20711391	G	T	437	213	41	0	129	26	decided
4	25675935	G	T	461	232	624	0	181	51	decided
4	39510282	T	C	156	77	86	0	33	25	decided
4	46976325	C	A	204	112	71	0	36	30	decided
4	57181708	G	A	18	11	32	0	7	6	decided
4	68930516	G	T	127	69	33	0	25	5	decided
4	70146243	C	A	435	203	338	0	95	32	decided
4	76813092	C	A	85	56	132	0	43	14	decided
4	79295277	A	G	179	81	265	0	44	20	decided
4	89391805	G	A	193	87	12	0	33	31	decided
4	96761818	G	T	104	50	179	0	25	11	decided
4	114284579	T	A	300	150	131	0	67	29	decided
4	126336899	C	G	120	65	79	0	36	10	decided
4	144464794	A	G	86	60	20	0	17	23	decided
4	144545467	G	A	212	102	37	0	51	9	decided
4	144620299	G	C	157	95	308	0	39	27	decided
4	155219731	G	A	201	91	183	0	22	29	decided
4	158281138	G	T	318	131	503	0	71	59	decided
4	169312763	C	A	203	120	103	0	46	15	decided
4	175183962	A	G	108	53	97	0	20	8	decided
4	187196973	G	T	304	149	174	0	98	28	decided
5	21842275	G	T	175	138	142	0	52	0	decided
5	24505273	A	T	336	148	55	0	108	0	decided
5	39376103	G	C	376	237	135	0	112	0	decided
5	45645463	C	A	265	126	61	0	16	44	decided
5	64931197	G	T	222	101	90	0	25	39	decided
5	89923556	G	T	57	45	6	0	7	0	decided
5	140554588	G	A	261	25	322	0	43	20	decided
5	140567195	C	G	70	31	89	0	9	15	decided
5	140580243	G	T	86	51	20	0	12	0	decided
5	145643084	T	G	208	119	108	5	14	37	decided
5	149907822	G	T	105	50	160	0	21	26	decided
5	150931046	G	T	211	150	379	0	63	0	decided
5	161300322	G	T	132	84	197	0	21	0	decided
5	171533758	G	C	240	122	349	0	37	51	decided
5	178140075	T	C	285	0	28	4	40	0	decided
5	180166406	A	T	119	58	200	0	33	0	decided
6	7904825	C	A	124	123	331	0	24	50	decided
6	25770345	C	T	95	119	265	0	23	29	decided
6	35053691	G	T	18	23	70	0	3	18	decided
6	65622530	G	T	100	113	134	0	22	29	decided
6	97562043	C	T	103	139	330	0	34	57	decided
6	105526530	G	A	14	20	85	0	8	10	decided
6	124604203	C	A	121	181	122	0	36	56	decided
6	139232487	C	A	108	126	73	0	22	39	decided
6	139564106	G	T	27	28	53	0	9	10	decided
6	154567841	C	G	58	146	251	0	15	43	decided
6	168464411	T	C	54	53	192	0	22	29	decided
7	6825633	A	T	40	12	1	0	15	0	decided
7	27203434	C	A	233	139	386	0	81	53	decided
7	28997339	C	A	215	0	196	0	52	35	decided
7	82585610	C	A	218	104	102	0	46	22	decided
7	87133701	A	T	404	265	727	0	113	76	decided
7	87183113	G	T	182	104	138	0	43	37	decided
7	89856554	T	A	88	57	38	0	29	17	decided
7	93623652	C	A	518	0	89	0	106	53	decided
7	94052384	C	A	370	210	639	0	126	86	decided
7	103243795	C	A	146	72	95	0	45	34	decided
7	106508297	C	A	19	12	45	0	5	3	decided
7	106509434	C	A	95	74	163	0	32	17	decided
7	107732080	C	T	191	118	231	0	64	33	decided
7	121651215	T	A	125	85	149	0	25	27	decided
7	121719742	C	A	113	54	59	0	41	10	decided
7	128529076	C	A	189	97	249	0	97	40	decided
7	128544344	G	T	90	51	144	0	32	14	decided
7	129841703	C	A	182	104	229	0	41	27	decided
7	143827041	T	C	540	0	421	0	137	58	decided
7	153584796	G	A	160	58	183	0	40	34	decided
7	156754923	G	T	295	203	447	0	92	50	decided
7	157926723	C	A	96	39	141	0	48	19	decided
8	3000159	A	T	323	215	268	0	107	54	undecided
8	27898646	G	T	181	84	281	0	85	44	undecided
8	30702934	A	G	41	21	6	2	12	4	undecided
8	35583724	C	A	28	18	40	0	4	9	undecided
8	52321352	G	A	54	18	89	0	20	16	undecided
8	76471228	G	T	145	53	58	0	53	12	undecided
8	77618493	C	A	169	202	238	0	52	58	undecided
8	77766781	C	A	86	96	164	0	28	35	undecided
8	88886186	C	A	41	54	95	0	19	17	undecided
8	95704963	G	T	261	318	428	0	77	76	undecided
8	105361249	C	A	84	30	15	0	21	7	undecided
8	106813950	G	T	46	13	42	0	10	3	undecided
8	124266094	C	A	151	82	126	0	43	15	undecided
8	124266095	C	G	147	80	124	0	41	15	undecided
8	143831832	C	T	161	135	244	0	69	85	undecided
9	33053260	G	A	284	271	170	0	94	77	decided
9	35108103	C	A	9	16	24	0	3	8	undecided
9	97082494	G	A	94	59	173	0	29	22	undecided
9	107289136	C	A	108	40	71	0	23	10	undecided
9	107361538	G	A	21	10	30	0	6	3	undecided
9	116811836	G	T	8	17	31	0	12	0	undecided
9	119976942	C	T	121	69	173	0	41	26	undecided
9	120475800	G	T	127	51	59	0	28	12	undecided
9	130272501	C	A	228	111	327	0	65	62	undecided
9	131235943	C	T	157	107	233	0	56	27	undecided
9	132988727	C	A	210	110	325	0	89	51	undecided
9	138516290	T	A	134	71	230	0	47	39	undecided
10	15726008	C	G	188	137	263	0	64	21	undecided
10	17199548	T	A	117	70	17	0	30	18	undecided
10	17199549	C	T	122	71	18	0	32	18	undecided
10	45799112	C	T	183	0	216	0	13	24	decided
10	49939539	G	T	51	24	63	0	4	7	decided
10	50122110	G	A	138	91	149	5	43	0	decided
10	60027284	C	A	51	36	88	0	19	0	decided
10	68686836	G	T	308	125	183	0	42	33	decided
10	72509627	G	T	87	31	129	0	20	0	decided
10	98802692	C	A	186	0	352	0	38	50	decided
10	118451860	A	T	147	0	286	0	28	49	decided
11	1955028	G	A	41	59	134	0	21	29	decided
11	55579782	C	G	6	11	20	0	2	3	decided
11	55607036	G	T	91	92	286	0	19	25	decided
11	69514057	G	T	68	94	224	0	18	31	decided
11	72299930	A	T	24	18	75	0	7	14	decided
11	74168503	C	A	56	62	173	0	16	39	decided
11	88583158	C	G	114	43	458	0	40	24	decided
11	110482107	T	C	40	58	10	0	12	14	decided
12	12022792	G	T	19	55	87	0	7	18	decided
12	21325586	G	C	196	633	99	0	59	168	decided
12	25398284	C	A	127	299	242	0	29	75	undecided
12	26551808	C	A	439	222	59	0	118	50	undecided
12	49218731	G	C	155	75	153	0	38	15	undecided
12	50028161	G	T	187	129	315	0	85	48	undecided
12	51844698	G	T	178	95	205	0	52	39	undecided
12	52163703	G	A	205	114	231	0	67	26	undecided
12	54059143	C	A	169	74	250	0	72	34	undecided
12	57869643	G	T	158	86	247	0	58	50	undecided
12	63543810	C	G	79	37	146	0	18	14	undecided
12	68051905	G	T	208	124	336	0	72	40	undecided
12	99166819	C	A	199	109	85	0	69	34	undecided
12	111319018	C	G	145	68	207	0	75	26	undecided
12	124354915	C	A	233	111	75	0	83	38	undecided
12	129189723	C	A	74	46	126	0	18	26	undecided
13	25281302	G	T	65	80	233	0	10	24	decided
13	42783209	G	C	44	83	155	0	14	25	decided
13	45149652	C	A	85	110	318	0	31	35	decided
14	20482660	G	C	146	103	248	0	45	26	decided
14	20528595	A	G	162	87	105	0	38	18	decided
14	23884673	G	C	226	112	313	0	77	42	decided
14	24661375	A	C	155	74	172	0	43	29	decided
14	47120663	G	A	150	75	252	0	53	33	decided
14	50053044	G	A	168	111	282	0	64	34	decided
14	51489585	G	T	246	121	454	0	95	48	decided
14	65268074	C	A	206	125	384	0	92	44	decided
14	73789872	T	C	194	106	26	0	83	21	decided
14	79175803	G	T	162	80	207	0	44	54	decided
14	95058426	G	T	246	121	360	0	99	57	decided
14	103341997	G	C	261	140	161	0	51	43	decided
15	29488751	C	A	150	70	210	0	56	36	decided
15	31352756	G	A	252	0	193	0	53	26	decided
15	34048518	A	T	345	195	283	0	96	58	decided
15	34647828	C	G	202	0	226	0	51	39	decided
15	34653711	C	G	103	50	165	0	40	23	decided
15	40917096	C	G	73	27	19	0	30	7	decided
15	52905952	C	A	439	213	293	0	123	72	decided
15	53907789	C	G	190	100	29	0	48	9	decided
15	64010990	T	A	278	170	63	0	68	41	decided
15	73558663	G	T	354	174	144	0	79	58	decided
15	74238820	G	C	99	45	157	0	30	35	decided
15	74468085	C	A	29	12	39	0	4	6	decided
15	77907793	C	T	159	78	251	0	65	47	decided
15	85383178	G	A	42	22	52	0	17	14	decided
16	2333309	G	A	134	85	238	0	55	46	decided
16	3254480	C	A	293	159	353	4	58	60	decided
16	4624716	C	A	178	75	137	0	48	16	decided
16	27487817	C	G	198	101	307	0	68	53	decided
16	31342511	A	T	87	43	101	0	29	10	decided
16	56536696	C	A	93	54	93	0	16	21	decided
16	69964086	A	G	272	144	388	0	42	54	decided
16	74446726	G	A	230	30	240	0	89	27	decided
16	76501289	A	C	374	272	231	0	39	66	decided
17	3030729	C	T	105	54	163	0	28	15	decided
17	3788840	C	A	134	70	165	0	44	18	decided
17	7833934	C	A	229	137	370	0	84	46	decided
17	8738624	G	T	59	18	61	0	19	18	decided
17	10212640	C	A	75	36	116	0	15	17	decided
17	10355643	C	A	85	66	103	0	38	20	decided
17	10440755	G	T	461	228	681	0	125	88	decided
17	30814971	C	G	25	11	44	0	18	6	decided
17	39340991	C	A	85	42	161	0	35	19	decided
17	42455748	C	A	108	55	181	0	38	30	decided
17	48597066	C	T	175	99	257	0	50	43	decided
17	56399695	G	A	108	43	156	0	90	0	decided
17	58701014	A	G	207	112	238	0	86	0	decided
17	76157269	G	T	193	98	292	0	88	56	decided
18	5406812	C	A	262	168	356	0	95	54	undecided
18	14757920	G	T	178	80	79	0	46	17	undecided
18	28972298	G	T	34	53	13	0	24	8	undecided
18	34092504	G	T	113	0	179	0	32	16	undecided
18	44416357	C	A	105	150	99	0	67	46	undecided
19	17516337	C	G	112	148	387	0	38	69	decided
19	17953181	C	A	17	13	39	0	7	14	decided
19	17954233	T	A	54	65	102	0	14	26	decided
19	21991287	C	A	21	13	5	0	2	3	decided
19	36575567	G	T	121	120	403	0	31	60	decided
19	43382362	C	T	247	143	843	0	91	81	decided
19	47285642	C	T	46	61	107	0	8	24	decided
19	51537847	C	A	73	112	297	0	30	35	decided
19	55341621	G	C	140	17	379	7	38	8	decided
19	55870064	C	T	26	33	111	0	10	13	decided
19	56090246	C	A	18	20	61	0	5	10	decided
19	58849669	C	G	37	34	131	0	7	23	decided
19	58982200	G	A	246	34	440	24	91	7	decided
20	2312860	A	G	332	0	291	0	96	38	decided
20	8769333	C	T	262	131	33	0	59	23	decided
20	10620181	C	A	853	385	1232	0	309	164	decided
20	18037319	G	A	103	78	172	0	48	26	decided
20	21492765	G	T	93	40	129	0	42	36	decided
20	34021940	C	A	184	100	356	0	74	45	decided
20	35234417	A	T	144	0	174	0	58	38	decided
20	39991566	C	T	43	16	66	0	33	6	decided
20	55211775	G	T	244	134	195	0	71	32	decided
20	57766920	T	C	55	40	129	0	22	28	decided
21	15517056	C	T	53	59	17	0	9	23	decided
21	33064229	C	A	70	116	172	0	17	24	decided
21	43833229	C	A	134	91	303	0	28	50	decided
22	17073385	G	T	77	48	197	0	21	32	undecided
22	19209496	C	A	84	110	91	0	35	27	decided
22	26706758	C	A	72	59	185	0	17	25	decided
X	20029158	T	A	15	48	18	0	23	0	undecided
X	91132811	A	G	40	115	103	0	9	24	undecided
X	91134258	G	T	92	127	198	0	18	37	undecided
X	125685323	G	T	41	101	210	0	25	40	undecided
X	128896674	T	A	92	151	199	0	15	63	undecided
X	134713783	G	T	22	57	38	0	4	24	undecided
X	134993954	C	A	23	80	55	0	5	24	undecided
X	142795228	C	A	87	165	178	0	12	39	undecided
X	149013179	C	A	33	75	127	0	8	46	undecided
X	151820017	C	A	101	350	364	0	34	106	undecided
