Chr	Posi	Wild	Mut	PrimT:ref	PrimT:alt	Met1T:ref	Met1T:alt	Met2T:ref	Met2T:alt	Met3T:ref	Met3T:alt
2	11733111	A	G	61	57	45	32	84	68	44	46
2	21229370	G	A	91	0	64	0	21	4	88	0
2	26705455	C	A	72	62	54	43	82	82	55	36
2	27685648	T	G	240	143	215	155	134	119	214	149
2	50847266	T	C	61	61	74	62	68	41	102	82
2	74757366	G	T	28	49	22	39	84	73	43	33
2	95815939	T	C	110	91	88	76	66	58	118	85
2	98128139	C	T	95	52	87	40	37	16	122	58
2	108608652	G	T	124	109	146	108	82	66	167	155
2	112620044	A	T	126	63	93	100	34	24	114	54
2	135884200	A	T	173	206	266	163	110	76	242	185
2	136409526	G	T	107	91	88	112	190	202	131	118
2	152507348	G	A	90	79	88	63	53	39	100	80
2	168104642	A	C	103	110	95	94	59	65	153	98
2	170009340	G	T	130	94	100	120	92	69	105	125
2	176973828	C	T	64	59	72	58	49	32	74	48
2	179463261	T	G	96	115	111	108	72	57	155	158
2	179574464	A	G	72	81	75	69	32	36	91	85
2	188332528	C	A	383	81	301	0	139	0	484	0
2	191874638	C	T	321	20	256	0	154	0	403	128
2	212295826	C	T	98	96	101	74	48	32	133	98
2	219609841	G	T	309	186	303	227	175	146	376	361
2	233396360	C	A	64	41	34	31	55	37	36	25
3	32031246	A	G	75	0	42	0	8	3	94	0
3	38622788	T	A	7	78	2	42	1	82	2	49
3	43073921	C	T	11	68	3	62	7	80	2	43
3	46754484	G	A	215	0	150	0	113	0	106	93
3	48606288	C	A	5	53	0	38	4	44	2	45
3	58728271	G	C	11	81	1	91	0	66	14	86
3	75715082	C	A	390	46	321	78	482	122	379	93
3	75786366	A	T	209	18	188	21	84	10	220	9
3	100362131	T	G	137	57	128	79	32	29	155	67
3	113955403	G	A	112	50	89	79	83	44	111	49
3	120977994	C	A	106	50	97	99	28	46	162	64
3	124826815	C	A	26	48	38	36	47	72	16	36
3	142234256	G	A	157	54	106	65	49	20	225	67
3	143082344	C	T	262	0	259	75	121	44	293	0
3	174814693	G	C	127	0	154	34	60	17	128	0
3	184429382	C	G	52	80	61	56	101	123	44	64
5	55168227	T	G	101	0	77	4	16	0	148	0
5	60241189	C	T	56	0	51	7	59	0	87	0
5	82491620	T	A	113	0	65	0	44	5	127	0
5	82835851	A	G	9	72	1	50	3	32	5	60
5	90074406	C	T	45	0	30	0	41	0	37	6
5	156723784	T	G	94	12	69	0	65	0	88	0
7	5360234	G	A	55	46	44	64	114	107	42	46
7	6088475	C	A	52	71	52	47	33	38	68	93
7	24324984	C	A	62	22	57	53	136	54	46	25
7	35077489	G	T	6	10	8	3	13	15	8	8
7	35244085	G	T	167	0	198	59	200	35	188	10
7	48237893	C	T	164	0	175	22	142	24	180	0
7	72281191	C	G	247	0	291	63	201	59	276	0
7	73151381	C	T	97	119	147	159	203	213	98	130
7	92761505	T	A	110	501	119	216	43	83	149	437
7	99220205	C	T	496	88	259	103	451	124	314	80
7	100635436	C	T	81	35	95	40	107	75	65	31
7	120782150	A	C	151	17	97	16	75	14	139	32
7	138341247	T	C	74	104	32	60	9	41	61	116
7	148112623	C	T	134	64	99	45	160	58	117	57
7	149461916	C	T	39	27	24	9	67	26	29	17
8	2976019	A	G	10	101	5	95	2	76	7	124
8	24811148	G	C	18	100	4	51	5	112	9	86
8	37732495	T	A	35	17	14	11	32	34	50	28
8	38947587	A	T	458	387	454	374	199	204	463	528
8	77618548	C	G	151	0	84	29	164	56	178	0
8	110980641	C	T	122	44	110	63	94	45	208	61
8	116616829	C	T	45	31	37	31	16	9	80	33
8	132002719	G	A	211	81	153	71	236	81	298	86
8	140998968	C	A	189	0	161	0	339	0	166	24
8	142480721	C	T	184	75	155	70	285	121	193	86
9	17394880	G	T	13	98	10	85	2	66	13	166
9	36218208	A	G	108	17	58	0	106	0	107	0
9	138378571	C	T	10	16	12	6	24	11	11	10
10	26459468	G	T	10	89	2	79	3	29	7	107
10	45498943	T	G	53	0	46	0	35	5	60	0
10	82045334	C	A	6	94	5	92	4	69	8	86
10	85992120	C	A	4	37	2	16	1	41	5	21
10	104590734	A	T	0	5	1	3	0	11	1	10
10	118434472	G	T	88	0	77	18	151	0	105	0
11	7586827	T	G	14	109	6	100	5	110	9	105
11	64878026	T	A	3	115	0	95	2	162	5	126
11	72406625	C	T	140	0	101	34	195	55	116	0
11	78775835	C	A	12	159	3	123	5	258	3	141
12	352954	G	A	38	0	26	27	20	29	31	0
12	4705368	G	C	10	92	6	66	0	84	9	93
12	10228205	A	G	70	67	76	70	36	23	145	111
12	11286188	G	A	169	8	159	8	71	0	194	14
12	34176942	A	G	198	26	212	17	97	18	248	24
12	40728949	G	T	3	66	1	53	3	54	12	86
12	56082653	C	A	144	72	125	50	236	104	101	41
12	56106049	G	A	109	126	66	131	76	119	104	137
12	57994165	A	G	178	96	177	78	94	43	191	84
12	58024769	C	A	31	79	32	53	64	82	41	77
12	69263190	G	T	174	0	150	0	59	8	289	0
12	89891043	G	C	67	118	56	115	35	62	70	158
12	91445200	C	G	61	116	44	96	23	57	56	87
12	99043370	G	T	100	42	116	53	50	23	120	64
12	101430903	A	G	490	201	430	212	221	97	458	196
12	102046562	G	A	374	134	330	149	154	51	467	184
12	107155059	C	A	109	48	107	37	132	73	120	44
12	111085036	G	T	227	141	222	109	116	49	261	119
12	121176672	C	T	37	15	31	9	57	15	20	17
13	21179246	T	A	140	0	59	4	37	6	213	0
13	28895724	T	A	96	0	60	0	49	6	135	0
13	36909271	C	A	55	0	36	5	14	0	86	0
13	38266273	A	C	135	24	129	0	80	0	216	0
13	52548606	C	A	0	5	1	15	0	5	1	48
13	52952547	C	G	5	32	1	17	0	29	0	28
13	53035341	C	T	78	0	51	0	29	4	140	0
13	75873504	A	G	0	61	1	40	1	62	7	72
13	103418862	A	C	100	0	93	0	41	5	192	0
14	20849498	C	T	480	0	365	49	415	47	428	0
14	23504003	G	C	412	121	377	160	583	191	507	150
14	23855159	C	G	214	0	181	0	348	0	182	23
14	45478128	C	G	3	54	3	35	3	21	10	72
14	75264407	G	T	6	70	2	58	2	58	3	67
14	105412955	C	T	105	0	81	45	106	51	80	0
15	22383342	C	A	49	9	55	0	21	4	81	16
15	50835799	T	C	30	41	47	28	14	10	41	37
15	52161433	G	T	46	0	50	17	28	13	88	0
15	63047782	G	A	157	0	127	28	252	58	202	0
15	72837161	G	A	159	75	159	135	64	47	154	124
15	88472468	C	A	99	62	67	52	97	59	83	61
16	188266	T	A	11	90	4	80	1	178	7	77
16	2284299	G	T	71	35	76	25	86	45	55	12
16	3406515	C	T	59	61	47	28	100	38	37	54
16	24202425	C	G	42	93	63	72	36	53	35	86
16	30364931	C	A	40	16	20	19	53	33	28	7
16	50104087	A	G	139	59	123	101	68	52	167	62
16	68266690	T	A	283	29	320	0	475	0	210	94
16	76495900	A	G	151	84	137	119	160	123	131	78
16	77465191	C	T	46	84	67	57	66	50	33	72
16	89911743	G	T	151	238	217	187	226	177	130	242
17	7578394	T	C	3	30	3	22	3	53	0	38
17	7664117	G	A	80	0	60	22	96	0	77	0
17	10426941	T	G	12	154	4	103	11	172	11	151
17	26691503	C	T	143	145	115	94	228	184	127	102
17	33288768	G	A	196	0	134	37	236	69	261	0
17	37922309	G	A	224	0	192	33	305	30	232	0
17	38933372	A	T	170	135	117	106	38	39	187	146
17	42336949	C	T	112	66	74	77	103	113	77	68
17	55055533	C	T	70	56	36	33	76	114	49	40
17	55197610	G	T	229	182	185	170	176	182	200	162
17	63554439	C	T	168	0	145	0	149	0	182	54
17	66872649	A	T	284	54	216	0	403	0	346	0
17	72691963	T	A	135	116	86	103	163	162	84	108
17	73758964	G	T	47	30	22	17	46	44	36	28
18	6999992	T	A	107	75	103	55	38	32	126	80
18	19102772	G	A	126	0	129	23	76	0	175	0
18	67741164	G	A	366	0	246	36	141	0	467	0
20	5283113	T	C	59	33	56	31	98	49	64	31
20	25297689	A	G	37	17	43	22	72	45	39	19
20	43959107	C	A	80	294	165	297	134	284	200	298
20	50701349	C	A	520	72	389	48	965	119	417	50
20	61512097	G	A	47	97	56	80	106	104	59	65
20	61945105	C	A	14	34	23	25	36	39	15	42
20	62493315	G	C	24	12	13	5	10	17	8	6
21	11098735	C	T	167	17	128	17	223	11	115	11
21	15882716	G	T	77	52	85	54	74	53	63	32
21	28296624	A	G	98	94	103	79	61	59	82	97
21	34648902	T	A	173	135	159	120	83	58	200	109
21	46078047	C	A	101	65	68	77	121	128	78	46
21	47418327	A	C	138	97	93	88	190	155	51	60
