Chr	Posi	Wild	Mut	PrimT:ref	PrimT:alt	Met1T:ref	Met1T:alt	Met2T:ref	Met2T:alt	Met3T:ref	Met3T:alt	Met4T:ref	Met4T:alt	Met5T:ref	Met5T:alt	Met6T:ref	Met6T:alt
1	10384954	G	A	498	0	516	0	445	100	377	32	414	0	394	0	587	42
1	39788581	G	T	164	0	144	0	102	36	97	12	114	0	140	0	148	12
2	141214026	G	T	249	0	219	31	340	0	321	0	185	0	269	0	349	0
2	141459305	G	A	177	45	286	67	278	162	361	77	161	40	270	31	352	89
2	161223769	G	A	853	0	580	0	509	95	585	0	698	0	533	0	686	0
2	163291971	T	G	117	0	215	69	163	72	177	50	150	36	180	19	210	36
2	170044559	G	A	104	0	141	24	139	29	124	26	159	19	242	0	187	15
2	175243770	T	G	126	0	116	16	126	0	159	0	106	0	127	0	170	0
2	196741271	T	G	236	0	393	0	358	0	368	43	277	0	242	0	431	0
2	211179675	G	C	296	0	275	0	277	0	331	0	416	0	399	56	397	0
2	213872136	T	G	106	0	140	20	113	0	150	0	98	0	88	0	169	0
2	213872682	A	C	192	0	291	0	219	49	253	27	232	14	241	0	294	18
2	216236634	G	C	150	0	245	35	282	0	272	0	230	0	239	0	294	0
2	228147173	C	T	278	0	446	0	389	75	386	45	399	0	342	0	427	63
2	231655592	A	G	489	0	293	33	250	46	258	30	267	33	279	0	351	29
3	33055592	C	G	172	0	273	0	191	34	230	24	252	24	355	0	332	23
3	41266113	C	T	193	57	200	20	142	32	115	17	129	10	140	0	199	28
3	48624007	C	G	74	0	71	21	53	29	71	16	78	22	88	22	98	19
3	75787218	T	A	359	42	290	55	328	49	281	29	176	16	341	18	400	41
3	75787244	A	G	294	32	262	44	306	36	255	19	156	12	301	11	327	35
3	138739017	A	C	84	0	75	0	84	20	75	5	94	10	190	17	97	0
3	146177758	G	A	113	0	284	0	154	33	261	0	267	0	261	0	270	0
3	153995412	T	C	391	165	333	134	289	174	418	99	259	85	414	28	517	130
3	154033003	C	G	283	98	197	0	241	0	237	0	142	0	207	0	280	0
3	184801255	G	A	70	0	65	20	74	35	79	11	93	32	79	0	129	22
4	6037800	G	A	15	0	18	6	11	19	15	7	29	7	38	11	27	10
4	7436260	G	A	14	8	31	0	40	0	27	0	46	0	62	0	32	0
4	15529107	G	C	295	0	222	28	310	0	271	0	192	0	205	0	361	0
4	57215954	C	T	108	0	188	0	126	17	139	0	154	0	125	0	197	0
4	77817011	G	A	254	0	151	14	163	32	138	9	161	16	167	0	204	6
4	99325726	G	A	247	75	215	0	410	0	278	0	155	0	246	0	346	0
4	114279753	G	C	132	0	151	23	174	41	121	21	125	15	110	0	224	15
4	144617375	G	C	94	0	122	37	139	66	133	31	130	41	137	11	178	43
4	151770610	A	C	146	6	253	5	227	9	294	8	181	0	205	7	298	5
4	158282752	A	T	383	157	816	306	602	318	824	158	566	161	754	44	950	213
4	165118225	T	A	184	0	261	19	283	48	233	27	239	34	257	0	266	26
4	165118226	C	A	190	0	271	19	285	50	236	27	248	34	262	0	275	26
4	175237426	G	T	283	107	357	122	284	159	409	60	301	62	346	15	485	94
4	183714476	C	T	227	0	287	32	262	46	277	24	292	23	229	8	349	40
4	185678378	G	A	202	0	141	57	93	48	115	31	123	35	111	11	188	54
6	394886	G	A	186	0	138	0	88	24	116	0	145	0	224	0	159	0
6	2959567	G	C	181	0	154	16	105	42	136	12	151	20	270	0	180	21
6	32629133	T	C	232	4	118	5	167	10	126	19	173	4	184	5	182	5
6	36339140	T	A	54	0	33	17	37	48	43	15	54	48	90	26	52	20
6	37606389	G	A	103	0	131	0	146	24	136	0	224	0	238	0	190	0
6	49754204	C	A	152	47	253	69	271	118	254	78	257	37	323	15	399	70
6	79577450	G	T	216	0	59	0	55	10	73	7	77	14	167	0	79	9
6	85466460	C	G	71	8	133	0	72	0	113	0	125	0	148	0	166	0
8	22020183	G	A	160	0	126	0	125	0	134	0	152	40	224	0	207	0
8	35542203	C	T	96	0	205	0	148	26	173	19	166	17	200	0	202	27
8	41166552	T	C	67	0	42	22	43	22	80	6	103	17	172	33	89	8
8	42173801	C	T	261	0	176	27	162	56	184	24	205	33	326	0	241	26
8	67726129	C	T	277	0	348	32	267	83	307	42	226	28	330	0	362	38
8	122626427	C	G	218	0	222	19	249	46	187	43	130	12	165	0	213	25
8	133759261	G	T	166	0	200	0	217	27	183	0	113	0	169	0	267	0
11	45672159	G	T	58	0	86	15	65	21	88	11	135	8	227	24	119	9
12	7046168	C	T	262	0	38	11	43	29	50	12	72	22	78	12	68	13
12	11546858	A	G	160	33	221	0	255	0	209	5	345	4	309	4	349	0
12	32793387	G	A	106	0	110	0	115	22	134	0	146	0	125	0	186	0
12	50035714	G	T	181	0	127	30	175	0	203	0	251	0	313	0	218	0
12	96653579	C	A	158	0	115	10	123	23	105	14	130	10	178	0	122	8
12	105151113	C	T	107	0	106	14	112	60	125	16	144	33	179	20	151	24
13	20716958	G	A	16	0	10	8	19	7	25	0	23	0	71	0	35	4
13	37605902	C	A	55	0	46	24	21	36	66	11	27	10	58	4	69	22
15	41797630	T	C	225	0	112	21	148	54	156	17	218	29	254	27	205	14
15	53809913	G	T	289	0	235	30	267	85	305	27	189	23	333	0	377	45
15	90611751	G	A	248	0	111	24	109	0	134	0	205	0	262	0	192	0
17	27005589	G	A	238	0	319	0	378	46	267	0	408	0	277	0	363	0
19	43689111	C	G	170	0	433	0	262	57	283	25	450	0	346	0	400	26
19	45458682	C	T	31	42	10	2	1	7	13	6	13	8	19	15	9	0
22	46751472	C	A	108	0	68	0	53	0	62	0	90	0	106	16	86	0
