Chr	Posi	Wild	Mut	Met1T:ref	Met1T:alt	Met2T:ref	Met2T:alt	Met4T:ref	Met4T:alt	Met5T:ref	Met5T:alt	Met6T:ref	Met6T:alt
1	68512686	G	A	118	0	55	35	103	0	60	0	107	0
1	243327939	A	C	156	25	119	29	164	35	135	16	162	30
2	169404152	G	A	182	148	172	124	201	139	119	100	210	107
3	47098981	C	A	19	9	12	24	29	15	20	13	31	10
3	48630553	C	T	143	0	93	30	55	0	60	0	94	0
3	52524742	C	T	171	61	72	37	71	20	80	40	86	23
4	80327702	A	G	170	0	240	0	261	69	177	0	254	0
5	424050	C	A	117	29	74	27	90	22	76	18	106	15
5	1816014	G	A	305	80	232	64	185	42	214	55	234	66
5	121356325	A	T	64	36	52	64	98	65	61	41	98	38
6	90459409	G	C	77	40	44	48	64	40	55	42	107	45
6	121563477	C	A	44	0	94	0	80	15	99	0	134	0
9	35810446	G	C	295	0	201	0	220	0	202	0	238	32
9	95080936	T	A	341	4	717	0	628	172	616	0	680	0
11	6559683	C	T	158	67	110	47	140	61	145	41	136	44
14	77778308	T	G	202	4	131	4	196	25	171	6	185	8
17	39254142	A	G	10	4	4	0	6	7	14	0	15	4
17	42828101	G	A	26	32	7	24	26	12	10	26	24	21
19	35232638	A	C	67	9	92	11	82	14	82	6	84	4
19	35435592	G	A	1830	442	1650	338	2056	479	1758	457	1867	454
