Chr	Posi	Wild	Mut	PrimT:ref	PrimT:alt	Met1T:ref	Met1T:alt	Met2T:ref	Met2T:alt	Met3T:ref	Met3T:alt	Status
1	4771966	G	A	38	0	22	0	19	20	37	16	decided
1	7807818	C	T	274	136	143	0	323	0	353	0	decided
1	11008811	G	A	36	15	53	0	56	0	81	0	decided
1	11036314	C	T	68	0	51	0	76	30	121	44	decided
1	15987932	C	G	133	0	61	0	118	47	106	43	decided
1	16065778	C	T	55	0	20	43	66	0	98	0	decided
1	16065779	C	A	56	0	20	43	66	0	95	0	decided
1	16558656	C	T	20	18	20	0	24	0	64	0	decided
1	25718620	T	C	138	62	258	0	225	0	338	0	decided
1	26228015	T	G	340	198	408	0	470	0	593	0	decided
1	26365735	G	A	127	64	160	0	184	0	261	0	decided
1	27741365	T	G	779	355	855	4	1081	0	1033	0	decided
1	29139066	G	T	21	0	17	0	23	6	24	13	decided
1	32635594	A	T	227	0	241	0	93	169	251	89	decided
1	34164496	T	C	162	76	139	0	206	0	255	0	decided
1	35370752	G	A	27	22	46	0	33	0	52	0	decided
1	38411924	G	T	109	0	102	0	51	24	134	49	decided
1	40211046	G	C	207	0	124	0	170	0	206	25	decided
1	44474112	C	G	225	0	262	0	102	139	318	125	decided
1	45508963	A	G	219	0	138	0	82	128	148	62	decided
1	55158133	G	A	167	85	210	0	246	0	372	0	decided
1	57158043	G	A	336	0	210	0	266	108	254	119	decided
1	57170036	C	A	120	0	110	0	76	41	78	49	decided
1	57476883	G	T	171	82	169	0	220	0	217	0	decided
1	67147887	G	C	58	29	68	0	79	0	101	0	decided
1	70505214	G	T	142	81	163	0	236	0	227	0	decided
1	74801754	T	C	534	0	307	4	286	77	359	0	decided
1	76397793	C	A	195	89	198	0	237	0	243	0	decided
1	77883341	C	A	438	94	416	0	404	0	429	0	decided
1	89323118	T	C	38	0	34	0	26	13	27	19	decided
1	99772443	C	A	102	0	69	36	82	0	117	0	decided
1	100378075	T	G	264	0	194	4	181	59	185	65	decided
1	109007899	G	T	76	0	30	82	146	0	144	0	decided
1	109813150	G	A	72	0	96	70	91	0	196	0	decided
1	110460011	G	A	195	43	244	0	266	0	346	0	decided
1	111492562	C	G	259	75	238	0	302	0	292	0	decided
1	111861211	C	A	127	80	247	0	244	0	320	0	decided
1	111861847	A	T	231	0	156	117	298	0	361	0	decided
1	113460041	A	G	83	0	39	23	67	0	69	0	decided
1	115829113	C	A	85	0	112	0	52	48	122	31	decided
1	116574072	A	T	272	0	145	87	286	0	338	0	decided
1	116574197	C	T	173	40	194	0	219	0	249	0	decided
1	118565983	G	C	362	0	264	0	246	183	241	108	decided
1	120386941	T	A	478	0	349	0	398	169	405	101	decided
1	144912213	C	A	449	0	357	87	349	4	323	0	decided
1	149760074	A	C	230	0	178	0	115	50	111	55	decided
1	150476852	G	T	85	40	197	0	155	0	169	0	decided
1	151090475	G	A	130	46	176	0	173	0	201	0	decided
1	151337747	C	A	154	0	212	0	130	60	227	0	decided
1	151751598	T	C	270	132	309	0	367	0	358	0	decided
1	154558727	G	A	81	53	117	0	137	0	158	0	decided
1	156880158	C	A	125	0	95	44	104	0	197	0	decided
1	158152827	A	T	220	97	271	0	247	0	422	0	decided
1	158576347	C	T	184	67	172	4	187	0	249	0	decided
1	158576348	C	T	180	67	171	4	187	0	247	0	decided
1	158725406	C	T	239	106	231	0	275	0	316	0	decided
1	158815771	A	T	67	0	36	28	57	0	41	0	decided
1	159922196	C	G	176	119	220	0	221	0	299	0	decided
1	160389254	G	T	117	0	101	61	75	0	160	0	decided
1	162724437	G	C	183	0	197	0	81	90	225	85	decided
1	165532797	C	A	117	0	67	16	89	0	131	0	decided
1	166135483	C	G	25	0	25	0	6	1	28	12	decided
1	167097554	G	T	125	0	139	0	115	47	105	62	decided
1	170967378	C	A	142	90	195	0	139	0	193	0	decided
1	177000016	G	T	580	0	407	0	449	180	584	0	decided
1	177250425	G	T	125	0	94	0	74	35	112	37	decided
1	177913721	G	T	283	116	267	0	359	0	457	0	decided
1	186370193	C	G	750	0	393	249	431	0	466	0	decided
1	197144216	C	A	457	176	374	5	357	0	423	0	decided
1	197390865	C	T	202	0	87	75	158	0	168	0	decided
1	201034974	G	T	138	64	195	0	153	0	288	0	decided
1	204092850	C	G	174	0	94	79	141	0	212	0	decided
1	206821606	G	T	184	0	143	0	73	95	162	62	decided
1	207782746	A	T	197	97	141	0	152	0	218	0	decided
1	216850513	C	A	450	0	246	0	214	115	309	107	decided
1	224585900	C	G	286	158	247	0	333	0	330	0	decided
1	228482743	G	T	114	0	77	40	125	0	158	0	decided
1	230461152	A	T	138	0	137	0	93	33	167	17	decided
1	235914523	C	T	260	0	200	108	168	0	189	0	decided
1	236381859	C	T	312	0	143	0	90	120	133	74	decided
1	236917380	A	T	50	0	30	11	37	0	53	0	decided
1	238045767	C	A	274	140	224	0	241	0	298	0	decided
1	247054349	T	G	331	0	167	121	227	0	239	0	decided
1	247654687	G	T	82	27	111	0	90	0	133	0	decided
1	247654746	T	C	178	0	137	0	54	79	141	44	decided
1	247751818	C	T	347	0	246	142	255	0	328	0	decided
1	247978918	C	A	230	0	131	86	217	0	236	0	decided
1	248004887	G	A	58	0	37	0	15	22	49	19	decided
1	248020625	C	T	69	0	20	10	30	0	63	0	decided
1	248028197	T	A	33	21	39	0	54	0	50	0	decided
1	248263082	G	T	88	0	67	0	26	32	48	18	decided
1	248685280	G	A	150	0	117	0	67	32	119	45	decided
2	41627	C	A	387	0	165	123	163	0	118	0	undecided
2	10206080	A	T	161	31	207	0	236	0	290	0	undecided
2	29754883	A	G	251	0	107	67	185	0	170	0	undecided
2	37374096	A	T	179	105	111	0	210	0	175	0	undecided
2	39083487	C	A	223	136	226	0	371	0	319	0	undecided
2	44058938	G	T	77	0	95	0	57	31	94	26	undecided
2	44065796	G	T	67	29	89	0	109	0	128	0	undecided
2	50850726	T	C	282	131	239	0	270	0	244	0	undecided
2	54880754	G	A	31	19	45	0	40	0	62	0	undecided
2	62449678	G	A	185	0	116	58	222	0	212	0	undecided
2	66691314	G	A	231	104	246	0	363	0	280	0	undecided
2	71046973	C	G	155	81	219	0	258	0	337	0	undecided
2	71778749	G	T	109	0	89	64	155	0	190	0	undecided
2	71838708	C	G	149	0	86	59	165	0	203	0	undecided
2	79312717	G	T	201	102	218	0	291	0	311	0	undecided
2	80136812	G	T	70	0	63	0	41	26	53	18	undecided
2	84864359	G	T	197	80	197	0	289	0	267	0	undecided
2	88913355	T	A	292	0	130	0	152	116	174	72	undecided
2	116593743	G	T	345	0	155	0	139	128	162	67	undecided
2	118864738	G	T	535	0	381	158	429	0	380	0	undecided
2	119726825	C	G	353	0	299	0	248	208	359	135	undecided
2	128051145	C	G	114	41	141	0	147	0	207	0	undecided
2	130872871	C	T	558	41	555	159	416	39	368	28	undecided
2	135744325	C	A	113	70	105	0	155	0	139	0	undecided
2	141055523	C	A	224	0	182	0	162	107	144	64	undecided
2	141643851	C	G	419	0	234	127	344	0	311	0	undecided
2	143676255	G	A	306	168	198	0	299	0	320	0	undecided
2	143798180	G	T	198	0	91	93	138	0	103	0	undecided
2	161029128	C	A	169	0	89	66	173	0	146	0	undecided
2	166201337	G	T	455	158	418	0	527	0	564	0	undecided
2	168110563	G	A	260	0	84	70	172	0	154	0	undecided
2	170012885	C	A	396	0	204	4	207	166	199	87	undecided
2	170115616	A	T	161	92	144	0	222	0	153	0	undecided
2	179433892	T	A	251	0	130	0	122	95	137	47	undecided
2	179434354	T	A	297	0	142	0	137	103	169	67	undecided
2	179458392	A	T	385	0	261	0	207	149	247	76	undecided
2	179469911	A	G	103	0	68	0	49	37	52	16	undecided
2	179495542	G	T	541	0	287	328	521	0	386	0	undecided
2	179516998	G	A	996	0	959	207	909	4	806	0	undecided
2	179516999	G	T	986	0	953	205	910	0	799	0	undecided
2	179582313	A	G	315	0	131	0	202	142	195	68	undecided
2	179584130	G	C	248	0	118	61	170	0	238	0	undecided
2	179597035	A	T	235	123	243	0	289	0	285	0	undecided
2	179615142	C	A	288	0	136	60	199	0	190	0	undecided
2	179633515	C	T	377	178	299	5	467	0	379	0	undecided
2	179640728	C	G	266	0	182	0	209	51	264	0	undecided
2	179642664	C	A	100	0	54	0	73	44	69	18	undecided
2	179650837	G	T	138	63	90	0	121	0	128	0	undecided
2	189875538	G	T	157	75	122	0	160	0	183	0	undecided
2	190569936	T	A	166	99	123	0	185	0	159	0	undecided
2	192250765	G	A	108	0	28	38	104	0	97	0	undecided
2	200193491	C	T	254	139	292	0	465	0	469	0	undecided
2	203165075	A	G	241	0	112	60	202	0	139	0	undecided
2	203420034	C	T	289	0	210	164	320	0	310	0	undecided
2	207622060	C	A	310	161	290	0	426	0	301	0	undecided
2	211502519	G	C	206	97	168	0	310	0	205	0	undecided
2	212251732	G	T	293	0	121	0	159	128	193	80	undecided
2	216246976	G	T	157	0	77	27	153	0	146	0	undecided
2	219206726	G	A	102	54	159	0	205	0	281	0	undecided
2	219693262	C	A	53	33	62	0	129	0	114	0	undecided
2	220046134	G	T	151	91	131	0	254	0	321	0	undecided
2	220194467	G	C	148	0	53	42	205	0	204	0	undecided
2	220333943	C	G	55	32	69	0	80	0	109	0	undecided
2	220424001	C	A	63	33	66	0	79	0	120	0	undecided
2	231331052	A	T	370	0	178	138	383	0	319	0	undecided
2	239005507	C	T	96	43	122	0	132	0	193	0	undecided
2	239164500	G	A	82	0	56	12	89	0	142	0	undecided
2	241439521	C	T	81	0	44	29	70	0	86	0	undecided
2	241712558	C	G	55	22	101	0	116	0	152	0	undecided
3	2861247	C	G	202	0	117	0	33	146	98	105	decided
3	10452336	C	A	62	50	68	0	95	0	169	0	decided
3	14861032	G	A	32	0	6	13	20	0	50	0	decided
3	14861110	C	T	50	0	21	16	34	0	97	0	decided
3	15721064	T	C	233	0	107	0	36	141	121	110	decided
3	18436033	T	G	154	143	164	0	238	0	365	0	decided
3	36898415	C	A	26	26	26	0	54	0	105	0	decided
3	39116424	A	G	80	99	152	0	172	0	212	0	decided
3	39225666	C	A	80	72	137	0	138	0	306	0	decided
3	42727546	G	T	24	0	28	0	0	18	30	16	decided
3	43121625	C	A	38	0	36	0	3	27	33	39	decided
3	43121626	C	A	38	0	36	0	3	28	32	39	decided
3	44612472	C	T	85	0	40	0	18	24	33	22	decided
3	47468685	G	C	147	0	109	0	47	168	160	110	decided
3	49094521	G	T	37	37	78	0	83	0	118	0	decided
3	49141865	C	G	204	0	63	134	196	0	401	0	decided
3	50369243	C	A	24	21	32	0	38	0	83	0	decided
3	52540763	C	T	36	0	49	0	7	36	56	27	decided
3	52823755	G	T	27	25	72	0	60	0	146	0	decided
3	52966294	T	A	113	0	70	0	24	91	63	62	decided
3	57271525	A	G	195	0	38	60	100	0	203	0	decided
3	64085361	T	A	53	0	34	0	6	41	43	59	decided
3	66421026	G	C	120	21	161	0	159	0	223	0	decided
3	75786244	A	T	481	70	455	135	386	79	373	43	decided
3	77542394	G	C	115	0	78	0	13	64	69	87	decided
3	89448571	G	T	214	212	230	0	320	0	475	0	decided
3	93611790	C	A	434	0	234	100	552	0	413	0	decided
3	97887665	G	T	228	0	102	0	133	62	114	33	decided
3	100065063	C	T	485	60	435	0	597	0	588	0	decided
3	100148699	C	T	235	103	226	0	336	0	360	0	decided
3	107097144	C	T	96	37	74	0	117	0	69	0	decided
3	113321958	G	T	253	101	200	0	275	0	298	0	decided
3	118948754	T	C	562	0	313	200	684	0	431	0	decided
3	121263599	C	T	175	103	178	0	264	0	299	0	decided
3	122474148	G	A	358	0	336	0	533	0	340	121	decided
3	124536535	C	T	530	0	522	203	573	0	470	0	decided
3	130682890	G	C	687	0	499	8	580	0	396	53	decided
3	140785495	G	T	140	0	77	0	55	37	60	16	decided
3	142172000	C	T	889	165	437	0	508	0	323	0	decided
3	145804615	T	C	517	731	426	0	463	0	602	0	decided
3	146309602	G	T	256	369	202	0	268	0	238	0	decided
3	148563304	G	T	591	0	91	429	256	4	307	0	decided
3	152553726	A	T	433	0	153	52	141	0	151	0	decided
3	156271466	C	T	489	141	314	0	370	0	237	0	decided
3	167812949	T	A	219	80	144	0	104	0	119	0	decided
3	169099080	T	A	418	0	140	0	113	114	104	49	decided
3	169485444	C	T	602	0	182	64	260	0	199	0	decided
3	178919199	A	T	868	0	384	4	139	140	176	26	decided
3	183823621	C	A	733	106	676	0	305	0	355	0	decided
3	184071492	G	T	197	56	235	0	113	0	157	0	decided
3	186571981	G	T	254	0	59	39	105	0	87	0	decided
3	195509305	G	A	286	78	97	22	186	15	223	37	decided
3	195509669	G	A	171	43	65	14	97	24	111	37	decided
3	196778456	T	C	1577	293	666	0	885	0	715	0	decided
4	435643	G	A	257	0	151	0	102	78	181	32	undecided
4	737315	G	T	275	0	240	0	132	161	417	103	undecided
4	1978275	G	C	73	39	117	0	133	0	262	0	undecided
4	3255057	G	C	37	0	38	21	47	0	92	0	undecided
4	4461098	C	T	333	0	267	0	178	233	404	136	undecided
4	13582779	G	A	555	0	258	138	430	0	588	0	undecided
4	13603142	C	G	90	0	84	0	32	46	130	35	undecided
4	15512954	A	T	233	37	216	0	315	0	320	0	undecided
4	17836008	T	A	364	0	206	6	266	102	320	108	undecided
4	22749068	G	A	171	30	108	0	189	0	177	0	undecided
4	37440585	G	A	348	0	190	4	161	213	227	87	undecided
4	38799674	G	A	252	0	99	34	172	0	208	0	undecided
4	46067574	G	T	221	0	64	19	105	0	133	0	undecided
4	46067575	G	T	218	0	64	18	100	0	132	0	undecided
4	47525210	G	C	451	0	269	99	424	0	400	0	undecided
4	47628421	C	A	270	0	178	0	158	125	149	75	undecided
4	55964875	T	A	271	0	128	86	240	0	194	0	undecided
4	65155459	G	A	595	0	351	0	1264	260	861	127	undecided
4	65180422	G	T	261	147	229	0	857	0	557	0	undecided
4	69978264	T	C	355	0	199	91	698	0	570	0	undecided
4	83406835	T	A	76	0	92	64	79	0	135	0	undecided
4	90857692	C	A	109	0	73	40	52	0	38	0	undecided
4	96163713	C	A	29	21	53	0	39	0	68	0	undecided
4	96199431	A	T	396	0	358	0	73	300	261	169	undecided
4	96199432	G	T	401	0	366	0	71	303	262	172	undecided
4	104577453	G	T	135	0	33	63	120	0	97	0	undecided
4	121732550	G	C	299	0	154	0	24	141	142	108	undecided
4	126239428	C	G	71	0	26	39	84	0	133	0	undecided
4	126242079	A	G	65	0	53	0	6	37	41	34	undecided
4	142153771	G	T	128	103	129	0	204	0	171	0	undecided
4	147561866	C	G	36	17	37	0	23	0	63	0	undecided
4	159493976	A	C	144	0	135	0	22	119	145	79	undecided
4	159573110	A	C	168	0	101	0	26	107	76	60	undecided
4	164247483	G	C	82	0	39	66	59	0	68	0	undecided
4	177070982	C	T	133	0	84	0	22	76	111	52	undecided
4	183676227	C	A	187	0	53	20	182	0	166	0	undecided
4	187521240	C	A	238	0	166	0	52	24	195	21	undecided
5	462305	A	G	174	102	320	0	299	0	305	0	decided
5	644457	G	C	312	0	415	145	470	0	456	0	decided
5	1221956	G	A	84	56	222	0	162	0	241	0	decided
5	7706894	C	T	398	0	377	152	402	0	421	0	decided
5	10461419	G	A	143	62	201	0	253	0	276	0	decided
5	16877758	C	T	283	0	209	0	275	68	313	0	decided
5	24535293	C	A	669	0	141	315	570	0	588	0	decided
5	26903783	T	A	344	148	226	4	377	0	222	0	decided
5	31305350	C	T	495	0	259	33	523	0	380	0	decided
5	31472259	C	T	216	0	186	99	249	0	189	0	decided
5	32126554	C	A	472	0	611	91	459	0	445	0	decided
5	32268864	T	C	495	0	672	208	542	0	535	0	decided
5	33576456	C	G	278	155	595	0	414	0	439	0	decided
5	33937867	C	A	79	0	170	0	56	58	109	25	decided
5	33954501	A	T	216	0	230	0	131	101	166	65	decided
5	35692748	C	T	361	0	354	244	399	0	335	0	decided
5	35806854	G	A	207	104	331	4	244	0	232	0	decided
5	36985807	G	T	84	37	158	6	129	0	106	0	decided
5	37010270	G	T	413	0	216	173	331	0	322	0	decided
5	40979837	G	T	200	0	158	0	119	81	91	50	decided
5	45262339	A	G	126	62	99	0	130	0	137	0	undecided
5	45303794	C	A	485	0	279	292	426	0	343	0	undecided
5	45645336	C	T	100	40	130	0	136	0	92	0	undecided
5	54721112	T	C	211	207	212	0	381	0	287	0	decided
5	55056083	T	C	512	0	270	0	74	248	189	153	decided
5	63665497	C	A	249	0	105	150	146	0	165	0	decided
5	71654040	T	G	123	0	93	0	93	26	162	0	decided
5	80550908	C	A	31	49	34	0	26	0	71	0	decided
5	95226874	A	G	318	0	64	106	228	0	196	0	decided
5	101627259	C	A	70	64	100	0	111	0	135	0	decided
5	101834533	C	T	29	16	25	0	19	0	52	0	decided
5	112175328	C	A	71	0	45	0	17	43	41	27	decided
5	114860364	G	A	36	53	44	0	58	0	49	0	decided
5	132437457	G	T	260	0	51	115	216	0	233	0	decided
5	137600101	G	A	149	0	166	0	32	141	188	107	decided
5	137780983	G	T	44	0	54	0	7	43	65	20	decided
5	139740422	G	A	30	0	12	19	23	0	57	0	decided
5	140175622	C	A	18	29	46	0	46	0	50	0	decided
5	140229793	G	T	24	0	9	19	12	0	19	0	decided
5	140263559	G	T	16	13	16	0	20	0	33	0	decided
5	140712187	G	T	21	0	13	0	1	11	16	4	decided
5	140724198	C	A	22	23	27	0	27	0	43	0	decided
5	140812168	G	T	39	0	22	0	3	30	28	16	decided
5	148746941	G	T	104	124	190	0	202	0	353	0	decided
5	149452989	G	A	128	0	145	0	30	116	129	62	decided
5	150925114	G	T	89	0	79	0	14	73	72	46	decided
5	155935628	G	T	300	0	106	149	245	0	229	0	decided
5	168233520	T	A	172	0	102	0	39	122	128	78	decided
5	178460501	G	T	38	0	12	15	27	0	30	0	decided
5	178566939	G	A	27	0	43	0	7	41	62	35	decided
5	179305416	G	T	60	0	57	0	42	0	80	17	decided
5	180582598	A	T	147	0	157	0	28	135	132	77	decided
6	350868	A	T	742	121	515	0	890	0	881	0	decided
6	16238955	G	C	67	0	24	21	48	0	81	0	decided
6	18122255	C	A	182	0	118	59	162	0	203	0	decided
6	25916053	C	G	178	0	99	64	203	0	177	0	decided
6	26031919	C	T	259	0	79	40	173	0	241	0	decided
6	26124549	G	T	288	0	102	0	93	84	231	60	decided
6	26250523	A	G	266	0	173	0	133	51	259	77	decided
6	27279911	C	A	81	0	62	0	46	35	73	30	decided
6	27279940	A	C	47	0	41	0	26	15	35	13	decided
6	27420940	T	C	87	0	46	26	63	0	70	0	decided
6	27860781	C	A	121	43	78	0	69	0	177	0	decided
6	31721183	G	T	46	28	55	0	60	0	57	0	decided
6	37358575	G	A	301	134	292	0	380	0	426	0	decided
6	39196792	C	A	110	55	185	0	221	0	238	0	decided
6	42034140	A	G	297	0	176	74	275	0	324	0	decided
6	42980926	G	C	113	0	82	0	61	24	124	0	decided
6	43038441	G	A	247	0	208	0	159	120	219	93	decided
6	44244180	C	A	37	0	10	13	38	0	27	0	decided
6	49754543	C	G	185	97	238	0	370	0	306	0	decided
6	50786643	C	A	260	0	150	110	284	0	219	0	decided
6	55739199	G	C	362	0	203	0	324	73	272	46	decided
6	56919514	G	T	84	74	81	0	101	0	70	0	decided
6	65532575	C	T	299	0	158	0	138	184	180	72	decided
6	66005912	G	T	234	0	146	61	215	0	151	0	decided
6	66204642	G	T	152	0	55	28	170	0	122	0	decided
6	73110280	T	A	305	137	287	0	508	0	434	0	decided
6	75861713	G	C	430	0	232	0	277	276	294	134	decided
6	84375219	C	A	499	0	318	0	297	347	311	156	decided
6	88066169	G	C	160	0	115	56	211	0	168	0	decided
6	88854733	C	T	147	73	207	0	340	0	323	0	decided
6	90326326	G	T	507	0	443	0	358	390	470	188	decided
6	90577116	A	G	134	0	67	0	73	82	88	27	decided
6	102483406	T	A	161	0	67	0	50	59	45	44	decided
6	108501606	C	T	277	122	289	0	446	0	333	0	decided
6	110734580	C	T	145	80	200	0	276	0	303	0	decided
6	112375558	G	A	364	0	293	0	291	165	414	136	decided
6	114378477	G	C	120	37	116	0	165	0	135	0	decided
6	114379045	A	T	343	0	168	0	182	228	230	99	decided
6	117199075	G	C	172	94	136	0	261	0	221	0	decided
6	117687384	C	T	446	0	231	160	503	0	345	0	decided
6	118596708	C	A	571	0	379	249	709	0	471	0	decided
6	128540218	T	A	474	0	213	159	479	0	426	0	decided
6	129725101	A	G	281	0	185	91	319	0	177	0	decided
6	134495659	C	A	312	163	300	0	649	0	494	0	decided
6	136590694	A	T	381	0	237	96	321	6	242	4	decided
6	138192592	C	T	428	0	277	0	399	204	410	140	decided
6	138640929	T	A	155	97	162	0	291	0	243	0	decided
6	138655224	G	T	88	59	111	0	201	0	185	0	decided
6	146350927	G	A	53	24	76	0	78	0	106	0	decided
6	147012291	C	A	249	107	199	0	331	0	290	0	decided
6	150001175	G	A	191	0	108	56	209	0	147	0	decided
6	152453280	T	A	413	157	315	0	689	0	649	0	decided
6	152683350	C	T	238	0	172	0	207	130	253	75	decided
6	152712493	C	T	134	68	131	0	265	0	231	0	decided
6	153077273	A	G	129	48	112	0	126	0	111	0	decided
6	158900912	G	T	53	22	75	0	63	0	91	0	decided
6	160240116	A	G	79	41	126	0	176	0	156	0	decided
6	160557328	G	A	421	0	371	174	723	0	689	0	decided
6	168352697	G	T	101	0	57	25	93	0	104	0	decided
6	169623344	T	A	238	0	218	0	222	101	254	75	decided
6	169646307	G	T	283	0	289	177	483	0	307	0	decided
7	2303998	G	A	111	0	177	0	39	41	132	66	undecided
7	2404133	G	C	115	0	115	4	118	42	104	23	undecided
7	6554142	G	T	118	0	182	0	105	49	170	28	undecided
7	6560265	G	T	151	0	111	50	105	0	175	0	undecided
7	31682969	A	G	165	0	117	68	134	0	158	0	undecided
7	34917778	C	G	168	83	189	0	178	0	230	0	undecided
7	35288427	G	T	260	0	137	86	207	0	247	0	undecided
7	43360232	A	G	431	0	279	152	387	0	343	0	undecided
7	43508602	C	A	145	80	155	0	147	0	194	0	undecided
7	44091534	T	G	277	163	327	0	389	0	472	0	undecided
7	48269474	T	C	372	0	207	0	130	181	166	94	undecided
7	50129301	T	A	181	83	130	0	137	0	133	0	undecided
7	53103913	C	T	96	0	30	34	74	0	78	0	undecided
7	54636726	G	T	687	334	446	0	594	0	513	0	undecided
7	56049239	T	C	333	155	321	0	435	0	376	0	undecided
7	57188404	G	T	58	36	57	0	61	0	54	0	undecided
7	86394835	A	G	255	0	156	83	192	0	182	0	undecided
7	87069091	G	T	322	143	204	0	337	0	408	0	undecided
7	87564405	C	T	56	0	27	0	25	15	64	10	undecided
7	88964179	C	A	279	0	111	0	79	115	117	72	undecided
7	88965791	C	A	65	30	66	0	83	0	64	0	undecided
7	91706288	A	G	360	0	286	85	252	0	234	0	undecided
7	91752621	C	T	132	0	109	46	57	0	65	0	undecided
7	94041390	G	T	757	299	294	0	680	0	585	0	undecided
7	94185002	G	T	181	92	102	0	194	0	164	0	undecided
7	95157247	G	A	93	60	61	0	99	0	153	0	undecided
7	100088350	G	T	21	0	15	0	8	6	15	0	undecided
7	100635723	C	T	203	0	131	46	199	0	294	0	undecided
7	100646808	C	T	191	0	164	0	162	46	238	18	undecided
7	100685985	C	A	282	0	200	0	259	70	262	51	undecided
7	103206818	C	G	263	0	85	0	174	62	181	30	undecided
7	107314733	T	C	375	0	170	0	223	83	275	58	undecided
7	107599737	A	C	136	62	62	0	110	0	150	0	undecided
7	112412977	T	A	225	157	80	0	163	0	134	0	undecided
7	112723978	C	T	275	0	119	0	86	77	172	81	undecided
7	113558339	G	T	495	0	124	159	269	0	251	0	undecided
7	117250608	C	T	488	0	159	0	222	79	259	45	undecided
7	117251668	G	T	308	0	104	0	79	101	112	54	undecided
7	123270111	G	T	517	0	187	0	271	96	295	83	undecided
7	127361417	G	A	248	0	96	0	109	119	161	81	undecided
7	128432387	C	T	136	0	45	87	129	0	261	0	undecided
7	128485187	C	A	31	0	12	13	31	0	48	0	undecided
7	129098188	C	A	217	0	91	0	123	77	190	35	undecided
7	133943090	G	T	205	134	171	0	261	0	295	0	undecided
7	134939896	C	T	122	62	106	0	146	0	196	0	undecided
7	135384234	G	T	418	0	243	0	182	197	291	123	undecided
7	138522905	T	C	413	0	185	0	469	102	374	61	undecided
7	138522906	C	A	408	0	183	0	463	104	373	61	undecided
7	138732511	C	T	463	0	187	0	172	415	247	161	undecided
7	140179007	G	A	17	0	5	0	2	23	17	20	undecided
7	140301204	T	A	82	33	77	0	153	0	171	0	undecided
7	141747672	G	A	202	71	103	0	289	0	163	0	undecided
7	149493807	G	T	279	0	89	122	404	0	431	0	undecided
7	149494378	G	T	109	78	132	0	244	0	285	0	undecided
7	150325268	G	T	56	17	39	0	92	0	100	0	undecided
7	150554827	A	C	76	42	83	0	172	0	175	0	undecided
7	151851144	C	G	506	0	124	171	562	0	413	0	undecided
8	7308655	C	A	250	73	222	0	38	0	133	0	decided
8	12878599	G	T	166	67	103	0	177	0	191	0	decided
8	18079915	T	A	229	0	94	13	160	0	186	0	decided
8	21985114	C	A	47	0	14	24	29	0	63	0	decided
8	23294628	G	C	184	110	127	0	210	0	232	0	decided
8	25343308	G	T	348	0	64	112	180	0	182	0	decided
8	26614284	T	C	329	116	218	0	284	0	344	0	decided
8	39537642	T	C	190	91	83	0	236	0	187	0	decided
8	39624538	T	C	125	0	65	0	52	64	90	36	decided
8	43037340	A	G	455	234	495	0	769	0	819	0	decided
8	52366216	A	T	343	0	251	0	241	185	302	119	decided
8	62578151	T	C	230	0	91	5	11	62	34	30	decided
8	63659609	C	A	198	86	193	0	158	0	198	0	decided
8	68536443	A	G	572	296	535	0	443	0	449	0	decided
8	72183995	C	A	387	202	303	5	304	0	306	0	decided
8	72964970	C	A	156	0	87	56	89	0	100	0	decided
8	72973952	G	T	460	0	227	0	57	135	142	82	decided
8	73921185	G	A	57	27	68	0	46	0	85	0	decided
8	77617677	A	T	221	0	175	0	23	125	94	76	decided
8	77776219	G	T	181	0	82	43	119	0	104	0	decided
8	87235288	T	G	276	117	236	0	172	0	171	0	decided
8	101016282	G	T	479	0	196	0	163	134	165	83	decided
8	110457285	T	A	211	115	120	0	261	0	168	0	decided
8	110457286	G	T	209	115	124	0	259	0	166	0	decided
8	113259334	G	T	556	0	305	0	256	159	284	83	decided
8	113317038	G	A	314	0	117	62	212	0	186	0	decided
8	113662421	G	T	283	117	165	0	279	0	235	0	decided
8	114031304	G	T	657	0	230	0	256	179	305	126	decided
8	116616385	T	C	206	0	96	62	192	0	127	0	decided
8	142451785	G	A	183	0	154	0	135	111	219	47	decided
8	144945130	G	A	171	48	192	0	212	0	246	0	decided
8	145095654	G	T	92	0	96	0	68	43	85	30	decided
8	145639440	G	T	62	0	53	41	63	0	97	0	decided
9	5763439	G	T	211	0	47	70	150	0	204	0	undecided
9	37762031	G	T	109	0	114	0	13	45	90	48	undecided
9	71152367	C	T	287	118	183	0	313	0	364	0	undecided
9	72892310	T	C	744	4	687	153	528	4	395	0	undecided
9	82321674	C	A	201	0	166	0	189	0	132	18	undecided
9	101824307	G	T	367	0	224	140	276	0	233	0	undecided
9	104433158	C	A	422	172	379	0	492	0	443	0	undecided
9	107645434	C	T	202	0	136	77	163	0	176	0	undecided
9	113265461	C	T	442	0	289	178	321	0	206	0	undecided
9	115759672	C	A	302	121	322	5	311	0	199	0	undecided
9	120474750	A	G	140	0	84	40	68	0	65	0	undecided
9	123421781	T	A	184	0	151	0	17	167	86	68	undecided
9	123624961	G	C	181	113	277	0	249	0	369	0	undecided
9	125674209	T	A	327	0	178	0	28	175	112	83	undecided
9	131190604	G	A	92	99	183	0	146	0	167	0	undecided
9	131467679	G	A	31	0	18	0	2	12	14	9	undecided
9	131733230	G	A	205	77	238	0	216	0	195	0	undecided
9	132689581	C	T	208	178	228	4	224	0	197	0	undecided
9	135554680	A	G	309	0	95	73	239	0	189	0	undecided
9	138517915	C	A	220	0	121	80	158	0	165	0	undecided
9	139259595	G	T	203	0	177	0	14	131	159	69	undecided
9	139946764	A	T	155	0	154	0	26	157	141	77	undecided
9	140070275	G	A	75	0	24	19	36	0	72	0	undecided
9	140115059	G	T	90	0	70	0	10	54	60	26	undecided
9	140139916	C	T	215	0	136	73	153	0	226	0	undecided
10	6263434	G	A	11	10	41	0	35	0	42	0	decided
10	13534830	G	T	348	0	230	0	144	43	217	0	decided
10	15714663	C	A	303	0	181	0	36	154	124	69	decided
10	16528464	G	T	141	53	148	0	107	0	109	0	decided
10	21414944	C	A	101	50	106	0	65	0	125	0	decided
10	24880837	A	G	642	24	414	21	328	69	338	39	decided
10	25886954	G	C	173	0	113	0	18	70	65	55	decided
10	26385376	C	A	399	0	228	113	155	0	119	0	decided
10	31816153	T	A	122	74	118	0	93	0	113	0	decided
10	31816154	A	G	125	73	122	0	98	0	113	0	decided
10	46148472	T	C	386	0	187	306	278	0	285	0	decided
10	60996243	G	T	77	85	76	0	103	0	105	0	decided
10	69299290	C	A	111	0	56	0	18	58	77	49	decided
10	73501457	G	A	59	69	110	0	105	0	216	0	decided
10	73544163	C	T	35	42	62	0	53	0	96	0	decided
10	89717661	C	G	132	104	82	0	189	0	179	0	decided
10	99358642	G	T	65	0	24	59	46	0	82	0	decided
10	101122038	T	A	155	0	112	0	30	160	158	83	decided
10	106121889	G	T	374	0	209	0	68	277	183	140	decided
10	118319984	C	A	267	248	293	0	395	0	426	0	decided
10	121587260	A	G	49	36	57	0	76	0	66	0	decided
10	123844100	C	A	42	0	14	25	49	0	74	0	decided
10	124908057	G	A	30	0	18	0	6	16	18	12	decided
10	127693506	G	T	112	90	157	0	203	0	252	0	decided
10	135440121	T	A	135	0	89	19	121	0	147	0	undecided
11	289973	A	C	31	20	29	0	13	0	31	0	decided
11	2435990	C	T	19	14	12	0	42	0	49	0	decided
11	3239854	G	T	66	40	93	0	75	0	144	0	decided
11	3752743	T	G	382	26	189	12	200	5	332	210	decided
11	4406683	G	A	240	0	88	4	24	108	107	66	decided
11	4566792	C	T	276	0	140	0	21	149	168	89	decided
11	6412768	C	T	77	49	67	0	89	0	129	0	decided
11	6644765	G	C	61	32	64	0	52	0	83	0	decided
11	7060968	G	T	320	147	186	0	228	0	281	0	decided
11	7961019	A	G	187	0	38	89	100	0	108	0	decided
11	9225258	G	A	78	0	61	0	14	56	49	34	decided
11	9446787	C	G	633	0	275	0	336	55	417	0	decided
11	14902221	A	G	163	80	48	0	104	0	71	0	decided
11	18159520	C	A	195	99	157	0	184	0	245	0	decided
11	33770424	T	C	381	0	122	0	201	253	195	150	decided
11	44941424	A	G	184	91	190	0	309	0	466	0	decided
11	48347075	G	T	354	85	209	0	425	0	430	0	decided
11	49197475	A	G	791	0	272	0	445	216	399	113	decided
11	55657496	C	A	220	47	102	0	222	0	227	0	decided
11	55703302	G	T	300	0	78	71	157	0	136	0	decided
11	55861464	C	A	114	62	65	0	149	0	148	0	decided
11	55904688	G	T	245	0	137	0	75	80	127	40	decided
11	56019832	C	A	288	104	117	0	308	0	224	0	decided
11	56058388	G	A	464	192	241	0	459	4	398	0	decided
11	56058433	G	T	429	0	52	78	297	0	243	0	decided
11	56237706	T	C	159	45	88	0	182	0	155	0	decided
11	56344732	C	T	366	0	161	0	245	114	251	79	decided
11	56431549	C	T	347	0	145	0	218	106	254	77	decided
11	56431860	C	G	315	0	77	128	295	0	265	0	decided
11	57427144	T	G	86	49	74	0	113	0	132	0	decided
11	57798933	T	A	149	93	137	0	215	0	259	0	decided
11	57995910	C	T	69	43	46	0	71	0	101	0	decided
11	58207231	T	A	385	0	132	0	159	146	208	79	decided
11	58477310	T	C	145	60	69	0	176	0	154	0	decided
11	58604743	C	A	397	194	252	0	441	0	389	5	decided
11	60183391	C	T	58	0	33	0	33	33	56	32	decided
11	60234431	G	T	262	119	164	0	446	0	318	0	decided
11	62563619	G	A	221	130	241	0	468	0	508	0	decided
11	62782133	C	T	247	0	164	0	224	142	289	78	decided
11	63961760	C	G	187	116	126	0	378	0	306	0	decided
11	67219733	C	A	29	13	33	0	44	0	79	0	decided
11	69625159	G	A	13	0	12	0	18	22	30	22	decided
11	71208644	G	T	147	0	42	92	210	0	252	0	decided
11	71943724	G	T	63	29	110	0	165	0	239	0	decided
11	72404454	C	A	141	0	69	0	109	91	127	42	decided
11	74351625	C	G	248	0	110	0	165	223	169	112	decided
11	92533559	G	T	207	117	129	0	341	0	259	0	decided
11	92616070	G	A	243	0	106	0	234	59	216	61	decided
11	102589182	G	T	296	151	172	0	513	0	352	0	decided
11	102647351	G	A	216	99	134	0	347	0	291	0	decided
11	110450405	C	G	135	0	47	0	121	46	98	29	decided
11	113674571	C	T	348	54	173	4	423	0	313	0	decided
11	113816847	G	A	117	0	83	0	110	70	156	35	decided
11	116706932	C	G	43	17	54	0	84	0	104	0	decided
11	118461169	G	A	232	0	128	0	273	139	228	75	decided
11	118461177	C	T	156	92	138	0	389	0	281	0	decided
11	119170350	G	A	201	0	77	0	146	59	154	53	decided
11	121384934	T	G	246	119	158	0	430	0	410	0	decided
11	123847597	G	C	125	0	54	0	82	36	127	35	decided
11	123886903	G	C	645	0	107	164	596	0	563	0	decided
11	125659302	T	A	152	0	123	0	142	159	133	65	decided
11	133402172	C	A	176	64	132	0	368	0	278	0	decided
11	133712402	G	A	168	72	154	0	390	0	318	0	decided
12	922839	G	C	340	184	281	0	607	0	501	0	decided
12	1299139	G	A	825	0	285	183	442	0	335	5	decided
12	7025669	A	C	614	0	271	157	446	0	611	0	decided
12	7070058	G	A	82	0	18	22	48	0	74	0	decided
12	8201956	A	G	142	0	83	0	64	44	79	24	decided
12	8689750	C	G	277	0	104	0	132	58	87	47	decided
12	9074344	C	T	283	0	160	0	187	40	232	0	decided
12	10015166	A	T	310	0	81	53	143	0	147	0	decided
12	12356272	G	A	848	0	466	5	615	0	548	83	decided
12	13717393	G	T	170	193	213	0	225	0	307	0	decided
12	20801702	G	T	908	0	335	0	346	513	366	297	decided
12	21377736	C	G	988	0	295	224	723	0	585	0	decided
12	27475291	C	G	524	0	192	0	427	70	314	0	decided
12	29639270	C	T	374	133	234	4	495	0	426	0	decided
12	40734124	C	T	359	0	210	0	239	169	238	91	decided
12	40757322	C	A	873	0	390	0	472	313	405	154	decided
12	44172038	G	T	166	62	122	0	193	0	153	0	decided
12	48240547	G	A	123	0	151	0	102	67	166	47	decided
12	49444096	C	G	33	16	63	0	54	0	60	0	decided
12	49522595	C	A	218	0	130	0	139	48	197	31	decided
12	50746411	G	C	170	71	282	0	265	0	351	0	decided
12	51189775	A	G	275	0	202	0	200	114	168	78	decided
12	51347831	C	A	242	137	282	5	357	0	316	0	decided
12	51717815	G	T	86	0	53	27	94	0	114	0	decided
12	53202538	C	T	256	134	347	0	360	0	425	0	decided
12	53880886	G	A	56	0	73	0	44	31	90	28	decided
12	55714626	T	C	389	0	177	0	196	164	172	96	decided
12	56495312	G	A	124	62	147	0	218	0	216	0	decided
12	56748319	C	A	310	0	158	109	370	0	371	0	decided
12	56814366	G	C	122	55	152	0	190	0	188	0	decided
12	57532303	G	A	361	0	300	186	462	0	503	0	decided
12	57599423	G	C	49	0	84	0	42	35	78	28	decided
12	64196176	G	T	319	0	155	76	249	0	238	0	decided
12	66638423	G	T	251	0	147	0	200	145	200	62	decided
12	70983970	C	T	129	0	88	68	154	0	130	0	decided
12	79693196	A	T	278	133	239	4	360	0	277	0	decided
12	80672818	C	G	405	172	294	0	398	0	373	0	decided
12	81004389	A	T	143	75	92	5	129	0	104	0	decided
12	90035934	C	A	199	0	105	77	177	0	156	0	decided
12	94975977	T	C	89	0	63	44	107	0	131	0	decided
12	99225903	G	T	300	102	327	0	496	0	412	0	decided
12	100806579	G	A	243	113	258	0	336	0	314	0	decided
12	102043062	C	T	254	109	185	0	314	0	288	0	decided
12	104067804	G	T	158	0	93	58	170	0	192	0	decided
12	104067805	G	T	163	0	95	61	172	0	192	0	decided
12	107080799	C	T	181	81	205	0	250	0	278	0	decided
12	108589937	G	C	43	28	56	0	77	0	99	0	decided
12	108925047	T	C	414	0	317	99	430	0	373	0	decided
12	109530570	C	T	63	36	108	0	112	0	148	0	decided
12	110924246	C	G	136	0	75	50	172	0	146	0	decided
12	117187970	G	T	11	0	7	9	13	0	20	0	decided
12	118838482	C	G	215	0	144	0	135	105	142	59	decided
12	125470642	C	A	249	111	391	0	533	0	510	0	decided
12	125509893	G	C	45	0	28	11	29	0	53	0	decided
12	130926944	C	T	84	0	59	33	91	0	109	0	decided
12	132334541	G	A	41	28	105	0	68	0	130	0	decided
13	23913078	A	T	157	173	189	0	255	0	241	0	decided
13	24864795	G	T	51	46	96	0	84	0	163	0	decided
13	26970465	A	T	352	0	157	0	39	208	153	89	decided
13	32352676	T	G	333	0	92	157	223	0	231	0	decided
13	36050258	G	T	72	0	47	0	13	45	54	30	decided
13	36385084	T	A	238	0	80	141	236	0	246	0	decided
13	38266209	G	C	76	91	85	0	111	0	172	0	decided
13	70370969	G	T	109	103	191	0	327	0	297	0	undecided
13	86370084	T	C	117	0	25	68	169	0	122	0	undecided
13	101755588	T	C	130	123	251	0	187	0	181	0	decided
13	103316060	A	G	305	275	448	0	476	0	461	0	decided
13	103421717	A	C	154	0	99	0	28	81	61	37	decided
13	111367844	G	A	281	0	239	0	77	27	274	25	decided
14	20502240	C	A	209	0	323	4	167	124	165	65	decided
14	20916943	G	C	365	0	441	210	516	0	390	0	decided
14	35522511	G	A	284	0	131	0	194	141	223	89	decided
14	45711287	A	C	139	0	44	96	182	0	135	0	undecided
14	47120364	A	C	134	0	75	0	25	82	87	58	undecided
14	72138020	A	T	225	0	130	0	35	152	175	90	decided
14	72138082	C	A	161	0	141	0	20	179	148	78	decided
14	74420172	G	T	69	80	104	0	92	0	124	0	decided
14	77984412	G	C	201	0	188	0	222	0	188	58	decided
14	88477254	C	A	68	68	75	0	71	0	70	0	decided
14	102894709	A	G	285	0	205	0	46	237	171	121	decided
14	103566635	C	G	17	12	31	0	31	0	90	0	decided
15	23889207	G	A	112	0	129	77	102	0	204	0	decided
15	25223446	C	T	99	0	138	0	21	69	68	40	decided
15	26812874	T	A	127	0	138	94	109	0	112	0	decided
15	26825586	C	A	51	70	153	0	105	0	157	0	decided
15	27777804	C	G	270	0	267	169	245	0	201	0	decided
15	33925207	G	C	257	0	298	0	250	0	282	64	decided
15	39874393	G	A	149	0	128	68	129	0	166	0	decided
15	40756074	A	T	57	68	210	0	117	0	199	0	decided
15	41101324	G	T	82	0	64	34	44	0	117	0	decided
15	45396214	C	T	110	144	342	0	349	0	334	0	decided
15	54007433	G	C	149	0	114	0	102	71	114	43	decided
15	65450979	C	G	586	0	518	5	417	274	459	195	decided
15	68378877	A	T	218	0	193	0	198	165	252	95	decided
15	72492851	C	A	27	35	127	0	99	0	135	0	decided
15	72533858	G	C	217	0	241	111	406	0	407	0	decided
15	72699455	G	T	197	0	267	0	177	148	211	91	decided
15	74425192	C	G	30	38	134	0	109	0	115	0	decided
15	76017560	G	A	20	21	97	0	88	0	120	0	decided
15	79083534	C	T	84	0	131	0	102	85	200	39	decided
15	81578146	T	C	108	85	276	0	360	0	380	0	decided
15	84651882	G	T	148	0	97	0	102	80	109	41	decided
15	88678537	C	G	145	0	145	0	75	133	130	104	decided
15	90447216	C	A	59	0	22	17	58	0	59	0	decided
15	91026815	C	T	282	0	202	0	184	294	194	128	decided
15	98984357	A	G	336	0	221	76	486	0	319	0	decided
16	1570195	G	A	134	0	124	0	114	70	240	53	undecided
16	4638280	A	G	190	0	132	0	144	113	213	80	undecided
16	9934802	C	G	253	86	159	0	377	0	266	0	undecided
16	13010673	G	T	118	0	74	0	126	106	153	37	undecided
16	15835677	G	T	103	0	40	62	132	0	183	0	undecided
16	16350014	G	A	591	0	274	4	408	322	496	194	undecided
16	22126738	A	G	161	0	93	0	122	78	115	48	undecided
16	24902207	G	A	300	0	151	0	192	123	225	74	undecided
16	28838281	G	A	326	0	248	0	294	239	409	123	undecided
16	28846645	C	T	75	0	40	0	45	38	112	33	undecided
16	48587509	T	C	238	0	83	110	262	0	209	0	undecided
16	50757286	A	G	219	0	219	0	271	224	335	113	undecided
16	56906627	G	A	74	0	64	0	75	44	138	39	undecided
16	58549454	G	A	34	20	26	0	42	0	63	0	undecided
16	58610382	C	A	305	0	209	0	315	199	407	125	undecided
16	67241572	A	T	28	0	30	0	28	18	59	24	undecided
16	67768784	G	A	32	0	34	0	32	21	68	17	undecided
16	68857531	T	G	95	0	61	0	83	63	86	57	undecided
16	70867926	G	A	44	0	45	0	34	32	77	22	undecided
16	74919581	A	T	125	111	190	0	431	0	365	0	undecided
16	90124765	T	A	141	0	119	0	147	96	177	62	undecided
17	3352282	G	T	221	222	450	7	350	0	316	0	decided
17	4436276	A	G	16	0	36	0	0	12	20	14	decided
17	7400276	G	T	42	0	48	34	33	0	92	0	decided
17	7577518	T	A	113	0	217	0	22	79	136	69	decided
17	7578460	A	G	86	0	36	88	88	0	96	0	decided
17	7579312	C	A	14	33	95	0	48	0	83	0	decided
17	8050622	C	A	10	0	19	14	23	0	28	0	decided
17	9820559	C	A	47	53	160	0	105	0	206	0	decided
17	11603093	C	T	225	0	82	220	209	0	246	0	decided
17	20906374	G	C	61	86	189	0	142	0	225	0	decided
17	31260222	G	C	381	0	91	146	309	0	460	0	decided
17	34416624	G	T	517	238	402	0	376	0	647	0	decided
17	40034365	G	A	129	0	115	0	8	75	66	49	decided
17	40262741	C	T	50	29	106	0	44	0	116	0	decided
17	42272194	G	A	66	36	111	0	75	0	136	0	decided
17	42332650	G	T	77	40	139	0	89	0	144	0	decided
17	43366657	C	T	278	0	205	129	223	0	349	0	decided
17	45917717	G	T	127	0	101	37	70	0	176	0	decided
17	46628419	C	A	42	27	66	0	41	0	84	0	decided
17	51901166	T	C	168	59	102	0	253	0	258	0	decided
17	56620302	G	T	434	0	207	0	434	113	521	0	decided
17	62019263	C	T	38	26	58	0	54	0	105	0	decided
17	64024490	C	T	338	161	165	0	687	4	486	0	decided
17	66303667	G	T	445	0	119	148	675	0	585	0	decided
17	66972318	G	T	280	0	62	112	326	4	210	0	decided
17	72955132	G	A	153	80	182	0	436	0	527	0	decided
17	74472914	G	T	27	14	19	0	51	0	71	0	decided
17	77769228	T	C	36	0	27	0	3	46	23	39	decided
18	347106	C	A	191	104	304	0	314	0	272	0	undecided
18	2707860	A	G	361	0	306	4	171	153	192	86	undecided
18	5489096	C	T	26	22	42	0	29	0	33	0	undecided
18	9280974	G	T	360	161	367	0	480	0	417	0	undecided
18	12859246	C	A	559	0	418	410	390	0	361	0	undecided
18	25565195	C	A	155	53	123	0	180	0	186	0	undecided
18	43534968	T	G	368	164	320	0	509	0	429	0	undecided
18	43796265	C	G	103	40	84	0	94	0	119	0	undecided
18	45566755	G	A	156	0	113	0	176	38	162	25	undecided
18	51810363	A	G	169	91	114	0	238	0	169	0	undecided
18	60206938	A	T	220	79	150	0	445	0	232	0	undecided
18	67817846	C	A	220	86	119	0	287	0	182	0	undecided
18	72103777	G	A	199	0	125	0	198	118	215	62	undecided
18	76753417	C	A	47	0	33	0	27	35	46	14	undecided
19	498755	G	C	3	2	5	6	2	8	1	15	decided
19	507687	G	A	21	25	43	0	28	0	94	0	decided
19	1051161	G	T	53	0	66	40	53	0	120	0	decided
19	2425414	C	G	11	0	17	0	3	8	13	8	decided
19	2434313	G	C	11	0	24	16	9	0	22	0	decided
19	3110198	A	G	69	0	80	44	54	0	122	0	decided
19	3907765	C	A	63	0	66	0	6	39	41	28	decided
19	6734278	T	C	139	0	205	0	68	33	222	0	decided
19	8618088	A	G	167	80	281	0	180	0	302	0	decided
19	8953697	C	G	51	34	102	0	92	0	91	0	decided
19	9047690	C	T	74	47	103	0	64	0	91	0	decided
19	9061935	G	A	127	33	158	0	144	0	112	0	decided
19	9362456	T	G	102	0	107	0	74	0	51	18	decided
19	10220836	G	A	12	14	37	0	17	0	47	0	decided
19	10793893	C	T	64	0	82	0	7	48	72	24	decided
19	11311460	G	A	74	35	175	0	90	0	206	0	decided
19	11546971	G	T	108	0	64	47	49	0	123	0	decided
19	12759055	G	T	13	0	25	0	9	9	17	0	decided
19	13356011	G	A	164	0	150	81	137	0	195	0	decided
19	13919671	G	C	26	0	37	23	39	0	41	0	decided
19	15728956	G	T	74	52	77	0	64	0	97	0	decided
19	15839464	G	A	317	0	168	114	176	0	264	0	decided
19	18235137	G	T	127	76	220	0	131	0	240	0	decided
19	19338484	C	T	40	0	47	34	36	0	75	0	decided
19	21366712	A	T	415	0	305	197	281	0	258	0	decided
19	21720707	G	A	171	0	120	0	9	109	59	58	decided
19	22575362	A	G	209	0	112	66	104	0	94	0	decided
19	30936198	A	G	113	0	60	47	47	0	118	0	decided
19	36341295	C	A	241	147	497	0	447	0	646	0	decided
19	36884811	G	A	127	91	140	0	147	0	146	0	decided
19	37441932	G	C	97	0	35	34	64	0	74	0	decided
19	39052019	G	A	52	0	44	27	32	0	53	0	decided
19	40331307	C	A	75	0	45	29	47	0	102	0	decided
19	44740349	C	A	118	54	201	0	158	0	188	0	decided
19	46850367	A	C	86	50	70	0	75	0	166	0	decided
19	47575675	T	A	49	21	71	0	62	0	103	0	decided
19	48879440	C	A	90	0	79	43	77	0	142	0	decided
19	48977576	G	T	55	0	39	29	39	0	59	0	decided
19	49979753	G	T	86	17	129	0	76	0	175	0	decided
19	50154270	T	C	5	6	4	12	8	1	14	8	decided
19	51192527	G	A	141	0	109	60	181	0	196	0	decided
19	51361294	G	T	47	27	93	0	75	0	127	0	decided
19	52131140	C	A	79	41	105	0	114	0	165	0	decided
19	52826065	G	A	64	36	52	0	56	0	74	0	decided
19	52887572	A	C	52	0	34	0	25	29	40	7	decided
19	52937282	A	T	409	0	382	5	314	124	327	185	decided
19	53572615	T	C	136	53	153	0	120	0	123	0	decided
19	53957950	A	G	123	79	125	4	164	0	188	0	decided
19	54310827	C	T	105	40	129	0	106	0	245	0	decided
19	54376967	G	T	132	0	100	0	69	28	142	67	decided
19	54377158	C	A	67	0	87	0	28	34	92	23	decided
19	54502915	C	T	151	0	129	74	151	0	234	0	decided
19	54561800	C	A	106	0	119	64	133	0	216	0	decided
19	54967342	A	C	118	0	111	48	100	0	211	0	decided
19	55241136	C	A	301	134	367	0	383	0	633	0	decided
19	56029445	A	G	54	0	47	46	54	0	129	0	decided
19	56549541	G	T	59	29	92	0	99	0	147	0	decided
19	57640446	T	A	74	0	62	0	32	32	59	27	decided
19	57665784	C	T	302	0	184	127	257	0	356	0	decided
19	58899573	G	A	253	0	231	0	187	68	284	141	undecided
20	2542570	C	A	83	64	95	0	134	0	132	0	undecided
20	2819700	A	C	62	0	57	0	34	39	66	18	undecided
20	5283117	A	T	154	97	206	0	242	0	287	0	undecided
20	5923118	G	T	633	0	504	7	441	339	576	186	undecided
20	18287010	A	G	393	0	204	87	362	0	359	0	undecided
20	23334775	C	T	153	0	103	66	114	0	181	0	undecided
20	30671797	C	A	105	197	139	0	187	0	180	0	undecided
20	31673941	A	T	257	67	110	0	164	0	190	0	undecided
20	31685509	A	G	452	68	241	0	301	0	372	0	undecided
20	32258497	G	C	266	53	155	0	195	0	241	0	undecided
20	34459616	C	T	119	0	106	59	128	0	132	0	undecided
20	37535665	G	T	167	0	169	107	330	0	243	0	undecided
20	40944401	A	G	123	0	170	0	224	60	208	0	undecided
20	41306693	C	T	108	99	240	0	285	0	347	0	undecided
20	44657987	C	G	20	12	27	0	32	0	55	0	undecided
20	44692302	G	A	61	0	92	0	68	57	101	41	undecided
20	45242315	G	T	62	0	73	0	64	56	96	37	undecided
20	47259029	T	C	66	0	87	0	62	53	76	29	undecided
20	47886996	C	T	72	0	88	0	55	47	79	29	undecided
20	52774016	G	T	104	92	198	0	275	0	232	0	undecided
20	54987517	G	T	169	0	174	85	266	0	290	0	undecided
20	57897480	G	T	134	161	435	0	666	0	657	0	undecided
20	58569536	G	A	56	0	31	24	68	0	83	0	undecided
21	14992584	C	A	1440	0	836	0	554	296	692	198	decided
21	15870794	T	C	246	355	330	0	322	0	316	0	decided
21	16340057	T	C	21	38	35	0	34	0	47	0	decided
21	22804567	A	T	223	105	183	0	176	0	180	0	decided
21	31812917	A	G	174	0	100	53	101	0	136	0	decided
21	33064244	C	T	83	208	188	5	120	0	140	0	decided
21	33876305	C	T	378	0	269	0	38	104	121	49	decided
21	37444994	G	T	251	0	118	67	116	0	171	0	decided
21	38114117	G	A	112	0	96	39	78	0	114	0	decided
21	43531500	C	A	6	17	21	0	9	0	16	0	decided
21	43531501	C	T	6	18	22	0	9	0	16	0	decided
21	47541007	C	A	40	121	166	0	103	0	140	0	decided
22	17073267	C	A	51	0	89	0	65	27	75	12	undecided
22	20458118	G	A	146	25	224	0	124	8	163	21	undecided
22	21342305	A	G	442	0	102	297	540	0	431	0	undecided
22	24123256	G	T	23	16	71	0	31	0	72	0	undecided
22	27012151	G	T	304	147	450	0	506	0	490	0	undecided
22	28256230	C	G	199	0	32	98	118	0	83	0	undecided
22	30660280	G	A	43	0	63	0	34	23	41	7	undecided
22	32257403	C	T	189	138	299	0	334	0	337	0	undecided
22	32626991	C	G	176	93	202	0	312	0	249	0	undecided
22	38129401	C	A	40	0	6	24	47	0	40	0	undecided
22	38129402	C	A	39	0	6	24	46	0	39	0	undecided
22	38161801	A	T	26	8	35	0	36	0	31	0	undecided
22	45938098	C	T	71	57	142	0	151	0	171	0	undecided
22	50720641	C	G	23	27	32	0	45	0	46	0	undecided
X	2779722	G	T	229	0	141	67	85	0	165	0	undecided
X	2931186	C	A	213	0	167	0	21	47	114	25	undecided
X	3007616	G	A	325	122	280	0	129	4	208	0	undecided
X	3007617	G	T	324	124	269	4	131	0	204	0	undecided
X	9863299	A	G	23	15	37	0	13	0	21	0	undecided
X	10096723	G	T	205	0	106	54	77	0	163	0	undecided
X	15270415	T	C	164	46	163	0	80	0	135	0	undecided
X	16168489	C	T	201	0	159	0	26	53	74	36	undecided
X	21755754	C	T	481	196	355	5	194	0	284	0	undecided
X	21755755	C	A	627	0	410	219	190	0	288	0	undecided
X	21875093	T	G	104	49	115	0	54	0	124	0	undecided
X	26212111	G	T	195	0	108	62	74	0	128	0	undecided
X	27766365	C	T	196	62	193	0	110	0	155	0	undecided
X	27766451	C	G	98	37	111	0	55	0	69	0	undecided
X	27840090	G	T	27	0	18	0	0	7	13	0	undecided
X	27998446	C	A	369	108	356	0	179	0	296	0	undecided
X	34675000	C	A	63	24	66	0	22	0	43	0	undecided
X	36322018	G	A	463	0	150	102	130	0	171	0	undecided
X	37312842	C	A	341	0	145	72	102	0	177	0	undecided
X	38146133	C	A	109	49	151	0	54	0	101	0	undecided
X	44928849	A	G	77	41	76	0	34	0	50	0	undecided
X	47030435	C	A	20	11	44	0	7	0	42	0	undecided
X	47315768	C	T	321	0	211	77	150	0	245	0	undecided
X	47426645	G	T	101	33	117	0	36	0	108	0	undecided
X	47919428	C	T	124	53	142	0	71	0	82	0	undecided
X	48049633	G	T	487	179	506	0	270	0	442	0	undecided
X	48681520	C	A	99	0	96	43	40	0	90	0	undecided
X	50163415	C	A	1019	0	817	480	277	0	435	0	undecided
X	51639699	C	T	79	35	89	0	46	0	126	0	undecided
X	53280305	C	A	59	0	62	0	5	28	34	11	undecided
X	54955310	G	T	146	53	160	0	74	0	106	0	undecided
X	57620189	A	T	149	87	196	0	100	0	168	0	undecided
X	66931449	C	G	180	0	151	0	77	52	129	35	undecided
X	67943869	G	T	137	0	95	76	87	0	169	0	undecided
X	69455669	G	T	252	89	267	0	245	0	318	0	undecided
X	69510344	G	T	366	0	182	102	224	0	315	0	undecided
X	69671812	C	T	169	0	130	81	111	0	216	0	undecided
X	69843834	G	A	345	135	356	8	289	0	307	0	undecided
X	70443947	A	T	265	0	191	166	198	0	351	0	undecided
X	70777092	G	T	234	79	171	0	159	0	160	0	undecided
X	71362172	T	C	472	0	352	0	191	121	268	67	undecided
X	74288963	G	T	528	0	275	0	161	96	238	61	undecided
X	74520760	C	A	596	199	389	0	431	0	462	0	undecided
X	79999601	A	G	211	116	179	0	146	0	124	0	undecided
X	83375006	G	T	247	99	214	5	157	0	132	0	undecided
X	85213908	A	T	264	105	170	0	164	0	173	0	undecided
X	86869033	C	A	506	0	244	164	215	0	203	0	undecided
X	88009225	C	T	253	0	124	76	124	0	134	0	undecided
X	91134125	C	A	465	189	371	0	404	0	486	0	undecided
X	100296320	C	T	234	0	222	84	164	0	194	0	undecided
X	100356111	C	T	119	40	194	0	91	0	101	0	undecided
X	100492612	C	G	175	0	176	0	79	55	153	26	undecided
X	100656680	C	T	389	0	323	91	217	0	201	0	undecided
X	100808236	C	A	221	0	143	142	133	0	210	0	undecided
X	101139747	C	T	150	0	154	0	49	23	59	19	undecided
X	101624605	C	A	29	0	26	0	11	13	17	0	undecided
X	102338339	T	A	108	66	211	0	111	0	167	0	undecided
X	105280587	C	T	272	0	261	0	119	62	143	35	undecided
X	105450923	C	A	99	49	125	0	58	0	64	0	undecided
X	106229293	C	A	353	0	231	0	95	82	163	42	undecided
X	106462196	C	T	314	140	292	0	180	0	203	0	undecided
X	107408229	G	T	107	0	131	0	42	20	103	20	undecided
X	107846216	T	A	185	0	86	0	64	33	55	20	undecided
X	107938509	G	T	229	77	308	0	156	0	167	0	undecided
X	107938510	G	T	233	76	312	0	158	0	168	0	undecided
X	108912300	G	T	508	192	574	0	372	0	474	0	undecided
X	110439868	G	T	216	0	202	0	55	56	88	26	undecided
X	111195399	C	T	175	61	199	0	161	0	205	0	undecided
X	114347796	G	C	297	147	270	0	205	0	213	0	undecided
X	114414212	C	T	238	115	269	0	178	0	162	0	undecided
X	114880454	G	T	350	0	309	129	190	0	156	0	undecided
X	115582663	C	T	585	0	271	297	215	0	298	0	undecided
X	118676538	G	T	395	0	269	298	193	0	343	0	undecided
X	119388421	C	A	265	0	130	0	51	33	85	31	undecided
X	120183198	G	T	189	104	230	0	155	0	175	0	undecided
X	123554292	C	A	252	0	187	0	79	43	130	32	undecided
X	123637548	C	A	498	0	200	238	163	0	169	0	undecided
X	123787464	G	T	832	0	415	363	280	0	298	0	undecided
X	125299569	G	A	109	0	44	38	54	0	72	0	undecided
X	125685473	G	T	44	30	61	0	32	0	51	0	undecided
X	125686068	G	T	409	0	308	0	109	62	214	31	undecided
X	128641991	G	T	407	0	155	153	182	0	189	0	undecided
X	129274575	C	A	324	0	285	0	102	60	139	46	undecided
X	129318397	C	A	102	82	170	0	101	0	124	0	undecided
X	129536290	G	T	161	109	210	0	115	0	178	0	undecided
X	129765441	C	A	246	0	195	0	84	67	93	29	undecided
X	132159713	C	T	278	73	243	0	152	0	139	0	undecided
X	133379601	G	T	81	78	136	0	60	0	69	0	undecided
X	134427673	C	G	139	0	123	0	27	26	62	19	undecided
X	134481209	T	A	309	0	154	153	178	0	172	0	undecided
X	134494983	C	T	257	0	139	164	96	0	76	0	undecided
X	134993395	G	A	491	0	215	177	157	0	199	0	undecided
X	135313900	C	A	250	0	169	0	71	44	117	31	undecided
X	135427271	C	A	175	0	95	94	72	0	95	0	undecided
X	135430471	A	T	223	0	162	0	54	30	65	16	undecided
X	137715088	C	A	507	0	301	0	125	109	286	60	undecided
X	138678815	G	T	388	0	164	176	140	0	155	0	undecided
X	139866141	C	G	405	0	193	0	93	49	148	16	undecided
X	139866142	C	G	404	0	192	0	93	48	145	17	undecided
X	140969374	A	T	578	0	442	0	209	114	332	70	undecided
X	140995200	G	C	80	0	38	30	36	0	71	0	undecided
X	142717013	G	T	210	0	109	123	94	0	132	0	undecided
X	148568459	G	T	127	106	180	0	125	0	131	0	undecided
X	149638875	C	A	27	22	35	0	27	0	23	0	undecided
X	150348729	A	C	197	0	251	0	52	43	112	23	undecided
X	150840868	G	T	265	82	251	0	139	0	224	0	undecided
X	151909144	C	T	877	0	692	0	318	229	559	138	undecided
X	152771331	T	A	46	0	68	0	35	12	47	9	undecided
X	153052524	C	T	79	99	194	0	88	0	137	0	undecided
X	153072248	C	A	262	0	332	0	121	67	259	36	undecided
X	153284983	C	T	41	0	15	19	5	0	30	0	undecided
X	153588461	C	A	64	0	73	0	12	18	54	9	undecided
X	153588851	C	T	71	0	66	0	19	17	46	9	undecided
X	153590094	A	G	317	0	367	0	137	52	272	45	undecided
X	153716478	C	A	94	30	124	0	45	0	112	0	undecided
X	154159847	C	A	211	0	76	59	69	0	68	0	undecided
X	154299902	G	T	293	0	219	0	77	53	164	31	undecided
