Chr	Posi	Wild	Mut	PrimT:ref	PrimT:alt	Met1T:ref	Met1T:alt	Met4T:ref	Met4T:alt
1	43903092	G	T	89	101	308	0	32	45
2	1507748	C	A	233	93	254	0	60	39
2	3391650	G	T	52	15	79	0	21	17
2	27372107	C	T	96	28	130	0	25	23
2	33534509	G	A	278	142	105	0	53	28
2	45169599	C	A	22	13	37	0	13	9
2	50765687	C	A	179	95	232	0	42	33
2	62081056	C	A	163	0	151	0	47	32
2	73679043	G	A	67	32	46	0	15	5
2	73679044	G	T	68	32	44	0	15	5
2	74749983	C	T	58	49	145	0	25	0
2	103010994	C	A	409	211	275	0	105	58
2	128903459	A	T	210	128	270	0	54	25
2	130877628	C	A	41	21	42	0	9	7
2	132021063	G	T	311	81	112	0	88	26
2	151343232	C	A	278	144	365	0	124	61
2	153520739	C	A	90	42	8	0	28	8
2	157186543	A	T	343	199	433	0	102	53
2	160028721	G	T	224	113	192	4	63	31
2	163124756	T	C	180	0	18	4	60	0
2	166897974	C	A	120	84	15	0	30	18
2	167266781	C	A	770	444	208	0	219	97
2	167266782	C	G	767	439	206	0	221	96
2	167322468	G	A	95	63	41	0	24	17
2	203417478	G	T	165	98	225	0	52	26
2	228884161	C	A	101	70	157	0	28	19
2	232081479	G	A	450	0	208	0	103	15
2	234581022	G	T	635	150	218	0	193	51
2	238305432	A	T	256	153	306	0	64	51
3	51696762	G	A	38	25	112	0	9	18
3	75715006	G	T	1321	186	1893	0	529	76
3	96962948	G	T	293	161	336	0	66	29
3	101383996	G	C	247	142	92	0	50	41
3	113005605	C	T	230	0	364	0	72	45
3	130424549	G	C	288	0	117	0	76	46
3	170198875	G	T	69	48	114	0	13	17
3	170216653	G	C	131	85	185	0	35	28
4	4199046	C	A	51	30	108	0	12	11
4	7736032	G	T	647	286	904	0	237	80
4	20619270	C	T	104	73	194	0	35	11
4	20711391	G	T	437	213	41	0	129	26
4	25675935	G	T	461	232	624	0	181	51
4	39510282	T	C	156	77	86	0	33	25
4	46976325	C	A	204	112	71	0	36	30
4	57181708	G	A	18	11	32	0	7	6
4	68930516	G	T	127	69	33	0	25	5
4	70146243	C	A	435	203	338	0	95	32
4	76813092	C	A	85	56	132	0	43	14
4	79295277	A	G	179	81	265	0	44	20
4	89391805	G	A	193	87	12	0	33	31
4	96761818	G	T	104	50	179	0	25	11
4	114284579	T	A	300	150	131	0	67	29
4	126336899	C	G	120	65	79	0	36	10
4	144464794	A	G	86	60	20	0	17	23
4	144545467	G	A	212	102	37	0	51	9
4	144620299	G	C	157	95	308	0	39	27
4	155219731	G	A	201	91	183	0	22	29
4	158281138	G	T	318	131	503	0	71	59
4	169312763	C	A	203	120	103	0	46	15
4	175183962	A	G	108	53	97	0	20	8
4	187196973	G	T	304	149	174	0	98	28
5	21842275	G	T	175	138	142	0	52	0
5	24505273	A	T	336	148	55	0	108	0
5	39376103	G	C	376	237	135	0	112	0
5	64931197	G	T	222	101	90	0	25	39
5	89923556	G	T	57	45	6	0	7	0
5	140554588	G	A	261	25	322	0	43	20
5	140567195	C	G	70	31	89	0	9	15
5	140580243	G	T	86	51	20	0	12	0
5	149907822	G	T	105	50	160	0	21	26
5	150931046	G	T	211	150	379	0	63	0
5	161300322	G	T	132	84	197	0	21	0
5	171533758	G	C	240	122	349	0	37	51
5	178140075	T	C	285	0	28	4	40	0
5	180166406	A	T	119	58	200	0	33	0
6	25770345	C	T	95	119	265	0	23	29
6	65622530	G	T	100	113	134	0	22	29
6	105526530	G	A	14	20	85	0	8	10
6	139564106	G	T	27	28	53	0	9	10
6	168464411	T	C	54	53	192	0	22	29
7	6825633	A	T	40	12	1	0	15	0
7	27203434	C	A	233	139	386	0	81	53
7	28997339	C	A	215	0	196	0	52	35
7	82585610	C	A	218	104	102	0	46	22
7	87133701	A	T	404	265	727	0	113	76
7	87183113	G	T	182	104	138	0	43	37
7	89856554	T	A	88	57	38	0	29	17
7	93623652	C	A	518	0	89	0	106	53
7	94052384	C	A	370	210	639	0	126	86
7	103243795	C	A	146	72	95	0	45	34
7	106508297	C	A	19	12	45	0	5	3
7	106509434	C	A	95	74	163	0	32	17
7	107732080	C	T	191	118	231	0	64	33
7	121651215	T	A	125	85	149	0	25	27
7	121719742	C	A	113	54	59	0	41	10
7	128529076	C	A	189	97	249	0	97	40
7	128544344	G	T	90	51	144	0	32	14
7	129841703	C	A	182	104	229	0	41	27
7	143827041	T	C	540	0	421	0	137	58
7	153584796	G	A	160	58	183	0	40	34
7	156754923	G	T	295	203	447	0	92	50
7	157926723	C	A	96	39	141	0	48	19
9	33053260	G	A	284	271	170	0	94	77
10	45799112	C	T	183	0	216	0	13	24
10	49939539	G	T	51	24	63	0	4	7
10	50122110	G	A	138	91	149	5	43	0
10	60027284	C	A	51	36	88	0	19	0
10	68686836	G	T	308	125	183	0	42	33
10	72509627	G	T	87	31	129	0	20	0
10	98802692	C	A	186	0	352	0	38	50
11	1955028	G	A	41	59	134	0	21	29
11	55579782	C	G	6	11	20	0	2	3
11	55607036	G	T	91	92	286	0	19	25
11	72299930	A	T	24	18	75	0	7	14
11	88583158	C	G	114	43	458	0	40	24
11	110482107	T	C	40	58	10	0	12	14
13	45149652	C	A	85	110	318	0	31	35
14	20482660	G	C	146	103	248	0	45	26
14	20528595	A	G	162	87	105	0	38	18
14	23884673	G	C	226	112	313	0	77	42
14	24661375	A	C	155	74	172	0	43	29
14	47120663	G	A	150	75	252	0	53	33
14	50053044	G	A	168	111	282	0	64	34
14	51489585	G	T	246	121	454	0	95	48
14	65268074	C	A	206	125	384	0	92	44
14	73789872	T	C	194	106	26	0	83	21
14	79175803	G	T	162	80	207	0	44	54
14	95058426	G	T	246	121	360	0	99	57
14	103341997	G	C	261	140	161	0	51	43
15	29488751	C	A	150	70	210	0	56	36
15	31352756	G	A	252	0	193	0	53	26
15	34048518	A	T	345	195	283	0	96	58
15	34647828	C	G	202	0	226	0	51	39
15	34653711	C	G	103	50	165	0	40	23
15	40917096	C	G	73	27	19	0	30	7
15	52905952	C	A	439	213	293	0	123	72
15	53907789	C	G	190	100	29	0	48	9
15	64010990	T	A	278	170	63	0	68	41
15	73558663	G	T	354	174	144	0	79	58
15	74238820	G	C	99	45	157	0	30	35
15	74468085	C	A	29	12	39	0	4	6
15	77907793	C	T	159	78	251	0	65	47
15	85383178	G	A	42	22	52	0	17	14
16	2333309	G	A	134	85	238	0	55	46
16	3254480	C	A	293	159	353	4	58	60
16	4624716	C	A	178	75	137	0	48	16
16	27487817	C	G	198	101	307	0	68	53
16	31342511	A	T	87	43	101	0	29	10
16	56536696	C	A	93	54	93	0	16	21
16	69964086	A	G	272	144	388	0	42	54
16	74446726	G	A	230	30	240	0	89	27
17	3030729	C	T	105	54	163	0	28	15
17	3788840	C	A	134	70	165	0	44	18
17	7833934	C	A	229	137	370	0	84	46
17	8738624	G	T	59	18	61	0	19	18
17	10212640	C	A	75	36	116	0	15	17
17	10355643	C	A	85	66	103	0	38	20
17	10440755	G	T	461	228	681	0	125	88
17	30814971	C	G	25	11	44	0	18	6
17	39340991	C	A	85	42	161	0	35	19
17	42455748	C	A	108	55	181	0	38	30
17	48597066	C	T	175	99	257	0	50	43
17	56399695	G	A	108	43	156	0	90	0
17	58701014	A	G	207	112	238	0	86	0
17	76157269	G	T	193	98	292	0	88	56
19	17953181	C	A	17	13	39	0	7	14
19	17954233	T	A	54	65	102	0	14	26
19	21991287	C	A	21	13	5	0	2	3
19	43382362	C	T	247	143	843	0	91	81
19	55341621	G	C	140	17	379	7	38	8
19	55870064	C	T	26	33	111	0	10	13
19	56090246	C	A	18	20	61	0	5	10
19	58982200	G	A	246	34	440	24	91	7
20	2312860	A	G	332	0	291	0	96	38
20	8769333	C	T	262	131	33	0	59	23
20	10620181	C	A	853	385	1232	0	309	164
20	18037319	G	A	103	78	172	0	48	26
20	21492765	G	T	93	40	129	0	42	36
20	34021940	C	A	184	100	356	0	74	45
20	35234417	A	T	144	0	174	0	58	38
20	39991566	C	T	43	16	66	0	33	6
20	55211775	G	T	244	134	195	0	71	32
20	57766920	T	C	55	40	129	0	22	28
22	19209496	C	A	84	110	91	0	35	27
22	26706758	C	A	72	59	185	0	17	25
