Chr	Posi	Wild	Mut	Met2T:ref	Met2T:alt	Met3T:ref	Met3T:alt	Met5T:ref	Met5T:alt
1	22151219	G	A	43	33	278	21	59	5
1	46476599	A	T	59	12	40	0	31	5
1	47078584	G	A	75	13	261	13	52	6
1	67154905	C	T	173	27	246	9	104	5
1	86289369	G	A	305	79	101	4	216	12
1	110735142	T	A	145	42	293	15	115	7
1	177199082	G	T	57	9	223	16	57	10
1	181019157	T	A	131	18	161	8	84	6
1	227073381	G	A	52	14	187	12	43	0
1	235324301	G	A	76	10	139	5	28	6
1	235950641	G	A	312	72	64	5	173	13
1	237774078	C	T	218	31	377	31	112	10
1	247751882	G	A	198	65	116	0	109	9
1	248366423	C	A	428	81	276	17	237	27
2	24471548	T	G	181	38	38	0	104	10
2	29443656	C	A	163	0	407	0	127	14
2	31215722	G	A	69	10	140	10	40	8
2	74438913	C	T	252	35	90	0	182	0
2	159477523	G	A	219	65	123	5	160	12
2	166011138	T	C	41	15	17	0	29	4
2	169952221	C	A	171	35	81	7	97	9
2	179638940	T	C	173	42	40	0	91	6
2	202494057	T	A	236	0	45	0	121	17
2	212483963	G	A	439	89	80	4	253	21
2	216237032	G	A	75	12	58	4	50	0
2	220172238	G	A	130	31	259	11	81	0
2	234904976	G	A	117	24	140	4	71	5
3	13916669	C	T	34	11	94	8	30	0
3	15115841	A	G	211	0	392	50	143	0
3	52841893	G	A	63	18	199	12	67	9
3	62636630	G	A	189	34	213	14	127	8
3	138739098	C	T	79	18	352	24	55	7
4	77631344	G	A	119	28	212	13	92	8
4	90856590	T	C	59	9	5	0	24	10
4	144617536	G	T	174	24	52	0	84	11
4	144617826	G	A	264	48	119	10	136	13
4	166986992	G	A	182	24	52	8	100	0
5	127873247	C	G	62	16	176	11	30	0
5	139219624	C	T	92	23	173	7	76	5
5	140719876	C	T	83	21	198	8	89	0
5	140720434	G	C	36	14	138	8	22	5
5	171533681	C	T	194	76	795	68	141	21
6	18237674	C	T	545	124	127	12	397	42
6	30917040	A	G	29	8	19	0	41	0
6	42986153	C	T	95	21	215	16	64	4
6	43594117	A	C	143	50	369	34	112	19
6	46659900	C	T	125	16	15	0	86	4
6	154360433	C	T	102	21	170	18	70	13
6	154360838	C	T	125	42	272	17	84	7
7	28843919	C	T	125	24	283	12	72	8
7	98546218	C	G	134	0	253	0	77	10
7	119915718	C	T	92	23	124	4	51	5
7	129929535	C	T	155	22	342	24	99	15
7	134730556	C	T	131	17	34	0	68	0
7	150698951	G	A	58	29	383	27	60	4
9	95796855	G	T	32	8	218	15	40	0
9	125486635	C	T	145	37	188	11	68	8
9	130479271	C	T	136	63	205	12	72	4
9	130829233	C	T	23	11	82	6	10	1
10	402365	C	T	156	54	567	35	118	10
10	1406062	C	T	12	19	117	6	24	4
10	17905608	C	T	166	31	98	8	83	10
10	24810774	G	A	100	21	284	19	74	0
10	68687393	A	G	46	12	18	0	27	0
10	75549484	G	A	105	34	265	24	59	13
10	121341971	C	T	132	30	29	0	62	9
10	125804237	G	A	73	15	311	16	70	0
10	126185566	C	T	215	91	732	70	227	22
11	404322	C	T	37	11	203	22	44	5
11	771409	G	A	25	14	147	9	19	0
11	2930503	C	T	17	14	59	5	5	2
11	6291062	G	A	69	14	162	5	40	6
11	6648031	T	A	51	20	168	21	45	5
11	32954359	C	A	38	10	4	0	28	0
11	61511590	C	G	36	15	153	16	33	4
11	76867749	C	T	86	20	334	19	62	4
11	124440133	G	A	134	36	127	9	82	8
11	129743778	C	T	37	10	108	8	28	0
12	4553334	C	T	123	33	212	6	79	8
12	56216207	G	A	342	0	245	0	155	26
12	57662159	G	A	109	28	196	12	70	0
13	33002128	C	T	198	58	574	50	105	14
13	39266244	C	A	216	50	52	0	118	12
14	29237704	G	A	44	24	218	15	40	0
14	52520821	G	A	166	30	89	4	95	11
14	60005443	G	A	252	64	83	10	159	14
14	77880338	C	A	72	0	143	0	41	10
14	93392973	C	T	158	45	316	21	99	22
14	103958304	T	C	137	31	299	18	103	13
15	23890798	C	T	24	14	129	6	20	0
15	28419720	G	A	191	29	378	19	133	7
15	55520906	G	A	163	41	51	0	112	0
15	56704563	C	T	329	42	74	0	218	15
15	56985377	T	C	224	78	68	5	160	18
15	68695330	G	A	260	73	658	46	205	0
16	57790771	C	T	38	17	194	8	41	0
16	88014663	T	C	227	32	77	4	177	12
17	2901556	C	A	121	27	119	14	110	4
17	7534615	G	A	101	36	298	16	72	0
17	7830727	C	A	184	41	165	10	117	15
17	8741916	C	T	185	42	471	47	124	7
17	11648316	G	T	212	42	322	11	138	10
17	14248479	C	T	104	31	345	21	73	6
17	18054468	T	C	82	25	313	27	53	6
17	27807493	C	G	232	48	181	4	123	7
17	28749746	G	A	120	18	25	0	63	8
17	40269939	G	A	102	30	280	12	83	4
17	49357776	A	C	201	38	73	4	115	9
17	53851104	G	A	104	35	255	11	84	9
17	56274319	G	A	136	42	385	34	105	7
17	64225461	G	A	126	29	70	0	61	10
17	66253088	G	T	157	26	52	0	115	0
17	66596647	G	A	54	26	206	16	51	0
17	80919005	C	A	59	31	372	23	48	0
18	264068	C	T	135	19	55	0	104	7
18	45374945	C	T	238	49	111	8	147	9
19	31768074	G	A	44	8	167	10	40	9
