Chr	Posi	Wild	Mut	PrimT:ref	PrimT:alt	Met1T:ref	Met1T:alt	Met2T:ref	Met2T:alt	Met3T:ref	Met3T:alt	Met5T:ref	Met5T:alt
1	6609661	A	G	217	0	145	0	125	31	156	0	158	0
1	8390855	T	G	42	27	28	0	43	0	28	0	67	0
1	18960858	A	C	42	0	42	0	69	0	24	7	79	4
1	23418776	T	A	105	0	78	0	65	23	62	0	101	0
1	53493657	C	T	279	0	159	77	230	0	187	105	153	24
3	38407109	C	T	89	0	56	26	93	0	38	14	96	12
3	195507228	G	C	125	6	149	8	140	14	146	0	168	8
3	195512346	G	A	63	13	119	0	114	0	89	0	150	0
4	47453671	C	T	179	112	214	0	202	0	254	0	114	0
5	31493373	C	T	233	117	340	0	236	0	392	0	208	0
5	76332438	G	T	372	0	171	147	168	45	195	222	202	59
5	121761130	C	T	132	81	181	0	142	0	252	0	171	0
5	134154594	C	T	274	141	477	0	306	0	520	0	394	0
5	140480328	G	A	195	47	265	0	184	0	326	0	293	0
5	177656969	G	A	109	16	143	0	124	0	123	0	154	0
6	42796514	C	G	43	0	35	30	32	9	26	42	54	13
6	65300962	T	G	23	0	10	7	7	2	10	14	9	4
6	152415658	G	T	62	0	93	22	72	20	71	28	98	17
6	152415659	G	T	61	0	93	21	72	20	69	29	105	16
8	12943876	C	A	364	0	226	95	182	0	224	119	312	34
8	97172834	T	C	29	14	56	0	64	0	44	0	70	0
10	127525390	T	A	469	0	197	118	267	0	246	149	172	24
11	15197318	C	T	176	33	174	0	144	0	193	0	227	0
11	73021089	C	T	98	62	154	0	160	0	158	0	229	0
11	118468453	A	G	226	0	164	95	189	72	158	112	227	25
12	81627233	G	T	386	221	376	0	355	0	405	0	262	0
12	82147929	G	A	167	72	197	0	161	0	189	0	194	0
12	121164990	C	T	140	0	125	32	162	0	105	37	190	15
14	32624120	C	G	62	0	32	15	22	8	34	13	31	6
14	104040444	G	A	100	17	93	13	79	13	95	17	86	4
14	105416323	T	C	111	5	69	16	97	11	75	24	121	19
15	28511008	C	T	70	42	103	0	121	0	81	0	139	0
15	43023906	C	A	64	0	62	15	62	30	48	13	80	6
15	48062761	T	G	301	0	162	101	161	75	185	114	223	29
15	78927811	C	A	159	22	148	0	195	0	139	0	245	0
15	93588810	G	A	26	12	26	0	41	0	13	0	44	0
17	7227191	T	G	78	0	49	0	81	5	26	0	91	0
17	7751994	A	C	65	0	53	0	83	0	21	0	52	5
17	27024698	C	T	185	0	259	54	158	49	242	90	269	19
17	56440764	G	T	114	0	89	52	90	37	63	84	117	30
17	71232169	C	G	77	44	109	0	92	0	148	0	54	0
17	79414622	G	A	46	8	52	0	59	0	29	0	42	0
17	80439075	G	A	119	0	164	0	151	19	140	0	191	0
18	55355530	C	A	185	0	111	101	99	46	109	131	169	41
