Chr	Posi	Wild	Mut	Met1T:ref	Met1T:alt	Met2T:ref	Met2T:alt	Met4T:ref	Met4T:alt	Met5T:ref	Met5T:alt	Met6T:ref	Met6T:alt
1	68512686	G	A	118	0	55	35	103	0	60	0	107	0
1	243327939	A	C	156	25	119	29	164	35	135	16	162	30
2	169404152	G	A	182	148	172	124	201	139	119	100	210	107
5	121356325	A	T	64	36	52	64	98	65	61	41	98	38
6	90459409	G	C	77	40	44	48	64	40	55	42	107	45
6	121563477	C	A	44	0	94	0	80	15	99	0	134	0
14	77778308	T	G	202	4	131	4	196	25	171	6	185	8
19	35232638	A	C	67	9	92	11	82	14	82	6	84	4
19	35435592	G	A	1830	442	1650	338	2056	479	1758	457	1867	454
