Chr	Posi	Wild	Mut	PrimT:ref	PrimT:alt	Met1T:ref	Met1T:alt	Met2T:ref	Met2T:alt	Met3T:ref	Met3T:alt
2	8874856	G	A	199	117	317	67	219	136	332	26
2	23980666	T	A	63	50	140	27	121	57	139	7
2	29551276	C	T	98	56	105	14	115	64	202	17
2	38811025	C	T	329	45	342	43	347	78	418	17
2	44058927	G	T	57	28	60	13	65	35	141	14
2	72359421	C	A	66	42	84	17	119	53	233	15
2	73678890	G	T	46	33	77	17	48	26	85	14
2	79253266	C	A	208	95	209	45	204	95	388	29
2	96691993	G	A	29	10	32	8	30	24	67	9
2	97847336	G	T	94	53	160	28	112	74	185	21
2	120718441	C	A	206	112	331	65	214	103	240	24
2	128046330	C	A	83	38	97	25	76	32	127	18
2	128393304	C	A	46	22	43	7	43	33	80	9
2	136575093	C	A	78	52	76	12	81	47	180	8
2	141122287	C	T	294	112	429	81	291	123	287	14
2	141200183	C	A	87	53	171	30	111	65	145	11
2	141356354	G	T	217	102	317	78	206	117	246	9
2	152301882	G	T	277	121	456	88	264	197	429	46
2	158272614	C	A	20	24	51	8	34	17	56	5
2	165953761	C	A	51	24	65	24	54	20	63	5
2	165953762	C	A	53	24	66	23	59	20	63	5
2	166536239	C	A	91	54	119	29	84	56	115	17
2	166770103	G	A	265	116	510	74	309	133	417	23
2	166770104	C	T	264	121	516	71	309	135	424	22
2	176829266	C	A	391	223	641	115	329	181	402	19
2	179473008	T	C	103	44	167	31	113	84	167	0
2	179476102	C	T	30	12	42	12	20	18	55	7
2	179480140	G	T	241	128	351	88	232	153	231	23
2	179576811	G	A	22	12	36	4	24	19	37	4
2	179612101	G	T	73	35	108	18	70	42	86	0
2	179612102	G	T	76	36	109	23	72	41	88	0
2	179637941	C	A	134	66	131	21	128	71	149	27
2	179701637	C	A	129	51	146	19	124	71	202	21
2	179737037	T	G	221	130	337	77	240	129	311	39
2	190732606	G	T	274	160	479	113	307	176	386	14
2	191841631	T	C	210	123	342	63	212	149	283	24
2	197873676	G	A	192	80	234	46	205	91	282	14
2	198621222	G	T	203	126	289	69	201	113	188	9
2	198621223	G	T	206	120	280	68	200	113	187	9
2	200213873	G	T	194	98	226	29	196	104	281	19
2	202492873	C	G	107	68	214	41	120	70	185	23
2	203764336	C	A	192	106	309	61	204	100	286	8
2	207422205	G	T	389	175	584	110	340	176	396	13
2	211465371	C	A	295	134	408	66	249	154	338	13
2	212285247	A	C	121	74	176	28	138	71	205	27
2	216293046	T	A	59	34	74	14	75	22	132	7
2	217300144	G	T	163	86	228	39	150	109	304	31
2	220164848	G	T	161	105	177	28	199	100	407	22
2	220164849	G	T	161	107	177	27	193	98	404	22
2	233393273	T	A	140	66	111	25	175	53	262	6
3	97887627	C	G	35	37	39	12	29	25	56	14
3	108178229	G	T	359	316	591	161	355	314	460	99
3	113890792	C	A	51	62	51	17	51	50	86	34
3	113890793	C	A	51	62	48	18	52	50	85	34
3	129304839	T	C	111	117	87	50	101	113	202	0
3	133467352	G	T	315	326	356	185	333	335	488	0
3	160253609	C	T	166	138	269	62	138	121	190	45
3	179082954	A	G	71	79	96	16	72	66	116	19
3	183446509	G	T	185	164	289	42	195	180	312	57
3	186333511	C	A	140	112	147	20	157	126	231	58
3	194151919	C	A	141	120	240	48	126	125	177	41
4	16077482	G	T	71	53	120	33	109	65	201	38
4	41956086	G	T	286	153	341	39	229	138	353	52
4	103870429	G	A	237	27	227	18	231	37	241	8
8	3889544	C	T	88	98	253	54	106	125	468	38
11	18636641	C	T	14	23	11	2	15	20	26	11
11	73106146	G	A	78	33	61	6	84	35	138	10
11	89443710	C	T	65	11	116	28	79	7	83	9
13	20024472	T	C	34	0	73	5	31	8	80	5
13	53422396	C	T	48	19	38	0	64	0	84	0
13	113055452	G	T	190	185	369	97	258	191	311	54
