Chr	Posi	Wild	Mut	PrimT:ref	PrimT:alt	Met1T:ref	Met1T:alt	Met2T:ref	Met2T:alt	Met3T:ref	Met3T:alt	Met4T:ref	Met4T:alt	Met5T:ref	Met5T:alt
1	5925332	C	T	54	0	40	12	40	30	67	21	113	30	63	12
1	36028170	C	A	66	10	47	15	64	27	47	30	112	24	55	12
1	47283861	T	G	203	0	247	99	183	65	196	80	239	4	230	63
1	52943447	A	G	214	0	324	0	219	0	194	0	197	0	192	55
1	110300956	C	T	107	0	141	48	87	66	101	53	207	0	139	31
1	111492506	T	A	262	22	299	98	202	86	189	82	233	50	287	54
1	118477230	C	T	145	0	196	22	146	0	141	0	151	0	142	0
1	118566026	A	G	192	11	226	71	186	87	193	81	206	39	165	26
1	145457053	C	T	182	10	178	0	116	0	111	13	132	0	113	0
1	151732658	C	T	151	0	108	0	114	0	83	19	123	0	104	0
1	152080677	C	G	92	4	24	0	9	4	14	0	161	4	48	9
1	152186230	C	T	74	9	43	0	85	0	64	0	117	0	61	0
1	152186278	T	C	34	14	20	0	39	0	41	0	40	0	41	0
1	182852398	C	T	187	10	138	60	78	57	89	47	132	29	120	37
1	197396763	G	A	71	0	46	26	44	26	63	36	66	19	73	16
1	240371327	C	T	7	9	20	4	21	5	29	0	49	7	25	0
2	10186480	C	A	244	0	223	78	158	58	171	63	250	0	200	64
2	74482969	T	A	306	0	354	0	320	0	344	0	449	176	386	0
2	167285739	C	A	203	4	252	75	179	78	112	34	258	0	188	31
2	198949290	A	T	77	5	67	41	56	20	56	30	67	10	63	13
3	1369236	G	A	301	0	333	103	228	101	126	61	355	0	301	54
3	43389590	T	G	14	6	11	1	16	7	17	0	41	0	15	0
3	195508476	G	C	112	14	94	0	100	0	97	4	120	0	99	9
5	154393458	A	G	239	22	361	21	239	33	303	48	293	22	336	16
6	36990104	C	T	285	0	146	24	264	0	188	0	420	0	181	0
7	99799904	C	G	114	0	160	0	159	0	137	32	139	0	140	0
7	100680202	T	C	108	17	173	4	125	0	145	0	131	0	122	0
7	100682551	A	T	68	9	182	0	174	0	142	0	137	0	145	5
10	26518603	C	A	239	0	164	46	152	59	178	53	197	4	156	26
10	104118479	A	G	114	0	128	0	104	0	136	0	87	0	94	32
10	115337845	G	C	131	14	236	57	170	34	219	32	182	37	180	6
11	59608702	G	C	212	0	269	0	162	0	141	0	151	33	159	0
11	76924932	A	C	95	14	115	0	87	0	131	0	167	0	134	0
11	104877938	T	A	128	4	168	0	127	0	123	24	122	0	156	0
12	4554597	G	A	54	0	66	15	71	15	77	10	109	23	76	10
12	6499981	C	T	59	0	86	77	71	54	61	54	109	43	88	48
12	7640491	C	A	82	15	99	45	70	41	69	67	95	32	96	32
12	93213268	A	G	166	24	159	71	123	52	97	33	152	28	141	26
12	107371934	T	C	83	9	60	56	26	36	22	28	58	25	44	15
12	123067311	T	C	156	0	169	0	113	43	180	0	161	0	176	0
12	133196106	C	T	110	12	119	40	139	51	152	54	197	39	129	18
13	24243226	C	T	47	7	69	0	25	0	37	0	55	0	30	0
14	20296385	C	T	133	7	110	13	93	7	65	9	124	0	109	4
15	23811557	C	A	103	0	112	38	113	47	103	0	190	0	94	40
15	55652698	C	G	129	15	92	45	62	21	57	0	48	0	85	20
15	74315631	G	T	76	7	28	15	45	27	44	0	70	0	34	21
15	101031122	G	T	176	0	243	0	183	54	100	0	191	0	186	0
16	3349047	C	T	142	0	162	0	112	0	54	42	94	0	131	0
17	36288707	A	G	45	4	21	13	24	4	23	0	47	0	14	0
17	48559597	C	T	88	0	50	19	61	22	52	19	118	0	56	4
17	76471441	G	T	117	0	134	0	96	38	179	0	226	0	123	0
19	630135	T	C	63	4	75	0	68	0	81	0	133	0	73	0
19	4511599	C	G	72	14	122	0	107	0	113	0	162	0	120	4
19	12060211	A	G	156	20	190	6	160	4	161	5	135	0	148	0
19	18779848	C	T	66	0	38	0	67	0	76	0	124	0	52	19
19	21607305	T	C	89	13	115	0	81	0	70	0	71	0	77	0
19	22154797	T	G	198	39	207	4	175	0	161	0	146	0	184	0
19	53303787	C	T	162	21	254	0	199	0	159	0	175	0	187	0
21	43222999	T	G	91	0	150	0	142	27	207	0	186	0	185	0
21	43491467	T	G	95	15	135	0	168	0	182	0	252	0	146	0
22	31658121	G	T	136	0	291	0	207	0	198	56	272	0	216	0
