PrimT:ref	PrimT:alt	Met1T:ref	Met1T:alt	Met3T:ref	Met3T:alt	Met4T:ref	Met4T:alt	Met5T:ref	Met5T:alt	Met6T:ref	Met6T:alt	Met7T:ref	Met7T:alt	Met8T:ref	Met8T:alt
123	0	117	0	124	0	77	0	74	0	77	76	116	0	82	0
104	51	107	0	133	0	89	0	127	0	102	0	111	0	93	0
30	4	31	6	47	9	27	13	37	21	40	9	33	8	32	9
333	0	275	0	422	0	298	0	355	0	350	130	434	0	295	0
86	0	62	0	82	31	61	0	56	0	83	0	96	0	58	4
399	87	408	83	504	157	566	165	466	161	395	134	377	117	423	96
72	0	89	5	200	0	99	9	200	0	106	15	205	0	179	0
423	0	385	95	391	161	318	192	375	172	396	6	349	182	374	82
347	111	348	94	353	171	407	168	342	197	202	130	307	144	390	116
149	10	139	15	160	21	160	17	143	29	94	12	188	23	129	15
389	30	379	14	462	24	385	17	340	25	269	28	421	9	357	15
81	36	52	0	136	0	67	0	92	0	110	0	155	0	69	0
202	61	239	0	289	0	302	0	186	0	104	0	205	0	234	0
286	99	348	75	304	108	282	156	98	128	173	54	126	119	320	92
171	0	111	0	232	29	133	0	176	17	173	0	279	25	147	7
177	64	197	66	190	69	169	121	185	102	113	71	167	84	207	70
230	74	153	60	243	115	157	77	165	99	165	122	234	113	170	61
80	35	75	23	91	25	62	29	54	29	61	45	52	33	44	20
263	0	301	0	392	0	312	0	316	0	160	107	308	0	293	0
104	0	78	28	76	55	73	62	41	56	80	4	36	68	76	28
206	12	263	18	296	33	269	39	247	29	166	12	278	20	269	15
147	0	51	0	103	0	56	0	97	0	132	0	78	41	53	0
135	81	71	17	110	54	49	25	67	47	140	80	114	53	79	27
151	72	187	82	175	118	136	146	88	125	44	180	110	95	161	84
379	0	265	0	359	8	229	7	276	6	363	8	361	6	233	10
77	24	37	19	76	37	30	21	39	34	80	21	76	33	55	23
73	16	28	7	55	34	29	13	41	19	76	32	52	27	30	12
448	4	434	4	550	0	590	0	518	124	372	0	499	0	513	0
319	0	188	47	263	0	149	0	184	0	375	0	334	0	167	0
354	0	266	0	418	0	231	0	243	0	441	101	435	0	245	0
614	169	402	117	478	196	361	198	310	215	351	221	355	168	396	152
246	0	240	0	243	118	281	0	201	0	190	0	226	0	219	0
294	288	320	177	400	384	369	439	143	314	204	125	273	298	377	198
443	0	323	64	451	92	514	113	362	5	232	0	307	100	374	112
214	60	107	0	164	0	106	0	131	0	228	0	179	0	93	0
90	44	39	43	55	39	13	52	18	88	32	90	62	144	50	45
307	17	261	21	345	9	256	21	253	7	365	37	419	16	247	0
200	0	242	0	265	0	196	0	182	0	203	79	211	0	179	0
304	86	296	77	292	119	244	115	245	106	125	117	184	88	236	79
341	94	303	0	422	0	282	0	376	0	403	0	464	0	292	0
274	0	121	34	157	98	88	56	130	55	301	6	204	94	90	30
388	42	336	25	487	51	340	39	417	53	462	78	417	73	332	44
316	121	237	94	184	150	111	131	93	183	101	223	130	149	196	75
86	35	88	0	135	0	80	0	85	0	115	0	168	0	100	0
142	55	148	22	163	55	136	74	143	61	138	70	208	87	160	37
355	0	344	0	364	0	359	0	261	0	202	109	303	0	318	0
299	34	214	18	317	49	201	34	235	35	248	48	295	33	243	35
104	47	52	0	93	0	38	0	42	0	130	0	105	0	35	0
215	61	61	20	56	70	32	29	31	66	109	95	79	72	62	26
189	0	125	0	88	78	84	0	99	0	149	0	111	0	123	0
52	17	43	0	35	0	40	0	44	0	69	22	38	0	39	0
260	0	157	0	185	0	99	0	119	0	236	0	190	0	121	19
313	92	156	50	162	113	83	92	83	122	218	195	147	119	153	76
471	0	226	0	349	0	212	0	202	0	215	208	297	0	205	0
98	30	52	17	103	48	36	18	51	26	92	56	74	35	41	21
149	23	154	0	198	0	129	0	122	0	131	91	176	0	169	0
