Chr	Posi	Wild	Mut	PrimT:ref	PrimT:alt	Met1T:ref	Met1T:alt	Met2T:ref	Met2T:alt
1	206820879	T	C	44	21	50	29	45	13
2	73520401	G	T	54	26	29	16	56	12
2	95541365	C	T	554	177	389	114	418	120
2	202626305	T	G	118	56	106	51	106	48
3	38168076	T	C	411	193	360	109	261	101
3	41266113	C	G	55	23	75	26	44	17
3	182733336	T	C	212	0	283	0	197	37
4	103531773	C	A	169	91	205	59	160	48
4	122301509	G	T	114	20	85	0	74	0
7	117432677	C	A	237	84	223	75	220	68
8	1626779	C	A	37	21	40	7	24	8
9	137623973	G	A	264	114	182	66	168	77
11	5322449	C	T	47	16	53	15	50	21
11	66205661	G	A	203	71	214	92	192	61
12	10149866	C	T	120	43	126	50	74	34
12	15073948	T	A	340	0	411	0	256	30
12	19427603	T	C	99	4	106	27	75	5
12	54394026	C	T	183	87	141	52	149	33
12	72969089	A	G	138	62	189	65	171	48
12	78593238	A	T	137	47	134	64	122	46
20	31982844	T	C	97	46	89	29	80	31
