Chr	Posi	Wild	Mut	PrimT:ref	PrimT:alt	Met2T:ref	Met2T:alt	Met3T:ref	Met3T:alt	Met4T:ref	Met4T:alt
1	3424478	G	A	34	8	53	32	76	37	63	17
1	12475203	C	T	260	21	178	67	170	86	239	70
1	55352595	C	A	17	0	46	16	35	20	29	9
1	167487679	G	A	191	23	194	56	228	95	211	45
2	69633155	G	A	324	0	300	0	207	85	311	0
2	71791292	T	G	57	4	141	6	145	8	129	10
2	109746196	C	T	17	0	24	7	48	14	30	8
2	130832835	C	T	123	9	82	9	107	25	117	26
2	220412355	C	T	51	0	69	6	54	23	75	0
2	230253081	A	G	112	9	105	55	92	63	104	30
3	48663707	C	A	85	0	118	45	116	63	100	21
3	53916043	G	A	57	8	75	19	78	39	61	16
4	68939711	C	T	305	27	235	58	222	114	239	54
4	155410756	C	T	11	2	14	10	39	14	32	7
5	9119118	G	A	73	8	75	23	90	26	68	19
5	44815273	A	C	171	19	94	27	96	47	97	16
5	128864242	A	C	449	0	216	39	319	0	295	0
5	140590506	C	A	18	0	22	12	17	5	22	0
8	32585590	T	C	336	0	265	0	277	0	273	44
8	64081441	C	T	65	4	138	50	125	47	94	36
8	121514742	A	G	301	0	264	0	310	0	266	46
10	94693920	A	G	533	0	221	53	381	0	244	0
10	98781062	C	G	72	0	107	0	119	42	115	0
10	131640410	C	T	181	0	273	0	282	100	300	0
11	1266202	A	G	53	0	77	13	112	8	97	12
11	46747445	C	T	23	0	70	8	55	37	64	0
11	62748839	C	T	61	0	88	0	88	30	86	0
11	108225582	C	T	476	42	351	93	346	160	446	124
11	113780045	C	T	232	0	198	35	330	0	204	50
12	25398284	C	T	470	41	295	89	290	126	321	72
12	44917205	C	T	165	0	138	0	154	0	128	21
13	76287349	A	T	359	51	325	27	352	27	321	28
13	77460179	G	T	34	4	51	0	64	0	37	0
13	95131233	G	A	128	0	102	20	163	0	127	0
14	101004749	G	A	14	0	14	0	12	5	6	6
14	105410741	T	C	62	6	108	0	174	0	125	0
15	41749932	G	A	140	0	137	29	197	0	119	40
16	139838	G	T	29	4	53	0	79	0	46	0
16	716024	T	G	14	0	7	0	22	5	15	0
16	56704456	A	G	122	9	198	11	198	19	218	25
19	9068397	G	A	140	8	54	27	82	41	74	16
19	35250945	G	A	185	0	107	23	192	0	124	29
19	37618929	C	T	137	13	69	22	56	35	91	19
19	46216548	G	A	31	4	36	12	39	18	43	9
22	17488840	C	A	23	0	23	13	22	26	30	13
22	39710795	G	A	54	0	80	0	78	0	58	6
22	50961731	T	C	31	4	43	0	40	0	30	0
