Chr	Posi	Wild	Mut	PrimT:ref	PrimT:alt	Met1T:ref	Met1T:alt	Met2T:ref	Met2T:alt	Met3T:ref	Met3T:alt	Met4T:ref	Met4T:alt	Met5T:ref	Met5T:alt	Status
1	5925332	C	T	54	0	40	12	40	30	67	21	113	30	63	12	decided
1	36028170	C	A	66	10	47	15	64	27	47	30	112	24	55	12	decided
1	47283861	T	G	203	0	247	99	183	65	196	80	239	4	230	63	decided
1	52943447	A	G	214	0	324	0	219	0	194	0	197	0	192	55	decided
1	107599523	G	T	67	7	43	37	41	82	50	80	82	95	45	69	decided
1	110300956	C	T	107	0	141	48	87	66	101	53	207	0	139	31	decided
1	111492506	T	A	262	22	299	98	202	86	189	82	233	50	287	54	decided
1	118477230	C	T	145	0	196	22	146	0	141	0	151	0	142	0	decided
1	118566026	A	G	192	11	226	71	186	87	193	81	206	39	165	26	decided
1	145457053	C	T	182	10	178	0	116	0	111	13	132	0	113	0	decided
1	151509301	G	C	381	72	125	374	28	323	56	333	357	195	239	207	decided
1	151732658	C	T	151	0	108	0	114	0	83	19	123	0	104	0	decided
1	152080677	C	G	92	4	24	0	9	4	14	0	161	4	48	9	decided
1	152186230	C	T	74	9	43	0	85	0	64	0	117	0	61	0	decided
1	152186278	T	C	34	14	20	0	39	0	41	0	40	0	41	0	decided
1	161179071	T	A	249	30	124	210	28	186	28	200	206	120	129	125	decided
1	182852398	C	T	187	10	138	60	78	57	89	47	132	29	120	37	decided
1	196646605	G	A	136	25	55	109	19	94	20	94	104	62	69	44	decided
1	197009847	A	G	145	21	62	75	10	111	10	71	107	83	81	59	decided
1	197396763	G	A	71	0	46	26	44	26	63	36	66	19	73	16	decided
1	240371327	C	T	7	9	20	4	21	5	29	0	49	7	25	0	decided
2	10186480	C	A	244	0	223	78	158	58	171	63	250	0	200	64	decided
2	44513217	A	G	239	35	200	223	150	187	144	191	253	191	203	108	decided
2	74482969	T	A	306	0	354	0	320	0	344	0	449	176	386	0	decided
2	167285739	C	A	203	4	252	75	179	78	112	34	258	0	188	31	decided
2	198949290	A	T	77	5	67	41	56	20	56	30	67	10	63	13	decided
2	219755012	T	G	63	14	59	55	55	54	46	50	83	71	43	38	undecided
3	1369236	G	A	301	0	333	103	228	101	126	61	355	0	301	54	decided
3	43389590	T	G	14	6	11	1	16	7	17	0	41	0	15	0	decided
3	50357915	C	T	11	0	7	15	2	28	3	11	16	24	5	11	decided
3	65425652	A	T	335	101	128	442	40	445	48	290	263	402	181	287	decided
3	115560771	G	T	153	18	303	39	216	65	203	78	224	31	227	52	decided
3	119087354	G	A	131	0	147	29	142	47	110	50	159	16	122	19	decided
3	134078967	G	A	76	5	126	20	116	34	118	45	136	18	118	17	decided
3	195507923	C	T	265	120	345	10	301	14	257	15	369	21	335	22	decided
3	195508476	G	C	112	14	94	0	100	0	97	4	120	0	99	9	decided
4	23815511	G	A	108	0	83	52	41	38	46	34	89	31	57	19	undecided
4	41956088	A	T	311	0	394	0	219	0	175	0	269	0	240	48	undecided
4	141294795	C	T	331	26	185	145	159	121	159	93	287	80	189	73	undecided
4	155510674	C	T	198	0	132	78	93	93	134	97	147	38	132	41	undecided
5	14681633	T	C	153	36	64	149	24	194	22	234	125	61	72	164	decided
5	154393458	A	G	239	22	361	21	239	33	303	48	293	22	336	16	decided
6	27420510	T	C	297	0	347	69	302	67	213	85	278	22	290	39	decided
6	36990104	C	T	285	0	146	24	264	0	188	0	420	0	181	0	decided
6	53010382	C	A	323	43	293	152	190	138	218	89	237	163	238	93	decided
6	102134087	A	G	229	4	297	57	224	70	238	0	304	9	221	37	decided
6	143999327	G	T	72	4	54	19	46	14	54	0	96	42	33	4	decided
6	160489297	T	C	127	14	168	101	118	90	170	59	143	79	179	57	decided
6	161470044	G	C	154	34	151	67	118	91	126	49	104	67	122	37	decided
6	167709631	A	G	323	0	472	112	438	130	421	132	665	73	470	84	decided
7	8183590	G	A	190	0	303	4	292	0	244	0	277	53	284	0	decided
7	20824133	C	T	57	0	53	24	143	36	106	23	158	64	70	16	decided
7	22190123	C	T	72	17	106	13	112	15	96	7	92	10	81	9	decided
7	77572032	C	T	355	5	546	99	389	117	512	100	315	8	384	60	decided
7	83016319	C	T	246	0	385	0	336	0	361	0	253	31	316	0	decided
7	99799904	C	G	114	0	160	0	159	0	137	32	139	0	140	0	decided
7	100677808	T	G	326	8	564	125	442	112	517	108	493	69	466	63	decided
7	100680202	T	C	108	17	173	4	125	0	145	0	131	0	122	0	decided
7	100680709	T	C	167	22	319	10	290	8	290	5	240	6	253	6	decided
7	100682551	A	T	68	9	182	0	174	0	142	0	137	0	145	5	decided
7	100682922	G	C	120	17	259	0	248	0	210	0	235	4	206	0	decided
8	120801046	C	T	549	0	1648	156	1414	171	1125	105	890	5	948	117	decided
8	145668102	G	A	84	4	120	230	60	207	121	240	149	90	153	180	decided
9	128692023	G	C	193	0	239	0	177	0	187	0	188	25	167	0	decided
9	139904283	C	T	234	0	207	63	192	81	225	80	446	6	183	59	decided
10	5784321	T	C	316	61	156	95	66	112	96	129	122	30	133	73	decided
10	26518603	C	A	239	0	164	46	152	59	178	53	197	4	156	26	decided
10	104118479	A	G	114	0	128	0	104	0	136	0	87	0	94	32	decided
10	115337845	G	C	131	14	236	57	170	34	219	32	182	37	180	6	decided
11	5632342	A	C	212	28	211	156	138	114	228	130	208	84	182	72	undecided
11	5989164	C	G	58	13	92	36	45	37	54	37	57	32	56	31	undecided
11	59608702	G	C	212	0	269	0	162	0	141	0	151	33	159	0	decided
11	63933168	C	T	52	12	8	35	5	29	6	39	40	25	12	22	decided
11	76924932	A	C	95	14	115	0	87	0	131	0	167	0	134	0	decided
11	104877938	T	A	128	4	168	0	127	0	123	24	122	0	156	0	decided
12	4554597	G	A	54	0	66	15	71	15	77	10	109	23	76	10	decided
12	6499981	C	T	59	0	86	77	71	54	61	54	109	43	88	48	decided
12	7640491	C	A	82	15	99	45	70	41	69	67	95	32	96	32	decided
12	52966328	G	A	157	11	161	164	71	110	114	146	215	100	177	107	decided
12	93213268	A	G	166	24	159	71	123	52	97	33	152	28	141	26	decided
12	107371934	T	C	83	9	60	56	26	36	22	28	58	25	44	15	decided
12	109692019	G	C	313	29	206	261	147	204	172	272	276	118	248	152	decided
12	123067311	T	C	156	0	169	0	113	43	180	0	161	0	176	0	decided
12	133196106	C	T	110	12	119	40	139	51	152	54	197	39	129	18	decided
13	24243226	C	T	47	7	69	0	25	0	37	0	55	0	30	0	decided
14	20296385	C	T	133	7	110	13	93	7	65	9	124	0	109	4	decided
15	23811557	C	A	103	0	112	38	113	47	103	0	190	0	94	40	decided
15	42710123	G	C	229	9	146	33	110	37	27	48	115	19	154	13	decided
15	43621970	A	G	56	0	41	35	19	43	7	41	46	46	27	13	decided
15	55652698	C	G	129	15	92	45	62	21	57	0	48	0	85	20	decided
15	63054566	C	A	176	23	179	225	118	157	39	177	134	104	162	72	decided
15	74315631	G	T	76	7	28	15	45	27	44	0	70	0	34	21	decided
15	101031122	G	T	176	0	243	0	183	54	100	0	191	0	186	0	decided
16	3349047	C	T	142	0	162	0	112	0	54	42	94	0	131	0	decided
17	33585743	C	T	54	13	14	14	15	20	16	11	40	9	17	7	decided
17	36288707	A	G	45	4	21	13	24	4	23	0	47	0	14	0	decided
17	39274087	G	C	10	5	3	6	3	8	5	15	21	13	8	6	decided
17	48559597	C	T	88	0	50	19	61	22	52	19	118	0	56	4	decided
17	59533869	C	T	20	12	7	19	1	41	3	49	20	40	6	14	decided
17	62893296	C	A	169	0	130	7	109	16	131	10	238	15	155	5	decided
17	67013823	C	T	331	84	100	294	23	257	43	308	171	159	128	187	decided
17	67145191	G	C	119	14	52	23	31	19	27	8	83	9	65	13	decided
17	76471441	G	T	117	0	134	0	96	38	179	0	226	0	123	0	decided
18	34415245	C	G	238	29	180	132	91	49	93	138	131	77	138	58	decided
19	630135	T	C	63	4	75	0	68	0	81	0	133	0	73	0	decided
19	3827555	C	A	127	0	51	20	69	34	65	33	131	55	65	22	decided
19	4511599	C	G	72	14	122	0	107	0	113	0	162	0	120	4	decided
19	12060211	A	G	156	20	190	6	160	4	161	5	135	0	148	0	decided
19	15769593	T	G	227	0	269	93	274	92	266	64	375	73	374	61	decided
19	18779848	C	T	66	0	38	0	67	0	76	0	124	0	52	19	decided
19	21607305	T	C	89	13	115	0	81	0	70	0	71	0	77	0	decided
19	22154797	T	G	198	39	207	4	175	0	161	0	146	0	184	0	decided
19	22605017	G	C	141	25	215	66	263	91	263	99	391	100	293	62	decided
19	40421229	C	T	147	22	76	29	106	39	83	30	190	39	85	24	decided
19	53303787	C	T	162	21	254	0	199	0	159	0	175	0	187	0	decided
20	400070	A	C	84	4	70	0	68	0	80	0	98	7	56	10	decided
20	20257890	C	T	124	21	96	27	112	36	107	53	200	46	97	27	decided
20	20596693	T	C	85	0	109	0	77	0	70	0	74	11	78	0	decided
20	31946880	G	C	210	0	193	47	144	49	146	55	179	16	187	39	decided
20	33328729	G	A	163	32	85	97	59	115	81	119	85	56	111	66	decided
21	43222999	T	G	91	0	150	0	142	27	207	0	186	0	185	0	decided
21	43491467	T	G	95	15	135	0	168	0	182	0	252	0	146	0	decided
22	31658121	G	T	136	0	291	0	207	0	198	56	272	0	216	0	decided
22	31671238	T	A	196	0	393	91	286	68	291	111	282	73	280	0	decided
22	32109818	T	C	288	0	376	92	270	70	374	101	279	7	249	0	decided
X	31947837	C	T	138	18	196	0	153	0	181	0	234	0	152	0	undecided
X	41586746	G	A	35	0	45	23	12	18	35	13	40	0	43	20	undecided
X	50054016	A	G	72	9	103	0	79	0	109	0	72	0	93	0	undecided
X	153588471	A	T	45	0	36	14	51	24	57	25	124	0	36	24	undecided
