PrimT:ref	PrimT:alt	Met2T:ref	Met2T:alt	Met4T:ref	Met4T:alt	Met5T:ref	Met5T:alt
1	1	1	1	1	1	1	1	
1	1	1	1	1	1	1	1	
1	1	1	1	1	1	1	1	
1	1	1	1	1	1	1	1	
1	1	1	1	1	1	2	1	
1	1	1	1	1	1	2	1	
1	1	1	1	1	1	2	1	
1	1	1	1	1	1	2	1	
1	1	1	1	1	1	1	1	
1	1	1	1	1	1	1	1	
1	1	1	1	1	1	1	1	
1	1	1	1	1	1	1	1	
1	1	1	1	1	1	1	1	
1	1	1	1	1	1	2	1	
1	1	1	1	1	1	1	1	
1	1	1	1	1	1	2	1	
1	1	1	1	1	1	1	1	
1	1	1	1	1	1	1	1	
1	1	1	1	1	1	1	1	
1	1	1	1	1	1	1	1	
1	1	1	1	1	1	1	1	
1	1	1	1	1	1	2	1	
1	1	1	1	1	1	1	1	
1	1	1	1	1	1	1	1	
1	1	1	1	1	1	1	1	
1	1	1	1	1	1	1	1	
1	1	1	1	1	1	1	1	
1	2	1	1	1	1	1	1	
1	1	1	1	1	1	2	1	
2	1	1	1	1	1	1	1	
1	1	1	1	1	1	2	1	
2	1	1	1	1	1	1	1	
2	1	1	1	1	1	1	1	
2	1	1	1	1	1	1	1	
2	1	1	1	1	1	1	1	
1	1	2	1	1	1	1	1	
1	1	1	1	1	1	1	1	
2	1	1	1	1	1	1	1	
2	1	1	1	1	1	1	1	
2	1	1	1	1	1	1	1	
1	1	1	1	1	1	2	1	
2	1	1	1	1	1	1	1	
1	1	1	1	1	1	1	1	
1	1	1	1	1	1	2	1	
1	1	1	1	1	1	2	1	
1	1	2	1	1	1	1	1	
2	1	1	1	1	1	1	1	
1	1	1	1	1	1	2	1	
2	1	1	1	1	1	1	1	
2	1	1	1	1	1	1	1	
1	1	1	1	1	1	2	1	
2	1	1	1	1	1	1	1	
2	1	1	1	1	1	1	1	
2	1	1	1	1	1	1	1	
1	1	1	1	1	1	2	1	
2	1	1	1	1	1	1	1	
2	1	1	1	1	1	1	1	
2	1	1	1	1	1	1	1	
2	1	1	1	1	1	1	1	
1	1	1	1	1	1	2	1	
2	1	1	1	1	1	1	1	
2	1	1	1	1	1	1	1	
1	2	1	1	1	1	2	1	
2	1	1	1	1	1	1	1	
1	1	1	1	1	1	2	1	
1	1	2	1	1	1	1	1	
1	1	1	1	1	1	2	1	
2	1	1	1	1	1	1	1	
2	1	1	1	1	1	1	1	
2	1	1	1	1	1	1	1	
2	1	1	1	1	1	1	1	
1	1	1	1	1	1	1	1	
1	1	1	1	1	1	1	1	
1	1	2	1	1	1	1	1	
1	1	2	1	1	1	1	1	
2	1	1	1	1	1	1	1	
2	1	1	1	1	1	1	1	
1	1	1	1	1	1	1	1	
1	1	1	1	1	1	1	1	
1	1	0	1	1	1	1	1	
1	1	1	1	1	1	2	1	
1	1	1	1	1	1	1	1	
1	1	1	1	1	1	2	1	
1	1	1	1	1	1	1	1	
1	1	1	1	1	1	2	1	
1	1	1	1	1	1	1	1	
1	1	1	1	1	1	1	1	
1	1	1	1	1	1	1	1	
1	1	1	1	1	1	1	1	
1	1	1	1	1	1	1	1	
1	1	1	1	1	1	1	1	
1	1	1	1	1	1	2	1	
1	1	1	1	1	1	2	1	
1	1	1	1	1	1	1	1	
1	1	1	1	1	1	1	1	
1	1	1	1	1	1	2	1	
1	1	1	1	1	1	1	1	
1	1	1	1	1	1	1	1	
1	1	1	1	1	1	1	1	
1	1	1	1	1	1	1	1	
1	1	1	1	1	1	1	1	
1	1	1	1	1	1	1	1	
1	1	1	1	1	1	1	1	
1	1	1	1	1	1	2	1	
1	1	1	1	1	1	1	1	
1	1	1	1	1	1	2	1	
1	1	1	1	1	1	2	1	
1	1	1	1	1	1	1	1	
1	1	1	1	1	1	2	1	
1	1	1	1	1	1	1	1	
1	1	1	1	1	1	2	1	
1	1	1	1	1	1	1	1	
1	1	1	1	1	1	1	1	
1	1	1	1	1	1	1	1	
1	1	1	1	1	1	1	1	
1	1	1	1	1	1	1	1	
1	1	1	1	1	1	2	1	
1	1	1	1	1	1	2	1	
1	1	1	1	1	1	1	1	
1	1	1	1	1	1	1	1	
2	1	1	1	1	1	2	1	
2	1	1	1	1	1	1	1	
1	1	1	1	1	1	1	1	
2	1	1	1	1	1	1	1	
1	1	1	1	1	1	2	1	
2	1	1	1	1	1	1	1	
2	1	1	1	1	1	1	1	
2	1	1	1	1	1	1	1	
2	1	1	1	1	1	1	1	
1	1	1	1	1	1	1	1	
2	1	1	1	1	1	1	1	
2	1	1	1	1	1	1	1	
2	1	1	1	1	1	1	1	
1	1	1	1	1	1	1	1	
1	1	1	1	1	1	1	1	
1	1	1	1	1	1	1	1	
2	1	1	1	1	1	1	1	
2	1	1	1	1	1	1	1	
1	1	1	1	1	1	1	1	
2	1	1	1	0	1	1	1	
2	1	1	1	0	1	1	1	
1	1	1	1	1	1	1	1	
2	1	1	1	1	1	1	1	
1	1	1	1	1	1	1	1	
2	1	1	1	1	1	1	1	
1	1	1	1	1	1	1	1	
2	1	1	1	0	1	1	1	
1	1	1	1	1	1	1	1	
2	1	1	1	1	1	1	1	
1	1	1	1	1	1	1	1	
1	1	1	1	1	1	2	1	
1	1	1	1	1	1	1	1	
1	1	1	1	1	1	1	1	
1	1	1	1	1	1	1	1	
1	1	1	1	1	1	2	1	
1	1	1	1	1	1	1	1	
1	1	1	1	1	1	1	1	
1	1	1	1	1	1	2	1	
1	1	1	1	1	1	1	1	
1	1	1	1	1	1	1	1	
1	1	1	1	1	1	1	1	
1	1	1	1	1	1	2	1	
1	1	1	1	1	1	1	1	
1	1	1	1	0	2	1	1	
1	1	0	1	1	1	1	1	
1	1	1	1	1	1	1	1	
1	1	1	1	1	1	1	1	
1	1	1	1	1	1	1	1	
1	1	1	1	0	2	1	1	
1	1	1	1	1	1	1	1	
1	1	1	1	0	2	1	1	
1	1	1	1	1	1	2	1	
1	1	1	1	1	1	2	1	
1	1	1	1	1	1	2	1	
1	1	1	1	1	1	1	1	
1	1	1	1	1	1	1	1	
1	1	1	1	1	1	2	1	
1	1	1	1	1	1	2	1	
1	1	1	1	1	1	2	1	
1	1	1	1	1	1	1	1	
1	1	1	1	0	2	1	1	
1	1	1	1	1	1	2	1	
1	1	1	1	1	1	1	1	
1	1	2	1	1	1	1	1	
1	1	1	1	1	1	1	1	
1	1	1	1	1	1	2	1	
1	1	1	1	1	1	2	1	
1	1	1	1	1	1	1	1	
1	1	1	1	1	1	1	1	
1	1	1	1	1	1	1	1	
1	1	1	1	1	1	1	1	
1	1	2	1	1	1	1	1	
1	1	2	1	1	1	1	1	
1	1	1	1	1	1	1	1	
1	1	1	1	1	1	1	1	
1	1	1	1	1	1	1	1	
1	1	1	1	1	1	2	1	
1	1	1	1	1	1	1	1	
1	1	1	1	1	1	2	1	
1	1	1	1	1	1	2	1	
1	1	1	1	1	1	1	1	
1	1	1	1	1	1	1	1	
1	1	1	1	1	1	2	1	
1	1	1	1	1	1	1	1	
1	1	1	1	1	1	2	1	
1	1	1	1	1	1	1	1	
1	1	2	1	1	1	1	1	
1	1	1	1	1	1	1	1	
1	1	1	1	1	1	1	1	
1	1	1	1	1	1	1	1	
1	1	1	1	1	1	2	1	
1	1	1	1	1	1	1	1	
1	1	1	1	1	1	1	1	
1	1	1	1	1	1	1	1	
1	1	2	1	1	1	1	1	
1	1	1	1	1	1	1	1	
1	1	1	1	1	1	2	1	
1	1	1	1	1	1	1	1	
1	1	1	1	1	1	2	1	
1	1	1	1	1	1	1	1	
1	1	2	1	1	1	1	1	
1	1	1	1	1	1	1	1	
1	1	1	1	1	1	2	1	
1	1	1	1	1	1	1	1	
2	1	1	1	1	1	1	1	
1	1	1	1	1	1	2	1	
1	1	2	1	1	1	1	1	
1	1	1	1	2	1	2	1	
1	1	1	1	1	1	1	1	
1	1	2	1	1	1	1	1	
1	1	1	1	1	1	1	1	
1	1	1	1	1	1	1	1	
1	1	1	1	1	1	2	1	
1	1	1	1	1	1	2	1	
1	1	1	1	1	1	1	1	
1	1	1	1	1	1	2	1	
1	1	1	1	1	1	2	1	
1	1	1	1	1	1	1	1	
1	1	1	1	1	1	1	1	
1	1	1	1	1	1	2	1	
1	1	1	1	1	1	1	1	
1	1	1	1	1	1	2	1	
1	1	1	1	1	1	2	1	
1	1	1	1	1	1	2	1	
1	1	1	1	1	1	2	1	
1	1	1	1	1	1	1	1	
1	1	1	1	1	1	2	1	
1	1	1	1	1	1	1	1	
1	1	1	1	1	1	1	1	
1	1	1	1	1	1	1	1	
1	1	1	1	1	1	1	2	
1	1	1	1	1	1	1	1	
1	1	1	1	1	1	2	1	
1	1	1	1	1	1	1	2	
1	1	1	1	1	1	1	1	
1	1	1	1	1	1	1	1	
1	1	1	1	1	1	1	1	
1	1	1	1	1	1	1	1	
1	1	1	1	1	1	1	1	
1	1	1	1	1	1	2	1	
1	1	1	1	1	1	2	1	
1	1	1	1	1	1	1	1	
1	1	1	1	1	1	1	1	
1	1	1	1	1	1	1	1	
1	1	1	1	1	1	2	1	
1	1	1	1	1	1	1	1	
1	1	1	1	1	1	1	1	
1	1	1	1	1	1	1	1	
1	1	1	1	1	1	1	1	
1	1	1	1	1	1	1	1	
1	1	1	1	1	1	1	1	
1	1	1	1	1	1	1	1	
1	1	1	1	1	1	2	1	
1	1	1	1	1	1	1	1	
1	1	1	1	1	1	2	1	
1	1	1	1	1	1	1	1	
1	1	1	1	1	1	2	1	
1	1	1	1	1	1	1	1	
1	1	1	1	1	1	1	1	
1	1	1	1	1	1	2	1	
1	1	1	1	1	1	2	1	
1	1	1	1	2	1	2	1	
1	1	1	1	1	1	2	1	
1	1	1	1	1	1	1	1	
1	1	1	1	1	1	1	2	
1	1	1	1	1	1	2	1	
1	1	1	1	1	1	2	1	
1	1	1	1	1	1	1	1	
1	1	1	1	1	1	1	1	
1	1	1	1	1	1	1	1	
1	1	1	1	1	1	1	2	
1	1	1	1	1	1	1	1	
1	1	1	1	1	1	1	1	
1	1	1	1	1	1	1	1	
1	1	1	1	1	1	2	1	
1	1	1	1	1	1	1	1	
1	1	1	1	1	1	1	1	
1	1	1	1	1	1	1	1	
1	1	1	1	1	1	1	1	
1	1	1	1	1	1	1	1	
1	1	1	1	1	1	2	1	
1	1	1	1	1	1	2	1	
1	1	1	1	1	1	2	1	
1	1	1	1	1	1	2	1	
1	1	1	1	1	1	2	1	
1	1	1	1	1	1	2	1	
1	1	1	1	1	1	1	1	
1	1	1	1	1	1	2	1	
1	1	1	1	1	1	1	1	
1	1	0	1	1	1	1	1	
1	1	1	1	1	1	2	1	
1	1	1	1	1	1	1	1	
1	1	1	1	1	1	1	1	
1	1	1	1	1	1	1	1	
1	1	1	1	1	1	1	1	
1	1	1	1	1	1	1	1	
1	1	1	1	1	1	1	1	
1	1	1	1	1	1	1	1	
1	1	1	1	1	1	1	1	
1	1	0	1	1	1	1	1	
1	1	1	1	1	1	2	1	
1	1	1	1	1	1	1	1	
1	1	1	1	1	1	2	1	
1	1	1	1	1	1	1	1	
1	1	1	1	1	1	1	1	
1	1	1	1	1	1	1	1	
1	1	1	1	1	1	1	1	
1	1	1	1	1	1	2	1	
1	1	1	1	1	1	1	1	
1	1	1	1	1	1	1	1	
1	1	1	1	1	1	1	1	
1	1	1	1	1	1	1	1	
1	1	1	1	1	1	1	1	
1	1	1	1	0	2	1	2	
1	1	1	1	1	1	1	1	
1	1	1	1	1	1	1	1	
1	1	1	1	1	1	1	1	
1	1	1	1	1	1	1	1	
1	1	1	1	1	1	1	1	
1	1	1	1	0	2	1	2	
1	1	1	1	1	1	1	1	
1	1	1	1	1	1	1	1	
1	1	1	1	1	1	1	1	
1	1	1	1	1	1	1	1	
1	1	1	1	1	1	1	1	
1	1	1	1	1	1	1	1	
1	1	1	1	1	1	1	1	
1	1	1	1	1	1	1	1	
1	1	1	1	1	1	1	1	
1	1	1	1	1	1	1	1	
1	1	1	1	1	1	1	1	
1	1	1	1	1	1	1	1	
1	1	1	1	1	1	1	1	
1	1	1	1	1	1	1	1	
1	1	1	1	1	1	1	1	
1	1	1	1	1	1	1	1	
1	1	1	1	1	1	1	1	
1	1	1	1	1	1	1	1	
1	1	1	1	1	1	1	1	
1	1	1	1	1	1	1	1	
1	1	1	1	1	1	2	1	
1	1	1	1	1	1	1	1	
1	1	1	1	1	1	1	1	
1	1	1	1	1	1	1	1	
1	1	1	1	1	1	1	1	
1	1	1	1	1	1	1	1	
1	1	1	1	1	1	1	1	
1	1	1	1	1	1	1	1	
1	1	1	1	1	1	1	1	
1	1	1	1	1	1	1	1	
1	1	1	1	1	1	1	1	
1	1	1	1	1	1	1	1	
1	1	1	1	1	1	1	1	
1	1	1	1	1	1	1	1	
1	1	1	1	1	1	1	1	
1	1	1	1	1	1	1	1	
1	1	1	1	1	1	1	1	
1	1	1	1	1	1	1	1	
1	1	1	1	1	1	1	1	
1	1	1	1	1	1	1	1	
1	1	1	1	1	1	1	1	
1	1	1	1	1	1	1	1	
1	1	1	1	1	1	1	1	
1	1	1	1	1	1	1	1	
1	1	1	1	1	1	1	1	
1	1	1	1	1	1	1	1	
1	1	1	1	1	1	1	1	
1	1	1	1	1	1	1	1	
1	1	0	1	1	1	1	1	
1	1	1	1	1	1	1	1	
1	1	1	1	1	1	1	1	
1	1	1	1	1	1	1	1	
1	1	1	1	1	1	1	1	
1	1	1	1	1	1	1	1	
1	1	1	1	1	1	1	1	
1	1	1	1	1	1	1	1	
1	1	1	1	1	1	1	1	
1	1	1	1	1	1	1	1	
1	1	1	1	1	1	2	1	
1	1	1	1	1	1	1	1	
1	1	1	1	1	1	1	1	
1	1	1	1	1	1	1	1	
1	1	1	1	1	1	1	1	
1	1	1	1	1	1	1	1	
1	1	1	1	1	1	2	1	
1	1	1	1	1	1	2	1	
1	1	1	1	1	1	2	1	
1	1	1	1	1	1	1	1	
1	1	1	1	1	1	1	1	
1	1	1	1	1	1	2	1	
1	1	1	1	1	1	1	1	
1	1	1	1	1	1	1	1	
1	1	1	1	1	1	2	1	
1	1	1	1	1	1	1	1	
1	1	1	1	1	1	1	1	
1	1	1	1	1	1	1	1	
1	1	1	1	1	1	1	1	
1	1	1	1	1	1	1	1	
1	1	1	1	1	1	1	2	
1	1	1	1	1	1	1	1	
1	1	1	1	1	1	2	1	
1	1	1	1	1	1	2	1	
1	1	1	1	1	1	1	1	
1	1	1	1	1	1	2	1	
1	1	1	1	1	1	2	1	
1	1	1	1	1	1	2	1	
1	1	1	1	1	1	2	1	
1	1	1	1	1	1	2	1	
1	1	1	1	1	1	1	1	
1	1	1	1	1	1	1	1	
1	1	1	1	1	1	1	1	
1	1	1	1	1	1	1	1	
1	1	1	1	1	1	1	1	
1	1	1	1	1	1	1	1	
1	1	1	1	1	1	2	1	
1	1	1	1	1	1	1	1	
1	1	1	1	1	1	2	1	
1	1	1	1	1	1	1	1	
1	1	1	1	1	1	2	1	
1	1	1	1	1	1	1	1	
1	1	1	1	1	1	1	1	
1	1	1	1	1	1	1	2	
1	1	1	1	1	1	1	1	
1	1	1	1	1	1	1	1	
1	1	1	1	1	1	2	1	
1	1	1	1	1	1	1	1	
1	1	1	1	1	1	1	1	
1	1	1	1	1	1	1	1	
1	1	1	1	1	1	1	1	
1	1	1	1	1	1	1	2	
1	1	1	1	1	1	1	1	
1	1	1	1	1	1	1	1	
1	1	1	1	0	2	1	2	
1	1	1	1	1	1	1	1	
1	1	1	1	2	1	2	1	
1	1	1	1	1	1	1	1	
1	1	1	1	1	1	1	1	
1	1	0	1	1	1	1	1	
1	1	1	1	2	1	2	1	
1	1	1	1	1	1	1	1	
1	1	0	1	1	1	1	1	
1	1	1	1	1	1	1	1	
1	1	1	1	2	1	2	1	
1	1	1	1	1	1	1	1	
