Chr	Posi	Wild	Mut	Met1T:ref	Met1T:alt	Met3T:ref	Met3T:alt	Met4T:ref	Met4T:alt
1	55317993	G	T	132	92	197	68	175	49
1	94054752	G	A	83	13	72	16	79	24
1	177915582	T	G	67	4	70	11	85	0
3	172351639	G	T	135	47	122	35	195	41
4	22390343	G	A	117	147	120	112	211	149
4	84375024	G	A	493	0	325	0	504	139
6	127607933	C	A	160	148	167	98	195	120
7	12410358	T	A	223	146	183	86	225	114
7	48353840	T	C	323	0	223	0	283	38
7	86468553	G	T	92	67	124	46	162	65
7	86810632	C	T	456	164	294	95	408	99
7	100356222	T	G	93	41	114	53	118	36
9	33796721	C	T	236	28	174	28	293	26
9	96416756	G	T	88	30	102	33	145	48
9	107367599	C	T	215	48	209	27	308	42
10	99664461	G	C	231	25	213	27	206	29
10	121658218	C	T	51	15	24	7	63	0
10	122348880	C	A	103	15	87	22	125	18
11	114262300	A	C	118	74	129	53	129	58
12	6666567	C	A	308	56	250	27	278	34
12	49233873	C	A	162	114	157	90	170	43
12	65141590	T	C	438	130	370	89	420	112
12	101740351	T	C	98	52	104	39	136	39
12	118682756	G	T	180	0	194	0	234	43
12	121756386	T	C	426	0	417	0	402	57
12	133385095	A	G	45	38	63	20	50	14
16	2757310	A	G	284	52	357	58	320	39
16	58752462	A	T	275	66	186	32	275	47
16	66919183	C	A	82	45	91	25	105	47
17	4381878	C	T	92	46	104	37	97	14
17	8053582	A	G	285	146	338	121	289	97
17	27031073	G	T	62	26	62	16	52	14
17	65119136	A	T	247	103	178	70	271	47
17	71166080	T	C	31	20	35	8	47	5
18	14537884	A	G	1053	147	848	65	1403	122
18	31538276	T	G	167	81	181	59	209	68
19	12874190	G	T	53	9	68	14	58	0
19	13888907	G	A	100	13	125	10	134	0
19	19611979	A	G	35	15	42	18	46	24
19	48542566	G	T	116	22	106	8	115	14
19	54848349	C	T	110	38	92	37	146	40
19	56416354	A	G	158	47	162	14	198	24
22	18387459	T	C	80	69	68	45	119	42
