Met1T:ref	Met1T:alt	Met2T:ref	Met2T:alt	Met4T:ref	Met4T:alt	Met5T:ref	Met5T:alt	Met6T:ref	Met6T:alt
1	1	1	1	1	1	1	1	1	1	
1	1	1	1	1	1	1	1	1	1	
1	1	1	1	1	1	1	1	1	1	
1	1	1	1	2	1	1	1	2	1	
1	1	2	1	1	1	1	1	1	1	
2	1	2	1	2	1	1	1	2	1	
1	1	1	1	2	1	1	1	1	1	
1	1	2	1	2	1	1	1	2	1	
1	1	2	1	2	1	1	1	2	1	
1	1	1	1	1	1	1	1	1	1	
1	1	1	1	1	1	1	1	1	1	
1	1	1	1	1	1	1	1	1	1	
1	1	1	1	1	1	1	1	2	1	
2	1	1	1	1	1	1	1	1	1	
2	1	2	1	2	1	1	1	2	1	
1	1	1	1	1	1	1	1	1	1	
1	1	1	1	1	1	1	1	2	1	
1	1	1	2	1	1	1	1	1	1	
1	1	1	1	1	1	1	1	1	1	
1	1	1	1	1	1	1	1	1	1	
