Chr	Posi	Wild	Mut	PrimT:ref	PrimT:alt	Met2T:ref	Met2T:alt	Met4T:ref	Met4T:alt	Met5T:ref	Met5T:alt
1	1455629	G	A	42	0	86	13	137	0	80	0
1	5967195	G	C	63	13	151	0	157	0	96	0
1	6293678	G	A	109	0	116	0	49	16	27	23
1	10132094	G	C	74	16	151	0	136	0	79	0
1	16725949	C	G	45	18	126	0	132	0	100	0
1	26098252	G	T	136	0	106	97	158	0	121	0
1	26688390	G	C	20	9	50	0	40	15	20	12
1	28293564	G	A	28	15	58	0	67	0	69	0
1	31656858	G	T	41	0	77	17	110	0	58	0
1	38484802	C	T	190	43	211	0	112	117	82	96
1	42925503	C	T	69	31	129	0	87	0	79	0
1	43869347	A	G	119	0	148	44	187	0	108	0
1	52879640	G	A	108	22	193	0	173	0	91	0
1	61743210	G	C	133	63	182	0	125	0	78	0
1	64644451	C	G	241	40	384	0	235	0	176	0
1	110709834	G	A	8	0	27	0	19	13	7	6
1	112308925	C	G	44	22	94	0	56	0	38	0
1	114964096	C	T	348	185	692	0	478	0	319	0
1	120469148	C	G	89	48	183	0	156	0	85	0
1	144918881	G	T	949	0	1218	153	845	0	734	0
1	158687299	C	A	54	68	136	0	70	35	45	34
1	172431370	A	C	522	0	814	0	332	71	323	0
1	236157084	C	G	55	0	142	0	69	44	49	44
1	237947686	G	T	186	0	185	189	156	0	170	0
1	248525254	C	A	213	0	172	200	137	0	139	0
3	3170730	G	A	53	28	111	0	94	0	67	0
3	14708448	G	A	125	0	112	0	82	25	88	0
3	17052117	G	A	76	23	63	0	95	0	65	0
3	23541135	G	A	409	0	323	0	273	72	257	0
3	27337112	G	A	534	197	618	0	415	81	219	191
3	30769824	G	A	141	39	158	0	200	0	121	0
3	38539194	C	T	148	67	147	0	179	0	129	0
3	46009516	A	C	59	0	53	0	101	0	49	33
3	47894689	C	G	27	0	36	0	58	14	46	0
3	49831340	G	T	57	0	68	46	187	0	129	0
3	49832764	G	A	43	17	68	0	135	0	73	0
3	51737868	G	A	17	0	44	15	121	0	61	0
3	51977422	G	A	25	0	31	0	39	21	35	0
3	64142973	C	A	46	18	184	0	105	71	41	53
3	101136604	T	G	89	31	252	0	98	49	63	49
3	108147679	C	G	76	26	145	0	93	0	54	0
3	112666756	G	A	285	0	227	153	247	0	167	0
3	113655239	C	G	194	0	189	121	252	0	133	0
3	124431786	C	T	120	0	108	62	156	0	96	0
3	137816632	G	A	124	0	168	74	263	0	136	0
3	142681171	G	A	36	0	129	41	160	0	81	0
3	151105706	C	T	98	24	173	0	172	0	110	0
3	164786937	G	A	280	0	316	0	199	33	169	0
3	178952090	G	C	81	31	196	0	132	0	107	0
3	183524670	C	G	42	21	80	0	93	0	77	0
3	183660543	C	G	106	28	193	0	161	0	90	0
4	3251042	C	A	12	4	24	0	29	31	34	24
4	7043361	C	A	389	0	330	74	950	0	502	0
4	20733693	T	G	492	0	479	0	396	143	271	0
4	53522465	G	A	420	0	357	0	155	81	119	0
4	62598979	G	A	158	0	89	82	85	0	71	0
4	65155443	G	A	385	0	231	202	199	0	165	0
4	69107503	T	C	237	0	224	0	89	33	59	49
4	99403311	C	A	186	0	131	0	69	32	74	0
4	103560957	C	T	198	0	235	0	116	43	109	0
4	109672105	G	T	94	89	176	0	77	0	57	0
4	115997585	T	A	104	0	44	40	41	0	39	0
4	183245337	C	T	193	0	204	60	176	0	114	0
4	189012954	G	T	37	37	73	0	84	0	52	0
6	10709663	A	T	41	0	33	8	22	0	16	0
6	20152944	G	A	237	54	291	0	191	0	123	0
6	32096658	C	T	203	0	336	0	398	100	329	0
6	39864957	C	G	123	41	214	0	219	0	191	0
6	43251385	C	T	12	0	30	13	63	0	65	0
6	45480134	G	T	91	41	183	0	225	0	190	0
6	46800816	G	A	55	18	126	0	93	0	86	0
6	55378868	G	T	307	0	296	190	177	0	221	0
6	70589542	A	G	197	0	176	0	54	74	75	85
6	72960923	C	G	263	62	239	0	161	0	192	0
6	94124427	G	T	253	0	268	0	84	86	106	118
6	99729207	G	T	160	59	202	0	171	0	150	0
6	107956418	G	A	63	16	102	0	145	0	130	0
6	136476802	G	C	72	21	82	0	70	0	60	0
6	138655353	G	A	57	27	74	0	96	0	105	0
6	154414572	C	G	109	0	84	0	34	44	24	30
7	1166985	C	T	96	15	201	0	301	0	204	0
7	17930090	C	G	217	44	292	0	201	0	161	0
7	56066744	G	A	238	61	334	0	389	0	370	0
7	57188639	T	C	219	0	187	0	152	25	162	0
7	66418242	C	T	162	49	199	0	199	0	122	0
7	75174039	G	C	79	28	165	0	150	0	98	0
7	86825953	C	T	223	46	345	0	194	0	150	0
7	91753088	T	C	530	103	1001	0	225	207	171	200
7	92731543	C	T	113	0	96	81	78	0	82	0
7	103244822	C	A	82	20	173	0	77	65	36	41
7	107234449	G	C	343	103	578	0	297	0	213	0
7	107872803	C	A	160	45	380	0	178	0	167	0
7	120935574	C	T	195	31	429	0	197	0	155	0
7	149479958	G	C	35	6	154	0	62	50	46	41
7	158716356	C	G	111	23	243	0	229	0	157	0
8	8749714	G	A	34	15	53	0	103	0	47	0
8	19190584	G	C	70	36	76	0	89	0	90	0
8	24773176	A	G	144	39	119	0	180	0	104	0
8	28989965	G	A	150	25	122	0	145	0	115	0
8	48801627	G	A	115	22	173	0	178	0	149	0
8	70667839	G	C	126	0	157	0	101	43	66	54
8	72246332	C	T	291	107	461	0	468	0	391	0
8	76456181	G	T	120	62	296	0	109	129	95	96
8	100733144	G	C	217	0	275	0	170	33	147	0
8	120744221	G	A	482	0	623	0	320	43	287	0
8	143955828	G	T	194	96	465	0	626	0	381	0
8	144993241	G	T	12	0	30	0	36	36	23	12
9	6413636	G	T	18	0	39	0	92	53	52	53
9	21854861	G	C	72	45	40	0	108	0	57	0
9	35102742	G	A	63	0	84	21	154	0	73	0
9	40784204	T	A	65	21	58	0	38	9	20	28
9	71851898	G	C	185	50	278	0	244	0	162	0
9	116044971	G	C	341	124	389	0	316	0	290	0
9	120466795	G	T	130	36	200	0	166	35	71	90
9	121930150	A	T	113	0	188	38	221	0	181	0
9	123779924	G	C	94	29	133	0	94	0	75	0
9	130707088	C	T	18	7	98	0	88	40	48	57
9	138556101	G	C	78	25	155	0	183	0	132	0
9	139914811	C	T	59	0	132	0	181	47	135	0
9	140469280	C	A	69	0	66	40	108	0	47	0
10	5415975	G	T	68	18	129	0	82	62	66	46
10	7409656	C	T	163	0	227	56	312	0	244	0
10	22615823	T	C	330	109	413	0	198	133	121	141
10	28023467	T	A	392	0	377	75	371	0	273	0
10	50034922	C	A	78	24	128	0	80	0	64	0
10	50531455	G	A	74	18	95	0	107	0	79	0
10	51093320	G	C	345	152	549	0	361	0	283	0
10	69934344	C	G	108	35	160	0	200	0	93	0
10	71146172	G	A	194	0	130	139	212	0	155	0
10	74658632	G	T	95	0	112	57	209	0	115	0
10	75620596	G	C	323	0	287	74	391	0	290	0
10	82329927	A	T	118	0	107	67	171	0	84	0
10	93579310	G	A	170	70	282	0	253	0	180	0
10	98182427	C	T	100	26	133	0	230	0	97	0
10	104849620	C	G	131	48	237	0	292	0	162	0
10	105778549	A	G	84	15	127	0	97	0	97	0
11	5289770	G	T	128	0	69	57	136	0	81	0
11	9875120	C	G	183	54	249	0	259	0	208	0
11	18332378	G	C	114	44	214	0	194	0	171	0
11	18754849	C	A	143	0	187	86	407	0	312	0
11	19954791	G	T	82	0	60	28	121	0	92	0
11	24759806	G	T	216	0	146	105	178	0	160	0
11	26463491	A	G	44	26	111	0	31	46	32	48
11	33078667	G	C	177	59	350	0	245	0	216	0
11	46332582	G	C	39	0	54	18	108	0	100	0
11	47493819	T	C	158	0	128	73	226	0	187	0
11	47746298	C	G	119	34	186	0	173	0	121	0
11	55419107	C	A	101	0	48	56	96	0	66	0
11	55926973	G	A	143	54	204	0	114	0	95	0
11	62298898	C	T	95	35	144	0	109	0	83	0
11	70336410	C	T	114	39	320	0	216	0	178	0
11	71806031	T	G	193	44	233	0	186	75	106	88
11	72288443	G	T	25	11	59	0	29	16	23	14
11	77991834	C	G	82	31	118	0	95	0	50	0
11	78413199	C	T	77	24	108	0	83	0	63	0
11	83243818	C	G	386	90	481	0	254	0	222	0
11	94532995	G	C	18	0	26	0	16	8	10	10
11	94801116	C	T	136	46	211	0	150	0	76	0
11	113269702	G	A	83	23	160	0	127	0	86	0
11	117651335	G	A	131	0	205	36	225	0	137	0
11	125659331	C	T	146	0	250	0	119	36	55	41
11	129746621	G	A	103	40	199	0	147	0	114	0
11	129746646	G	A	111	42	231	0	185	0	129	0
12	4488563	A	G	79	0	130	0	240	37	215	0
12	4708227	C	G	241	0	261	0	379	94	287	0
12	6933736	G	T	45	0	49	17	212	0	135	0
12	7075592	G	A	193	82	251	0	471	0	339	0
12	7077137	G	A	84	40	158	0	391	0	248	0
12	13716325	G	T	210	38	292	0	823	0	543	0
12	13716415	C	G	98	24	142	0	394	0	322	0
12	14650843	G	T	129	0	116	28	295	0	186	0
12	16047076	C	T	735	0	662	202	1294	0	971	0
12	25398284	C	G	285	0	191	148	446	0	332	0
12	31576540	C	G	329	82	350	0	597	0	489	0
12	32977055	C	G	204	51	216	0	350	0	317	0
12	33003821	C	G	227	47	228	0	352	0	312	0
12	49437687	C	G	139	22	179	0	331	0	172	0
12	50501828	G	C	77	23	121	0	185	0	113	0
12	55026154	C	T	178	47	303	0	331	0	167	0
12	57828702	C	T	48	0	83	0	76	61	32	18
12	58114227	G	C	155	25	245	0	332	0	174	0
12	66765617	G	A	171	34	342	0	378	0	217	0
12	68708739	C	T	271	0	166	61	219	0	161	0
12	78362477	G	T	68	6	71	0	27	33	21	26
12	95912001	G	C	170	34	241	0	214	0	152	0
12	98925506	A	C	236	67	252	0	320	0	169	0
12	98927132	C	T	128	0	137	44	168	0	115	0
12	102547723	C	T	152	53	177	0	169	0	115	0
12	104187747	C	G	223	51	248	0	293	0	183	0
12	104337545	G	C	265	0	216	0	221	77	138	0
12	109072155	T	A	103	0	95	33	144	0	77	0
12	111099115	C	T	63	24	138	0	179	0	106	0
12	111947766	G	A	497	110	507	0	525	0	339	0
12	112844581	C	T	61	14	126	0	130	0	84	0
12	112844676	C	A	177	23	212	0	271	0	158	0
12	122287623	G	A	156	14	241	0	154	188	82	94
12	124397675	A	T	90	8	106	0	59	71	39	43
12	132491283	C	G	58	18	85	0	94	0	57	0
14	20839673	G	A	125	0	124	67	139	0	76	0
14	23503963	G	A	74	28	169	0	272	0	111	0
14	23523716	C	T	63	17	159	0	376	0	68	0
14	24531738	G	C	57	0	98	0	83	111	36	0
14	36147177	G	C	154	73	322	0	311	0	187	0
14	45645493	C	T	211	88	387	0	413	0	126	0
14	53360038	C	G	272	101	525	0	282	0	243	0
14	55857684	C	T	477	0	504	0	168	72	123	59
14	57675388	T	G	138	40	238	0	76	25	66	19
14	61113112	G	A	278	0	321	171	297	0	188	0
14	69994508	G	C	34	0	70	0	54	17	27	16
14	74153965	G	T	94	27	152	0	78	0	76	0
14	79175912	C	G	110	44	249	0	119	0	73	0
14	81422081	G	T	90	25	186	0	121	76	92	61
14	86088863	G	T	111	30	165	0	90	41	48	22
14	89068377	G	A	307	0	470	0	185	82	149	65
14	89307435	G	C	167	51	251	0	150	0	106	0
14	90455265	C	A	121	56	228	0	80	18	71	24
14	92126223	T	C	232	68	352	0	155	63	97	40
14	93709119	G	A	59	0	54	24	55	0	38	0
14	104142089	G	C	97	0	100	0	74	27	50	20
15	25223406	G	C	73	20	92	0	98	0	78	0
15	34133059	G	T	238	0	234	0	122	38	92	48
15	42058580	G	T	55	16	80	0	49	0	34	0
15	44085204	G	C	115	20	167	0	247	0	128	0
15	45007842	G	C	175	51	180	0	133	0	110	0
15	66737017	G	C	308	72	289	0	295	0	195	0
15	74177369	G	A	84	28	189	0	241	0	163	0
15	76196900	C	T	170	0	223	29	404	0	184	0
15	100871108	C	A	96	37	180	0	194	0	129	0
16	2164299	C	T	15	8	27	0	54	0	37	23
16	9009358	T	A	342	0	363	110	306	0	350	0
16	11001533	C	G	35	16	101	0	94	0	91	0
16	11781808	G	C	88	33	180	0	113	0	121	0
16	13297346	C	A	215	0	128	103	162	0	149	0
16	13297347	C	A	215	0	128	105	162	0	151	0
16	21011565	C	T	40	14	61	0	53	0	55	0
16	27445752	G	A	101	18	155	0	232	0	151	0
16	30409255	C	A	53	0	63	31	125	0	107	0
16	47163150	T	C	217	0	199	63	148	0	107	0
16	57413597	C	T	78	36	171	0	125	0	84	0
16	68100219	G	C	103	27	209	0	142	0	85	0
16	72001139	C	G	102	25	182	0	133	0	71	0
16	89807254	G	A	147	31	201	0	195	0	115	0
16	89977493	G	A	36	17	77	0	110	0	73	0
17	7576897	G	A	103	0	77	73	160	0	119	0
17	18178261	C	T	94	42	170	0	196	0	137	0
19	11979216	G	A	102	54	133	0	101	0	73	0
19	12786868	G	C	38	14	88	0	152	0	87	0
19	15739197	G	T	81	0	126	0	94	68	68	51
19	16535920	G	A	68	0	76	42	173	0	129	0
19	17946768	C	A	70	0	100	30	186	0	112	0
19	21991376	C	T	135	24	116	0	87	50	46	54
19	31769599	C	A	266	0	273	166	374	0	258	0
19	33239381	G	C	81	30	159	0	205	0	162	0
19	37966801	G	T	252	0	229	48	294	0	263	0
19	40197863	G	A	88	23	136	0	146	0	86	0
19	45873389	A	T	50	13	131	0	136	0	94	0
19	46444071	C	A	7	2	26	0	18	15	9	14
19	49646192	C	G	43	0	72	0	76	32	30	18
19	49658101	G	T	91	0	124	23	134	0	86	0
19	49912275	G	C	96	32	158	0	162	0	87	0
19	52003578	C	A	17	6	25	0	7	8	2	9
19	55175496	G	T	56	0	70	22	88	0	39	0
19	55240999	C	T	103	26	109	0	110	0	72	0
19	58117405	G	C	43	0	46	15	41	0	40	0
22	20106566	G	A	87	32	131	0	219	0	183	0
22	20458701	G	A	189	26	200	0	509	0	408	0
22	41190579	C	G	216	71	218	0	355	0	337	0
22	45312448	G	A	24	0	22	15	63	0	44	0
22	51063766	C	A	29	0	24	16	84	0	67	0
