Chr	Posi	Wild	Mut	PrimT:ref	PrimT:alt	Met1T:ref	Met1T:alt	Met2T:ref	Met2T:alt	Status
1	3753959	G	T	248	85	202	38	411	94	decided
1	90400943	T	G	101	39	136	49	249	41	decided
1	94140276	C	G	326	168	422	120	336	58	decided
1	153910066	C	G	259	101	339	80	223	27	decided
1	169528500	A	G	73	26	125	52	212	29	decided
1	226037691	A	G	171	81	245	58	163	23	decided
1	228482039	G	A	530	162	641	112	444	85	decided
2	31628824	C	G	173	80	175	40	346	66	decided
2	165383625	C	A	163	0	216	48	641	0	decided
2	179730522	T	C	207	85	326	85	277	65	decided
2	242063442	C	G	213	111	133	28	108	12	decided
3	35785365	C	G	115	51	214	45	202	43	decided
3	50395855	C	A	379	137	478	110	311	0	decided
4	3189428	G	A	415	0	507	0	689	133	undecided
5	16458633	C	G	151	40	164	85	502	87	decided
5	36105295	T	C	102	58	152	60	378	64	decided
5	140181891	C	G	157	68	183	0	198	49	decided
5	149386171	C	T	169	90	203	59	461	70	decided
5	170351487	T	C	200	103	166	75	472	83	decided
5	179048252	A	G	191	102	270	0	788	119	decided
6	83847087	C	G	42	28	75	34	181	57	decided
7	98528417	A	C	292	244	330	187	437	121	decided
7	130008393	G	A	356	108	392	72	228	43	decided
8	38124831	G	C	91	34	136	50	255	42	decided
8	143566126	G	A	154	59	111	53	126	13	decided
9	33798037	T	C	381	90	501	82	237	38	decided
9	75435870	G	T	93	77	129	83	154	30	decided
9	136531896	G	T	234	173	450	0	257	57	decided
10	27024223	G	C	267	119	494	118	778	124	decided
10	124152762	A	G	162	48	201	56	639	110	decided
11	250834	T	A	213	119	320	94	490	95	decided
11	33763554	G	T	247	104	235	68	405	78	decided
11	57798779	C	G	276	132	342	86	439	69	decided
12	6692397	C	G	186	110	295	65	294	44	decided
12	53185082	C	G	164	72	261	59	178	22	decided
12	58174385	G	A	78	38	118	34	124	21	decided
14	20944683	A	C	108	46	150	0	236	6	decided
14	103450084	A	G	102	42	145	0	96	7	decided
15	30092904	C	T	207	89	226	66	584	118	decided
15	65219168	C	T	295	123	367	79	250	55	decided
16	2503443	A	C	224	96	300	144	219	42	undecided
16	28596263	A	C	140	67	113	33	116	27	undecided
16	47002046	C	G	173	96	209	59	432	99	undecided
16	48596101	C	G	66	32	103	21	230	43	undecided
16	71015378	C	T	790	144	1147	107	1479	127	undecided
16	84182741	G	T	78	54	138	22	107	16	undecided
16	84227757	T	C	194	0	233	49	156	0	undecided
17	2598233	C	A	218	111	237	63	194	35	undecided
17	5357161	C	G	206	64	260	46	212	20	undecided
17	7129957	G	A	131	62	145	31	129	37	undecided
17	21205542	G	T	535	78	481	41	559	36	undecided
17	41597567	G	A	207	89	292	58	237	28	undecided
17	42170127	C	T	195	88	276	55	163	16	undecided
18	12999576	C	A	155	67	185	42	467	76	decided
18	54446682	A	G	123	69	186	56	302	65	decided
19	18103867	C	G	448	160	555	159	468	62	undecided
19	39308138	G	A	187	73	248	0	212	44	undecided
19	40541949	C	T	85	35	111	26	334	68	undecided
19	52627272	C	A	203	0	232	0	345	47	undecided
20	3362139	T	C	62	45	173	36	241	30	decided
20	20493315	G	C	99	48	111	26	200	31	decided
22	24175892	T	C	140	93	199	61	166	34	decided
22	30812300	C	G	62	48	128	44	118	21	decided
