Chr	Posi	Wild	Mut	PrimT:ref	PrimT:alt	Met1T:ref	Met1T:alt	Met2T:ref	Met2T:alt	Met3T:ref	Met3T:alt
1	4771966	G	A	38	0	22	0	19	20	37	16
1	7807818	C	T	274	136	143	0	323	0	353	0
1	11008811	G	A	36	15	53	0	56	0	81	0
1	11036314	C	T	68	0	51	0	76	30	121	44
1	15987932	C	G	133	0	61	0	118	47	106	43
1	16065778	C	T	55	0	20	43	66	0	98	0
1	16065779	C	A	56	0	20	43	66	0	95	0
1	16558656	C	T	20	18	20	0	24	0	64	0
1	25718620	T	C	138	62	258	0	225	0	338	0
1	26228015	T	G	340	198	408	0	470	0	593	0
1	26365735	G	A	127	64	160	0	184	0	261	0
1	27741365	T	G	779	355	855	4	1081	0	1033	0
1	29139066	G	T	21	0	17	0	23	6	24	13
1	32635594	A	T	227	0	241	0	93	169	251	89
1	34164496	T	C	162	76	139	0	206	0	255	0
1	35370752	G	A	27	22	46	0	33	0	52	0
1	38411924	G	T	109	0	102	0	51	24	134	49
1	40211046	G	C	207	0	124	0	170	0	206	25
1	44474112	C	G	225	0	262	0	102	139	318	125
1	45508963	A	G	219	0	138	0	82	128	148	62
1	55158133	G	A	167	85	210	0	246	0	372	0
1	57158043	G	A	336	0	210	0	266	108	254	119
1	57170036	C	A	120	0	110	0	76	41	78	49
1	57476883	G	T	171	82	169	0	220	0	217	0
1	67147887	G	C	58	29	68	0	79	0	101	0
1	70505214	G	T	142	81	163	0	236	0	227	0
1	74801754	T	C	534	0	307	4	286	77	359	0
1	76397793	C	A	195	89	198	0	237	0	243	0
1	77883341	C	A	438	94	416	0	404	0	429	0
1	89323118	T	C	38	0	34	0	26	13	27	19
1	99772443	C	A	102	0	69	36	82	0	117	0
1	100378075	T	G	264	0	194	4	181	59	185	65
1	109007899	G	T	76	0	30	82	146	0	144	0
1	109813150	G	A	72	0	96	70	91	0	196	0
1	110460011	G	A	195	43	244	0	266	0	346	0
1	111492562	C	G	259	75	238	0	302	0	292	0
1	111861211	C	A	127	80	247	0	244	0	320	0
1	111861847	A	T	231	0	156	117	298	0	361	0
1	113460041	A	G	83	0	39	23	67	0	69	0
1	115829113	C	A	85	0	112	0	52	48	122	31
1	116574072	A	T	272	0	145	87	286	0	338	0
1	116574197	C	T	173	40	194	0	219	0	249	0
1	118565983	G	C	362	0	264	0	246	183	241	108
1	120386941	T	A	478	0	349	0	398	169	405	101
1	144912213	C	A	449	0	357	87	349	4	323	0
1	149760074	A	C	230	0	178	0	115	50	111	55
1	150476852	G	T	85	40	197	0	155	0	169	0
1	151090475	G	A	130	46	176	0	173	0	201	0
1	151337747	C	A	154	0	212	0	130	60	227	0
1	151751598	T	C	270	132	309	0	367	0	358	0
1	154558727	G	A	81	53	117	0	137	0	158	0
1	156880158	C	A	125	0	95	44	104	0	197	0
1	158152827	A	T	220	97	271	0	247	0	422	0
1	158576347	C	T	184	67	172	4	187	0	249	0
1	158576348	C	T	180	67	171	4	187	0	247	0
1	158725406	C	T	239	106	231	0	275	0	316	0
1	158815771	A	T	67	0	36	28	57	0	41	0
1	159922196	C	G	176	119	220	0	221	0	299	0
1	160389254	G	T	117	0	101	61	75	0	160	0
1	162724437	G	C	183	0	197	0	81	90	225	85
1	165532797	C	A	117	0	67	16	89	0	131	0
1	166135483	C	G	25	0	25	0	6	1	28	12
1	167097554	G	T	125	0	139	0	115	47	105	62
1	170967378	C	A	142	90	195	0	139	0	193	0
1	177000016	G	T	580	0	407	0	449	180	584	0
1	177250425	G	T	125	0	94	0	74	35	112	37
1	177913721	G	T	283	116	267	0	359	0	457	0
1	186370193	C	G	750	0	393	249	431	0	466	0
1	197144216	C	A	457	176	374	5	357	0	423	0
1	197390865	C	T	202	0	87	75	158	0	168	0
1	201034974	G	T	138	64	195	0	153	0	288	0
1	204092850	C	G	174	0	94	79	141	0	212	0
1	206821606	G	T	184	0	143	0	73	95	162	62
1	207782746	A	T	197	97	141	0	152	0	218	0
1	216850513	C	A	450	0	246	0	214	115	309	107
1	224585900	C	G	286	158	247	0	333	0	330	0
1	228482743	G	T	114	0	77	40	125	0	158	0
1	230461152	A	T	138	0	137	0	93	33	167	17
1	235914523	C	T	260	0	200	108	168	0	189	0
1	236381859	C	T	312	0	143	0	90	120	133	74
1	236917380	A	T	50	0	30	11	37	0	53	0
1	238045767	C	A	274	140	224	0	241	0	298	0
1	247054349	T	G	331	0	167	121	227	0	239	0
1	247654687	G	T	82	27	111	0	90	0	133	0
1	247654746	T	C	178	0	137	0	54	79	141	44
1	247751818	C	T	347	0	246	142	255	0	328	0
1	247978918	C	A	230	0	131	86	217	0	236	0
1	248004887	G	A	58	0	37	0	15	22	49	19
1	248020625	C	T	69	0	20	10	30	0	63	0
1	248028197	T	A	33	21	39	0	54	0	50	0
1	248263082	G	T	88	0	67	0	26	32	48	18
1	248685280	G	A	150	0	117	0	67	32	119	45
3	2861247	C	G	202	0	117	0	33	146	98	105
3	10452336	C	A	62	50	68	0	95	0	169	0
3	14861032	G	A	32	0	6	13	20	0	50	0
3	14861110	C	T	50	0	21	16	34	0	97	0
3	15721064	T	C	233	0	107	0	36	141	121	110
3	18436033	T	G	154	143	164	0	238	0	365	0
3	36898415	C	A	26	26	26	0	54	0	105	0
3	39116424	A	G	80	99	152	0	172	0	212	0
3	39225666	C	A	80	72	137	0	138	0	306	0
3	42727546	G	T	24	0	28	0	0	18	30	16
3	43121625	C	A	38	0	36	0	3	27	33	39
3	43121626	C	A	38	0	36	0	3	28	32	39
3	44612472	C	T	85	0	40	0	18	24	33	22
3	47468685	G	C	147	0	109	0	47	168	160	110
3	49094521	G	T	37	37	78	0	83	0	118	0
3	49141865	C	G	204	0	63	134	196	0	401	0
3	50369243	C	A	24	21	32	0	38	0	83	0
3	52540763	C	T	36	0	49	0	7	36	56	27
3	52823755	G	T	27	25	72	0	60	0	146	0
3	52966294	T	A	113	0	70	0	24	91	63	62
3	57271525	A	G	195	0	38	60	100	0	203	0
3	64085361	T	A	53	0	34	0	6	41	43	59
3	66421026	G	C	120	21	161	0	159	0	223	0
3	75786244	A	T	481	70	455	135	386	79	373	43
3	77542394	G	C	115	0	78	0	13	64	69	87
3	89448571	G	T	214	212	230	0	320	0	475	0
3	93611790	C	A	434	0	234	100	552	0	413	0
3	97887665	G	T	228	0	102	0	133	62	114	33
3	100065063	C	T	485	60	435	0	597	0	588	0
3	100148699	C	T	235	103	226	0	336	0	360	0
3	107097144	C	T	96	37	74	0	117	0	69	0
3	113321958	G	T	253	101	200	0	275	0	298	0
3	118948754	T	C	562	0	313	200	684	0	431	0
3	121263599	C	T	175	103	178	0	264	0	299	0
3	122474148	G	A	358	0	336	0	533	0	340	121
3	124536535	C	T	530	0	522	203	573	0	470	0
3	130682890	G	C	687	0	499	8	580	0	396	53
3	140785495	G	T	140	0	77	0	55	37	60	16
3	142172000	C	T	889	165	437	0	508	0	323	0
3	145804615	T	C	517	731	426	0	463	0	602	0
3	146309602	G	T	256	369	202	0	268	0	238	0
3	148563304	G	T	591	0	91	429	256	4	307	0
3	152553726	A	T	433	0	153	52	141	0	151	0
3	156271466	C	T	489	141	314	0	370	0	237	0
3	167812949	T	A	219	80	144	0	104	0	119	0
3	169099080	T	A	418	0	140	0	113	114	104	49
3	169485444	C	T	602	0	182	64	260	0	199	0
3	178919199	A	T	868	0	384	4	139	140	176	26
3	183823621	C	A	733	106	676	0	305	0	355	0
3	184071492	G	T	197	56	235	0	113	0	157	0
3	186571981	G	T	254	0	59	39	105	0	87	0
3	195509305	G	A	286	78	97	22	186	15	223	37
3	195509669	G	A	171	43	65	14	97	24	111	37
3	196778456	T	C	1577	293	666	0	885	0	715	0
5	462305	A	G	174	102	320	0	299	0	305	0
5	644457	G	C	312	0	415	145	470	0	456	0
5	1221956	G	A	84	56	222	0	162	0	241	0
5	7706894	C	T	398	0	377	152	402	0	421	0
5	10461419	G	A	143	62	201	0	253	0	276	0
5	16877758	C	T	283	0	209	0	275	68	313	0
5	24535293	C	A	669	0	141	315	570	0	588	0
5	26903783	T	A	344	148	226	4	377	0	222	0
5	31305350	C	T	495	0	259	33	523	0	380	0
5	31472259	C	T	216	0	186	99	249	0	189	0
5	32126554	C	A	472	0	611	91	459	0	445	0
5	32268864	T	C	495	0	672	208	542	0	535	0
5	33576456	C	G	278	155	595	0	414	0	439	0
5	33937867	C	A	79	0	170	0	56	58	109	25
5	33954501	A	T	216	0	230	0	131	101	166	65
5	35692748	C	T	361	0	354	244	399	0	335	0
5	35806854	G	A	207	104	331	4	244	0	232	0
5	36985807	G	T	84	37	158	6	129	0	106	0
5	37010270	G	T	413	0	216	173	331	0	322	0
5	40979837	G	T	200	0	158	0	119	81	91	50
5	54721112	T	C	211	207	212	0	381	0	287	0
5	55056083	T	C	512	0	270	0	74	248	189	153
5	63665497	C	A	249	0	105	150	146	0	165	0
5	71654040	T	G	123	0	93	0	93	26	162	0
5	80550908	C	A	31	49	34	0	26	0	71	0
5	95226874	A	G	318	0	64	106	228	0	196	0
5	101627259	C	A	70	64	100	0	111	0	135	0
5	101834533	C	T	29	16	25	0	19	0	52	0
5	112175328	C	A	71	0	45	0	17	43	41	27
5	114860364	G	A	36	53	44	0	58	0	49	0
5	132437457	G	T	260	0	51	115	216	0	233	0
5	137600101	G	A	149	0	166	0	32	141	188	107
5	137780983	G	T	44	0	54	0	7	43	65	20
5	139740422	G	A	30	0	12	19	23	0	57	0
5	140175622	C	A	18	29	46	0	46	0	50	0
5	140229793	G	T	24	0	9	19	12	0	19	0
5	140263559	G	T	16	13	16	0	20	0	33	0
5	140712187	G	T	21	0	13	0	1	11	16	4
5	140724198	C	A	22	23	27	0	27	0	43	0
5	140812168	G	T	39	0	22	0	3	30	28	16
5	148746941	G	T	104	124	190	0	202	0	353	0
5	149452989	G	A	128	0	145	0	30	116	129	62
5	150925114	G	T	89	0	79	0	14	73	72	46
5	155935628	G	T	300	0	106	149	245	0	229	0
5	168233520	T	A	172	0	102	0	39	122	128	78
5	178460501	G	T	38	0	12	15	27	0	30	0
5	178566939	G	A	27	0	43	0	7	41	62	35
5	179305416	G	T	60	0	57	0	42	0	80	17
5	180582598	A	T	147	0	157	0	28	135	132	77
6	350868	A	T	742	121	515	0	890	0	881	0
6	16238955	G	C	67	0	24	21	48	0	81	0
6	18122255	C	A	182	0	118	59	162	0	203	0
6	25916053	C	G	178	0	99	64	203	0	177	0
6	26031919	C	T	259	0	79	40	173	0	241	0
6	26124549	G	T	288	0	102	0	93	84	231	60
6	26250523	A	G	266	0	173	0	133	51	259	77
6	27279911	C	A	81	0	62	0	46	35	73	30
6	27279940	A	C	47	0	41	0	26	15	35	13
6	27420940	T	C	87	0	46	26	63	0	70	0
6	27860781	C	A	121	43	78	0	69	0	177	0
6	31721183	G	T	46	28	55	0	60	0	57	0
6	37358575	G	A	301	134	292	0	380	0	426	0
6	39196792	C	A	110	55	185	0	221	0	238	0
6	42034140	A	G	297	0	176	74	275	0	324	0
6	42980926	G	C	113	0	82	0	61	24	124	0
6	43038441	G	A	247	0	208	0	159	120	219	93
6	44244180	C	A	37	0	10	13	38	0	27	0
6	49754543	C	G	185	97	238	0	370	0	306	0
6	50786643	C	A	260	0	150	110	284	0	219	0
6	55739199	G	C	362	0	203	0	324	73	272	46
6	56919514	G	T	84	74	81	0	101	0	70	0
6	65532575	C	T	299	0	158	0	138	184	180	72
6	66005912	G	T	234	0	146	61	215	0	151	0
6	66204642	G	T	152	0	55	28	170	0	122	0
6	73110280	T	A	305	137	287	0	508	0	434	0
6	75861713	G	C	430	0	232	0	277	276	294	134
6	84375219	C	A	499	0	318	0	297	347	311	156
6	88066169	G	C	160	0	115	56	211	0	168	0
6	88854733	C	T	147	73	207	0	340	0	323	0
6	90326326	G	T	507	0	443	0	358	390	470	188
6	90577116	A	G	134	0	67	0	73	82	88	27
6	102483406	T	A	161	0	67	0	50	59	45	44
6	108501606	C	T	277	122	289	0	446	0	333	0
6	110734580	C	T	145	80	200	0	276	0	303	0
6	112375558	G	A	364	0	293	0	291	165	414	136
6	114378477	G	C	120	37	116	0	165	0	135	0
6	114379045	A	T	343	0	168	0	182	228	230	99
6	117199075	G	C	172	94	136	0	261	0	221	0
6	117687384	C	T	446	0	231	160	503	0	345	0
6	118596708	C	A	571	0	379	249	709	0	471	0
6	128540218	T	A	474	0	213	159	479	0	426	0
6	129725101	A	G	281	0	185	91	319	0	177	0
6	134495659	C	A	312	163	300	0	649	0	494	0
6	136590694	A	T	381	0	237	96	321	6	242	4
6	138192592	C	T	428	0	277	0	399	204	410	140
6	138640929	T	A	155	97	162	0	291	0	243	0
6	138655224	G	T	88	59	111	0	201	0	185	0
6	146350927	G	A	53	24	76	0	78	0	106	0
6	147012291	C	A	249	107	199	0	331	0	290	0
6	150001175	G	A	191	0	108	56	209	0	147	0
6	152453280	T	A	413	157	315	0	689	0	649	0
6	152683350	C	T	238	0	172	0	207	130	253	75
6	152712493	C	T	134	68	131	0	265	0	231	0
6	153077273	A	G	129	48	112	0	126	0	111	0
6	158900912	G	T	53	22	75	0	63	0	91	0
6	160240116	A	G	79	41	126	0	176	0	156	0
6	160557328	G	A	421	0	371	174	723	0	689	0
6	168352697	G	T	101	0	57	25	93	0	104	0
6	169623344	T	A	238	0	218	0	222	101	254	75
6	169646307	G	T	283	0	289	177	483	0	307	0
8	7308655	C	A	250	73	222	0	38	0	133	0
8	12878599	G	T	166	67	103	0	177	0	191	0
8	18079915	T	A	229	0	94	13	160	0	186	0
8	21985114	C	A	47	0	14	24	29	0	63	0
8	23294628	G	C	184	110	127	0	210	0	232	0
8	25343308	G	T	348	0	64	112	180	0	182	0
8	26614284	T	C	329	116	218	0	284	0	344	0
8	39537642	T	C	190	91	83	0	236	0	187	0
8	39624538	T	C	125	0	65	0	52	64	90	36
8	43037340	A	G	455	234	495	0	769	0	819	0
8	52366216	A	T	343	0	251	0	241	185	302	119
8	62578151	T	C	230	0	91	5	11	62	34	30
8	63659609	C	A	198	86	193	0	158	0	198	0
8	68536443	A	G	572	296	535	0	443	0	449	0
8	72183995	C	A	387	202	303	5	304	0	306	0
8	72964970	C	A	156	0	87	56	89	0	100	0
8	72973952	G	T	460	0	227	0	57	135	142	82
8	73921185	G	A	57	27	68	0	46	0	85	0
8	77617677	A	T	221	0	175	0	23	125	94	76
8	77776219	G	T	181	0	82	43	119	0	104	0
8	87235288	T	G	276	117	236	0	172	0	171	0
8	101016282	G	T	479	0	196	0	163	134	165	83
8	110457285	T	A	211	115	120	0	261	0	168	0
8	110457286	G	T	209	115	124	0	259	0	166	0
8	113259334	G	T	556	0	305	0	256	159	284	83
8	113317038	G	A	314	0	117	62	212	0	186	0
8	113662421	G	T	283	117	165	0	279	0	235	0
8	114031304	G	T	657	0	230	0	256	179	305	126
8	116616385	T	C	206	0	96	62	192	0	127	0
8	142451785	G	A	183	0	154	0	135	111	219	47
8	144945130	G	A	171	48	192	0	212	0	246	0
8	145095654	G	T	92	0	96	0	68	43	85	30
8	145639440	G	T	62	0	53	41	63	0	97	0
10	6263434	G	A	11	10	41	0	35	0	42	0
10	13534830	G	T	348	0	230	0	144	43	217	0
10	15714663	C	A	303	0	181	0	36	154	124	69
10	16528464	G	T	141	53	148	0	107	0	109	0
10	21414944	C	A	101	50	106	0	65	0	125	0
10	24880837	A	G	642	24	414	21	328	69	338	39
10	25886954	G	C	173	0	113	0	18	70	65	55
10	26385376	C	A	399	0	228	113	155	0	119	0
10	31816153	T	A	122	74	118	0	93	0	113	0
10	31816154	A	G	125	73	122	0	98	0	113	0
10	46148472	T	C	386	0	187	306	278	0	285	0
10	60996243	G	T	77	85	76	0	103	0	105	0
10	69299290	C	A	111	0	56	0	18	58	77	49
10	73501457	G	A	59	69	110	0	105	0	216	0
10	73544163	C	T	35	42	62	0	53	0	96	0
10	89717661	C	G	132	104	82	0	189	0	179	0
10	99358642	G	T	65	0	24	59	46	0	82	0
10	101122038	T	A	155	0	112	0	30	160	158	83
10	106121889	G	T	374	0	209	0	68	277	183	140
10	118319984	C	A	267	248	293	0	395	0	426	0
10	121587260	A	G	49	36	57	0	76	0	66	0
10	123844100	C	A	42	0	14	25	49	0	74	0
10	124908057	G	A	30	0	18	0	6	16	18	12
10	127693506	G	T	112	90	157	0	203	0	252	0
11	289973	A	C	31	20	29	0	13	0	31	0
11	2435990	C	T	19	14	12	0	42	0	49	0
11	3239854	G	T	66	40	93	0	75	0	144	0
11	3752743	T	G	382	26	189	12	200	5	332	210
11	4406683	G	A	240	0	88	4	24	108	107	66
11	4566792	C	T	276	0	140	0	21	149	168	89
11	6412768	C	T	77	49	67	0	89	0	129	0
11	6644765	G	C	61	32	64	0	52	0	83	0
11	7060968	G	T	320	147	186	0	228	0	281	0
11	7961019	A	G	187	0	38	89	100	0	108	0
11	9225258	G	A	78	0	61	0	14	56	49	34
11	9446787	C	G	633	0	275	0	336	55	417	0
11	14902221	A	G	163	80	48	0	104	0	71	0
11	18159520	C	A	195	99	157	0	184	0	245	0
11	33770424	T	C	381	0	122	0	201	253	195	150
11	44941424	A	G	184	91	190	0	309	0	466	0
11	48347075	G	T	354	85	209	0	425	0	430	0
11	49197475	A	G	791	0	272	0	445	216	399	113
11	55657496	C	A	220	47	102	0	222	0	227	0
11	55703302	G	T	300	0	78	71	157	0	136	0
11	55861464	C	A	114	62	65	0	149	0	148	0
11	55904688	G	T	245	0	137	0	75	80	127	40
11	56019832	C	A	288	104	117	0	308	0	224	0
11	56058388	G	A	464	192	241	0	459	4	398	0
11	56058433	G	T	429	0	52	78	297	0	243	0
11	56237706	T	C	159	45	88	0	182	0	155	0
11	56344732	C	T	366	0	161	0	245	114	251	79
11	56431549	C	T	347	0	145	0	218	106	254	77
11	56431860	C	G	315	0	77	128	295	0	265	0
11	57427144	T	G	86	49	74	0	113	0	132	0
11	57798933	T	A	149	93	137	0	215	0	259	0
11	57995910	C	T	69	43	46	0	71	0	101	0
11	58207231	T	A	385	0	132	0	159	146	208	79
11	58477310	T	C	145	60	69	0	176	0	154	0
11	58604743	C	A	397	194	252	0	441	0	389	5
11	60183391	C	T	58	0	33	0	33	33	56	32
11	60234431	G	T	262	119	164	0	446	0	318	0
11	62563619	G	A	221	130	241	0	468	0	508	0
11	62782133	C	T	247	0	164	0	224	142	289	78
11	63961760	C	G	187	116	126	0	378	0	306	0
11	67219733	C	A	29	13	33	0	44	0	79	0
11	69625159	G	A	13	0	12	0	18	22	30	22
11	71208644	G	T	147	0	42	92	210	0	252	0
11	71943724	G	T	63	29	110	0	165	0	239	0
11	72404454	C	A	141	0	69	0	109	91	127	42
11	74351625	C	G	248	0	110	0	165	223	169	112
11	92533559	G	T	207	117	129	0	341	0	259	0
11	92616070	G	A	243	0	106	0	234	59	216	61
11	102589182	G	T	296	151	172	0	513	0	352	0
11	102647351	G	A	216	99	134	0	347	0	291	0
11	110450405	C	G	135	0	47	0	121	46	98	29
11	113674571	C	T	348	54	173	4	423	0	313	0
11	113816847	G	A	117	0	83	0	110	70	156	35
11	116706932	C	G	43	17	54	0	84	0	104	0
11	118461169	G	A	232	0	128	0	273	139	228	75
11	118461177	C	T	156	92	138	0	389	0	281	0
11	119170350	G	A	201	0	77	0	146	59	154	53
11	121384934	T	G	246	119	158	0	430	0	410	0
11	123847597	G	C	125	0	54	0	82	36	127	35
11	123886903	G	C	645	0	107	164	596	0	563	0
11	125659302	T	A	152	0	123	0	142	159	133	65
11	133402172	C	A	176	64	132	0	368	0	278	0
11	133712402	G	A	168	72	154	0	390	0	318	0
12	922839	G	C	340	184	281	0	607	0	501	0
12	1299139	G	A	825	0	285	183	442	0	335	5
12	7025669	A	C	614	0	271	157	446	0	611	0
12	7070058	G	A	82	0	18	22	48	0	74	0
12	8201956	A	G	142	0	83	0	64	44	79	24
12	8689750	C	G	277	0	104	0	132	58	87	47
12	9074344	C	T	283	0	160	0	187	40	232	0
12	10015166	A	T	310	0	81	53	143	0	147	0
12	12356272	G	A	848	0	466	5	615	0	548	83
12	13717393	G	T	170	193	213	0	225	0	307	0
12	20801702	G	T	908	0	335	0	346	513	366	297
12	21377736	C	G	988	0	295	224	723	0	585	0
12	27475291	C	G	524	0	192	0	427	70	314	0
12	29639270	C	T	374	133	234	4	495	0	426	0
12	40734124	C	T	359	0	210	0	239	169	238	91
12	40757322	C	A	873	0	390	0	472	313	405	154
12	44172038	G	T	166	62	122	0	193	0	153	0
12	48240547	G	A	123	0	151	0	102	67	166	47
12	49444096	C	G	33	16	63	0	54	0	60	0
12	49522595	C	A	218	0	130	0	139	48	197	31
12	50746411	G	C	170	71	282	0	265	0	351	0
12	51189775	A	G	275	0	202	0	200	114	168	78
12	51347831	C	A	242	137	282	5	357	0	316	0
12	51717815	G	T	86	0	53	27	94	0	114	0
12	53202538	C	T	256	134	347	0	360	0	425	0
12	53880886	G	A	56	0	73	0	44	31	90	28
12	55714626	T	C	389	0	177	0	196	164	172	96
12	56495312	G	A	124	62	147	0	218	0	216	0
12	56748319	C	A	310	0	158	109	370	0	371	0
12	56814366	G	C	122	55	152	0	190	0	188	0
12	57532303	G	A	361	0	300	186	462	0	503	0
12	57599423	G	C	49	0	84	0	42	35	78	28
12	64196176	G	T	319	0	155	76	249	0	238	0
12	66638423	G	T	251	0	147	0	200	145	200	62
12	70983970	C	T	129	0	88	68	154	0	130	0
12	79693196	A	T	278	133	239	4	360	0	277	0
12	80672818	C	G	405	172	294	0	398	0	373	0
12	81004389	A	T	143	75	92	5	129	0	104	0
12	90035934	C	A	199	0	105	77	177	0	156	0
12	94975977	T	C	89	0	63	44	107	0	131	0
12	99225903	G	T	300	102	327	0	496	0	412	0
12	100806579	G	A	243	113	258	0	336	0	314	0
12	102043062	C	T	254	109	185	0	314	0	288	0
12	104067804	G	T	158	0	93	58	170	0	192	0
12	104067805	G	T	163	0	95	61	172	0	192	0
12	107080799	C	T	181	81	205	0	250	0	278	0
12	108589937	G	C	43	28	56	0	77	0	99	0
12	108925047	T	C	414	0	317	99	430	0	373	0
12	109530570	C	T	63	36	108	0	112	0	148	0
12	110924246	C	G	136	0	75	50	172	0	146	0
12	117187970	G	T	11	0	7	9	13	0	20	0
12	118838482	C	G	215	0	144	0	135	105	142	59
12	125470642	C	A	249	111	391	0	533	0	510	0
12	125509893	G	C	45	0	28	11	29	0	53	0
12	130926944	C	T	84	0	59	33	91	0	109	0
12	132334541	G	A	41	28	105	0	68	0	130	0
13	23913078	A	T	157	173	189	0	255	0	241	0
13	24864795	G	T	51	46	96	0	84	0	163	0
13	26970465	A	T	352	0	157	0	39	208	153	89
13	32352676	T	G	333	0	92	157	223	0	231	0
13	36050258	G	T	72	0	47	0	13	45	54	30
13	36385084	T	A	238	0	80	141	236	0	246	0
13	38266209	G	C	76	91	85	0	111	0	172	0
13	101755588	T	C	130	123	251	0	187	0	181	0
13	103316060	A	G	305	275	448	0	476	0	461	0
13	103421717	A	C	154	0	99	0	28	81	61	37
13	111367844	G	A	281	0	239	0	77	27	274	25
14	20502240	C	A	209	0	323	4	167	124	165	65
14	20916943	G	C	365	0	441	210	516	0	390	0
14	35522511	G	A	284	0	131	0	194	141	223	89
14	72138020	A	T	225	0	130	0	35	152	175	90
14	72138082	C	A	161	0	141	0	20	179	148	78
14	74420172	G	T	69	80	104	0	92	0	124	0
14	77984412	G	C	201	0	188	0	222	0	188	58
14	88477254	C	A	68	68	75	0	71	0	70	0
14	102894709	A	G	285	0	205	0	46	237	171	121
14	103566635	C	G	17	12	31	0	31	0	90	0
15	23889207	G	A	112	0	129	77	102	0	204	0
15	25223446	C	T	99	0	138	0	21	69	68	40
15	26812874	T	A	127	0	138	94	109	0	112	0
15	26825586	C	A	51	70	153	0	105	0	157	0
15	27777804	C	G	270	0	267	169	245	0	201	0
15	33925207	G	C	257	0	298	0	250	0	282	64
15	39874393	G	A	149	0	128	68	129	0	166	0
15	40756074	A	T	57	68	210	0	117	0	199	0
15	41101324	G	T	82	0	64	34	44	0	117	0
15	45396214	C	T	110	144	342	0	349	0	334	0
15	54007433	G	C	149	0	114	0	102	71	114	43
15	65450979	C	G	586	0	518	5	417	274	459	195
15	68378877	A	T	218	0	193	0	198	165	252	95
15	72492851	C	A	27	35	127	0	99	0	135	0
15	72533858	G	C	217	0	241	111	406	0	407	0
15	72699455	G	T	197	0	267	0	177	148	211	91
15	74425192	C	G	30	38	134	0	109	0	115	0
15	76017560	G	A	20	21	97	0	88	0	120	0
15	79083534	C	T	84	0	131	0	102	85	200	39
15	81578146	T	C	108	85	276	0	360	0	380	0
15	84651882	G	T	148	0	97	0	102	80	109	41
15	88678537	C	G	145	0	145	0	75	133	130	104
15	90447216	C	A	59	0	22	17	58	0	59	0
15	91026815	C	T	282	0	202	0	184	294	194	128
15	98984357	A	G	336	0	221	76	486	0	319	0
17	3352282	G	T	221	222	450	7	350	0	316	0
17	4436276	A	G	16	0	36	0	0	12	20	14
17	7400276	G	T	42	0	48	34	33	0	92	0
17	7577518	T	A	113	0	217	0	22	79	136	69
17	7578460	A	G	86	0	36	88	88	0	96	0
17	7579312	C	A	14	33	95	0	48	0	83	0
17	8050622	C	A	10	0	19	14	23	0	28	0
17	9820559	C	A	47	53	160	0	105	0	206	0
17	11603093	C	T	225	0	82	220	209	0	246	0
17	20906374	G	C	61	86	189	0	142	0	225	0
17	31260222	G	C	381	0	91	146	309	0	460	0
17	34416624	G	T	517	238	402	0	376	0	647	0
17	40034365	G	A	129	0	115	0	8	75	66	49
17	40262741	C	T	50	29	106	0	44	0	116	0
17	42272194	G	A	66	36	111	0	75	0	136	0
17	42332650	G	T	77	40	139	0	89	0	144	0
17	43366657	C	T	278	0	205	129	223	0	349	0
17	45917717	G	T	127	0	101	37	70	0	176	0
17	46628419	C	A	42	27	66	0	41	0	84	0
17	51901166	T	C	168	59	102	0	253	0	258	0
17	56620302	G	T	434	0	207	0	434	113	521	0
17	62019263	C	T	38	26	58	0	54	0	105	0
17	64024490	C	T	338	161	165	0	687	4	486	0
17	66303667	G	T	445	0	119	148	675	0	585	0
17	66972318	G	T	280	0	62	112	326	4	210	0
17	72955132	G	A	153	80	182	0	436	0	527	0
17	74472914	G	T	27	14	19	0	51	0	71	0
17	77769228	T	C	36	0	27	0	3	46	23	39
19	498755	G	C	3	2	5	6	2	8	1	15
19	507687	G	A	21	25	43	0	28	0	94	0
19	1051161	G	T	53	0	66	40	53	0	120	0
19	2425414	C	G	11	0	17	0	3	8	13	8
19	2434313	G	C	11	0	24	16	9	0	22	0
19	3110198	A	G	69	0	80	44	54	0	122	0
19	3907765	C	A	63	0	66	0	6	39	41	28
19	6734278	T	C	139	0	205	0	68	33	222	0
19	8618088	A	G	167	80	281	0	180	0	302	0
19	8953697	C	G	51	34	102	0	92	0	91	0
19	9047690	C	T	74	47	103	0	64	0	91	0
19	9061935	G	A	127	33	158	0	144	0	112	0
19	9362456	T	G	102	0	107	0	74	0	51	18
19	10220836	G	A	12	14	37	0	17	0	47	0
19	10793893	C	T	64	0	82	0	7	48	72	24
19	11311460	G	A	74	35	175	0	90	0	206	0
19	11546971	G	T	108	0	64	47	49	0	123	0
19	12759055	G	T	13	0	25	0	9	9	17	0
19	13356011	G	A	164	0	150	81	137	0	195	0
19	13919671	G	C	26	0	37	23	39	0	41	0
19	15728956	G	T	74	52	77	0	64	0	97	0
19	15839464	G	A	317	0	168	114	176	0	264	0
19	18235137	G	T	127	76	220	0	131	0	240	0
19	19338484	C	T	40	0	47	34	36	0	75	0
19	21366712	A	T	415	0	305	197	281	0	258	0
19	21720707	G	A	171	0	120	0	9	109	59	58
19	22575362	A	G	209	0	112	66	104	0	94	0
19	30936198	A	G	113	0	60	47	47	0	118	0
19	36341295	C	A	241	147	497	0	447	0	646	0
19	36884811	G	A	127	91	140	0	147	0	146	0
19	37441932	G	C	97	0	35	34	64	0	74	0
19	39052019	G	A	52	0	44	27	32	0	53	0
19	40331307	C	A	75	0	45	29	47	0	102	0
19	44740349	C	A	118	54	201	0	158	0	188	0
19	46850367	A	C	86	50	70	0	75	0	166	0
19	47575675	T	A	49	21	71	0	62	0	103	0
19	48879440	C	A	90	0	79	43	77	0	142	0
19	48977576	G	T	55	0	39	29	39	0	59	0
19	49979753	G	T	86	17	129	0	76	0	175	0
19	50154270	T	C	5	6	4	12	8	1	14	8
19	51192527	G	A	141	0	109	60	181	0	196	0
19	51361294	G	T	47	27	93	0	75	0	127	0
19	52131140	C	A	79	41	105	0	114	0	165	0
19	52826065	G	A	64	36	52	0	56	0	74	0
19	52887572	A	C	52	0	34	0	25	29	40	7
19	52937282	A	T	409	0	382	5	314	124	327	185
19	53572615	T	C	136	53	153	0	120	0	123	0
19	53957950	A	G	123	79	125	4	164	0	188	0
19	54310827	C	T	105	40	129	0	106	0	245	0
19	54376967	G	T	132	0	100	0	69	28	142	67
19	54377158	C	A	67	0	87	0	28	34	92	23
19	54502915	C	T	151	0	129	74	151	0	234	0
19	54561800	C	A	106	0	119	64	133	0	216	0
19	54967342	A	C	118	0	111	48	100	0	211	0
19	55241136	C	A	301	134	367	0	383	0	633	0
19	56029445	A	G	54	0	47	46	54	0	129	0
19	56549541	G	T	59	29	92	0	99	0	147	0
19	57640446	T	A	74	0	62	0	32	32	59	27
19	57665784	C	T	302	0	184	127	257	0	356	0
21	14992584	C	A	1440	0	836	0	554	296	692	198
21	15870794	T	C	246	355	330	0	322	0	316	0
21	16340057	T	C	21	38	35	0	34	0	47	0
21	22804567	A	T	223	105	183	0	176	0	180	0
21	31812917	A	G	174	0	100	53	101	0	136	0
21	33064244	C	T	83	208	188	5	120	0	140	0
21	33876305	C	T	378	0	269	0	38	104	121	49
21	37444994	G	T	251	0	118	67	116	0	171	0
21	38114117	G	A	112	0	96	39	78	0	114	0
21	43531500	C	A	6	17	21	0	9	0	16	0
21	43531501	C	T	6	18	22	0	9	0	16	0
21	47541007	C	A	40	121	166	0	103	0	140	0
