Chr	Posi	Wild	Mut	Met1T:ref	Met1T:alt	Met3T:ref	Met3T:alt	Met4T:ref	Met4T:alt	Status
1	55317993	G	T	132	92	197	68	175	49	decided
1	94054752	G	A	83	13	72	16	79	24	decided
1	177915582	T	G	67	4	70	11	85	0	decided
2	101582184	A	G	103	96	137	60	200	18	undecided
2	116497386	A	T	215	170	237	98	281	22	undecided
2	136575002	G	T	98	65	130	59	147	14	undecided
2	226447267	G	A	31	7	31	5	27	13	undecided
3	172351639	G	T	135	47	122	35	195	41	decided
4	22390343	G	A	117	147	120	112	211	149	decided
4	84375024	G	A	493	0	325	0	504	139	decided
4	187557310	G	T	36	66	54	49	72	48	decided
5	86670014	A	G	558	170	410	132	366	141	undecided
5	94938996	T	C	64	19	63	14	61	13	undecided
5	160758056	G	C	382	0	356	0	490	72	undecided
6	127607933	C	A	160	148	167	98	195	120	decided
7	12410358	T	A	223	146	183	86	225	114	decided
7	48353840	T	C	323	0	223	0	283	38	decided
7	86468553	G	T	92	67	124	46	162	65	decided
7	86810632	C	T	456	164	294	95	408	99	decided
7	100356222	T	G	93	41	114	53	118	36	decided
8	19819659	T	A	332	148	303	125	401	74	undecided
8	30335318	T	A	871	529	794	331	754	325	undecided
8	30464607	T	C	460	237	387	161	377	135	undecided
8	68031003	G	C	374	264	288	135	339	167	undecided
9	33796721	C	T	236	28	174	28	293	26	decided
9	96416756	G	T	88	30	102	33	145	48	decided
9	107367599	C	T	215	48	209	27	308	42	decided
10	99664461	G	C	231	25	213	27	206	29	decided
10	121658218	C	T	51	15	24	7	63	0	decided
10	122348880	C	A	103	15	87	22	125	18	decided
11	721315	C	T	38	56	74	59	56	34	decided
11	4903191	G	A	93	141	113	112	166	145	decided
11	44135761	C	G	215	420	248	275	362	291	decided
11	114262300	A	C	118	74	129	53	129	58	decided
12	6666567	C	A	308	56	250	27	278	34	decided
12	49233873	C	A	162	114	157	90	170	43	decided
12	65141590	T	C	438	130	370	89	420	112	decided
12	101740351	T	C	98	52	104	39	136	39	decided
12	118682756	G	T	180	0	194	0	234	43	decided
12	121756386	T	C	426	0	417	0	402	57	decided
12	133385095	A	G	45	38	63	20	50	14	decided
15	74573094	G	C	139	17	147	26	171	20	undecided
16	2757310	A	G	284	52	357	58	320	39	decided
16	58752462	A	T	275	66	186	32	275	47	decided
16	66919183	C	A	82	45	91	25	105	47	decided
17	4381878	C	T	92	46	104	37	97	14	decided
17	8053582	A	G	285	146	338	121	289	97	decided
17	27031073	G	T	62	26	62	16	52	14	decided
17	65119136	A	T	247	103	178	70	271	47	decided
17	71166080	T	C	31	20	35	8	47	5	decided
18	14537884	A	G	1053	147	848	65	1403	122	decided
18	31538276	T	G	167	81	181	59	209	68	decided
19	12874190	G	T	53	9	68	14	58	0	decided
19	13888907	G	A	100	13	125	10	134	0	decided
19	19611979	A	G	35	15	42	18	46	24	decided
19	48542566	G	T	116	22	106	8	115	14	decided
19	54848349	C	T	110	38	92	37	146	40	decided
19	56416354	A	G	158	47	162	14	198	24	decided
20	16385499	C	G	213	174	197	103	263	127	decided
20	35125270	G	A	72	35	93	47	64	11	decided
21	35239623	G	C	175	31	155	27	223	32	undecided
22	18387459	T	C	80	69	68	45	119	42	decided
X	43817831	C	A	114	168	86	80	134	132	undecided
X	70774405	T	G	84	203	90	113	125	103	undecided
X	123181309	A	G	148	175	143	144	185	155	undecided
