Chr	Posi	Wild	Mut	Met1T:ref	Met1T:alt	Met2T:ref	Met2T:alt	Met3T:ref	Met3T:alt
1	11562926	G	A	122	67	135	47	112	38
1	26316019	C	T	136	70	153	55	115	10
1	26691467	G	A	234	160	355	110	253	15
1	47512186	C	T	181	90	200	97	143	56
1	57157158	C	T	164	113	238	76	176	82
1	77984392	C	T	135	67	161	57	129	28
1	109812380	G	A	316	158	252	73	226	50
1	210415461	G	A	64	23	152	0	83	0
1	228434376	C	T	175	81	184	55	112	28
1	236306261	C	T	311	0	300	0	172	48
2	28248156	C	T	128	0	128	43	123	0
2	54080998	G	A	527	70	645	0	499	0
2	101879051	C	A	109	89	167	65	133	27
2	145156283	A	C	255	111	414	0	289	0
3	49693215	C	T	23	20	49	7	26	9
3	134920399	G	A	174	137	214	103	181	47
3	160395160	C	T	63	37	68	44	76	26
5	147788758	C	G	210	138	319	157	254	83
5	156522389	C	G	140	89	176	0	141	0
5	168100222	C	T	320	0	380	0	213	67
5	172396468	G	A	684	172	610	149	508	98
6	26032099	G	C	67	74	116	68	121	44
9	15214210	C	T	89	140	150	127	118	80
9	21974751	C	A	9	17	8	3	8	6
9	107531150	T	C	152	98	271	0	192	0
11	4870344	G	T	134	0	123	0	79	30
11	30946876	C	A	531	0	626	0	351	123
11	47296702	C	T	73	26	73	29	49	20
11	129802029	C	T	250	0	236	201	180	87
12	130846055	A	G	285	0	361	0	145	65
14	23791467	A	G	26	55	145	62	117	35
14	92136238	G	A	201	126	264	92	216	65
15	84581996	G	A	171	74	189	56	115	33
16	28912091	G	C	133	59	103	24	65	11
16	70913618	G	T	656	134	725	109	547	74
17	7578406	C	T	34	53	78	13	37	13
17	11593565	C	A	81	0	69	30	92	0
17	42331916	G	T	144	0	153	0	75	11
17	60106963	C	T	173	140	187	97	167	52
17	76396927	C	T	280	161	267	79	172	25
18	14543019	T	C	158	108	150	36	118	38
20	34297181	A	G	308	0	312	0	216	67
20	54824819	G	A	132	85	122	45	92	34
