Chr	Posi	Wild	Mut	PrimT:ref	PrimT:alt	Met1T:ref	Met1T:alt	Met2T:ref	Met2T:alt	Met3T:ref	Met3T:alt
1	3672071	A	C	172	0	210	57	195	0	123	0
1	6535579	G	A	183	0	426	0	260	73	240	0
1	15642878	C	T	162	56	89	62	68	71	45	44
1	23637445	T	A	272	0	218	0	317	0	78	50
1	159558409	A	C	188	27	157	11	169	9	68	4
1	204937956	A	G	168	0	112	0	114	0	18	13
1	235318366	T	C	644	0	490	0	408	98	233	0
1	248616198	T	A	522	0	505	99	586	0	331	0
2	1204854	C	A	341	0	355	0	290	51	154	0
2	39281778	T	A	182	66	92	50	137	47	47	16
2	54886309	C	T	358	68	321	78	368	149	162	63
2	86459853	C	T	72	0	126	25	64	30	38	14
2	159519467	T	G	217	7	207	10	168	12	99	13
3	7503404	C	G	152	0	407	0	450	65	162	0
3	30715660	G	A	351	77	324	226	352	431	125	86
3	38125731	G	C	431	0	804	0	717	0	367	85
3	49692388	C	A	82	0	85	31	96	0	96	0
3	51993402	C	T	116	0	139	0	138	0	61	19
3	62261600	A	T	470	0	165	108	286	0	82	0
3	73432784	C	T	107	0	126	0	69	0	43	23
3	121037350	T	A	361	0	394	0	374	0	106	39
3	151474905	G	T	349	0	313	0	316	51	135	0
3	195516709	C	T	251	67	154	82	164	88	101	36
5	16762224	T	A	30	16	21	9	44	7	9	0
5	36153032	C	G	152	0	165	0	175	31	93	0
5	140308873	G	A	80	31	83	26	53	49	30	19
5	178541178	G	A	241	0	255	0	222	0	102	47
6	3227733	C	G	106	0	259	52	123	0	105	0
6	101247352	G	T	340	0	403	170	430	117	187	60
6	138752568	G	A	48	0	44	0	59	0	24	5
6	167709717	C	T	144	0	94	36	170	0	97	0
7	6193831	C	T	34	0	54	20	28	0	31	0
7	6623037	G	T	419	0	313	0	344	0	112	44
7	17915191	A	G	244	0	200	0	246	0	62	12
7	117243698	G	A	304	72	334	101	364	160	113	54
7	148801374	T	A	50	0	124	0	68	0	28	17
8	16032708	C	T	292	0	276	93	500	0	178	0
8	22880326	C	A	113	0	127	0	112	0	68	22
8	27319195	A	C	236	0	225	71	274	0	209	0
8	35583976	C	G	177	0	189	0	183	35	99	0
8	43014171	A	T	506	0	743	0	599	317	346	0
8	92983019	G	A	135	0	335	80	213	0	170	0
8	92983020	A	C	136	0	336	80	218	0	174	0
8	92998448	G	A	251	0	233	0	151	80	119	0
9	14859383	C	T	165	0	111	44	126	0	84	0
9	33798485	T	C	149	24	130	8	133	4	73	0
9	33798504	A	C	175	27	156	10	165	5	85	0
9	80336332	C	T	321	27	303	38	388	63	146	13
9	94495697	G	A	38	0	79	0	33	24	20	0
9	138661889	C	T	33	5	114	0	38	0	63	0
10	5042825	G	A	391	89	419	126	276	147	169	51
10	8006424	C	A	120	0	148	0	150	38	82	0
10	18690946	G	T	200	0	133	47	142	0	119	0
10	50532563	G	A	72	0	82	0	50	13	47	0
10	75911054	G	A	226	0	466	0	413	108	231	0
10	88227056	G	T	391	62	242	90	307	56	111	51
10	88227057	A	C	394	64	250	93	312	57	112	51
10	106865183	G	A	243	0	368	0	279	0	154	48
10	122660605	G	A	338	0	240	0	217	59	89	0
11	6816525	C	T	49	14	18	5	6	9	14	0
11	67274891	T	C	133	55	170	125	173	188	132	94
11	93800912	A	T	76	0	96	0	87	38	41	0
12	11546618	G	T	448	0	415	139	422	0	295	4
12	117595698	C	A	167	0	316	0	312	0	139	63
13	79175784	C	T	63	0	79	35	36	29	41	10
13	92345516	C	G	383	0	503	0	507	0	162	80
13	102568879	G	A	51	9	72	29	45	32	47	12
13	109672111	C	T	307	57	155	0	223	68	66	30
14	55529998	G	A	74	0	64	0	70	0	42	8
15	40631044	C	T	279	0	413	174	484	276	269	105
15	74219772	G	A	10	2	41	20	26	30	18	5
16	67236881	G	A	30	0	153	0	71	0	57	7
16	67977968	G	A	47	0	126	0	38	11	38	0
17	5984015	C	T	74	0	186	0	80	0	71	8
17	16979055	T	G	152	54	111	99	119	105	66	62
19	5789493	C	T	29	0	124	0	64	0	42	6
19	5831641	G	A	121	0	285	97	150	0	132	0
19	7542311	C	T	16	5	107	0	39	0	39	0
19	10100150	G	A	128	0	124	0	97	18	41	0
19	18547505	G	A	14	0	30	11	22	12	11	13
19	19153535	C	T	72	0	87	0	67	8	25	0
19	40433147	C	A	131	0	172	0	97	0	63	28
19	48945083	C	T	53	0	85	0	34	5	39	0
20	35422849	C	T	49	0	31	13	35	0	33	0
20	45891082	G	A	443	5	420	52	497	0	191	0
20	58440477	A	G	517	117	526	0	708	0	209	0
21	47817228	G	T	88	0	77	0	44	19	42	0
22	50724286	G	A	143	22	368	66	395	135	224	77
