Tu0:alt	Tu0:ref	Tu1:alt	Tu1:ref	Tu2:alt	Tu2:ref	Tu3:alt	Tu3:ref	Tu4:alt	Tu4:ref	Tu5:alt	Tu5:ref
0	96	0	89	0	111	0	122	12	92	0	92
0	113	0	103	0	91	0	90	11	88	0	81
0	97	0	91	0	89	0	87	6	91	0	76
0	108	0	119	0	84	0	96	5	81	0	106
0	97	0	90	0	92	0	117	6	117	0	88
0	115	0	111	0	126	0	85	7	102	0	110
0	94	0	103	0	100	0	104	9	78	0	106
0	105	0	106	0	107	0	108	9	110	0	102
0	116	0	91	0	93	0	92	9	93	0	86
0	109	0	99	0	98	0	104	7	99	0	127
0	97	0	84	0	86	0	116	11	81	0	113
24	61	23	80	24	78	61	61	0	97	0	98
32	81	15	75	29	67	47	39	0	104	0	101
37	66	30	89	15	81	47	52	0	97	0	94
35	78	23	78	32	86	54	41	0	97	0	101
31	72	14	72	23	69	38	49	0	98	0	97
27	64	19	101	19	79	58	46	0	91	0	99
27	78	22	74	26	100	61	49	0	93	0	81
25	58	19	89	21	68	50	53	0	113	0	107
28	72	22	75	19	82	40	44	0	99	0	113
34	87	15	84	23	101	33	60	0	86	0	113
22	76	19	92	26	81	39	63	0	95	0	114
5	114	0	108	19	72	0	92	0	90	0	90
2	102	0	89	18	72	0	104	0	101	0	118
2	81	0	91	22	91	0	117	0	95	0	105
4	99	0	104	20	88	0	97	0	98	0	109
3	114	1	110	31	64	0	104	0	100	0	105
0	91	0	122	22	66	0	92	0	100	0	106
0	110	0	110	20	83	0	108	0	98	0	92
0	112	0	89	26	65	0	106	0	96	0	109
0	80	0	79	14	83	0	91	0	87	0	97
0	98	0	95	18	76	0	94	0	91	0	96
0	101	0	92	28	72	0	93	0	102	0	107
0	101	0	97	15	70	0	109	0	112	0	121
0	99	0	103	19	78	0	101	0	94	0	106
0	101	0	103	21	70	0	114	0	93	0	101
0	100	0	98	25	74	0	118	0	90	0	108
0	104	0	102	17	71	0	93	0	108	0	99
0	88	0	102	25	72	0	117	0	101	0	89
0	103	0	86	16	89	0	105	0	102	0	112
0	98	0	98	27	63	0	116	0	91	0	106
0	111	0	98	28	70	0	107	0	99	0	90
0	101	0	94	22	82	0	106	0	107	0	103
0	108	0	106	25	83	0	108	0	91	0	109
0	93	0	93	24	67	0	99	0	127	0	96
0	105	0	91	33	76	0	102	0	100	0	102
0	94	0	115	20	73	0	82	0	95	0	97
0	104	0	101	14	78	0	91	0	81	0	98
0	105	0	112	28	63	0	79	0	113	0	80
0	104	0	93	0	103	0	95	11	116	1	94
0	102	0	105	0	116	0	110	5	97	0	99
0	105	0	108	0	107	0	99	7	90	2	100
0	94	0	105	0	100	0	98	8	110	0	101
0	107	0	106	0	95	0	91	10	88	3	88
0	102	0	120	0	103	0	85	8	89	1	98
0	95	0	89	0	106	0	104	0	104	21	87
0	100	0	85	0	97	0	106	0	111	19	89
24	73	17	63	25	80	49	43	2	97	33	83
20	60	21	79	19	75	55	58	13	99	38	70
32	80	17	79	24	78	44	56	8	83	28	68
29	67	17	82	28	79	54	59	10	83	30	62
37	77	19	80	28	75	52	50	6	94	24	73
31	74	19	83	24	87	45	62	3	83	22	86
29	63	11	84	26	94	44	56	10	97	26	80
23	74	22	94	25	79	38	62	6	103	34	88
35	68	13	101	18	88	45	54	9	105	40	85
26	71	20	83	24	75	44	47	13	87	29	73
32	60	19	66	23	62	47	63	6	82	37	86
31	74	37	88	21	79	48	53	11	105	25	79
17	79	15	78	26	78	58	47	7	93	22	64
27	61	16	86	20	76	43	47	6	70	27	66
36	67	9	71	21	73	36	45	8	99	37	62
42	73	20	94	25	84	42	63	11	82	27	74
26	58	16	65	24	63	41	43	8	102	20	78
28	83	20	97	22	75	47	56	11	107	35	76
27	73	21	89	18	94	60	55	8	94	29	83
28	85	20	78	32	88	42	53	10	99	25	63
23	76	24	95	28	56	52	44	6	95	31	74
21	74	16	93	22	67	40	54	5	89	28	74
22	77	23	74	18	92	55	75	10	98	28	78
22	83	25	84	26	94	40	54	3	79	28	71
27	55	15	105	20	77	45	60	11	96	27	79
28	60	13	96	25	81	46	42	4	92	37	75
30	74	13	69	27	74	70	58	9	92	35	100
20	75	11	87	31	86	47	53	12	90	25	60
21	62	16	86	15	89	56	60	9	88	38	74
26	70	12	78	22	78	52	48	5	80	35	87
31	68	21	78	25	74	40	58	12	87	41	64
0	95	0	104	0	90	0	111	0	105	11	86
0	108	0	94	0	97	0	110	0	102	10	84
0	87	0	118	0	115	0	93	0	105	15	85
0	101	0	97	0	103	42	65	0	101	0	105
0	113	0	91	0	76	43	47	0	78	0	105
0	112	0	97	0	87	50	45	0	112	0	124
0	86	0	94	0	102	45	51	0	100	0	100
0	100	0	98	0	102	45	49	0	90	0	95
17	86	14	80	0	89	0	102	0	118	0	100
21	86	9	84	0	110	0	85	0	107	0	96
23	93	11	103	0	105	0	98	0	89	0	95
16	86	11	85	0	108	0	127	0	98	0	114
