Tu0:alt	Tu0:ref	Tu1:alt	Tu1:ref	Tu2:alt	Tu2:ref	Tu3:alt	Tu3:ref	Tu4:alt	Tu4:ref	Tu5:alt	Tu5:ref
15	78	0	86	0	89	0	87	0	100	0	110
17	79	0	103	0	88	0	92	0	97	0	90
17	75	0	85	0	113	0	89	0	103	0	99
15	72	0	94	0	87	0	86	0	98	0	96
14	65	0	89	0	100	0	88	0	80	0	93
14	81	0	106	0	107	0	110	0	87	0	107
14	63	0	112	0	105	0	100	0	83	0	107
19	89	0	99	0	102	0	104	0	106	0	96
26	78	0	106	0	106	0	106	0	106	0	117
16	89	0	106	0	95	0	98	0	97	0	97
19	65	0	114	0	107	0	105	0	86	0	104
0	98	0	109	31	53	63	49	6	110	13	87
0	84	0	98	28	74	37	43	5	112	14	76
0	91	0	109	20	82	50	44	6	81	11	101
0	111	0	82	17	76	46	54	10	85	9	83
0	94	0	102	29	67	40	34	12	100	11	85
0	124	0	103	29	67	44	48	10	84	14	79
0	97	0	95	29	80	44	55	6	85	7	91
0	97	0	109	28	84	49	53	8	88	11	87
0	81	0	100	17	86	40	42	9	100	10	83
0	126	0	86	19	78	56	47	19	77	13	91
0	98	0	109	25	76	45	53	11	87	12	99
0	106	0	106	0	99	0	105	13	80	0	87
0	107	0	91	0	104	0	103	7	97	0	98
0	95	0	95	0	99	0	106	5	89	0	105
0	99	0	87	0	105	0	105	15	93	0	99
0	97	0	91	0	107	0	108	4	92	0	103
0	96	0	89	0	106	0	88	9	88	0	83
0	96	0	110	0	104	0	88	6	95	0	96
0	120	0	94	0	100	0	123	8	98	0	105
0	91	0	94	0	112	0	82	6	88	0	97
0	93	0	112	0	108	0	98	13	102	0	108
0	113	0	100	0	98	0	102	8	94	0	94
0	100	0	96	0	88	0	99	9	81	0	106
0	115	0	103	0	96	0	112	7	88	0	89
0	113	0	101	0	92	0	96	6	92	0	95
0	115	0	98	0	99	0	99	6	97	0	98
0	114	0	89	0	107	0	102	4	98	0	81
0	97	0	98	0	102	0	98	5	98	0	95
0	101	0	108	0	100	0	89	7	86	0	90
0	95	0	96	0	103	0	107	9	85	0	115
0	93	0	98	0	108	0	95	6	84	0	111
0	106	0	88	0	109	0	111	12	84	0	104
0	101	0	81	0	93	0	88	6	111	0	112
0	105	0	103	0	108	0	99	7	97	0	111
0	114	0	100	0	100	0	103	11	87	0	93
0	107	0	105	0	85	0	107	3	93	0	112
0	96	0	97	0	89	0	109	9	96	0	96
0	114	0	89	0	96	0	117	5	108	0	112
23	87	0	91	0	94	0	106	0	89	0	100
15	79	0	117	0	104	0	103	0	111	0	105
18	86	0	107	0	91	0	83	0	97	0	87
7	97	0	98	0	110	0	81	0	107	0	98
19	86	0	92	0	95	0	98	0	97	0	90
22	81	0	113	0	110	0	113	0	102	0	94
0	98	18	99	0	81	0	97	0	90	0	120
0	98	14	70	0	100	0	86	0	106	0	103
11	93	20	90	21	94	44	37	5	88	8	99
14	76	17	76	18	76	46	56	7	108	11	84
16	80	15	92	30	73	53	52	4	78	19	85
16	69	25	68	20	79	41	45	9	118	17	87
18	81	17	87	24	74	54	55	7	88	11	79
16	86	16	81	19	75	45	62	7	90	9	82
19	75	16	74	22	85	53	53	6	96	10	73
12	86	24	75	21	83	50	60	3	75	10	73
12	74	25	60	18	70	52	62	6	90	8	85
22	85	19	88	18	90	51	39	11	85	6	91
23	84	16	90	30	66	43	45	5	95	15	99
20	88	20	66	23	76	49	57	5	87	10	94
15	74	13	85	22	75	43	50	4	97	20	85
12	68	17	74	30	79	50	50	7	96	9	90
21	86	18	69	26	88	32	47	8	98	10	105
17	76	17	84	27	69	43	43	9	106	11	79
23	109	20	76	28	67	42	52	9	83	15	89
14	93	24	76	24	72	46	50	6	92	16	72
15	68	14	94	26	86	55	57	8	87	14	88
16	80	16	62	18	90	49	58	5	89	15	90
11	71	23	75	27	91	40	66	10	99	9	97
21	81	27	81	24	61	57	50	3	103	6	104
19	83	10	97	17	76	34	54	6	88	15	100
13	69	17	82	29	80	48	54	9	97	10	81
13	69	19	82	27	78	51	45	8	96	11	102
16	94	22	81	24	72	50	47	7	83	15	79
15	75	14	82	24	69	49	51	7	94	14	74
21	100	22	70	30	82	53	46	11	81	8	78
19	73	13	86	30	55	54	53	9	97	17	96
20	102	21	64	23	77	46	44	17	102	12	88
15	73	17	80	18	71	54	52	13	100	12	75
0	96	21	84	0	98	0	116	0	109	0	111
0	101	12	95	0	104	0	98	0	103	0	86
0	101	16	89	0	117	0	103	0	114	0	97
0	98	0	104	21	77	0	113	0	96	20	82
0	98	0	94	20	79	0	97	0	94	16	91
0	98	0	110	29	66	0	117	0	101	13	98
0	101	0	105	32	75	0	108	0	94	11	89
0	88	0	105	21	79	0	91	0	91	17	69
0	85	0	103	0	110	45	55	0	89	0	120
0	114	0	104	0	96	53	37	0	101	0	100
0	98	0	86	0	103	45	51	0	108	0	108
0	85	0	97	0	108	57	63	0	96	0	112
