Tu0:alt	Tu0:ref	Tu1:alt	Tu1:ref	Tu2:alt	Tu2:ref	Tu3:alt	Tu3:ref	Tu4:alt	Tu4:ref	Tu5:alt	Tu5:ref
42	52	0	109	30	71	45	48	14	76	8	87
45	47	0	101	27	79	42	53	16	88	8	89
49	70	0	98	28	75	53	46	20	79	8	83
56	60	0	91	22	81	40	56	14	95	7	95
37	49	0	96	31	59	43	53	10	80	6	96
47	58	0	99	24	74	54	58	6	95	7	83
51	49	0	99	27	74	46	60	17	78	14	81
51	58	0	114	24	98	48	54	14	93	8	80
37	54	0	103	30	76	45	48	8	99	6	93
49	53	0	103	21	72	36	65	11	93	9	109
37	53	0	112	25	74	54	57	16	102	6	87
30	92	0	99	0	108	19	52	0	100	0	87
32	67	0	113	0	110	32	74	0	119	0	89
0	107	0	111	0	105	0	113	15	82	0	86
0	111	0	90	0	94	0	108	14	96	0	95
0	88	0	88	0	111	0	95	9	75	0	125
0	91	0	99	0	112	0	103	17	90	0	75
0	105	0	84	0	92	0	96	13	89	0	106
0	100	0	106	0	97	0	97	11	87	0	109
0	99	0	98	0	128	0	97	18	109	0	99
0	82	0	99	0	101	0	96	12	90	0	105
0	113	0	92	0	85	0	102	12	86	0	95
0	94	0	89	0	111	0	114	14	62	0	95
0	102	0	98	0	94	0	109	22	80	0	83
0	89	0	95	0	107	0	112	14	73	0	99
0	100	0	94	0	110	0	85	11	78	0	106
0	99	0	115	0	106	0	102	10	105	0	106
0	96	0	112	0	92	0	84	21	74	0	80
0	99	0	104	0	102	0	109	12	81	0	87
0	100	0	127	0	104	0	89	8	100	0	100
0	115	0	78	0	92	0	101	11	108	0	101
0	91	0	110	0	113	0	85	12	84	0	99
0	98	0	96	0	107	0	107	12	95	0	75
36	57	0	109	0	100	43	53	0	100	0	105
41	57	0	97	0	100	58	62	0	111	0	93
50	53	0	110	0	93	42	47	0	80	0	104
38	62	0	89	0	80	35	63	0	91	0	112
45	49	0	91	0	84	50	64	0	85	0	109
42	65	0	100	0	104	57	58	0	107	0	109
35	48	0	103	0	101	60	57	0	106	0	82
35	45	0	115	0	103	45	62	0	120	0	95
0	85	26	89	0	81	0	82	0	103	0	103
0	96	21	85	0	103	0	94	0	105	0	103
0	95	30	80	0	83	0	83	0	107	0	104
0	98	23	77	0	113	0	95	0	90	0	102
0	85	25	78	0	89	0	87	0	102	0	130
0	85	28	67	0	99	0	99	0	93	0	107
0	109	17	103	0	101	0	115	0	104	0	112
0	82	22	79	0	89	0	105	0	98	0	101
0	86	27	63	0	84	0	99	0	95	0	109
0	100	28	74	0	91	0	101	0	103	0	104
0	101	22	67	0	103	0	94	0	97	0	97
0	108	20	80	0	87	0	106	0	106	0	99
0	106	16	66	0	105	0	94	0	101	0	108
0	104	0	93	29	82	0	101	0	115	2	94
0	111	0	85	19	72	0	108	0	97	1	87
0	111	0	112	21	86	0	95	0	87	0	93
0	92	0	99	28	72	0	107	0	89	0	88
0	100	0	99	29	72	0	93	0	102	0	111
0	92	0	105	27	71	0	91	0	104	0	92
0	93	0	95	27	76	0	86	0	81	0	103
0	98	0	102	20	82	0	119	0	101	0	92
0	124	0	99	30	79	0	90	0	109	0	108
0	96	0	112	27	74	0	108	0	92	0	93
0	102	0	84	27	67	0	107	0	87	0	112
0	89	0	92	25	82	0	88	0	107	0	90
0	95	0	84	31	76	0	87	0	123	0	101
0	98	0	101	25	67	0	121	0	103	0	95
0	100	0	98	25	81	0	109	0	83	0	95
0	91	0	102	26	79	0	100	0	105	0	85
0	108	0	109	34	85	0	96	0	104	0	107
0	115	0	100	23	78	0	115	0	103	0	92
0	96	0	80	21	76	0	96	0	97	0	113
0	97	0	105	24	64	0	117	0	87	0	116
0	92	0	108	24	74	0	89	0	98	0	98
0	101	0	88	24	66	0	99	0	117	0	119
0	95	0	92	21	73	0	100	0	111	0	95
0	81	0	112	27	81	0	104	0	108	0	97
0	84	0	110	37	68	0	119	0	102	0	95
0	108	0	109	30	79	0	108	0	115	0	105
0	101	0	100	21	94	0	89	0	100	0	89
0	113	0	116	19	77	0	98	0	94	0	91
0	83	0	113	0	110	0	99	0	122	5	111
0	92	0	95	0	108	0	101	0	97	3	95
0	92	0	103	0	91	0	85	0	100	2	101
0	106	0	103	0	78	0	99	0	86	2	83
0	103	0	107	0	103	0	100	0	83	1	100
29	77	0	111	0	103	28	77	0	96	0	99
35	68	0	97	0	104	16	64	0	112	0	108
26	77	0	97	0	95	22	82	0	96	0	104
28	77	0	103	0	105	30	73	0	111	0	113
19	84	0	103	0	106	22	79	0	92	0	101
33	71	0	105	0	113	18	76	0	117	0	116
31	91	0	100	0	101	16	73	0	89	0	104
42	57	31	72	15	81	45	43	25	87	6	80
35	37	33	58	31	73	43	51	11	85	11	92
36	54	28	69	22	72	50	53	17	78	9	92
45	70	34	68	24	75	49	46	13	78	8	82
41	53	37	68	27	54	35	62	11	76	3	103
37	42	33	68	34	62	45	50	12	84	6	94
