Tu0:alt	Tu0:ref	Tu1:alt	Tu1:ref	Tu2:alt	Tu2:ref	Tu3:alt	Tu3:ref	Tu4:alt	Tu4:ref	Tu5:alt	Tu5:ref
26	73	0	111	21	76	20	67	21	92	11	97
24	70	0	104	26	84	19	87	13	89	15	99
21	90	0	104	32	66	23	80	16	98	6	103
24	76	0	112	33	76	28	57	10	83	15	88
32	70	0	108	33	79	31	96	19	79	13	92
28	82	0	104	22	62	20	90	13	85	7	86
24	74	0	98	30	69	27	72	13	70	6	81
21	82	0	95	26	67	18	76	14	77	11	90
24	95	0	97	23	95	20	91	15	67	10	80
23	60	0	108	21	73	28	81	19	92	6	91
20	76	0	106	30	65	20	88	12	105	10	84
0	104	0	94	0	92	0	88	0	104	4	106
0	97	0	106	0	104	0	93	0	101	9	87
27	76	0	100	0	93	26	81	0	87	0	105
31	80	0	85	0	114	14	78	0	103	0	99
30	77	0	96	0	88	21	74	0	88	0	106
19	80	0	114	0	93	21	100	0	102	0	109
25	81	0	98	0	96	18	70	0	84	0	98
31	80	0	102	0	98	20	70	0	111	0	107
28	66	0	97	0	93	22	68	0	98	0	96
18	79	0	102	0	99	33	61	0	96	0	99
24	60	0	98	0	93	14	65	0	98	0	101
26	62	0	103	0	108	21	82	0	91	0	99
30	64	0	98	0	102	20	90	0	89	0	102
31	75	0	91	0	88	31	58	0	98	0	101
21	81	0	107	0	86	25	88	0	104	0	96
22	73	0	97	0	107	30	78	0	87	0	100
19	85	0	100	0	100	31	72	0	108	0	105
21	77	0	74	0	120	22	65	0	90	0	106
28	64	0	73	0	108	18	71	0	121	0	112
22	75	0	113	0	118	18	87	0	96	0	112
22	68	0	99	0	114	24	74	0	107	0	96
23	62	0	100	0	99	28	70	0	87	0	100
0	97	0	115	0	84	0	102	0	87	9	95
0	108	0	101	0	113	0	106	0	94	9	75
0	101	0	93	0	122	0	104	0	92	14	88
0	123	0	110	0	105	0	92	0	105	9	96
0	91	0	111	0	89	0	114	0	91	8	106
0	93	0	92	0	77	0	101	0	81	7	100
0	111	0	73	0	96	0	73	0	116	2	85
0	107	0	95	0	101	0	83	0	94	6	108
0	102	21	99	0	98	0	103	0	110	0	97
0	121	24	63	0	92	0	103	0	82	0	105
0	105	27	78	0	99	0	103	0	98	0	102
0	107	21	61	0	89	0	121	0	93	0	98
0	116	18	100	0	103	0	98	0	117	0	108
0	121	27	72	0	106	0	100	0	118	0	82
0	107	24	84	0	95	0	91	0	109	0	112
0	98	16	103	0	117	0	124	0	97	0	97
0	124	17	58	0	104	0	92	0	108	0	99
0	92	20	57	0	98	0	100	0	122	0	104
0	100	32	81	0	87	0	104	0	88	0	96
0	113	19	85	0	107	0	120	0	98	0	105
0	114	26	71	0	109	0	116	0	106	0	96
0	102	0	105	0	95	0	99	9	74	0	101
0	92	0	104	0	88	0	98	15	89	0	115
0	108	0	92	0	92	0	124	10	81	0	70
0	86	0	110	0	88	0	87	14	86	0	104
0	85	0	86	0	98	0	94	16	84	0	96
0	106	0	116	0	105	0	118	7	79	0	101
0	103	0	110	0	102	0	102	10	89	0	116
0	97	0	93	0	94	0	106	19	86	0	97
0	107	0	112	0	95	0	96	10	101	0	108
0	98	0	116	0	109	0	107	14	69	0	74
0	96	0	105	0	102	0	100	11	67	0	87
0	119	0	120	0	101	0	99	16	79	0	88
0	97	0	110	0	88	0	94	12	79	0	101
0	105	0	103	0	108	0	92	16	85	0	103
0	90	0	115	0	106	0	101	11	79	0	94
0	103	0	94	0	107	0	100	16	78	0	105
0	78	0	93	0	108	0	91	15	87	0	103
0	94	0	113	0	98	0	96	10	76	0	94
0	81	0	94	0	112	0	97	9	93	0	89
0	113	0	82	0	80	0	113	16	84	0	106
0	99	0	101	0	112	0	106	7	100	0	94
0	102	0	103	0	109	0	83	14	87	0	89
0	106	0	93	0	103	0	112	20	86	0	109
0	90	0	102	0	101	0	93	14	82	0	107
0	105	0	90	0	106	0	96	14	79	0	91
0	96	0	90	0	103	0	107	13	73	0	104
0	98	0	100	0	95	0	116	14	84	0	106
0	101	0	99	0	100	0	82	13	112	0	106
0	107	0	88	30	92	0	96	0	114	0	92
0	87	0	103	29	71	0	98	0	82	0	103
0	108	0	109	27	73	0	95	0	82	0	100
0	88	0	99	27	75	0	87	0	96	0	98
0	111	0	88	26	71	0	98	0	112	0	106
0	98	0	100	0	95	0	102	0	102	4	80
0	110	0	92	0	81	0	118	0	113	3	99
0	101	0	115	0	96	0	100	0	103	6	90
0	104	0	92	0	107	0	115	0	110	2	99
0	103	0	103	0	102	0	94	0	95	6	114
0	119	0	99	0	86	0	86	0	80	2	104
0	112	0	89	0	107	0	102	0	93	5	96
25	78	32	74	24	51	27	62	12	92	10	97
21	67	34	72	27	65	21	77	11	86	4	107
29	88	44	81	26	83	21	71	12	80	6	82
22	83	33	68	27	76	26	66	12	92	10	95
27	71	30	77	28	73	22	72	12	91	5	104
22	82	48	65	22	80	23	63	17	87	15	82
