Tu0:alt	Tu0:ref	Tu1:alt	Tu1:ref	Tu2:alt	Tu2:ref	Tu3:alt	Tu3:ref	Tu4:alt	Tu4:ref	Tu5:alt	Tu5:ref
31	88	0	87	35	89	33	68	9	83	4	81
28	66	0	108	26	54	38	49	9	99	12	81
28	78	0	92	21	72	36	54	17	84	5	104
29	84	0	104	23	67	40	57	10	100	7	99
27	79	0	106	37	68	51	62	10	96	11	93
29	71	0	90	28	84	29	68	8	86	7	76
16	63	0	80	16	88	46	61	14	105	7	92
22	70	0	100	32	66	31	62	12	80	8	83
29	76	0	110	30	56	46	70	15	85	7	102
24	61	0	109	30	67	44	52	18	81	8	101
19	72	0	91	29	73	43	46	18	90	11	113
0	96	0	85	0	113	0	93	0	104	3	86
0	98	0	108	0	109	0	105	0	92	3	91
0	110	0	102	0	93	0	100	11	86	0	98
0	112	0	111	0	106	0	103	20	98	0	98
0	101	0	98	0	72	0	95	14	81	0	94
0	104	0	94	0	92	0	109	15	70	0	98
0	120	0	88	0	107	0	91	21	93	0	95
0	116	0	104	0	104	0	102	11	70	0	89
0	106	0	107	0	86	0	106	11	75	0	97
0	93	0	91	0	109	0	108	15	93	0	96
0	102	0	89	0	102	0	117	14	101	0	86
0	113	0	110	0	119	0	93	11	89	0	92
0	83	0	94	0	102	0	93	12	85	0	104
0	80	0	86	0	76	0	94	13	93	0	100
0	121	0	94	0	101	0	86	20	78	0	87
0	105	0	90	0	112	0	93	17	88	0	108
0	106	0	113	0	96	0	99	16	92	0	97
0	109	0	83	0	104	0	102	14	87	0	118
0	98	0	107	0	99	0	104	16	93	0	118
0	110	0	98	0	98	0	93	17	87	0	83
0	111	0	90	0	108	0	102	13	86	0	99
0	113	0	97	0	92	0	95	25	89	0	64
0	103	0	81	0	102	0	94	0	90	7	95
0	88	0	103	0	105	0	121	0	114	8	96
0	82	0	95	0	110	0	107	0	95	16	101
0	125	0	89	0	88	0	104	0	115	8	88
0	94	0	92	0	100	0	112	0	108	7	95
0	98	0	99	0	95	0	105	0	94	4	95
0	116	0	113	0	101	0	100	0	110	8	90
0	96	0	93	0	91	0	95	0	123	7	100
0	101	25	102	0	94	0	92	0	85	0	84
0	110	20	75	0	100	0	103	0	82	0	115
0	88	25	96	0	95	0	89	0	97	0	82
0	100	21	96	0	104	0	93	0	128	0	72
0	98	29	72	0	87	0	106	0	102	0	105
0	98	19	86	0	100	0	84	0	99	0	108
0	99	26	76	0	116	0	85	0	93	0	97
0	97	30	68	0	99	0	123	0	111	0	102
0	108	19	73	0	103	0	107	0	101	0	102
0	99	25	78	0	69	0	100	0	106	0	94
0	102	24	80	0	102	0	101	0	113	0	112
0	94	23	77	0	93	0	110	0	89	0	117
0	113	16	78	0	97	0	90	0	97	0	99
18	72	0	98	24	76	19	95	0	96	0	101
24	73	0	97	22	76	8	93	0	99	0	108
22	84	0	116	28	78	0	94	0	102	0	87
22	91	0	88	21	73	0	108	0	110	0	87
25	85	0	112	20	79	0	105	0	85	0	115
26	65	0	85	24	61	0	102	0	85	0	99
28	76	0	123	17	65	0	112	0	107	0	104
23	90	0	91	36	70	0	100	0	101	0	94
21	70	0	91	24	64	0	108	0	98	0	104
26	96	0	107	35	67	0	102	0	108	0	71
25	94	0	111	23	90	0	102	0	75	0	93
25	99	0	98	23	79	0	99	0	85	0	91
29	79	0	93	28	77	0	98	0	103	0	105
26	79	0	95	27	84	0	105	0	111	0	94
19	72	0	109	30	71	0	90	0	105	0	98
32	80	0	110	29	78	0	114	0	93	0	103
21	74	0	101	30	74	0	110	0	92	0	100
18	83	0	93	19	78	0	100	0	95	0	98
23	70	0	96	18	92	0	104	0	100	0	109
29	67	0	103	30	64	0	103	0	110	0	93
18	71	0	99	17	61	0	92	0	97	0	94
22	60	0	112	30	68	0	92	0	96	0	91
26	70	0	109	21	86	0	89	0	70	0	77
23	87	0	126	26	60	0	114	0	103	0	83
18	76	0	102	30	74	0	94	0	97	0	106
33	79	0	102	22	60	0	109	0	105	0	107
21	83	0	110	34	80	0	98	0	100	0	77
23	65	0	99	32	80	0	99	0	91	0	96
0	108	0	103	0	83	19	67	0	96	0	109
0	107	0	95	0	97	16	80	0	100	0	91
0	73	0	121	0	106	24	57	0	93	0	84
0	102	0	98	0	97	18	73	0	84	0	104
0	100	0	118	0	98	23	67	0	91	0	90
0	92	0	86	0	122	0	89	0	89	2	89
0	104	0	82	0	84	0	105	0	97	5	103
0	93	0	94	0	106	0	98	0	137	2	91
0	103	0	104	0	106	0	110	0	99	5	90
0	93	0	115	0	101	0	113	0	111	5	100
0	88	0	79	0	109	0	91	0	97	5	93
0	112	0	100	0	78	0	83	0	85	4	98
24	57	27	64	21	75	45	60	18	88	6	93
27	78	41	75	21	71	51	44	8	84	6	89
22	85	34	66	32	81	48	63	13	84	4	92
21	70	36	72	37	70	47	61	10	77	3	79
32	78	38	59	32	62	35	63	18	97	7	90
23	84	33	63	31	55	41	48	16	82	2	94
