Tu0:alt	Tu0:ref	Tu1:alt	Tu1:ref	Tu2:alt	Tu2:ref	Tu3:alt	Tu3:ref	Tu4:alt	Tu4:ref	Tu5:alt	Tu5:ref
24	83	0	93	0	78	0	94	44	65	0	111
13	87	0	101	0	98	0	113	32	59	0	93
17	86	0	100	0	96	0	84	52	44	0	100
22	81	0	112	0	89	0	109	38	61	0	80
13	82	0	103	0	95	0	95	38	57	0	112
17	73	0	101	0	84	0	105	25	67	0	78
12	94	0	97	0	133	0	95	48	58	0	109
16	75	0	93	0	105	0	100	43	80	0	100
21	80	0	100	0	93	0	119	40	73	0	90
21	82	0	90	0	107	0	107	37	59	0	91
17	86	0	90	0	87	0	101	38	47	0	100
21	77	0	75	0	104	0	104	39	41	0	96
18	101	0	108	0	99	0	96	51	47	0	109
21	67	0	103	0	99	0	97	46	56	0	86
17	72	0	103	0	114	0	105	41	52	0	98
13	93	0	87	0	98	0	110	51	50	0	105
15	88	0	90	0	76	0	104	48	58	0	112
15	91	0	125	0	107	0	117	48	47	0	87
23	99	0	105	0	106	0	97	47	55	0	92
12	89	0	118	0	115	0	97	45	62	0	108
22	69	0	81	0	101	0	101	40	55	0	104
17	80	0	106	0	110	0	114	48	42	0	88
18	89	0	97	0	100	0	97	45	42	0	110
21	90	0	128	0	112	0	105	60	47	0	112
0	88	32	77	0	116	0	90	0	103	43	58
0	115	28	75	0	90	0	86	0	120	57	50
0	118	46	62	0	113	0	124	0	88	39	66
0	103	34	56	0	90	0	92	0	99	55	61
0	90	41	75	0	93	0	99	0	101	36	63
0	104	37	68	0	98	0	103	0	83	49	49
0	95	26	70	0	97	0	92	0	102	36	66
0	89	33	79	0	84	0	88	0	88	31	61
24	70	41	60	43	58	32	77	52	53	36	56
15	77	34	47	37	76	17	78	37	49	41	57
19	74	38	73	40	69	20	85	37	47	51	73
9	86	38	63	31	61	19	60	43	46	35	57
18	90	33	58	45	55	21	62	42	37	39	66
21	91	34	72	42	61	31	68	48	46	46	55
19	68	29	61	30	69	25	84	45	54	45	61
14	78	43	82	27	62	36	83	56	51	44	58
14	94	34	65	39	58	26	71	40	41	41	55
20	79	26	65	44	50	22	67	48	51	33	53
11	94	34	67	37	78	25	59	68	39	39	62
16	89	39	60	32	57	27	83	45	54	46	57
11	83	38	63	30	62	20	79	54	46	33	52
17	86	44	62	36	61	26	76	61	55	42	62
18	89	46	69	31	65	28	85	61	62	37	60
10	67	36	69	38	59	24	65	46	60	43	60
18	82	35	69	31	69	26	74	53	48	49	55
15	69	42	72	34	66	20	79	56	45	42	47
18	86	27	66	35	54	21	75	45	51	44	74
15	83	32	56	38	67	22	81	57	57	44	52
13	66	39	83	43	72	29	77	48	52	45	56
12	70	37	75	36	48	26	66	51	54	46	68
15	68	39	66	34	70	25	68	53	51	34	54
15	88	27	68	42	75	29	54	51	51	37	64
17	82	37	69	30	79	28	84	45	48	44	57
0	113	0	96	0	89	0	94	43	69	0	90
0	89	0	86	0	101	0	110	37	65	0	95
0	103	0	101	0	91	0	101	40	72	0	103
0	107	0	114	0	98	0	94	32	59	0	90
0	105	44	59	0	113	0	93	0	97	28	56
0	99	29	55	0	113	0	89	0	107	37	59
0	89	29	52	0	90	0	104	0	108	34	70
0	107	30	68	0	106	0	90	0	95	44	76
0	105	35	70	0	91	0	112	0	100	45	60
0	89	0	100	24	81	25	80	0	88	0	97
0	88	0	101	18	69	22	65	0	100	0	103
0	101	0	117	18	66	20	84	0	103	0	95
0	108	0	92	22	82	17	69	0	105	0	121
0	98	0	103	12	70	28	70	0	85	0	99
0	113	0	111	21	86	23	64	0	111	0	89
0	99	0	128	24	77	24	77	0	100	0	98
0	93	0	95	18	80	17	54	0	97	0	106
0	105	0	100	18	86	30	68	0	108	0	119
0	91	0	98	18	93	26	67	0	115	0	90
0	114	0	105	15	81	19	79	0	106	0	85
18	93	0	103	0	89	0	104	48	51	0	98
15	84	0	92	0	111	0	98	0	104	0	72
23	86	0	114	0	95	0	97	0	89	0	104
19	77	0	106	0	120	0	103	0	92	0	96
15	77	0	111	0	98	0	91	0	108	0	98
21	78	0	105	0	89	0	100	0	92	0	103
16	85	0	109	0	87	0	95	0	108	0	97
16	71	0	105	0	100	0	98	0	91	0	93
17	80	0	86	0	102	0	118	0	88	0	103
16	87	0	97	0	103	0	115	0	87	0	109
22	94	0	89	0	77	0	87	0	116	0	92
13	99	0	100	0	96	0	99	0	101	0	99
17	67	0	79	0	121	0	106	0	92	0	97
16	74	0	112	0	85	0	104	0	95	0	116
14	89	0	83	0	112	0	120	0	100	0	86
14	86	0	116	0	77	0	101	0	103	0	122
15	83	0	90	0	115	0	112	0	108	0	110
11	84	0	92	0	112	0	92	0	112	0	106
17	84	0	109	0	103	0	97	0	92	0	122
25	85	0	102	0	108	0	109	0	97	0	103
10	99	0	105	0	90	0	87	0	88	0	106
11	66	0	90	0	109	0	94	0	100	0	95
14	77	0	103	0	76	0	104	0	97	0	88
