Tu0:alt	Tu0:ref	Tu1:alt	Tu1:ref	Tu2:alt	Tu2:ref	Tu3:alt	Tu3:ref	Tu4:alt	Tu4:ref	Tu5:alt	Tu5:ref
18	86	0	99	17	77	0	116	37	73	0	87
15	84	0	113	16	82	0	97	40	58	0	117
20	73	0	96	20	81	0	110	41	63	0	90
15	84	0	117	21	91	0	122	43	68	0	100
18	87	0	105	16	91	0	94	46	57	0	86
11	97	0	110	25	76	0	111	38	57	0	98
19	73	0	97	14	81	0	116	32	58	0	85
18	98	0	107	20	87	0	98	36	65	0	102
9	77	0	93	25	73	0	85	36	55	0	121
16	83	0	109	49	61	0	88	45	42	0	96
21	87	0	120	51	61	0	95	43	42	0	119
16	95	0	123	39	65	0	112	65	58	0	109
19	91	0	96	50	54	0	96	53	48	0	92
15	81	0	96	60	48	0	94	52	56	0	112
15	72	0	93	52	55	0	112	40	44	0	92
23	75	0	104	61	40	0	104	50	51	0	125
17	73	0	100	48	54	0	88	53	51	0	93
20	88	0	102	46	56	0	107	53	49	0	111
17	74	0	108	51	48	0	101	47	46	0	111
16	89	0	108	61	56	0	104	39	42	0	84
15	79	0	90	57	53	0	90	48	53	0	82
20	85	0	98	54	55	0	94	51	52	0	105
15	81	0	100	46	42	0	104	46	56	0	102
20	84	0	112	44	59	0	105	68	51	0	106
0	94	0	94	0	95	17	82	0	109	0	107
0	115	0	96	0	94	23	96	0	96	0	97
0	96	0	110	0	106	24	72	0	108	0	91
0	92	0	94	0	89	22	63	0	118	0	126
0	106	0	99	0	106	26	77	0	100	0	95
0	95	0	106	0	98	16	56	0	100	0	95
0	103	0	95	0	89	24	78	0	97	0	98
0	105	0	115	0	109	18	87	0	90	0	118
16	84	34	66	45	54	29	64	54	68	35	64
15	66	33	56	41	61	23	85	41	55	45	58
16	67	33	59	37	57	24	75	51	53	36	74
21	73	32	62	58	50	23	76	47	52	37	57
12	85	38	59	48	53	17	76	50	54	40	55
14	81	30	48	45	61	25	79	69	49	43	70
15	83	33	65	48	58	29	69	60	52	31	66
10	69	41	57	33	55	23	88	53	63	46	62
21	77	24	57	43	57	31	63	38	44	31	59
18	83	36	59	49	59	20	81	50	44	34	48
16	100	41	66	61	54	30	83	41	49	39	59
13	85	37	67	54	59	28	78	47	52	52	74
14	93	36	69	39	45	16	64	48	41	50	63
16	76	26	62	57	51	18	78	48	59	30	64
18	67	35	54	56	50	18	81	57	50	33	62
23	99	30	72	60	48	22	88	49	48	46	54
15	75	36	50	46	41	19	86	55	52	43	67
24	83	38	60	45	58	25	84	44	52	34	66
20	81	33	49	50	57	36	69	43	44	37	63
20	82	39	65	50	59	26	75	59	39	34	51
20	83	24	68	41	60	27	75	48	53	39	66
18	79	36	64	45	46	29	77	53	54	41	64
15	84	28	75	49	57	18	83	52	51	31	60
15	80	34	54	44	53	16	83	46	52	35	58
13	106	17	61	50	43	29	87	38	57	40	51
0	94	0	95	16	97	0	112	38	63	0	104
0	101	0	113	18	69	0	107	33	66	0	103
0	94	0	99	18	75	0	89	44	64	0	87
0	91	0	88	13	90	0	96	38	75	0	93
0	90	0	93	0	106	17	69	0	108	0	77
0	97	0	99	0	97	25	77	0	120	0	106
0	97	0	110	0	105	29	79	0	100	0	96
0	110	0	85	0	91	19	68	0	100	0	112
0	105	0	101	0	115	18	71	0	77	0	110
0	108	28	72	0	75	0	113	0	97	30	51
0	87	25	68	0	111	0	103	0	125	37	51
0	87	29	64	0	95	0	112	0	112	28	69
0	102	27	70	0	110	0	117	0	87	26	61
0	86	27	77	0	99	0	88	0	76	43	70
0	110	23	81	0	94	0	101	0	96	25	69
0	97	24	64	0	95	0	104	0	106	25	68
0	108	31	68	0	102	0	87	0	110	32	66
0	85	20	86	0	92	0	101	0	96	43	71
0	107	30	73	0	99	0	86	0	117	28	91
0	100	31	86	0	103	0	105	0	113	29	72
20	78	0	94	45	64	0	95	48	44	0	103
13	91	0	109	0	94	0	98	0	94	0	106
18	83	0	100	0	82	0	93	0	113	0	96
21	104	0	94	0	94	0	85	0	97	0	91
15	76	0	90	0	101	0	103	0	119	0	108
14	76	0	97	0	113	0	110	0	112	0	99
22	77	0	104	0	100	0	92	0	84	0	81
17	73	0	106	0	102	0	127	0	99	0	88
13	79	0	101	0	97	0	103	0	99	0	122
15	71	0	86	0	109	0	90	0	99	0	100
8	68	0	96	0	116	0	91	0	99	0	99
8	76	0	114	0	92	0	94	0	108	0	96
19	100	0	101	0	111	0	73	0	102	0	91
21	76	0	108	0	116	0	104	0	102	0	94
26	78	0	95	0	91	0	116	0	95	0	98
16	79	0	85	0	89	0	130	0	80	0	113
17	83	0	105	0	85	0	99	0	77	0	88
14	82	0	102	0	90	0	103	0	77	0	103
9	86	0	86	0	94	0	111	0	98	0	117
20	74	0	105	0	88	0	99	0	89	0	78
21	56	0	113	0	96	0	87	0	102	0	122
15	76	0	103	0	106	0	110	0	94	0	104
25	67	0	103	0	86	0	111	0	105	0	94
