Tu0:alt	Tu0:ref	Tu1:alt	Tu1:ref	Tu2:alt	Tu2:ref	Tu3:alt	Tu3:ref	Tu4:alt	Tu4:ref	Tu5:alt	Tu5:ref
0	76	28	64	0	98	21	81	53	84	0	91
0	106	27	78	0	114	24	74	34	74	0	101
0	94	21	63	0	106	20	72	39	59	0	99
0	97	25	64	0	103	26	83	46	56	0	104
0	112	29	63	0	103	22	95	39	57	0	104
0	87	16	77	0	91	19	85	33	74	0	101
0	91	29	72	0	88	24	77	42	59	0	99
0	121	29	73	0	115	17	86	41	69	0	95
0	100	36	81	0	84	16	86	32	59	0	117
0	84	23	68	0	100	24	78	34	50	0	103
0	95	22	69	0	104	26	74	39	50	0	108
0	98	21	61	0	118	27	82	52	64	0	97
0	104	32	72	0	95	23	77	38	44	0	108
0	110	16	65	0	92	23	84	45	48	0	99
0	90	34	79	0	101	17	86	52	47	0	98
0	121	24	77	0	119	20	76	48	49	0	83
0	110	24	81	0	105	21	80	48	34	0	110
0	83	29	73	0	109	28	76	49	49	0	97
0	117	30	76	0	94	21	76	47	52	0	92
0	82	18	65	0	111	32	72	55	46	0	104
0	111	26	83	0	108	16	77	54	54	0	85
0	108	21	72	0	104	27	74	44	37	0	101
0	103	22	84	0	96	21	69	37	44	0	119
0	102	19	72	0	106	28	75	54	66	0	88
31	64	0	108	0	97	0	111	0	84	51	52
39	73	0	110	0	102	0	99	0	114	40	54
27	64	0	95	0	102	0	119	0	85	35	67
24	69	0	114	0	107	0	109	0	112	36	50
31	85	0	85	0	97	0	86	0	109	29	52
26	62	0	97	0	105	0	108	0	112	42	55
41	70	0	106	0	111	0	90	0	101	41	62
20	83	0	95	0	90	0	97	0	99	25	61
33	65	26	76	32	57	15	75	49	48	42	59
43	79	30	68	41	66	24	71	53	61	44	54
35	63	30	76	45	60	22	70	56	53	44	66
25	78	28	66	36	73	19	69	58	38	41	61
24	67	38	80	35	59	25	78	49	34	54	57
44	70	34	60	44	70	20	78	53	57	36	53
26	91	39	77	34	71	17	69	47	57	40	53
27	72	22	77	44	54	26	85	53	52	40	64
26	65	27	66	48	66	27	85	62	61	29	42
33	59	30	89	33	63	13	79	45	50	55	55
31	78	26	71	35	65	22	73	48	54	39	52
28	59	24	71	45	56	20	68	50	47	48	47
26	72	32	71	27	64	21	81	48	58	38	57
35	74	25	97	36	58	26	69	58	42	51	52
31	78	25	70	40	60	24	78	44	49	48	45
25	69	21	63	42	68	12	70	52	45	48	49
30	80	39	54	31	72	16	71	51	53	48	57
27	70	31	85	44	67	20	77	46	50	51	65
38	63	32	92	45	62	21	80	59	47	46	67
30	64	19	75	29	65	19	71	53	39	38	55
24	78	29	58	45	58	39	70	42	45	42	64
40	73	18	67	42	65	15	81	40	53	44	67
22	67	29	72	35	70	16	73	46	51	42	43
28	65	28	58	49	57	22	77	48	53	39	63
25	84	21	74	38	75	26	60	63	42	45	54
0	88	0	114	0	100	19	78	40	58	0	103
0	95	0	99	0	80	22	75	53	67	0	92
0	90	0	87	0	94	21	62	43	57	0	107
0	103	0	89	0	110	18	79	31	60	0	105
26	66	0	90	0	106	0	97	0	108	48	64
23	72	0	101	0	104	0	107	0	117	32	71
26	59	0	101	0	97	0	114	0	95	32	33
36	69	0	99	0	96	0	110	0	105	38	74
23	73	0	92	0	102	0	98	0	96	38	71
0	83	0	107	10	82	0	102	0	102	0	122
0	102	0	90	12	64	0	86	0	85	0	110
0	91	0	99	19	90	0	91	0	94	0	110
0	87	0	107	26	86	0	112	0	107	0	95
0	96	0	102	23	81	0	105	0	96	0	92
0	96	0	89	14	95	0	106	0	117	0	93
0	101	0	102	14	85	0	97	0	99	0	92
0	89	0	92	16	97	0	103	0	104	0	98
0	102	0	94	25	75	0	92	0	103	0	93
0	110	0	97	8	85	0	90	0	104	0	101
0	86	0	109	19	71	0	101	0	89	0	100
0	86	25	81	0	91	27	73	56	48	0	99
0	105	20	69	0	124	0	98	0	115	0	111
0	101	34	71	0	100	0	74	0	114	0	90
0	107	25	65	0	108	0	101	0	95	0	88
0	101	31	60	0	105	0	97	0	116	0	89
0	106	28	77	0	77	0	92	0	111	0	98
0	88	27	64	0	82	0	102	0	99	0	104
0	92	23	63	0	92	0	97	0	96	0	107
0	102	27	64	0	91	0	97	0	106	0	97
0	101	26	62	0	124	0	107	0	105	0	111
0	110	21	67	0	96	0	102	0	102	0	108
0	105	27	74	0	93	0	92	0	97	0	88
0	104	27	71	0	84	0	104	0	94	0	86
0	100	34	91	0	113	0	115	0	108	0	98
0	104	29	62	0	111	0	100	0	85	0	95
0	111	33	68	0	95	0	90	0	96	0	115
0	98	28	80	0	105	0	114	0	87	0	126
0	110	30	76	0	95	0	100	0	92	0	105
0	109	20	76	0	105	0	111	0	108	0	93
0	108	30	62	0	101	0	97	0	117	0	119
0	107	25	68	0	99	0	90	0	87	0	97
0	99	16	79	0	106	0	104	0	116	0	93
0	119	23	81	0	77	0	105	0	93	0	79
