Tu0:alt	Tu0:ref	Tu1:alt	Tu1:ref	Tu2:alt	Tu2:ref	Tu3:alt	Tu3:ref	Tu4:alt	Tu4:ref	Tu5:alt	Tu5:ref
0	92	20	80	0	117	0	97	14	93	0	108
33	74	31	64	22	88	15	95	13	54	25	76
46	54	33	60	23	81	11	84	25	70	25	75
38	61	38	80	18	79	14	94	19	78	37	64
42	70	35	67	19	95	12	89	17	68	29	68
38	70	20	67	24	75	21	80	27	78	37	63
36	55	32	76	18	72	16	78	18	99	28	74
52	53	28	62	19	73	12	94	17	72	34	59
33	69	39	76	35	73	10	83	20	80	35	58
31	66	32	66	25	87	7	82	24	77	22	63
42	57	31	58	27	88	15	89	20	79	38	62
47	61	41	64	20	84	12	87	27	68	44	71
38	57	25	66	21	79	13	107	26	84	32	57
46	55	26	62	17	75	14	95	24	77	32	56
28	52	43	64	16	77	16	86	30	90	34	61
39	75	41	65	27	81	7	74	15	81	37	58
39	66	35	67	23	81	12	79	27	73	31	59
53	54	32	57	20	75	14	97	21	80	38	67
39	53	36	53	24	79	7	83	19	75	34	80
31	62	20	75	22	75	12	81	25	79	35	79
48	52	29	71	21	76	16	69	20	68	32	51
41	67	45	67	22	81	16	88	21	65	30	69
43	61	28	78	23	89	15	104	19	83	46	55
53	52	27	60	25	76	10	69	26	73	29	88
37	72	49	62	26	83	13	87	29	76	36	80
43	54	32	67	29	67	17	86	25	87	35	64
42	65	32	63	29	67	14	89	23	79	36	60
46	48	31	74	23	66	19	85	24	82	38	68
57	67	31	62	23	93	22	84	23	78	31	60
46	71	22	76	23	68	16	87	26	87	29	58
33	65	0	86	0	97	0	114	0	90	30	70
45	71	0	117	0	101	0	95	0	107	27	62
31	68	0	103	0	111	0	103	0	97	30	71
41	65	0	91	0	114	0	92	0	106	35	66
40	55	0	97	0	94	0	99	0	100	45	66
32	73	0	107	0	86	0	95	0	101	33	59
34	66	0	91	0	102	0	105	0	115	24	68
36	52	0	97	0	117	0	107	0	91	30	53
33	54	0	93	0	86	0	96	0	102	37	73
36	51	0	102	0	99	0	125	0	91	33	57
35	57	0	103	0	106	0	79	0	98	34	69
44	60	0	96	0	101	0	101	0	104	28	58
43	69	0	103	0	83	0	107	0	101	36	64
43	57	0	100	0	100	0	101	0	94	32	65
42	57	0	86	0	103	0	82	0	100	45	60
37	62	0	110	0	85	0	112	0	106	37	63
32	61	0	107	0	107	0	111	0	94	36	72
30	74	0	99	0	101	0	126	0	105	39	53
41	69	0	123	0	105	0	99	0	96	34	49
45	58	0	102	0	115	0	107	0	96	41	75
47	61	0	111	0	93	0	116	0	87	28	59
40	63	0	106	0	125	0	85	0	103	32	71
44	61	0	102	0	93	0	89	0	103	36	67
15	80	0	99	0	119	0	85	0	96	28	80
25	86	0	95	0	114	0	75	0	95	25	72
23	73	0	113	0	127	0	99	0	123	30	73
26	63	0	97	0	97	0	96	0	99	21	79
26	85	0	90	0	94	0	116	0	112	33	78
23	96	0	93	0	93	0	87	0	107	29	92
43	62	0	91	0	110	0	101	0	101	27	62
41	59	0	96	0	104	0	101	0	119	29	78
34	59	0	94	0	99	0	95	0	102	22	81
38	54	0	105	0	122	0	97	0	108	33	74
35	58	0	84	0	109	0	117	0	108	29	74
45	63	0	86	0	102	0	107	0	90	41	75
32	60	0	102	0	115	0	108	0	79	30	66
44	61	0	118	0	98	0	83	0	106	34	72
37	56	0	128	0	84	0	96	0	103	30	78
0	92	0	96	23	69	12	78	2	89	0	95
0	103	0	111	26	83	8	73	3	85	0	93
0	105	0	91	15	79	10	98	1	111	0	104
0	111	0	105	22	70	16	87	1	96	0	98
0	119	0	120	18	74	15	85	1	123	0	110
0	109	0	126	18	74	15	91	0	93	0	99
0	77	23	84	0	94	0	113	22	84	0	108
0	89	25	77	0	108	0	110	17	98	0	115
0	80	28	58	0	87	0	82	14	79	0	88
0	110	0	97	23	87	6	78	0	97	0	93
0	106	0	86	31	68	16	70	0	93	0	104
0	97	0	102	21	80	11	82	0	76	0	104
0	103	0	95	27	72	8	95	0	93	0	95
0	113	0	100	20	71	19	74	0	98	0	89
0	90	0	102	30	79	13	72	0	112	0	101
0	87	0	104	30	76	7	81	0	91	0	102
0	102	0	101	19	97	20	81	0	109	0	90
0	101	0	100	21	74	17	92	0	87	0	111
0	83	0	101	22	68	12	75	0	114	0	104
0	111	0	110	21	73	16	85	0	105	0	100
0	98	0	101	24	78	20	90	0	136	0	87
0	103	0	106	19	67	16	91	0	101	0	113
0	121	0	138	27	86	14	75	0	102	0	97
40	83	37	62	26	77	11	79	17	78	30	74
37	59	29	69	29	85	10	113	22	59	38	59
43	65	28	66	16	70	26	87	18	78	41	66
43	62	45	69	31	57	10	93	24	69	33	76
35	82	55	58	14	60	9	83	28	77	39	63
34	54	46	63	20	70	12	82	44	77	36	50
40	49	42	57	24	73	9	86	33	66	40	80
39	55	45	46	22	94	14	77	34	62	28	63
40	58	40	63	24	76	16	70	29	73	34	63
