Tu0:alt	Tu0:ref	Tu1:alt	Tu1:ref	Tu2:alt	Tu2:ref	Tu3:alt	Tu3:ref	Tu4:alt	Tu4:ref	Tu5:alt	Tu5:ref
24	81	0	101	0	104	0	92	12	76	0	105
22	74	33	55	31	61	19	93	29	74	27	72
25	59	27	67	42	75	14	88	20	65	46	68
27	72	46	60	39	50	21	87	16	79	33	65
23	83	33	63	26	70	12	84	17	96	24	49
36	70	49	58	49	63	14	87	28	82	35	60
28	92	35	63	36	52	16	92	23	74	30	59
23	76	43	70	40	54	10	83	25	91	35	51
31	62	31	59	30	62	9	84	17	90	29	62
27	69	29	63	46	60	18	104	23	73	41	75
28	66	29	88	44	40	14	103	29	65	21	83
20	68	35	61	41	53	11	90	28	68	34	70
28	79	41	58	34	67	9	90	26	80	32	77
25	79	37	58	48	61	21	79	20	73	31	65
33	64	30	49	36	65	17	98	20	63	35	71
27	63	44	45	41	55	16	85	23	80	35	76
26	67	27	54	40	54	12	78	19	66	37	61
33	80	30	63	37	75	14	81	17	84	45	59
31	83	37	64	32	60	10	89	19	82	37	79
29	57	42	64	43	65	13	91	25	78	34	77
27	81	36	60	51	62	15	98	22	94	40	59
18	69	37	63	34	62	15	93	27	82	33	56
23	63	30	63	50	63	15	71	23	74	44	70
31	84	35	72	34	60	9	90	22	79	42	66
20	85	30	57	41	64	12	83	15	78	21	74
21	70	37	67	28	62	20	115	18	70	28	61
22	75	44	58	52	64	11	89	25	70	34	67
26	74	47	70	33	52	10	91	25	81	31	67
27	62	40	78	40	60	12	84	22	90	25	75
31	76	33	71	45	66	14	95	19	76	34	53
0	111	33	53	38	76	0	104	0	94	32	62
0	94	23	49	37	53	0	121	0	90	37	78
0	100	36	63	46	52	0	103	0	119	32	64
0	102	29	75	31	73	0	111	0	100	34	69
0	105	37	62	42	62	0	84	0	128	22	68
0	93	28	58	45	54	0	102	0	101	38	69
0	108	26	73	39	59	0	98	0	103	31	69
0	100	36	74	37	62	0	100	0	95	34	71
0	101	46	77	46	66	0	95	0	93	30	64
0	80	36	65	34	52	0	91	0	85	40	78
0	121	33	58	44	67	0	109	0	107	39	64
0	111	28	66	40	51	0	85	0	89	31	75
0	94	32	73	37	65	0	80	0	90	39	77
0	83	28	64	56	66	0	90	0	93	21	61
0	106	37	67	27	55	0	93	0	104	36	60
0	92	32	75	46	53	0	122	0	95	29	64
0	111	31	60	35	60	0	102	0	114	33	51
0	105	28	57	40	64	0	96	0	96	34	76
0	105	25	72	35	60	0	98	0	84	36	62
0	107	35	65	38	77	0	97	0	96	29	66
0	95	37	63	46	61	0	103	0	98	29	63
0	105	37	65	38	58	0	86	0	108	34	73
0	103	34	60	46	71	0	87	0	86	30	55
0	94	21	90	16	84	0	96	0	98	29	65
0	94	20	69	25	51	0	98	0	104	24	68
0	114	26	86	21	72	0	91	0	121	26	73
0	112	26	95	16	85	0	98	0	97	28	62
0	113	24	65	17	89	0	103	0	94	28	71
0	91	18	86	21	74	0	105	0	88	33	63
0	111	37	59	36	60	0	121	0	118	41	65
0	106	29	61	33	58	0	104	0	83	44	62
0	96	36	66	39	65	0	114	0	108	43	67
0	109	34	74	39	50	0	113	0	85	34	68
0	108	31	69	33	52	0	99	0	108	40	65
0	118	34	67	55	59	0	104	0	110	35	73
0	106	35	70	47	63	0	100	0	104	31	65
0	110	41	60	36	56	0	94	0	97	42	67
0	110	24	65	34	48	0	78	0	79	43	71
0	100	0	100	0	102	5	88	1	118	0	111
0	100	0	84	0	100	12	84	0	100	0	97
0	82	0	81	0	95	14	90	2	106	0	78
0	100	0	100	0	94	13	93	0	96	0	115
0	97	0	125	0	110	13	91	1	109	0	114
0	109	0	93	0	98	8	98	0	82	0	74
25	73	0	94	0	107	0	99	15	79	0	105
27	93	0	93	0	85	0	91	13	89	0	76
30	84	0	103	0	74	0	115	19	84	0	107
0	100	0	106	0	103	15	83	0	121	0	114
0	83	0	97	0	86	15	81	0	95	0	83
0	100	0	104	0	90	15	75	0	88	0	108
0	93	0	114	0	102	9	99	0	100	0	105
0	107	0	94	0	100	13	73	0	101	0	88
0	105	0	82	0	98	17	83	0	111	0	99
0	105	0	118	0	104	15	72	0	86	0	100
0	90	0	91	0	96	8	77	0	121	0	91
0	94	0	102	0	90	14	88	0	108	0	86
0	114	0	95	0	85	17	88	0	107	0	97
0	101	0	111	0	112	18	73	0	119	0	106
0	83	0	107	0	98	16	105	0	118	0	112
0	86	0	98	0	103	13	79	0	93	0	105
0	110	0	102	0	88	16	76	0	95	0	126
22	76	35	71	41	59	14	89	18	83	36	61
22	70	42	76	38	63	11	78	24	86	32	70
34	68	37	70	40	50	9	103	24	68	41	54
21	70	34	73	49	50	18	81	39	81	28	73
52	52	40	65	58	68	12	89	30	71	34	63
41	59	24	59	41	56	11	86	34	77	36	53
47	52	48	59	41	65	6	102	25	73	32	61
50	61	28	69	42	64	12	78	22	64	32	83
57	47	28	71	30	68	10	98	19	73	24	62
