Tu0:alt	Tu0:ref	Tu1:alt	Tu1:ref	Tu2:alt	Tu2:ref	Tu3:alt	Tu3:ref	Tu4:alt	Tu4:ref	Tu5:alt	Tu5:ref
0	96	26	69	0	109	11	87	0	109	0	96
14	80	32	60	27	86	17	85	16	91	45	73
25	66	44	75	28	66	21	84	20	75	33	59
20	68	37	87	27	82	16	85	21	80	33	62
26	67	34	72	24	56	13	83	16	83	42	70
17	92	27	52	23	59	15	79	18	93	38	65
16	94	41	68	16	76	10	88	18	96	29	51
16	88	28	65	20	72	21	71	11	85	29	74
34	91	25	64	29	68	10	76	14	101	24	74
25	79	35	78	28	77	22	95	15	73	34	53
20	79	38	73	20	74	25	85	15	79	30	58
19	78	33	62	27	83	15	104	18	87	36	77
23	84	37	59	24	88	10	72	17	83	31	61
26	90	28	64	22	76	15	96	14	93	30	70
23	85	29	73	25	70	14	82	16	93	25	63
27	84	39	66	27	72	23	77	14	90	39	64
16	74	30	82	21	72	26	76	17	69	34	68
25	68	33	61	29	90	16	80	16	77	37	60
19	95	41	63	30	79	18	100	13	83	34	57
22	87	37	76	29	71	23	80	22	94	28	62
20	79	33	75	27	78	18	86	16	76	30	64
23	79	32	68	30	79	14	79	15	70	34	67
22	73	33	57	19	67	15	77	27	88	38	60
27	62	38	63	13	73	9	98	15	83	26	64
23	74	33	58	22	77	19	80	19	73	27	74
16	88	28	63	22	91	13	77	27	83	36	72
17	87	25	50	30	75	12	82	25	103	27	63
27	88	36	72	25	75	13	66	15	78	43	69
20	73	27	67	34	69	10	70	20	72	38	66
24	74	31	66	19	82	18	83	15	95	29	75
0	88	0	78	0	97	0	93	0	92	30	65
0	99	0	89	0	90	0	84	0	85	36	76
0	113	0	90	0	87	0	90	0	119	56	60
0	104	0	93	0	94	0	86	0	102	30	64
0	104	0	115	0	104	0	98	0	111	22	68
0	115	0	93	0	105	0	95	0	91	35	67
0	107	0	82	0	108	0	113	0	97	39	55
0	92	0	106	0	98	0	97	0	110	45	68
0	91	0	104	0	115	0	94	0	96	41	82
0	112	0	112	0	107	0	89	0	103	34	52
0	100	0	95	0	92	0	87	0	106	47	70
0	107	0	108	0	106	0	99	0	100	35	69
0	110	0	103	0	109	0	94	0	91	43	62
0	92	0	110	0	105	0	98	0	99	28	55
0	114	0	97	0	76	0	102	0	95	33	54
0	87	0	101	0	82	0	84	0	85	33	65
0	86	0	99	0	91	0	87	0	102	41	66
0	95	0	103	0	110	0	123	0	90	45	49
0	96	0	81	0	91	0	99	0	91	20	74
0	96	0	102	0	111	0	106	0	92	30	60
0	113	0	116	0	112	0	103	0	113	42	59
0	118	0	97	0	92	0	101	0	91	38	57
0	101	0	107	0	104	0	95	0	101	30	69
0	107	0	105	0	88	0	99	0	98	29	74
0	92	0	102	0	110	0	102	0	115	23	70
0	103	0	96	0	74	0	99	0	106	25	83
0	107	0	123	0	89	0	108	0	88	37	71
0	115	0	105	0	109	0	85	0	102	26	67
0	99	0	102	0	89	0	111	0	97	19	56
0	102	0	89	0	91	0	118	0	103	42	55
0	119	0	97	0	101	0	99	0	83	37	67
0	114	0	101	0	94	0	105	0	101	26	65
0	78	0	90	0	93	0	99	0	102	33	66
0	104	0	109	0	109	0	103	0	102	44	73
0	114	0	89	0	92	0	94	0	96	26	61
0	105	0	98	0	117	0	109	0	95	35	75
0	112	0	106	0	98	0	93	0	83	36	69
0	106	0	96	0	86	0	99	0	96	34	85
24	86	0	100	22	74	0	114	18	93	0	92
13	76	0	80	19	76	0	107	15	77	0	95
28	78	0	92	29	60	0	111	17	84	0	101
15	82	0	100	25	83	0	105	15	72	0	101
31	78	0	98	17	94	0	89	18	91	0	106
28	73	0	95	21	75	0	113	24	83	0	112
0	114	22	64	0	100	6	101	0	100	0	103
0	89	18	72	0	108	16	81	0	94	0	98
0	110	22	82	0	101	6	91	0	91	0	92
20	80	0	109	24	80	0	111	11	90	0	98
29	74	0	97	22	73	0	95	14	78	0	99
17	72	0	95	20	63	0	94	22	82	0	76
26	78	0	104	29	80	0	109	18	78	0	90
26	93	0	103	23	68	0	109	16	82	0	92
21	70	0	93	19	58	0	92	20	95	0	112
23	91	0	118	25	85	0	99	19	76	0	92
17	93	0	91	20	84	0	90	11	76	0	116
20	77	0	108	27	82	0	107	7	92	0	93
18	92	0	93	24	81	0	88	12	105	0	121
28	67	0	83	28	69	0	85	7	78	0	94
21	80	0	115	20	76	0	102	17	80	0	123
22	69	0	103	23	88	0	104	23	76	0	98
20	74	0	93	24	68	0	132	26	72	0	91
25	82	36	68	22	85	14	98	18	88	27	72
27	58	42	63	27	97	17	99	10	86	34	68
19	79	23	66	20	86	16	77	15	86	33	60
30	94	33	61	27	69	25	105	21	88	34	62
46	81	48	53	34	70	28	70	15	77	34	67
21	70	39	53	32	71	28	84	14	89	45	62
16	69	48	43	25	79	31	80	14	75	42	68
19	72	42	52	30	81	23	75	19	72	32	71
19	67	47	47	24	73	28	77	27	75	41	76
