Tu0:alt	Tu0:ref	Tu1:alt	Tu1:ref	Tu2:alt	Tu2:ref	Tu3:alt	Tu3:ref	Tu4:alt	Tu4:ref	Tu5:alt	Tu5:ref
36	70	55	60	0	89	17	70	0	104	0	99
36	51	51	53	0	103	24	72	0	94	0	90
32	67	53	46	0	99	27	77	0	97	0	99
33	59	47	67	0	97	14	70	0	104	0	94
37	59	48	55	0	79	15	76	0	89	0	105
34	65	43	51	0	105	21	81	0	97	0	105
42	68	38	62	0	91	26	69	0	113	0	105
35	75	49	52	0	100	27	82	0	94	0	106
43	54	45	63	0	109	21	73	0	98	0	87
40	64	42	51	0	84	23	87	0	112	0	109
31	72	57	56	0	111	20	63	0	79	0	101
34	62	49	39	0	93	9	74	0	107	0	105
43	66	45	41	0	104	20	80	0	99	0	107
0	97	0	94	0	100	19	96	0	103	0	98
0	96	0	100	0	103	22	81	0	108	0	91
0	122	0	90	0	118	22	81	0	92	0	122
0	99	0	102	0	110	20	62	0	113	0	106
0	93	0	98	0	114	24	67	0	93	0	114
0	90	0	94	0	100	28	66	0	109	0	112
0	112	0	79	0	104	22	99	0	85	0	94
0	109	0	96	0	100	27	75	0	105	0	124
0	107	0	93	0	93	27	80	0	93	0	94
0	92	0	87	0	100	28	84	0	98	0	108
0	92	0	107	0	93	25	84	0	112	0	89
0	75	0	123	0	101	22	63	0	108	0	110
9	100	5	97	0	101	18	80	0	82	0	96
8	96	6	96	0	99	20	70	0	97	0	98
8	99	7	107	0	114	22	81	0	96	0	93
8	103	10	95	0	97	21	90	0	105	0	105
0	104	0	96	0	104	0	127	0	105	23	70
0	106	0	115	0	96	0	103	0	102	25	81
0	97	0	79	0	106	0	91	0	134	27	75
0	90	0	103	0	106	0	105	0	78	21	85
0	115	0	90	0	91	0	106	0	89	20	84
0	113	0	108	0	84	0	111	0	106	20	78
0	103	0	105	0	89	0	92	0	85	23	73
0	97	0	97	0	93	0	92	0	106	18	76
0	102	0	89	0	101	0	91	0	105	25	80
0	110	0	96	0	123	0	111	0	78	14	87
0	93	0	103	0	103	0	94	0	108	27	80
0	119	0	94	0	98	0	97	0	91	30	88
0	100	0	98	0	124	0	92	0	92	23	75
0	88	0	109	0	104	0	87	0	111	14	70
23	78	26	68	0	91	0	97	0	96	0	103
17	87	26	75	0	103	0	97	0	108	0	101
0	106	0	103	5	103	0	108	27	80	0	101
0	113	0	103	9	88	0	109	34	62	0	106
0	92	0	106	7	99	0	117	22	93	0	94
0	95	0	97	5	93	0	109	28	71	0	96
0	110	0	101	11	87	0	126	23	69	0	115
0	117	0	78	4	96	0	98	33	72	0	106
0	92	0	95	7	84	0	90	32	67	0	81
0	106	0	124	7	85	0	106	30	83	0	80
0	101	0	87	8	93	0	95	30	63	0	100
0	112	0	100	7	85	0	102	30	74	0	96
0	94	0	106	11	96	0	92	30	83	0	99
0	113	0	116	9	88	0	99	23	73	0	111
0	99	0	96	0	115	0	95	0	94	47	69
0	98	0	106	0	108	0	118	0	107	56	52
0	93	0	108	0	101	0	107	0	122	53	63
0	90	0	111	0	111	0	89	0	100	37	66
0	83	0	93	0	94	0	85	0	106	43	40
0	118	0	98	0	99	0	93	0	117	41	76
0	116	0	84	0	82	0	82	0	115	39	54
0	101	0	104	0	91	0	88	0	93	46	45
0	93	0	104	0	103	0	93	0	96	67	52
0	105	0	106	0	115	0	87	0	96	44	58
0	84	0	104	0	115	0	107	0	133	33	62
0	104	0	102	0	90	0	104	0	124	37	62
0	95	0	104	0	91	0	90	0	93	35	57
0	113	0	130	0	83	0	81	11	85	52	48
30	45	48	37	0	97	29	65	0	90	0	102
33	61	44	39	0	88	26	63	0	105	0	81
49	65	46	55	0	101	29	75	0	95	0	102
46	61	41	58	0	85	19	72	0	78	0	107
47	54	49	50	0	105	18	75	0	86	0	98
34	65	47	45	0	90	24	77	0	104	0	117
29	64	63	33	0	87	16	80	0	110	0	96
41	64	48	65	0	93	26	87	0	106	0	99
38	72	49	58	0	106	22	85	0	104	0	110
39	64	35	50	0	92	18	79	0	95	0	100
40	63	50	61	0	102	37	74	0	123	0	107
39	57	43	53	0	93	22	80	0	84	0	103
29	59	56	52	0	88	16	93	0	94	0	103
25	75	52	53	0	111	13	68	0	99	0	96
29	58	60	57	0	106	21	59	0	107	0	100
41	74	67	50	0	89	26	78	0	99	0	92
32	59	51	52	0	103	38	68	0	98	0	103
37	65	51	41	0	101	27	84	0	106	0	97
36	70	47	50	0	102	23	73	0	103	0	91
29	44	55	54	0	100	23	82	0	82	0	102
37	74	52	52	12	107	29	73	50	51	35	60
48	64	62	50	5	105	13	83	47	56	37	61
37	60	63	45	11	106	17	69	37	62	45	63
42	56	51	49	9	77	17	83	46	55	51	67
42	52	45	54	6	100	20	72	47	52	43	55
32	72	45	55	4	96	25	65	47	68	42	51
45	60	57	47	4	92	26	61	50	61	32	52
45	45	53	41	6	88	23	60	50	46	42	59
48	54	52	54	6	81	22	80	45	65	40	67
