Tu0:alt	Tu0:ref	Tu1:alt	Tu1:ref	Tu2:alt	Tu2:ref	Tu3:alt	Tu3:ref	Tu4:alt	Tu4:ref	Tu5:alt	Tu5:ref
0	92	70	41	5	98	44	50	0	95	23	78
0	99	46	43	4	96	47	64	0	101	21	76
0	101	58	54	4	83	43	68	0	85	18	70
0	100	41	54	10	119	58	55	0	100	23	86
0	87	52	48	9	101	47	63	0	98	20	73
0	116	58	53	12	99	41	41	0	102	16	72
0	94	51	50	3	92	32	60	0	98	29	74
0	99	70	53	6	78	47	43	0	99	24	76
0	104	51	35	7	112	39	45	0	92	23	74
0	104	55	44	4	100	44	50	0	96	30	70
0	105	47	51	7	92	40	51	0	110	23	69
0	106	50	56	5	92	32	67	0	93	15	69
0	112	42	51	7	105	46	58	0	102	19	73
0	102	0	98	11	84	0	100	0	85	23	74
0	97	0	84	4	85	0	120	0	97	27	77
0	85	0	96	7	102	0	95	0	112	20	71
0	95	0	112	12	80	0	111	0	114	27	64
0	95	0	110	4	101	0	85	0	121	28	64
0	91	0	97	5	89	0	96	0	98	19	66
0	83	0	95	7	97	0	105	0	112	21	71
0	116	0	102	6	92	0	119	0	118	30	61
0	95	0	95	4	78	0	106	0	123	28	88
0	95	0	92	10	71	0	123	0	106	24	79
0	92	0	102	5	104	0	100	0	98	24	81
0	123	0	120	3	95	0	104	0	91	32	67
0	110	7	102	2	75	5	106	0	101	21	79
0	81	10	102	15	100	5	93	0	90	31	73
0	94	7	95	10	93	3	86	0	94	28	85
0	102	10	92	7	110	8	88	0	108	27	61
0	118	0	115	0	105	0	90	26	70	0	99
0	89	0	99	0	90	0	107	24	47	0	91
0	102	0	114	0	108	0	114	37	71	0	81
0	108	0	85	0	117	0	109	29	68	0	108
0	88	0	90	0	98	0	109	34	57	0	99
0	94	0	110	0	85	0	96	36	64	0	107
0	90	0	96	0	103	0	89	46	63	0	107
0	103	0	98	0	118	0	93	33	61	0	109
0	95	0	110	0	107	0	89	28	78	0	110
0	96	0	113	0	109	0	122	30	74	0	97
0	99	0	82	0	108	0	91	21	64	0	90
0	97	0	109	0	98	0	84	24	80	0	74
0	113	0	98	0	96	0	97	28	71	0	102
0	92	0	102	0	123	0	108	35	69	0	92
0	84	26	71	0	97	27	71	0	95	0	103
0	97	18	80	0	96	20	86	0	117	0	114
16	72	0	119	0	102	0	104	0	111	0	100
16	94	0	110	0	78	0	103	0	107	0	104
14	82	0	86	0	80	0	84	0	93	0	108
11	76	0	113	0	98	0	101	0	105	0	91
15	92	0	90	0	104	0	112	0	105	0	100
18	78	0	109	0	102	0	91	0	104	0	109
25	95	0	112	0	104	0	82	0	102	0	80
17	69	0	91	0	106	0	107	0	107	0	107
18	79	0	109	0	109	0	101	0	92	0	85
18	99	0	108	0	103	0	93	0	91	0	97
11	82	0	106	0	104	0	93	0	91	0	109
17	74	0	76	0	95	0	85	0	102	0	96
0	105	0	108	0	96	0	93	43	56	0	113
0	103	0	92	0	102	0	77	41	54	0	100
0	106	0	102	0	88	0	115	44	63	0	107
0	102	0	98	0	91	0	114	41	58	0	92
0	102	0	99	0	101	0	80	60	83	0	118
0	92	0	99	0	126	0	97	50	52	0	103
0	90	0	98	0	85	0	93	47	58	0	105
0	110	0	108	0	108	0	107	36	61	0	102
0	103	0	108	0	107	0	118	51	45	0	106
0	96	0	98	0	115	0	105	41	58	0	104
0	108	0	107	0	101	0	102	42	70	0	85
0	100	0	120	0	118	0	101	44	71	0	109
0	94	0	92	0	96	0	96	40	49	0	123
18	93	0	104	0	113	0	95	34	52	0	105
0	87	52	54	5	106	48	50	0	103	20	81
0	97	35	52	3	102	42	40	0	90	20	69
0	80	65	61	10	94	44	52	0	105	22	91
0	108	61	56	9	104	36	64	0	90	29	85
0	91	49	55	9	105	40	59	0	92	25	71
0	94	40	46	12	102	53	68	0	103	19	88
0	100	53	45	6	91	45	71	0	101	27	72
0	120	50	55	5	92	48	60	0	96	29	91
0	106	44	46	3	109	44	65	0	91	21	65
0	104	54	47	7	92	41	51	0	88	17	70
0	106	45	42	9	110	52	67	0	103	27	64
0	101	51	48	7	93	56	56	0	100	26	74
0	118	46	56	7	98	42	59	0	94	26	78
0	98	45	38	8	91	34	58	0	93	21	83
0	107	41	55	4	105	33	72	0	88	27	77
0	112	47	54	8	106	48	46	0	101	25	71
0	123	45	44	11	88	45	50	0	82	16	84
0	91	40	53	5	79	33	69	0	102	20	66
0	103	42	42	7	87	49	57	0	97	21	96
0	79	35	53	7	104	46	54	0	89	23	67
40	59	52	45	10	106	36	62	34	50	20	82
39	62	56	44	6	98	42	45	47	67	25	83
30	56	56	48	8	90	48	60	27	55	34	84
32	67	56	53	6	107	44	54	35	65	30	74
38	68	34	49	4	94	46	47	42	67	22	83
37	56	46	65	6	112	40	45	35	53	16	84
49	80	52	48	4	96	40	47	30	65	27	72
38	55	46	40	6	78	47	50	42	63	29	70
42	60	47	59	9	92	35	40	41	55	28	64
