Tu0:alt	Tu0:ref	Tu1:alt	Tu1:ref	Tu2:alt	Tu2:ref	Tu3:alt	Tu3:ref	Tu4:alt	Tu4:ref	Tu5:alt	Tu5:ref
20	67	26	71	18	79	21	73	39	59	18	92
20	83	19	73	30	74	17	64	52	89	23	76
24	79	26	61	37	68	15	73	35	53	24	78
20	86	27	67	29	91	16	81	40	51	18	78
28	79	26	75	33	83	17	102	38	62	18	79
25	69	25	66	15	76	26	76	32	52	10	81
17	71	30	75	24	84	12	61	30	58	16	82
27	89	33	62	24	65	23	70	43	56	15	80
30	69	27	56	22	88	21	71	40	67	14	82
25	75	26	54	25	63	12	80	43	60	15	87
24	79	29	84	27	95	24	79	42	65	23	76
18	69	0	103	23	86	25	66	39	43	21	82
31	68	0	106	25	68	19	84	38	52	14	95
0	106	17	83	0	95	0	115	0	103	0	122
0	103	24	64	0	101	0	104	0	86	0	102
0	108	20	80	0	97	0	94	0	107	0	94
0	90	20	72	0	93	0	103	0	112	0	119
0	109	30	82	0	81	0	90	0	94	0	113
0	104	25	82	0	100	0	93	0	104	0	80
0	103	25	104	0	92	0	110	0	108	0	114
0	114	0	92	13	70	0	89	3	93	0	107
0	113	0	99	23	67	0	93	1	102	0	92
0	117	0	91	22	83	0	100	2	101	0	86
0	103	0	105	20	86	0	85	2	97	0	114
0	105	0	109	23	56	0	94	5	86	0	101
0	121	0	107	21	80	0	121	2	81	0	101
0	88	0	95	21	70	0	97	1	107	0	90
0	111	0	82	23	70	0	107	0	92	0	102
0	87	0	117	22	81	0	105	1	92	0	110
0	90	0	121	26	75	0	89	1	93	0	121
0	92	33	69	0	88	0	81	0	98	0	95
0	107	32	73	0	96	0	98	0	95	0	99
0	92	32	74	0	91	0	97	0	90	0	97
0	108	36	74	0	100	0	125	0	111	0	105
0	104	31	62	0	85	0	89	0	94	0	99
0	101	29	76	0	73	0	89	0	116	0	95
0	124	20	66	0	114	0	99	0	80	0	99
0	103	25	68	0	124	0	88	0	92	0	118
0	98	30	79	0	85	0	93	0	96	0	86
0	84	33	71	0	103	0	109	0	101	0	110
0	92	30	66	0	99	0	89	0	100	0	90
0	109	31	59	0	91	0	97	0	105	0	99
0	100	33	74	0	95	0	102	0	97	0	84
0	111	26	72	0	89	0	98	0	96	0	119
0	83	29	88	0	95	0	101	0	104	0	110
0	113	25	81	0	103	0	108	0	88	0	100
0	99	31	65	0	91	0	111	0	102	0	97
0	117	33	78	0	96	0	103	0	107	0	74
0	101	23	76	0	109	0	98	0	89	0	87
0	105	31	61	0	120	0	97	0	87	0	108
0	105	28	71	0	86	0	116	0	89	0	95
0	108	26	68	0	101	0	103	0	84	0	121
0	90	0	84	0	117	27	88	0	103	0	88
0	99	0	109	0	112	21	74	0	88	0	84
0	103	0	95	0	115	14	89	0	100	0	83
0	103	0	86	0	102	25	64	0	99	0	88
0	116	0	104	0	122	25	82	0	102	0	101
0	100	0	97	0	95	18	77	0	97	0	91
0	91	0	114	0	99	19	74	0	95	0	95
0	103	0	112	0	96	13	84	0	93	0	94
0	109	0	110	0	113	23	96	0	81	0	111
0	109	0	97	0	98	15	70	0	100	0	91
0	92	0	91	0	105	24	78	0	99	0	106
0	97	0	102	0	106	17	86	0	99	0	98
28	81	0	85	0	92	0	78	0	98	24	76
16	80	0	106	0	121	0	97	0	102	21	100
20	71	0	102	0	112	0	88	0	94	23	62
23	79	0	102	0	93	0	110	0	93	23	88
25	76	0	102	0	89	0	99	0	84	15	91
26	77	0	98	0	89	0	94	0	97	27	56
0	90	0	97	34	69	0	91	0	83	0	113
0	116	0	90	26	89	0	102	0	100	0	89
0	95	0	108	20	71	0	106	0	89	0	104
0	120	0	100	31	87	0	107	0	116	0	111
0	109	0	82	27	71	0	93	0	101	0	97
0	110	0	88	23	68	0	130	0	90	0	87
0	87	0	88	18	80	0	87	0	104	0	112
0	94	0	93	28	83	0	107	0	111	0	113
0	93	0	110	32	87	0	101	0	107	0	84
0	102	0	85	25	92	0	131	0	111	0	103
0	95	0	100	22	72	0	103	0	101	0	114
0	90	0	109	34	77	0	114	0	105	0	79
0	110	0	106	28	74	0	101	0	109	0	99
0	112	0	104	32	83	0	103	0	82	0	90
0	105	0	95	26	82	0	87	0	107	0	99
0	107	0	127	26	83	0	90	0	96	0	111
0	95	0	90	24	77	0	97	0	104	0	101
0	100	0	97	19	80	0	104	0	99	0	92
0	102	0	101	27	92	0	113	0	101	0	92
0	111	0	110	19	79	0	100	0	90	0	99
0	114	0	96	26	75	0	110	0	89	0	104
0	99	0	92	29	66	0	108	0	102	0	99
0	98	0	107	27	74	0	78	0	93	0	98
0	101	0	96	20	66	0	103	0	105	0	94
0	92	0	104	0	114	0	95	13	74	0	101
0	89	0	127	0	91	0	88	17	86	0	102
0	86	0	99	0	91	0	108	20	86	0	90
27	81	0	103	0	94	0	84	15	92	23	73
28	78	0	104	0	109	0	102	13	73	13	71
21	81	0	106	0	105	0	87	15	80	24	85
