Tu0:alt	Tu0:ref	Tu1:alt	Tu1:ref	Tu2:alt	Tu2:ref	Tu3:alt	Tu3:ref	Tu4:alt	Tu4:ref	Tu5:alt	Tu5:ref
24	75	44	72	44	60	15	69	21	71	20	76
35	76	42	52	36	61	21	81	25	71	22	81
13	68	45	59	35	75	13	69	23	71	18	71
24	74	52	57	30	92	21	71	20	94	19	75
18	80	38	54	29	70	24	82	24	80	17	74
24	64	37	66	24	58	14	74	23	69	18	80
21	71	36	37	33	65	31	73	24	83	27	91
24	54	35	70	45	65	20	83	17	72	22	65
27	65	40	57	34	71	19	76	20	88	16	78
28	104	40	63	31	69	13	83	25	84	16	86
25	88	41	67	33	70	14	95	22	76	22	87
25	73	57	67	0	98	20	78	21	83	18	83
29	56	36	62	0	106	18	79	21	75	28	68
0	115	0	86	26	79	0	116	0	99	0	107
0	108	0	111	28	64	0	93	0	88	0	100
0	112	0	101	21	76	0	98	0	109	0	108
0	80	0	103	30	91	0	111	0	115	0	112
0	113	0	109	29	80	0	86	0	102	0	116
0	100	0	109	28	82	0	104	0	106	0	100
0	121	0	103	21	68	0	118	0	96	0	109
13	81	5	96	0	74	0	108	0	102	0	89
24	91	7	68	0	97	0	101	0	97	0	90
24	71	3	84	0	119	0	90	0	110	0	100
29	79	7	107	0	100	0	111	0	101	0	89
24	92	7	92	0	97	0	108	0	99	0	97
22	69	9	94	0	97	0	87	0	87	0	92
27	76	3	102	0	93	0	118	0	112	0	102
22	80	14	98	0	100	0	110	0	96	0	95
17	84	9	93	0	90	0	103	0	84	0	100
22	68	10	90	0	96	0	87	0	95	0	100
0	101	0	92	29	69	0	91	0	98	0	107
0	104	0	106	35	82	0	86	0	102	0	110
0	103	0	89	34	80	0	103	0	97	0	108
0	94	0	93	25	73	0	90	0	98	0	97
0	108	0	91	28	39	0	97	0	122	0	80
0	109	0	101	37	70	0	112	0	94	0	104
0	107	0	106	34	63	0	112	0	102	0	122
0	83	0	94	31	69	0	97	0	114	0	107
0	110	0	88	39	65	0	129	0	90	0	102
0	105	0	98	35	70	0	93	0	108	0	94
0	85	0	92	42	67	0	98	0	112	0	104
0	103	0	102	37	59	0	103	0	89	0	98
0	94	0	98	21	56	0	109	0	96	0	93
0	103	0	112	31	68	0	100	0	93	0	99
0	110	0	104	27	81	0	88	0	83	0	100
0	115	0	88	30	65	0	98	0	101	0	109
0	106	0	104	33	62	0	120	0	108	0	99
0	120	0	91	28	81	0	103	0	102	0	112
0	94	0	107	31	66	0	98	0	103	0	100
0	108	0	85	37	76	0	101	0	83	0	101
0	120	0	105	30	68	0	113	0	108	0	97
0	97	0	118	30	59	0	92	0	81	0	94
0	99	0	88	0	95	0	109	0	97	19	66
0	85	0	112	0	110	0	96	0	104	37	84
0	118	0	95	0	108	0	88	0	109	28	94
0	103	0	105	0	90	0	110	0	106	11	86
0	100	0	86	0	95	0	121	0	96	13	84
0	96	0	98	0	105	0	89	0	110	14	76
0	97	0	103	0	100	0	90	0	113	22	86
0	104	0	100	0	97	0	102	0	95	20	98
0	87	0	96	0	92	0	124	0	87	17	83
0	105	0	112	0	99	0	110	0	86	20	71
0	100	0	118	0	96	0	122	0	97	16	67
0	102	0	113	0	101	0	89	0	100	12	89
0	82	0	92	0	101	24	79	26	66	0	99
0	99	0	103	0	91	26	78	29	74	0	113
0	118	0	106	0	101	15	83	19	73	0	84
0	92	0	80	0	95	16	75	25	75	0	106
0	91	0	117	0	106	14	64	31	62	0	106
0	90	0	105	0	97	19	64	19	71	0	113
28	79	0	111	0	94	0	100	0	89	0	102
30	68	0	86	0	87	0	123	0	91	0	94
24	62	0	108	0	90	0	103	0	116	0	84
14	74	0	99	0	87	0	107	0	99	0	80
20	76	0	85	0	105	0	103	0	97	0	102
20	66	0	105	0	100	0	86	0	92	0	104
18	80	0	94	0	94	0	97	0	104	0	100
28	78	0	94	0	115	0	112	0	96	0	86
24	78	0	95	0	94	0	113	0	91	0	93
30	43	0	98	0	92	0	87	0	90	0	113
36	73	0	96	0	107	0	106	0	85	0	94
28	63	0	95	0	103	0	112	0	96	0	107
24	73	0	99	0	98	0	106	0	112	0	110
21	73	0	97	0	108	0	111	0	92	0	108
17	75	0	86	0	101	0	109	0	84	0	78
25	65	0	100	0	80	0	105	0	102	0	116
24	81	0	93	0	101	0	72	0	99	0	82
25	62	0	106	0	88	0	92	0	112	0	105
21	82	0	108	0	93	0	90	0	100	0	106
23	74	0	98	0	114	0	115	0	108	0	107
26	73	0	86	0	102	0	110	0	125	0	88
22	73	0	109	0	100	0	111	0	121	0	110
22	87	0	83	0	94	0	87	0	79	0	94
24	76	0	106	0	96	0	104	0	100	0	104
0	118	24	82	0	94	0	112	0	108	0	101
0	95	29	71	0	101	0	102	0	98	0	106
0	101	20	85	0	106	0	97	0	91	0	89
0	88	4	112	0	98	12	74	34	76	0	101
0	92	14	92	0	102	19	84	26	69	0	106
0	104	6	95	0	93	23	84	27	61	0	97
