Tu0:alt	Tu0:ref	Tu1:alt	Tu1:ref	Tu2:alt	Tu2:ref	Tu3:alt	Tu3:ref	Tu4:alt	Tu4:ref	Tu5:alt	Tu5:ref
0	90	0	104	0	97	0	92	7	100	0	104
0	105	0	117	0	109	0	104	4	92	0	101
0	108	0	109	0	96	0	84	10	83	0	92
0	102	0	111	0	95	0	110	6	92	0	92
0	107	0	92	0	95	0	103	8	81	0	101
0	89	0	78	0	92	0	97	16	90	0	109
0	102	25	82	0	99	0	99	0	118	0	78
0	85	25	86	0	96	0	97	0	101	0	108
0	107	30	81	0	105	0	109	0	101	0	87
0	112	23	73	0	97	0	91	0	117	0	95
0	97	10	87	0	93	0	91	0	106	0	97
0	111	24	73	0	124	0	97	0	92	0	93
0	98	17	72	0	116	0	103	0	106	0	108
0	94	24	81	0	100	0	107	0	87	0	105
0	100	27	85	0	94	0	122	0	96	0	103
0	94	18	66	0	106	0	113	0	110	0	88
0	104	30	90	0	85	0	90	0	102	0	117
0	101	0	90	0	113	0	105	0	87	21	72
0	87	0	93	0	92	0	91	0	111	16	84
0	90	0	108	0	93	0	104	0	119	29	54
0	107	0	113	0	104	0	83	0	93	24	72
0	123	0	118	0	107	0	96	0	98	25	67
0	108	0	86	0	105	0	95	0	98	22	89
0	93	0	119	0	115	0	87	0	80	29	70
0	106	0	93	0	112	0	102	0	94	39	75
0	93	0	108	0	84	0	87	0	108	35	68
29	79	0	102	20	68	19	66	0	95	0	107
30	64	0	96	31	95	20	74	0	107	0	115
21	66	0	101	23	81	18	83	0	99	0	94
34	70	0	95	31	90	20	91	0	110	0	118
38	60	0	91	25	70	27	96	0	86	0	91
0	115	0	80	25	81	16	68	0	93	0	107
0	112	0	94	26	72	15	85	0	106	0	98
0	96	0	126	27	72	18	71	0	99	0	98
0	106	0	101	24	90	20	77	0	114	0	109
0	97	0	108	19	86	20	84	0	100	0	106
0	102	0	103	15	82	21	84	0	113	0	103
0	94	0	100	21	74	22	74	0	100	0	113
0	84	0	99	25	75	24	73	0	102	0	107
0	94	0	89	28	97	21	87	0	136	0	101
0	98	0	103	24	81	23	90	0	106	0	109
0	113	0	84	20	84	17	70	0	105	0	97
47	54	22	73	25	66	20	78	7	86	28	67
56	41	18	66	24	83	10	88	5	85	18	71
39	53	18	84	17	76	18	89	5	80	26	94
53	78	14	77	21	80	21	80	12	90	30	69
39	54	22	82	29	71	23	74	10	101	25	69
52	50	25	81	23	80	22	75	8	119	25	57
35	67	15	84	21	75	23	108	9	89	16	70
53	42	23	67	22	87	14	82	13	116	27	60
44	62	15	92	21	83	24	76	13	76	31	73
48	50	20	72	30	80	17	72	6	89	31	63
61	69	21	90	24	72	16	81	11	89	22	66
30	53	28	72	29	83	17	90	6	95	26	81
52	59	22	84	25	65	25	67	11	81	23	75
48	61	19	84	21	64	22	75	8	93	25	67
46	55	17	67	25	60	19	82	17	73	21	87
0	96	22	83	0	93	0	94	10	101	0	111
0	104	19	78	0	89	0	94	7	95	0	101
0	85	16	90	0	118	0	95	9	82	0	104
0	102	16	87	0	108	0	94	13	87	0	97
0	85	18	84	0	98	0	107	10	81	0	110
0	112	23	57	0	89	0	100	9	82	0	98
0	118	26	87	0	124	0	109	4	102	0	102
0	94	19	65	0	91	0	85	4	89	0	118
0	98	20	70	0	111	0	97	8	89	0	104
0	100	16	73	0	104	0	100	7	105	0	126
0	104	23	88	0	96	0	92	1	100	0	86
0	111	26	79	0	115	0	89	6	94	0	83
0	99	26	95	0	74	0	106	5	91	0	106
0	95	26	73	0	95	0	113	8	99	0	105
0	109	16	104	0	99	0	105	10	77	0	87
0	93	15	71	0	111	0	102	3	93	0	101
0	101	24	75	0	102	0	101	9	85	0	93
0	101	18	102	0	97	0	102	8	108	0	119
0	105	16	69	0	84	0	86	6	103	0	115
0	104	27	82	0	101	0	100	10	108	0	89
0	89	18	86	0	100	0	98	11	103	0	87
0	96	16	85	0	108	0	103	8	93	0	84
0	94	23	72	0	117	0	87	9	78	0	99
0	88	24	80	0	105	0	101	6	77	0	105
0	106	16	80	0	121	0	80	17	87	0	100
0	98	21	74	0	102	0	98	10	86	0	105
0	87	18	89	0	114	0	91	8	77	0	99
0	98	23	84	0	87	0	107	6	95	0	101
0	106	14	90	0	86	0	96	4	98	0	80
0	88	14	69	0	98	0	113	6	86	0	108
0	101	21	79	0	105	0	99	11	91	0	109
0	97	22	79	0	99	0	119	7	102	0	93
0	98	22	88	0	102	0	128	11	102	0	93
0	97	19	93	0	92	0	81	9	93	0	109
0	100	22	83	0	104	0	92	6	101	0	87
28	76	0	90	0	91	0	86	0	120	0	96
0	96	0	100	0	95	0	91	0	93	19	92
0	103	0	93	0	95	0	93	0	132	15	67
0	118	0	106	0	94	0	96	0	103	8	87
0	116	0	90	0	92	0	116	0	99	9	74
0	100	0	92	0	79	0	85	0	99	15	94
0	121	0	113	0	87	0	116	0	96	19	83
0	101	0	98	0	115	0	106	0	82	15	73
