Tu0:alt	Tu0:ref	Tu1:alt	Tu1:ref	Tu2:alt	Tu2:ref	Tu3:alt	Tu3:ref	Tu4:alt	Tu4:ref	Tu5:alt	Tu5:ref
0	100	0	103	0	65	0	103	0	85	21	96
0	102	0	103	0	88	0	117	0	89	18	88
0	97	0	109	0	97	0	96	0	82	16	86
0	104	0	85	0	88	0	101	0	113	16	98
0	98	0	94	0	112	0	94	0	124	11	79
0	96	0	97	0	94	0	101	0	96	12	81
0	97	0	106	0	92	0	97	6	96	0	97
0	97	0	109	0	109	0	89	7	90	0	96
0	102	0	85	0	94	0	101	6	106	0	116
0	97	0	89	0	112	0	73	8	86	0	112
0	92	0	102	0	93	0	89	6	91	0	96
0	82	0	110	0	95	0	100	14	90	0	98
0	106	0	107	0	84	0	111	8	80	0	110
0	92	0	99	0	97	0	94	5	93	0	91
0	107	0	95	0	115	0	90	5	100	0	72
0	90	0	118	0	132	0	94	4	106	0	111
0	88	0	97	0	90	0	95	1	86	0	101
34	55	0	111	0	81	42	65	0	97	0	99
49	48	0	103	0	96	25	69	0	103	0	90
45	51	0	108	0	107	34	67	0	98	0	119
45	59	0	114	0	92	34	66	0	118	0	104
39	60	0	124	0	93	32	50	0	99	0	85
53	59	0	108	0	100	36	63	0	94	0	101
53	65	0	111	0	111	26	74	0	92	0	105
41	57	0	105	0	110	28	75	0	90	0	87
41	58	0	91	0	93	36	45	0	107	0	99
0	96	30	53	16	80	0	113	0	91	0	106
0	93	37	59	22	72	0	103	0	93	0	103
0	117	41	71	20	66	0	87	0	101	0	101
0	101	42	69	30	87	0	94	0	104	0	92
0	98	35	63	25	73	0	89	0	99	0	92
0	113	0	86	21	76	0	101	0	112	0	105
0	104	0	104	15	70	0	106	0	111	0	105
0	120	0	101	21	78	0	105	0	83	0	95
0	101	0	108	17	91	0	110	0	114	0	118
0	101	0	110	22	77	0	102	0	107	0	98
0	109	0	100	33	92	0	101	0	92	0	80
0	116	0	96	20	82	0	114	0	71	0	93
0	67	0	97	18	72	0	106	0	117	0	106
0	98	0	94	23	93	0	98	0	108	0	112
0	101	0	97	21	80	0	110	0	125	0	110
0	111	0	86	24	83	0	95	0	100	0	89
36	55	50	48	20	72	28	67	2	84	21	64
40	53	47	60	23	55	26	64	8	100	30	89
37	54	43	60	27	83	33	69	6	80	12	76
59	54	48	52	11	80	27	72	9	93	31	62
47	50	51	47	32	69	32	58	6	89	33	82
46	59	39	52	24	83	31	64	7	82	22	70
52	52	37	57	36	70	23	73	7	76	29	69
46	54	35	43	29	107	23	70	8	110	17	73
50	51	44	46	15	74	28	73	7	99	23	69
38	47	50	52	24	75	44	75	8	95	19	79
45	46	53	56	17	75	22	62	9	113	25	89
35	64	50	56	27	85	32	86	5	99	26	83
60	59	49	48	34	89	28	75	10	87	13	79
46	56	38	48	22	89	30	66	9	92	26	79
50	64	46	55	18	69	20	78	5	78	26	69
0	97	0	106	0	89	0	101	4	74	27	86
0	103	0	117	0	107	0	115	12	107	23	83
0	121	0	105	0	115	0	109	8	85	23	85
0	106	0	105	0	105	0	117	7	87	22	71
0	84	0	106	0	102	0	98	4	100	31	77
0	103	0	101	0	106	0	96	11	91	26	59
0	100	0	110	0	86	0	121	9	98	22	72
0	83	0	108	0	91	0	97	15	83	32	82
0	96	0	103	0	91	0	95	17	81	32	65
0	106	0	81	0	91	0	97	8	88	21	73
0	111	0	100	0	96	0	68	8	90	27	79
0	94	0	117	0	94	0	102	14	85	29	60
0	89	0	92	0	102	0	103	3	84	29	73
0	106	0	122	0	126	0	95	1	100	38	77
0	114	0	116	0	95	0	106	4	92	28	68
0	100	0	115	0	87	0	111	7	84	31	59
0	112	0	96	0	101	0	88	10	96	28	80
0	106	0	88	0	97	0	104	9	100	23	73
0	80	0	83	0	98	0	104	11	108	32	70
0	115	0	99	0	105	0	97	6	104	28	76
0	101	0	118	0	102	0	115	6	86	35	76
0	93	0	94	0	101	0	100	4	79	36	66
0	105	0	94	0	84	0	95	8	94	30	89
0	95	0	102	0	111	0	99	5	98	25	81
0	101	0	100	0	95	0	114	4	94	23	91
0	104	0	93	0	101	0	93	9	84	17	73
0	103	0	105	0	102	0	92	10	80	23	79
0	89	0	89	0	97	0	90	9	91	27	74
0	90	0	100	0	111	0	119	10	81	26	81
0	101	0	106	0	104	0	92	5	79	15	76
0	94	0	89	0	115	0	95	9	85	29	62
0	109	0	84	0	102	0	107	9	96	28	77
0	88	0	105	0	112	0	104	6	75	21	76
0	96	0	110	0	94	0	102	9	86	29	78
0	76	0	103	0	108	0	97	10	80	21	98
0	99	31	74	0	107	0	97	0	97	0	109
29	79	0	93	0	107	15	94	0	98	0	92
31	76	0	101	0	91	27	83	0	89	0	99
26	56	0	96	0	126	21	97	0	89	0	97
28	70	0	94	0	101	21	70	0	112	0	103
28	69	0	100	0	93	27	72	0	84	0	91
26	75	0	91	0	91	19	71	0	115	0	87
26	109	0	108	0	91	18	67	0	93	0	98
