Tu0:alt	Tu0:ref	Tu1:alt	Tu1:ref	Tu2:alt	Tu2:ref	Tu3:alt	Tu3:ref	Tu4:alt	Tu4:ref	Tu5:alt	Tu5:ref
25	66	0	93	0	101	0	85	0	100	0	98
33	65	0	121	0	108	0	95	0	89	0	102
31	64	0	105	0	92	0	81	0	111	0	100
31	61	0	97	0	101	0	111	0	106	0	108
28	72	0	108	0	110	0	117	0	104	0	97
26	78	0	85	0	94	0	90	0	97	0	115
0	103	15	85	0	84	0	95	0	95	0	110
0	81	20	71	0	113	0	97	0	110	0	102
0	104	24	83	0	70	0	100	0	82	0	87
0	103	18	90	0	111	0	93	0	98	0	104
0	107	15	76	0	106	0	94	0	95	0	86
0	100	17	75	0	107	0	112	0	102	0	99
0	103	29	72	0	91	0	114	0	102	0	107
0	101	18	73	0	102	0	100	0	101	0	96
0	80	25	88	0	99	0	104	0	90	0	106
0	110	11	78	0	98	0	113	0	90	0	97
0	89	27	72	0	108	0	100	0	101	0	107
0	117	0	98	0	117	43	64	0	101	17	71
0	104	0	109	0	98	35	77	0	97	28	90
0	118	0	103	0	102	39	65	0	104	25	63
0	95	0	96	0	106	28	72	0	110	25	82
0	86	0	89	0	92	38	62	0	108	29	67
0	103	0	109	0	84	39	57	0	97	31	84
0	76	0	112	0	83	36	69	0	96	41	77
0	106	0	99	0	100	31	71	0	97	26	60
0	97	0	90	0	91	27	60	0	92	33	95
0	107	0	94	18	83	0	117	3	103	0	102
0	90	0	98	26	71	0	111	9	80	0	89
0	106	0	104	19	74	0	121	4	84	0	87
0	109	0	103	21	76	0	120	9	80	0	101
0	102	0	93	20	83	0	107	6	98	0	120
0	114	0	89	25	81	0	109	0	111	0	100
0	90	0	108	15	75	0	88	0	95	0	96
0	88	0	103	29	86	0	113	0	116	0	108
0	110	0	83	28	77	0	111	0	105	0	100
0	91	0	129	18	60	0	96	0	105	0	108
0	85	0	86	18	74	0	86	0	82	0	94
0	93	0	97	19	81	0	114	0	103	0	99
0	104	0	110	27	83	0	95	0	94	0	106
0	96	0	79	28	72	0	103	0	91	0	87
0	101	0	124	24	78	0	110	0	105	0	99
0	104	0	102	27	73	0	94	0	102	0	81
47	49	20	80	23	71	34	87	11	100	21	66
58	46	25	69	24	74	27	77	6	93	24	79
49	58	21	90	25	75	33	66	8	98	36	70
43	51	16	90	21	90	28	65	9	80	28	72
48	51	21	90	22	75	25	63	6	81	36	70
36	50	15	88	23	68	30	65	6	82	22	78
46	59	16	89	31	76	28	64	9	105	26	79
32	59	21	92	28	67	29	69	4	100	21	76
43	68	20	78	21	76	27	73	13	118	22	71
46	59	27	88	21	71	32	77	7	98	26	72
42	55	19	94	27	77	31	66	15	90	39	97
32	70	24	84	25	74	31	77	3	86	36	74
35	48	29	71	25	52	22	68	8	84	14	92
38	47	22	74	16	64	39	76	5	89	27	64
50	55	21	77	26	84	23	68	5	97	25	64
50	59	17	83	0	101	0	117	0	109	0	92
44	68	14	75	0	107	0	94	0	93	0	103
46	38	16	94	0	93	0	119	0	109	0	113
49	55	15	84	0	99	0	100	0	100	0	126
42	51	20	85	0	102	0	87	0	114	0	93
35	53	23	85	0	100	0	79	0	90	0	78
39	59	13	89	0	96	0	102	0	106	0	105
40	60	33	83	0	85	0	99	0	105	0	101
58	63	17	80	0	91	0	102	0	97	0	90
50	57	15	73	0	96	0	102	0	97	0	85
47	56	28	63	0	110	0	117	0	92	0	86
41	52	21	84	0	88	0	93	0	93	0	99
39	56	27	104	0	109	0	113	0	109	0	86
34	56	13	93	0	115	0	98	0	103	0	92
51	52	17	92	0	102	0	103	0	93	0	105
42	57	14	68	0	85	0	99	0	95	0	87
48	60	25	83	0	89	0	101	0	119	0	101
48	57	11	87	0	90	0	99	0	94	0	107
49	53	18	100	0	92	0	104	0	74	0	88
44	50	21	71	0	85	0	102	0	90	0	79
43	39	14	64	0	83	0	129	0	120	0	99
49	62	28	89	0	81	0	106	0	106	0	103
52	73	20	78	0	117	0	106	0	100	0	107
55	49	19	69	0	109	0	112	0	96	0	92
50	45	22	78	0	110	0	76	0	101	0	91
44	57	20	82	0	84	0	112	0	97	0	104
35	68	18	76	0	98	0	108	0	105	0	110
37	47	29	77	0	103	0	90	0	90	0	124
39	67	15	72	0	95	0	107	0	104	0	84
45	50	9	82	0	121	0	94	0	88	0	115
58	55	16	76	0	93	0	97	0	93	0	87
32	60	22	76	0	119	0	95	0	101	0	89
43	49	16	86	0	108	0	96	0	101	0	105
41	54	18	67	0	79	0	127	0	90	0	93
39	47	22	71	0	89	0	112	0	96	0	90
0	110	0	104	0	86	0	95	4	81	0	101
0	101	0	107	0	93	12	84	0	98	17	70
0	101	0	98	0	90	22	85	0	101	16	75
0	91	0	101	0	122	25	87	0	85	13	79
0	98	0	91	0	103	24	78	0	107	10	98
0	124	0	100	0	98	21	65	0	105	13	72
0	124	0	115	0	111	24	86	0	88	17	70
0	107	0	103	0	97	25	86	0	94	19	86
