Tu0:alt	Tu0:ref	Tu1:alt	Tu1:ref	Tu2:alt	Tu2:ref	Tu3:alt	Tu3:ref	Tu4:alt	Tu4:ref	Tu5:alt	Tu5:ref
28	86	20	77	42	55	19	82	22	89	42	49
24	81	13	88	38	55	22	78	24	72	35	65
27	73	20	86	38	41	25	67	20	84	29	77
26	70	19	80	45	56	22	68	17	73	36	61
0	107	0	93	0	116	0	81	0	126	18	81
0	97	0	109	0	90	0	105	0	87	12	82
0	105	0	92	0	83	0	93	0	96	13	90
0	99	0	117	0	100	0	89	0	103	21	83
0	100	0	91	0	103	0	102	0	105	15	82
0	114	0	114	0	106	0	89	0	106	16	85
0	90	0	86	0	78	0	107	0	85	14	88
0	103	0	104	0	96	0	96	0	101	13	68
0	115	0	107	0	125	0	105	0	114	27	74
0	95	0	115	0	107	0	102	0	99	11	70
0	82	0	102	0	108	0	95	0	112	16	95
0	111	0	100	0	106	0	105	0	119	15	78
0	84	0	108	0	92	0	103	0	96	12	85
15	65	8	82	54	51	21	80	14	83	34	71
0	91	0	103	0	112	0	92	21	92	0	111
0	110	0	103	0	106	0	106	6	88	0	113
0	102	0	94	0	101	0	106	9	74	0	91
0	102	0	89	0	90	0	101	13	75	0	90
0	107	0	95	0	96	0	94	22	78	0	108
24	60	0	83	0	90	12	81	0	106	0	106
27	80	0	111	0	98	14	85	0	96	0	105
35	88	0	100	0	97	19	74	0	103	0	99
23	65	0	101	0	83	19	117	0	93	0	85
23	80	0	98	0	89	17	102	0	106	0	121
23	91	0	107	0	104	25	86	0	97	0	110
38	67	0	92	0	121	18	64	0	99	0	101
23	69	0	101	0	109	18	74	0	109	0	105
29	68	0	115	0	82	11	95	0	99	0	95
31	69	0	126	0	95	15	76	0	115	0	88
26	67	0	127	0	102	19	81	0	94	0	96
29	69	0	114	0	108	16	76	0	108	0	122
32	53	0	104	0	107	16	81	0	82	0	92
26	72	0	91	0	101	22	92	0	111	0	113
24	71	0	99	0	107	14	75	0	87	0	108
0	93	0	108	3	99	0	99	0	100	36	70
0	106	0	79	4	88	0	102	0	111	35	59
0	92	0	95	3	88	0	104	0	101	26	62
0	105	0	112	3	104	0	94	0	114	41	57
0	85	0	93	1	117	0	112	0	92	42	58
0	86	0	106	0	108	0	67	27	74	0	97
0	89	0	106	0	115	0	87	29	66	0	95
0	92	0	113	0	113	0	85	24	76	0	88
0	89	0	110	0	76	0	98	27	71	0	128
0	95	0	102	0	103	0	107	23	72	0	94
0	108	0	112	0	105	0	98	33	61	0	90
0	92	0	102	0	107	0	94	23	68	0	97
26	92	0	90	4	82	16	74	0	89	0	103
29	54	0	95	7	110	25	79	0	125	0	114
11	86	0	106	6	86	22	86	0	99	0	92
24	78	0	84	8	74	20	78	0	88	0	108
0	108	0	101	0	106	0	92	0	89	49	51
0	111	0	82	0	111	0	87	0	119	33	68
0	106	0	93	0	88	0	81	0	100	30	68
0	89	0	103	0	102	0	115	0	94	28	54
0	89	0	94	0	97	0	113	0	92	42	57
0	93	0	98	0	94	0	92	0	91	49	67
0	97	0	113	0	92	0	92	0	99	36	74
0	91	0	111	0	102	0	83	0	98	26	76
0	83	0	96	0	103	0	80	0	92	28	73
0	102	0	112	0	89	0	94	0	107	25	61
0	104	0	97	0	87	0	109	0	98	31	62
0	89	0	119	0	107	0	102	0	98	43	74
0	97	0	88	0	95	0	107	0	119	30	69
0	100	0	110	0	93	0	96	0	90	45	75
0	88	0	86	0	105	0	99	0	107	32	76
0	108	0	89	0	85	0	98	0	93	39	62
0	92	0	99	0	112	0	96	0	109	34	50
0	98	0	104	0	115	0	86	0	88	35	63
0	110	0	95	0	89	0	86	0	101	31	76
0	94	0	111	0	116	0	103	0	110	30	64
0	113	0	119	0	109	0	105	0	91	33	60
0	90	0	105	0	95	0	100	0	118	49	64
0	91	0	113	0	97	0	129	0	110	38	55
0	102	0	100	0	101	0	89	0	94	30	72
0	85	0	97	0	92	0	98	0	91	36	63
0	101	0	104	0	107	0	100	0	79	31	72
0	93	0	92	0	101	0	116	0	92	36	52
0	100	0	102	0	107	0	117	0	107	29	63
0	112	0	102	0	105	0	95	0	76	26	53
0	101	0	98	0	101	0	94	0	92	38	60
0	128	0	90	0	102	0	106	0	89	37	61
0	114	0	99	0	114	0	105	0	103	39	62
0	107	0	100	0	111	0	88	0	101	30	61
0	102	0	111	0	111	0	98	0	109	36	52
0	91	0	83	0	108	0	97	0	102	32	68
0	114	0	106	0	94	0	97	0	105	45	65
0	93	0	90	0	103	0	99	0	82	37	65
0	112	0	103	0	113	0	86	0	99	35	58
0	112	0	105	0	101	0	81	0	71	35	59
0	103	11	86	31	77	0	102	0	103	0	91
0	118	14	85	31	72	0	93	0	99	0	102
0	111	20	59	29	76	0	114	0	105	0	97
0	119	13	90	32	81	0	105	0	93	0	79
0	86	16	88	25	71	0	95	0	109	0	102
0	105	5	90	32	57	0	107	0	103	0	110
0	73	14	90	25	52	0	103	0	103	0	74
