Tu0:alt	Tu0:ref	Tu1:alt	Tu1:ref	Tu2:alt	Tu2:ref	Tu3:alt	Tu3:ref	Tu4:alt	Tu4:ref	Tu5:alt	Tu5:ref
0	103	16	70	0	87	0	92	0	105	36	81
0	107	14	81	0	91	0	103	0	97	30	66
0	110	19	69	0	99	0	103	0	105	29	90
0	86	17	94	0	99	0	90	0	119	22	79
0	96	18	92	0	99	0	85	0	112	17	74
0	92	22	79	0	104	0	109	0	121	21	79
11	94	18	78	37	71	19	94	1	100	30	68
15	58	24	90	41	78	9	86	2	89	32	72
0	94	26	89	36	70	0	97	0	116	38	56
0	95	23	65	38	57	0	101	0	102	19	68
0	110	30	62	26	62	0	87	0	79	33	64
0	82	24	62	29	57	0	112	0	87	25	70
0	95	33	82	29	69	0	97	0	83	24	62
0	92	25	75	27	57	0	100	0	118	34	84
0	107	25	59	32	65	0	109	0	114	23	61
0	89	31	87	29	69	0	97	0	93	39	58
0	87	41	68	32	73	0	95	0	95	29	95
0	101	36	66	25	78	0	83	0	86	24	65
0	111	32	75	32	82	0	101	0	103	27	71
0	95	35	68	35	75	0	109	0	96	31	72
0	112	20	64	26	79	0	91	0	109	25	68
0	96	21	67	35	79	0	108	0	100	34	53
0	97	27	84	26	69	0	109	0	102	23	80
0	97	33	67	25	80	0	90	0	79	27	69
0	99	24	65	28	65	0	104	0	91	26	75
0	105	0	106	29	74	0	108	0	104	0	104
0	100	0	100	29	68	0	90	0	106	0	89
0	107	0	93	39	68	0	105	0	99	0	89
0	118	0	82	31	71	0	85	0	128	0	102
0	91	0	111	33	64	0	110	0	105	0	106
0	110	0	100	30	70	0	118	0	85	0	104
0	95	0	83	29	70	0	98	0	100	0	97
0	94	0	107	46	69	0	101	0	100	0	104
0	90	0	99	36	61	0	102	0	101	0	111
0	95	0	100	45	53	0	88	0	102	0	101
0	99	0	100	35	58	0	84	0	104	0	87
0	106	0	99	32	69	0	96	0	110	0	120
0	86	0	106	24	66	0	107	0	96	0	96
0	101	0	89	33	73	0	120	0	98	0	88
0	110	0	103	32	67	0	103	0	102	0	121
0	86	0	105	40	75	0	112	0	118	0	127
0	103	0	95	36	75	0	97	0	109	0	107
0	91	0	89	36	68	0	101	0	91	0	97
0	94	0	112	34	93	0	99	0	104	0	105
0	98	0	99	34	66	0	98	0	99	0	99
0	89	0	84	34	69	0	98	0	85	0	95
0	97	0	109	27	72	0	97	0	94	0	101
0	98	0	116	29	69	0	107	0	102	0	94
16	91	0	91	0	88	15	94	1	90	0	119
8	82	0	92	0	102	8	91	4	99	0	101
13	103	0	91	0	97	13	79	4	90	0	80
15	79	0	106	0	101	13	89	5	103	0	85
15	77	0	91	0	116	10	79	0	105	0	102
14	83	0	109	0	92	14	110	0	101	0	98
13	101	0	90	0	89	15	76	0	90	0	98
22	84	0	97	0	101	9	95	0	95	0	86
16	99	0	114	0	95	17	78	0	86	0	96
17	89	0	91	0	91	10	95	0	106	0	94
15	85	0	92	0	87	15	91	0	105	0	109
12	75	0	95	0	103	7	78	0	112	0	91
18	76	0	92	0	102	17	120	0	101	0	95
9	88	0	84	0	97	14	98	0	73	0	115
16	76	0	105	0	90	16	95	0	85	0	118
16	85	0	102	0	93	12	70	0	127	0	110
18	89	0	105	0	108	12	89	0	92	0	82
13	76	0	113	0	96	18	81	0	101	0	90
19	79	0	99	0	102	8	76	0	103	0	97
13	94	0	101	0	108	15	88	0	95	0	90
11	77	0	108	0	99	11	96	0	98	0	113
14	75	0	110	0	109	12	90	0	87	0	107
15	87	0	94	0	115	16	98	0	87	0	88
13	78	0	89	0	110	17	89	0	103	0	102
17	94	0	116	0	98	4	94	0	97	0	107
14	71	0	115	0	124	8	86	0	109	0	106
12	90	0	98	0	83	15	73	0	103	0	113
10	82	0	84	0	106	11	90	0	112	0	92
10	83	0	90	0	107	9	104	0	86	0	117
15	73	0	109	0	119	19	80	0	87	0	77
0	101	25	88	26	70	0	108	0	89	35	67
0	115	19	88	35	58	0	100	0	92	21	69
0	96	19	89	32	74	0	89	0	88	22	63
0	102	19	92	31	63	0	103	0	95	23	72
0	84	23	72	41	76	0	111	0	106	34	81
0	116	20	69	34	70	0	96	0	81	27	64
0	80	18	77	25	72	0	110	0	97	18	70
0	117	26	72	34	74	0	89	0	115	27	82
0	110	0	110	0	88	0	100	1	81	0	98
20	88	0	102	0	95	12	80	0	101	0	104
10	81	0	102	0	86	10	86	0	122	0	78
11	85	0	100	0	101	10	86	0	99	0	109
7	79	0	107	0	107	16	71	0	98	0	93
13	79	0	99	0	103	18	89	0	104	0	98
17	77	0	101	0	92	9	82	0	98	0	94
0	98	28	82	33	55	0	106	0	91	32	66
0	100	23	68	19	83	0	102	0	96	42	74
0	108	40	63	33	61	0	109	0	113	41	80
0	70	29	74	27	63	0	83	0	89	43	74
0	107	38	71	23	67	0	101	0	99	30	68
0	85	26	82	31	68	0	112	0	93	29	70
0	97	27	77	29	65	0	106	0	105	36	58
