Tu0:alt	Tu0:ref	Tu1:alt	Tu1:ref	Tu2:alt	Tu2:ref	Tu3:alt	Tu3:ref	Tu4:alt	Tu4:ref	Tu5:alt	Tu5:ref
0	121	0	96	42	77	0	109	0	91	0	89
0	106	0	81	31	67	0	94	4	101	0	95
0	105	0	102	39	83	0	97	2	104	0	93
0	90	0	85	33	67	0	90	4	110	0	104
0	94	0	99	40	61	0	96	8	105	0	95
0	93	0	82	38	64	0	104	2	104	0	84
24	75	16	79	40	59	14	93	3	102	30	76
29	84	18	93	53	56	11	93	4	103	18	92
0	108	16	96	44	53	0	96	5	88	28	79
0	103	15	70	32	62	0	102	4	84	20	73
0	97	19	91	40	50	0	102	4	102	22	80
0	98	12	86	39	53	0	95	0	101	23	80
0	97	16	76	36	55	0	95	6	113	27	79
0	102	14	95	37	54	0	105	4	98	31	69
0	87	19	80	48	51	0	119	5	89	21	68
0	100	18	83	54	78	0	81	3	100	19	84
0	85	19	86	39	58	0	97	7	105	21	70
0	88	16	76	43	48	0	90	8	86	25	72
0	92	15	77	43	48	0	90	0	101	20	61
0	99	21	78	42	70	0	84	6	84	25	74
0	112	14	99	40	73	0	110	2	86	23	55
0	101	15	89	38	60	0	92	4	99	29	68
0	91	17	75	30	60	0	95	2	73	24	81
0	96	9	84	44	45	0	115	5	95	22	74
0	108	16	79	38	47	0	85	2	97	27	71
0	98	12	94	0	100	0	111	0	85	24	81
0	106	16	96	0	112	0	119	0	94	25	74
0	111	16	87	0	90	0	105	0	90	19	88
0	96	20	87	0	105	0	114	0	107	18	70
0	100	16	87	0	84	0	109	0	105	22	82
0	113	20	69	0	89	0	104	0	94	24	73
0	112	14	66	0	96	0	101	0	82	20	72
0	113	15	78	0	91	0	96	0	88	27	78
0	98	12	85	0	88	0	110	0	99	34	74
0	107	23	89	0	88	0	98	0	96	29	78
0	89	14	76	0	95	0	97	0	94	20	61
0	104	17	67	0	95	0	99	0	104	20	75
0	93	19	92	0	92	0	113	0	95	16	64
0	85	9	77	0	104	0	110	0	105	28	73
0	100	12	61	0	118	0	108	0	100	17	81
0	87	21	97	0	102	0	120	0	110	20	90
0	110	20	93	0	78	0	104	0	103	24	71
0	99	10	71	0	99	0	110	0	116	26	58
0	96	15	82	0	98	0	96	0	100	15	64
0	102	19	86	0	90	0	108	0	91	24	69
0	108	16	72	0	96	0	94	0	92	32	78
0	103	12	64	0	112	0	87	0	113	30	70
0	103	19	71	0	106	0	111	0	93	22	75
21	78	0	105	0	105	7	84	0	85	0	97
28	75	0	111	0	93	10	93	0	102	0	92
32	73	0	92	0	108	9	92	0	104	0	109
23	69	0	96	0	93	9	81	0	105	0	96
0	94	0	106	0	90	16	99	0	95	0	99
0	94	0	102	0	102	10	99	0	96	0	111
0	92	0	114	0	98	20	88	0	105	0	108
0	84	0	94	0	88	6	67	0	85	0	98
0	104	0	106	0	110	11	80	0	105	0	93
0	110	0	100	0	100	10	87	0	95	0	99
0	85	0	90	0	74	11	79	0	99	0	109
0	101	0	93	0	103	11	92	0	104	0	89
0	102	0	95	0	102	10	80	0	126	0	87
0	96	0	95	0	104	8	80	0	93	0	106
0	91	0	97	0	107	11	80	0	96	0	97
0	108	0	93	0	106	10	89	0	94	0	116
0	103	0	102	0	102	9	87	0	109	0	86
0	92	0	100	0	97	9	99	0	115	0	97
0	120	0	89	0	111	19	91	0	90	0	86
0	93	0	111	0	103	18	83	0	102	0	96
0	99	0	116	0	100	12	92	0	110	0	86
0	96	0	87	0	89	13	67	0	100	0	98
0	109	0	110	0	98	12	93	0	101	0	99
0	105	0	101	0	102	10	92	0	109	0	87
0	101	0	77	0	110	19	90	0	100	0	107
0	94	0	90	0	102	11	93	0	99	0	101
0	108	0	99	0	86	17	82	0	105	0	99
0	104	0	109	0	85	14	82	0	105	0	129
0	106	0	79	0	126	11	109	0	117	0	99
0	96	0	91	0	95	18	92	0	115	0	107
0	86	19	77	26	56	0	100	1	82	17	82
0	111	13	81	25	71	0	111	2	84	19	66
0	105	18	78	40	60	0	101	4	93	22	81
0	91	11	77	30	71	0	113	2	109	25	100
0	97	20	87	25	71	0	105	2	95	22	69
0	97	12	81	34	61	0	96	4	87	25	82
0	89	13	79	35	79	0	117	3	95	33	74
0	105	14	83	38	57	0	101	2	103	34	68
11	86	0	80	0	102	0	97	0	105	0	97
11	85	0	105	0	114	21	78	0	111	0	95
7	82	0	94	0	101	5	77	0	86	0	98
8	102	0	107	0	98	14	83	0	95	0	115
11	82	0	125	0	97	9	85	0	98	0	91
7	88	0	99	0	99	14	113	0	95	0	101
8	94	0	109	0	102	16	79	0	98	0	94
0	78	9	97	37	53	0	94	3	73	21	84
0	103	23	80	46	45	0	104	1	104	27	65
0	81	16	72	53	51	0	89	3	104	21	81
0	84	18	81	41	63	0	88	2	94	25	71
0	110	14	76	44	60	0	110	2	90	36	76
0	94	24	66	41	59	0	106	2	102	33	72
0	88	22	65	44	40	0	100	2	102	26	77
