Tu0:alt	Tu0:ref	Tu1:alt	Tu1:ref	Tu2:alt	Tu2:ref	Tu3:alt	Tu3:ref	Tu4:alt	Tu4:ref	Tu5:alt	Tu5:ref
31	80	42	51	40	57	36	89	52	45	28	85
40	68	32	59	31	67	30	72	52	43	32	69
33	64	36	61	33	68	23	70	51	38	21	70
30	83	47	57	44	63	28	63	56	55	24	103
33	82	43	57	38	61	24	59	57	46	21	77
22	74	33	58	35	53	39	72	63	56	27	81
31	66	50	56	30	60	39	71	54	49	15	73
37	64	45	67	23	53	34	63	42	46	18	68
0	107	0	107	0	95	0	119	37	55	0	100
0	93	0	105	0	79	0	78	45	56	0	99
0	99	0	102	0	91	0	103	52	59	0	111
0	98	0	82	0	120	0	104	41	43	0	99
0	110	0	105	18	78	0	91	0	95	0	89
0	92	35	68	0	96	22	64	0	101	0	86
0	107	29	65	0	98	23	63	0	111	0	104
0	73	36	62	0	90	25	54	0	101	0	94
32	70	0	108	0	66	0	95	0	105	21	79
28	70	0	96	0	97	0	106	0	94	25	78
43	72	0	102	0	102	0	105	0	87	19	63
24	61	0	113	0	110	0	99	0	101	20	71
34	53	0	103	0	85	0	106	0	105	28	75
40	72	0	106	0	101	0	92	0	115	18	74
40	63	0	112	0	81	0	105	0	97	31	89
36	70	0	94	0	98	0	95	0	108	18	61
26	74	0	95	0	99	0	96	0	86	24	71
39	69	0	121	0	101	0	98	0	99	19	65
32	72	0	107	0	92	0	89	0	90	25	87
36	81	0	94	0	80	0	103	0	116	19	74
37	76	0	97	0	102	0	97	0	101	18	79
26	65	0	104	0	106	0	102	0	85	19	65
40	74	0	101	0	111	0	93	0	100	17	76
21	56	0	99	0	101	0	104	0	102	16	68
26	70	0	91	0	113	0	85	0	96	22	87
25	75	0	93	0	94	0	89	0	94	23	82
29	68	0	83	0	109	0	103	0	85	20	69
0	111	39	52	0	97	30	78	0	89	0	105
0	90	29	40	0	82	31	64	0	116	0	108
0	113	30	53	0	110	31	50	0	104	0	106
0	90	42	54	0	99	38	78	0	98	0	99
0	103	38	66	0	104	26	64	0	107	0	99
0	104	41	61	0	95	32	76	0	125	0	88
0	79	38	57	0	103	40	72	0	91	0	92
0	105	41	66	0	110	36	75	0	104	0	99
0	95	58	57	0	106	31	78	0	116	0	98
0	107	30	77	0	90	30	74	0	100	0	89
0	110	43	57	0	95	24	74	0	110	0	93
0	86	39	67	0	109	28	74	0	105	0	99
0	113	35	54	0	101	30	79	0	113	0	100
0	81	31	48	0	100	29	56	0	108	0	97
0	102	47	56	0	87	32	65	0	91	0	107
0	99	0	88	0	89	0	108	47	53	0	109
0	96	0	94	0	94	0	97	43	53	0	98
0	100	0	99	0	104	0	88	60	46	0	104
0	90	0	111	0	105	0	105	50	56	0	123
0	103	0	104	0	98	0	91	54	60	0	105
0	90	0	116	37	93	0	84	0	122	0	90
0	112	0	110	43	67	0	114	0	102	0	94
0	88	0	103	39	50	0	100	0	92	0	106
0	91	0	111	28	65	0	83	0	105	0	110
0	105	0	92	42	57	0	110	0	107	0	103
0	106	0	112	40	65	0	92	0	99	0	91
0	116	0	116	38	62	0	86	0	95	0	120
0	80	0	105	29	66	0	105	0	89	0	99
0	101	0	103	27	60	0	110	0	96	0	124
0	108	0	118	41	53	0	108	0	122	0	106
0	99	0	99	39	53	0	94	0	103	0	115
0	94	0	113	31	56	0	109	0	108	0	108
0	99	0	94	41	65	0	110	0	98	0	102
0	88	0	103	25	58	0	99	0	74	0	93
0	99	0	108	27	50	0	99	0	97	0	105
0	101	0	98	38	64	0	97	0	87	0	101
0	114	0	91	34	44	0	98	0	107	0	104
0	110	0	110	40	52	0	88	0	83	0	86
0	96	0	106	43	55	0	103	0	96	0	108
0	102	0	108	28	62	0	100	0	101	0	103
0	104	0	100	38	60	0	102	0	93	0	105
0	101	0	93	27	60	0	94	0	120	0	95
0	84	0	127	38	70	0	109	0	107	0	84
0	81	0	112	33	59	0	91	0	101	0	93
0	103	0	96	49	64	0	107	0	90	0	81
0	85	0	102	34	75	0	94	0	87	0	101
0	89	0	97	28	55	0	104	0	104	0	97
0	114	0	86	36	61	0	117	0	92	0	89
0	81	0	107	45	69	0	112	0	103	0	87
0	87	0	97	41	73	0	104	0	101	0	103
27	62	46	55	33	70	26	77	38	59	20	75
32	76	39	59	26	50	29	82	64	41	13	74
26	68	40	67	34	72	45	73	48	48	23	94
35	68	41	58	41	63	22	78	52	62	16	81
30	55	38	63	40	64	28	76	64	39	23	78
24	84	37	62	37	56	27	60	51	66	20	74
29	62	33	50	33	65	24	76	49	51	14	75
30	57	40	66	48	65	34	73	34	53	16	69
33	57	31	66	34	62	36	79	52	56	18	83
36	67	39	70	30	61	34	73	57	44	20	76
32	77	33	55	27	57	42	74	48	56	23	104
29	61	40	62	40	66	28	66	54	38	24	83
29	71	41	59	44	57	30	70	41	51	20	76
25	75	42	63	42	69	31	53	42	57	28	82
28	85	35	63	39	72	30	54	43	45	20	67
