Tu0:alt	Tu0:ref	Tu1:alt	Tu1:ref	Tu2:alt	Tu2:ref	Tu3:alt	Tu3:ref	Tu4:alt	Tu4:ref	Tu5:alt	Tu5:ref
33	67	32	64	31	55	25	72	62	54	37	75
39	74	26	62	36	64	42	88	56	52	23	64
35	85	33	66	33	61	25	74	54	43	38	66
35	56	25	60	41	53	35	65	52	48	25	68
36	66	24	64	32	67	30	98	45	44	39	49
32	75	25	71	36	68	40	56	57	54	37	70
32	69	23	73	38	62	30	72	43	50	46	75
38	69	31	66	36	66	35	63	55	49	30	68
36	67	0	115	0	103	0	99	0	86	0	101
39	57	0	96	0	99	0	91	0	108	0	81
38	64	0	90	0	118	0	102	0	94	0	105
25	73	0	94	0	92	0	111	0	100	0	96
0	104	0	109	0	106	35	85	53	58	0	107
0	101	0	98	16	99	0	92	0	95	15	77
0	92	0	86	20	79	0	111	0	89	31	79
0	110	0	98	17	68	0	102	0	103	22	70
0	98	35	60	0	107	0	100	0	100	0	94
0	108	43	47	0	93	0	99	0	97	0	107
0	105	39	79	0	101	0	113	0	83	0	109
0	98	42	76	0	107	0	108	0	84	0	106
0	90	25	70	0	99	0	107	0	114	0	95
0	110	39	66	0	102	0	98	0	101	0	93
0	81	30	74	0	106	0	80	0	114	0	103
0	100	33	62	0	119	0	107	0	98	0	78
0	79	30	76	0	91	0	105	0	96	0	121
0	99	37	57	0	101	0	100	0	96	0	101
0	110	33	67	0	78	0	108	0	109	0	118
0	93	39	45	0	97	0	111	0	107	0	104
0	92	34	81	0	111	0	91	0	94	0	123
0	88	37	65	0	97	0	94	0	89	0	90
0	111	39	67	0	109	0	110	0	83	0	85
0	101	27	58	0	105	0	103	0	109	0	111
0	111	33	70	0	94	0	109	0	100	0	89
0	96	41	59	0	85	0	119	0	94	0	98
0	113	32	78	0	121	0	95	0	99	0	96
0	85	0	117	33	46	0	86	0	100	37	61
0	111	0	117	50	60	0	101	0	107	33	68
0	98	0	81	34	63	0	100	0	101	41	60
0	106	0	100	46	58	0	92	0	100	39	63
0	103	0	101	42	75	0	84	0	112	45	63
0	90	0	100	33	58	0	104	0	106	41	64
0	98	0	111	37	56	0	109	0	102	25	61
0	103	0	93	32	61	0	87	0	101	40	62
0	99	0	95	35	70	0	90	0	85	37	59
0	97	0	99	30	63	0	82	0	99	43	57
0	131	0	92	42	57	0	95	0	103	47	70
0	98	0	93	45	67	0	99	0	83	31	60
0	102	0	98	46	61	0	95	0	105	44	74
0	111	0	106	33	63	0	94	0	97	32	79
0	98	0	105	35	63	0	104	0	117	39	67
33	68	0	86	0	102	0	106	0	105	0	94
26	80	0	99	0	97	0	99	0	109	0	80
27	75	0	108	0	104	0	101	0	96	0	97
34	69	0	91	0	96	0	89	0	94	0	113
42	66	0	107	0	85	0	89	0	106	0	97
0	100	0	95	0	103	39	53	41	43	0	99
0	104	0	102	0	102	34	65	54	50	0	91
0	88	0	90	0	95	32	51	50	46	0	103
0	107	0	106	0	92	23	58	47	46	0	104
0	88	0	113	0	113	33	74	50	56	0	98
0	84	0	109	0	103	42	47	46	59	0	95
0	104	0	93	0	103	28	74	48	47	0	95
0	100	0	109	0	95	35	58	50	51	0	84
0	106	0	115	0	107	35	73	55	49	0	95
0	107	0	99	0	91	42	72	61	53	0	105
0	103	0	102	0	103	33	56	48	45	0	96
0	113	0	97	0	86	34	69	51	46	0	106
0	103	0	102	0	97	31	66	57	40	0	100
0	116	0	94	0	102	32	68	47	55	0	118
0	98	0	105	0	114	24	88	56	45	0	110
0	97	0	92	0	102	28	87	63	55	0	90
0	108	0	115	0	79	32	64	57	49	0	99
0	96	0	103	0	114	28	72	51	48	0	99
0	107	0	125	0	99	25	65	44	53	0	113
0	102	0	90	0	100	24	68	58	53	0	111
0	100	0	103	0	94	30	55	54	55	0	97
0	89	0	108	0	106	24	63	52	57	0	94
0	102	0	112	0	110	28	60	49	49	0	105
0	96	0	101	0	106	27	74	56	47	0	104
0	92	0	110	0	118	19	73	56	56	0	96
0	89	0	98	0	96	35	75	38	59	0	104
0	100	0	100	0	95	30	65	39	62	0	83
0	97	0	99	0	98	33	69	58	63	0	101
0	102	0	102	0	87	32	78	52	57	0	104
0	109	0	103	0	102	27	69	39	52	0	116
34	68	28	60	41	55	34	79	66	55	42	52
42	68	31	81	28	55	44	61	55	53	44	62
36	69	35	84	36	55	29	79	55	44	34	61
31	66	28	62	34	69	31	61	46	40	42	67
39	78	29	73	34	61	28	62	43	38	33	68
32	72	32	67	48	63	28	72	51	42	27	63
41	74	41	70	39	66	39	76	53	48	34	66
24	76	33	63	40	60	37	78	55	46	48	69
40	70	30	67	40	49	31	79	39	39	31	61
38	61	36	69	34	61	34	80	45	51	31	76
48	70	37	60	33	63	31	76	53	57	38	70
28	61	35	71	26	57	28	73	56	50	29	70
35	84	30	58	44	70	35	60	47	60	48	69
19	62	30	62	37	64	35	65	55	54	36	66
32	75	33	66	40	59	44	57	53	49	28	62
