Tu0:alt	Tu0:ref	Tu1:alt	Tu1:ref	Tu2:alt	Tu2:ref	Tu3:alt	Tu3:ref	Tu4:alt	Tu4:ref	Tu5:alt	Tu5:ref
46	63	32	61	36	54	31	72	54	42	21	74
27	67	24	69	32	73	22	88	43	55	20	66
26	69	37	60	37	51	28	73	56	46	17	72
32	69	30	70	37	50	35	72	63	46	17	64
20	75	36	67	25	61	23	69	61	49	15	71
22	68	32	77	38	51	19	69	52	44	17	80
34	61	36	75	30	63	31	63	53	49	17	68
24	81	29	65	41	62	28	66	46	38	21	79
0	97	34	65	0	101	0	104	0	88	0	113
0	103	35	68	0	90	0	100	0	79	0	82
0	85	33	64	0	101	0	88	0	110	0	79
0	96	28	72	0	103	0	102	0	91	0	95
0	96	0	108	16	88	0	98	0	116	0	96
0	111	0	101	0	88	21	79	48	51	0	113
0	99	0	105	0	135	29	80	59	50	0	102
0	103	0	99	0	109	39	72	55	52	0	113
24	63	0	104	0	108	0	87	0	105	20	80
35	62	0	92	0	93	0	85	0	98	25	78
32	85	0	97	0	104	0	106	0	108	18	91
36	65	0	84	0	90	0	108	0	86	18	80
35	63	0	88	0	116	0	102	0	88	25	76
43	57	0	94	0	120	0	106	0	100	27	93
33	79	0	109	0	106	0	85	0	105	24	82
29	78	0	108	0	107	0	98	0	107	33	55
23	72	0	98	0	111	0	102	0	78	24	67
33	59	0	97	0	106	0	113	0	97	13	87
28	56	0	98	0	102	0	105	0	107	23	100
36	67	0	80	0	107	0	107	0	117	21	71
27	71	0	97	0	89	0	103	0	98	19	77
19	74	0	110	0	96	0	98	0	125	29	88
35	64	0	117	0	105	0	83	0	96	25	82
30	71	0	83	0	116	0	100	0	102	20	68
36	69	0	110	0	104	0	98	0	102	21	73
25	63	0	102	0	70	0	101	0	113	25	74
36	58	0	99	0	123	0	110	0	89	22	78
0	86	0	85	0	106	31	59	52	51	0	93
0	82	0	116	0	96	24	62	56	59	0	78
0	125	0	129	0	90	32	79	38	46	0	97
0	109	0	118	0	103	23	63	61	50	0	113
0	89	0	107	0	79	33	55	52	42	0	115
0	92	0	98	0	108	29	73	45	43	0	82
0	110	0	109	0	94	37	79	43	39	0	103
0	84	0	99	0	105	37	53	58	62	0	93
0	103	0	96	0	98	23	82	43	56	0	106
0	107	0	108	0	106	33	68	48	53	0	97
0	74	0	76	0	89	34	85	50	49	0	113
0	77	0	119	0	103	29	60	59	44	0	101
0	103	0	80	0	87	28	64	40	46	0	108
0	98	0	103	0	101	38	63	50	46	0	85
0	86	0	106	0	109	30	54	45	45	0	77
0	106	39	67	0	89	0	108	0	125	0	103
0	102	39	70	0	91	0	97	0	125	0	96
0	115	37	78	0	105	0	106	0	108	0	110
0	98	33	56	0	81	0	94	0	101	0	106
0	102	32	58	0	96	0	79	0	107	0	106
0	103	0	89	35	60	0	124	0	101	0	115
0	96	0	109	33	52	0	105	0	95	0	119
0	109	0	104	37	58	0	115	0	107	0	102
0	113	0	102	42	53	0	112	0	107	0	97
0	115	0	101	42	44	0	118	0	90	0	92
0	95	0	89	36	59	0	90	0	83	0	86
0	107	0	95	37	68	0	110	0	106	0	93
0	106	0	95	34	49	0	92	0	92	0	79
0	108	0	119	28	53	0	105	0	102	0	92
0	88	0	104	40	62	0	91	0	80	0	99
0	99	0	91	44	57	0	100	0	98	0	74
0	104	0	100	34	58	0	95	0	111	0	92
0	90	0	98	42	66	0	84	0	101	0	102
0	100	0	102	35	58	0	102	0	108	0	91
0	115	0	101	34	61	0	101	0	108	0	93
0	107	0	92	41	62	0	106	0	106	0	100
0	94	0	108	33	66	0	116	0	104	0	86
0	105	0	88	54	60	0	100	0	96	0	90
0	101	0	95	38	56	0	90	0	106	0	110
0	83	0	99	45	61	0	101	0	100	0	98
0	85	0	100	35	54	0	112	0	79	0	102
0	108	0	86	48	62	0	98	0	102	0	97
0	98	0	80	25	65	0	126	0	105	0	109
0	102	0	119	34	58	0	107	0	110	0	114
0	116	0	99	40	62	0	96	0	98	0	96
0	113	0	99	35	70	0	109	0	109	0	102
0	83	0	103	38	77	0	89	0	101	0	108
0	96	0	89	38	64	0	95	0	119	0	110
0	89	0	100	44	60	0	100	0	114	0	90
0	105	0	104	25	73	0	108	0	95	0	96
28	79	39	47	42	76	40	88	48	52	20	78
31	65	35	50	41	58	34	69	46	50	19	76
24	64	46	71	32	52	30	70	53	43	30	76
28	62	44	51	34	48	32	63	53	43	14	81
25	72	47	52	27	63	24	72	58	50	32	71
41	73	43	49	30	61	33	69	54	54	20	85
38	83	36	60	32	61	32	72	62	54	21	79
37	72	38	49	36	60	34	81	56	55	24	89
23	54	30	55	45	82	24	87	55	53	16	64
24	86	36	60	43	61	41	75	55	51	23	88
30	62	44	51	39	61	38	83	44	60	25	85
23	61	45	68	47	62	24	89	49	57	27	96
31	76	28	65	39	63	34	66	47	45	25	78
37	68	42	55	31	87	27	75	51	44	20	76
27	56	40	58	49	67	32	56	54	39	24	83
