chr	posStart	posEnd	length	chrIdxStart	chrIdxEnd	numProbe	log2ratio.Mean	log2ratio.SD	log2ratio.Median	log2ratio.MAD	log2mBAF.Mean	log2mBAF.SD	log2mBAF.Median	log2mBAF.MAD	Sample_ID	remark	log2ratio.base.Mean	log2ratio.base.Median	log2ratio.Sigma	log2mBAF.base.Mean	log2mBAF.base.Median	log2mBAF.Sigma	log2ratio.Mean.adj	log2ratio.Median.adj	log2mBAF.Mean.adj	log2mBAF.Median.adj	log2ratio.p.value	log2mBAF.p.value	p.value	CNV
chr1	881627	153743234	152861608	1	1192	1192	-0.108937646551471	0.388172008368796	-0.120688831383737	0.347460320793347	0.307123905942007	0.164881236570932	0.321481854526429	0.158606453969166	ATP456_Met8T	0	0.195809365028222	0.197749645962465	0.313257981614285	0.0234646438085026	0.0117292925821069	0.124613074319105	-0.304747011579693	-0.318438477346202	0.283659262133504	0.309752561944322	0	0	0	loss
chr1	154026642	186648197	32621556	1193	1530	338	0.341573465553304	0.459396118751146	0.316138582870001	0.41624256523017	0.0854237887845799	0.143270624813166	0.0683407857234848	0.157123700875173	ATP456_Met8T	0	0.195809365028222	0.197749645962465	0.313257981614285	0.0234646438085026	0.0117292925821069	0.124613074319105	0.145764100525082	0.118388936907536	0.0619591449760773	0.0566114931413778	0.223	0	0.064	undecided
chr1	190424003	248814126	58390124	1531	2116	586	-0.174971281859704	0.343684926655791	-0.185341426303794	0.316961692612306	0.309001467766504	0.157519717881221	0.324306393286117	0.153720435365526	ATP456_Met8T	0	0.195809365028222	0.197749645962465	0.313257981614285	0.0234646438085026	0.0117292925821069	0.124613074319105	-0.370780646887925	-0.383091072266259	0.285536823958001	0.31257710070401	0	0	0	loss
chr2	224970	242690675	242465706	1	1447	1447	0.156165317387991	0.394694744909099	0.159567437556003	0.358017222277393	0.0239849194207175	0.119600128372901	0.0135344725714548	0.112491923590345	ATP456_Met8T	0	0.195809365028222	0.197749645962465	0.313257981614285	0.0234646438085026	0.0117292925821069	0.124613074319105	-0.039644047640231	-0.0381822084064619	0.000520275612214884	0.00180517998934789	0.722	0.833	0.796	normal
chr3	2924986	88199298	85274313	1	536	536	-0.149435319166958	0.34465848795129	-0.142944728383559	0.354633675060763	0.302859885451271	0.148743419740895	0.315636323910695	0.151024179970307	ATP456_Met8T	0	0.195809365028222	0.197749645962465	0.313257981614285	0.0234646438085026	0.0117292925821069	0.124613074319105	-0.34524468419518	-0.340694374346024	0.279395241642768	0.303907031328588	0	0	0	loss
chr3	89456555	197765432	108308878	537	1192	656	0.104628227182244	0.392098702212914	0.109354922135886	0.347646872153042	0.0200385364484402	0.113432093052572	0.0130819194067378	0.107322671164271	ATP456_Met8T	0	0.195809365028222	0.197749645962465	0.313257981614285	0.0234646438085026	0.0117292925821069	0.124613074319105	-0.0911811378459776	-0.0883947238265791	-0.00342610736006243	0.00135262682463089	0.312	0.888	0.358	normal
chr4	266124	190878597	190612474	1	913	913	-0.0127123936159251	0.390191701708337	-0.00663273011906279	0.389103137319819	0.155262758296707	0.185092697670572	0.133266530863464	0.204551735212786	ATP456_Met8T	0	0.195809365028222	0.197749645962465	0.313257981614285	0.0234646438085026	0.0117292925821069	0.124613074319105	-0.208521758644147	-0.204382376081528	0.131798114488204	0.121537238281357	0.014	0	0	loss
chr5	163266	180687212	180523947	1	986	986	0.137443406301188	0.413414013137593	0.151813767269819	0.370196933769706	0.0208087827821738	0.123853687428767	0.00605693343987728	0.105724151356832	ATP456_Met8T	0	0.195809365028222	0.197749645962465	0.313257981614285	0.0234646438085026	0.0117292925821069	0.124613074319105	-0.0583659587270337	-0.0459358786926461	-0.00265586102632879	-0.00567235914222964	0.684	0.621	0.696	normal
chr6	348051	69666684	69318634	1	622	622	0.172163973536635	0.396923085926556	0.16922718758336	0.341761667143175	0.0228043286397939	0.12999003794957	0.0124938536430929	0.124852134841989	ATP456_Met8T	0	0.195809365028222	0.197749645962465	0.313257981614285	0.0234646438085026	0.0117292925821069	0.124613074319105	-0.0236453914915863	-0.0285224583791051	-0.00066031516870875	0.000764561060985937	0.774	0.943	0.883	normal
chr6	70778297	170862336	100084040	623	1108	486	-0.234791367210789	0.316864726159704	-0.230138771766219	0.295614194617867	0.310740361819545	0.13924270408047	0.320965617940368	0.128916906993552	ATP456_Met8T	0	0.195809365028222	0.197749645962465	0.313257981614285	0.0234646438085026	0.0117292925821069	0.124613074319105	-0.430600732239011	-0.427888417728684	0.287275718011043	0.309236325358261	0	0	0	loss
chr7	299850	158727276	158427427	1	990	990	0.370638297883222	0.461121717543047	0.390319205048633	0.430118335177586	0.137261033249367	0.145646816233318	0.136649917444223	0.146284423841445	ATP456_Met8T	0	0.195809365028222	0.197749645962465	0.313257981614285	0.0234646438085026	0.0117292925821069	0.124613074319105	0.174828932855	0.192569559086168	0.113796389440865	0.124920624862116	0.035	0	0	gain
chr8	382957	37728019	37345063	1	274	274	-0.177414548009515	0.317810156494656	-0.190170000122632	0.255320571731569	0.318322729392279	0.149501817019673	0.321820889927459	0.147692730563146	ATP456_Met8T	0	0.195809365028222	0.197749645962465	0.313257981614285	0.0234646438085026	0.0117292925821069	0.124613074319105	-0.373223913037737	-0.387919646085097	0.294858085583776	0.310091597345352	0	0	0	loss
chr8	38810864	146171437	107360574	275	709	435	0.152977175765669	0.421685679549816	0.147325522918183	0.359658359929998	0.0278944484217734	0.13594564914122	0.0100194658268593	0.109334431052062	ATP456_Met8T	0	0.195809365028222	0.197749645962465	0.313257981614285	0.0234646438085026	0.0117292925821069	0.124613074319105	-0.0428321892625531	-0.0504241230442816	0.00442980461327076	-0.00170982675524762	0.635	0.872	0.635	normal
chr9	271638	33568763	33297126	1	154	154	-0.262478336595011	0.348886718305179	-0.282305692793087	0.355715613612471	0.278561509509257	0.156404895552734	0.301920687710709	0.144996155553823	ATP456_Met8T	0	0.195809365028222	0.197749645962465	0.313257981614285	0.0234646438085026	0.0117292925821069	0.124613074319105	-0.458287701623233	-0.480055338755552	0.255096865700755	0.290191395128602	0	0	0	loss
chr9	33924136	140777306	106853171	155	806	652	0.267736972429975	0.390151901391555	0.255539352226088	0.339576912120191	0.0327034349074254	0.123759784215374	0.0199191092192013	0.118039518278198	ATP456_Met8T	0	0.195809365028222	0.197749645962465	0.313257981614285	0.0234646438085026	0.0117292925821069	0.124613074319105	0.0719276074017531	0.0577897062636235	0.00923879109892276	0.00818981663709441	0.564	0.498	0.605	normal
chr10	94026	135351228	135257203	1	853	853	0.209372249868578	0.367979736792509	0.206179647599802	0.32473893254891	0.0174185612123056	0.123183125008903	0.00548553908372949	0.115785288077791	ATP456_Met8T	0	0.195809365028222	0.197749645962465	0.313257981614285	0.0234646438085026	0.0117292925821069	0.124613074319105	0.0135628848403565	0.00843000163733676	-0.00604608259619699	-0.00624375349837743	0.946	0.57	0.942	normal
chr11	193865	55135876	54942012	1	486	486	-0.116178980027219	0.374493329170727	-0.131881007881797	0.336996240975839	0.287115309200394	0.168656701943859	0.305379525820467	0.17566087041061	ATP456_Met8T	0	0.195809365028222	0.197749645962465	0.313257981614285	0.0234646438085026	0.0117292925821069	0.124613074319105	-0.31198834505544	-0.329630653844262	0.263650665391891	0.29365023323836	0	0	0	loss
chr11	55339829	134241094	78901266	487	1155	669	0.17331968828337	0.408553666206851	0.182210355834601	0.38473120034857	0.0175395975238613	0.125933551167221	0.00113867017820204	0.107054808946356	ATP456_Met8T	0	0.195809365028222	0.197749645962465	0.313257981614285	0.0234646438085026	0.0117292925821069	0.124613074319105	-0.0224896767448516	-0.015539290127864	-0.00592504628464129	-0.0105906224039049	0.892	0.29	0.849	normal
chr12	336712	66765404	66428693	1	422	422	0.306831799911809	0.488559046100825	0.35986268467276	0.460447851296185	0.110909747256706	0.160077399868712	0.104112513952147	0.166676854481801	ATP456_Met8T	0	0.195809365028222	0.197749645962465	0.313257981614285	0.0234646438085026	0.0117292925821069	0.124613074319105	0.111022434883588	0.162113038710295	0.0874451034482038	0.0923832213700406	0.085	0	0	LOH
chr12	66856667	133780851	66924185	423	881	459	0.214542904249383	0.39592085053301	0.214793277175963	0.381345463277972	0.45874808275562	0.141294697254395	0.473645477856998	0.127846566143807	ATP456_Met8T	0	0.195809365028222	0.197749645962465	0.313257981614285	0.0234646438085026	0.0117292925821069	0.124613074319105	0.0187335392211611	0.0170436312134979	0.435283438947118	0.461916185274891	0.884	0	0	LOH
chr13	19751544	115037613	95286070	1	390	390	-0.158566333070673	0.3487399997246	-0.18420248759936	0.307157881981807	0.281573057281748	0.151370805831648	0.289408880250124	0.141479244083001	ATP456_Met8T	0	0.195809365028222	0.197749645962465	0.313257981614285	0.0234646438085026	0.0117292925821069	0.124613074319105	-0.354375698098895	-0.381952133561825	0.258108413473246	0.277679587668017	0	0	0	loss
chr14	19553764	107099190	87545427	1	751	751	0.181548666181588	0.381371572272539	0.195966964468824	0.339880256558897	0.0142482209452842	0.118787863899241	0.00996816909123587	0.118415532309696	ATP456_Met8T	0	0.195809365028222	0.197749645962465	0.313257981614285	0.0234646438085026	0.0117292925821069	0.124613074319105	-0.0142606988466343	-0.00178268149364058	-0.00921642286321842	-0.00176112349087105	0.994	0.87	0.999	normal
chr15	20170150	102261453	82091304	1	626	626	0.38543734696474	0.416126761330305	0.412889820995742	0.402606763663988	0.128976776293504	0.150209763091902	0.125785043518399	0.152417915979652	ATP456_Met8T	0	0.195809365028222	0.197749645962465	0.313257981614285	0.0234646438085026	0.0117292925821069	0.124613074319105	0.189627981936519	0.215140175033277	0.105512132485001	0.114055750936292	0.008	0	0	gain
chr16	334580	90141355	89806776	1	678	678	0.333670462496122	0.396063000139381	0.311475901808865	0.367512686702566	0.0373066698652579	0.136514876163858	0.0188686472221303	0.128152343428816	ATP456_Met8T	0	0.195809365028222	0.197749645962465	0.313257981614285	0.0234646438085026	0.0117292925821069	0.124613074319105	0.1378610974679	0.1137262558464	0.0138420260567553	0.0071393546400234	0.237	0.501	0.248	normal
chr17	11830	21318773	21306944	1	429	429	-0.0508424239646638	0.384035818135589	-0.0602137703239069	0.358748858907622	0.314524594659187	0.170349383893958	0.312721529934147	0.162244763875305	ATP456_Met8T	0	0.195809365028222	0.197749645962465	0.313257981614285	0.0234646438085026	0.0117292925821069	0.124613074319105	-0.246651788992886	-0.257963416286372	0.291059950850685	0.30099223735204	0	0	0	loss
chr17	21318897	81043175	59724279	430	1069	640	0.304795893685488	0.377633821434937	0.306663038901531	0.367571699640174	0.0286915214086107	0.125902416634633	0.0143541220647311	0.103020792385484	ATP456_Met8T	0	0.195809365028222	0.197749645962465	0.313257981614285	0.0234646438085026	0.0117292925821069	0.124613074319105	0.108986528657267	0.108913392939066	0.00522687760010809	0.00262482948262418	0.267	0.817	0.268	normal
chr18	49515	22020543	21971029	1	137	137	0.0985427999811424	0.371227324234775	0.0786993236806994	0.359443440272011	0.0328234553818844	0.127575022520394	0.0266283687223382	0.113821598436825	ATP456_Met8T	0	0.195809365028222	0.197749645962465	0.313257981614285	0.0234646438085026	0.0117292925821069	0.124613074319105	-0.0972665650470793	-0.119050322281765	0.00935881157338174	0.0148990761402313	0.281	0.224	0.287	normal
chr18	23873463	77805949	53932487	138	351	214	-0.214781913144988	0.315555871676374	-0.205624506592316	0.267586859725922	0.305298754428487	0.152695393303562	0.322575478839673	0.139009627293792	ATP456_Met8T	0	0.195809365028222	0.197749645962465	0.313257981614285	0.0234646438085026	0.0117292925821069	0.124613074319105	-0.41059127817321	-0.403374152554781	0.281834110619984	0.310846186257566	0	0	0	loss
chr19	281360	56691912	56410553	1	1207	1207	-0.059334966031974	0.374130426703328	-0.0602137703239069	0.36757733143146	0.307616658175227	0.168915262072893	0.303582176588476	0.161388644241868	ATP456_Met8T	0	0.195809365028222	0.197749645962465	0.313257981614285	0.0234646438085026	0.0117292925821069	0.124613074319105	-0.255144331060196	-0.257963416286372	0.284152014366724	0.291852884006369	0	0	0	loss
chr19	56694505	59082605	2388101	1208	1297	90	0.438407675148951	0.318548445667792	0.451355323867446	0.327090666758411	0.0259498354311555	0.112518001993952	0.00322305370881735	0.101698146131996	ATP456_Met8T	0	0.195809365028222	0.197749645962465	0.313257981614285	0.0234646438085026	0.0117292925821069	0.124613074319105	0.242598310120729	0.253605677904981	0.00248519162265286	-0.00850623887328957	0.027	0.521	0.034	undecided
chr20	76962	62859179	62782218	1	498	498	0.246937455938126	0.360860462163228	0.252516122032844	0.338406501616475	0.020661172511531	0.123327520002508	0.015028581483433	0.123974665349722	ATP456_Met8T	0	0.195809365028222	0.197749645962465	0.313257981614285	0.0234646438085026	0.0117292925821069	0.124613074319105	0.0511280909099039	0.0547664760703793	-0.00280347129697157	0.00329928890132609	0.621	0.736	0.621	normal
chr21	10916293	47987547	37071255	1	258	258	-0.125405992896025	0.372016883328327	-0.146875559275995	0.348805825179637	0.30515283355508	0.163983388979352	0.304111655888051	0.156659322746866	ATP456_Met8T	0	0.195809365028222	0.197749645962465	0.313257981614285	0.0234646438085026	0.0117292925821069	0.124613074319105	-0.321215357924246	-0.34462520523846	0.281688189746577	0.292382363305944	0	0	0	loss
chr22	17586471	51117580	33531110	1	375	375	-0.0260550679223917	0.372683816727316	-0.029625450490484	0.34462456710415	0.314693824702475	0.16516903658986	0.315775867905767	0.153376376112872	ATP456_Met8T	0	0.195809365028222	0.197749645962465	0.313257981614285	0.0234646438085026	0.0117292925821069	0.124613074319105	-0.221864432950613	-0.227375096452949	0.291229180893973	0.30404657532366	0.001	0	0	loss
