PSec1:ref	PSec1:alt	PSec2:ref	PSec2:alt	M4:ref	M4:alt	M1:ref	M1:alt	M3:ref	M3:alt	M2:ref	M2:alt
94	97	96	98	117	84	96	84	99	109	91	90
159	28	205	0	206	0	139	48	101	103	138	31
124	69	120	88	113	103	159	59	198	0	122	63
171	29	161	0	209	0	151	39	106	97	182	27
129	88	96	99	127	97	162	42	201	0	121	56
106	86	95	104	89	90	182	51	203	0	133	71
198	0	240	0	185	0	130	60	77	91	165	43
216	0	220	0	217	0	153	62	98	99	174	36
182	0	185	0	207	0	150	52	101	88	172	18
214	0	196	0	176	0	140	63	81	93	189	33
190	0	157	0	199	0	147	52	93	104	168	28
133	75	79	100	86	90	145	46	209	0	131	54
135	72	100	99	98	117	128	34	192	0	131	79
135	73	84	102	90	123	151	44	197	0	132	68
126	70	101	94	102	89	152	43	205	0	123	67
139	85	86	102	112	94	161	49	204	0	113	81
224	0	199	0	180	0	145	59	95	101	204	35
200	0	190	0	203	0	193	13	191	0	187	21
130	80	98	101	111	104	167	50	216	0	147	68
193	0	237	0	212	0	156	34	201	0	200	0
204	0	216	0	189	0	209	0	87	98	204	0
107	81	103	104	95	114	172	49	206	0	153	72
214	0	174	0	192	0	189	0	210	0	173	33
113	79	107	105	109	113	156	43	204	0	109	69
183	0	222	0	164	0	203	0	95	116	216	0
202	0	191	0	203	0	147	45	178	0	199	0
161	16	122	61	98	86	200	0	205	0	207	0
185	0	200	0	214	0	158	44	188	0	195	0
228	0	223	0	84	80	199	0	192	0	198	0
185	0	212	0	213	0	217	0	194	0	163	23
191	0	232	0	220	0	191	0	197	0	172	25
191	26	93	67	207	0	199	0	205	0	209	0
198	0	192	0	192	0	190	0	131	80	236	0
185	0	180	0	207	0	195	0	199	0	167	24
199	0	198	0	208	0	226	0	182	0	153	33
170	17	124	77	219	0	193	0	194	0	207	0
225	0	175	0	206	0	187	0	171	27	182	0
215	0	201	0	195	0	205	0	160	29	175	0
185	0	200	0	196	10	206	0	223	0	195	0
207	0	197	0	189	15	187	0	203	0	213	0
232	0	183	0	149	53	168	0	214	0	187	0
