PSec1:ref	PSec1:alt	PSec2:ref	PSec2:alt	M4:ref	M4:alt	M1:ref	M1:alt	M3:ref	M3:alt	M2:ref	M2:alt
105	100	108	103	94	103	99	97	102	93	65	98
94	88	96	97	95	111	190	23	175	36	104	122
218	0	191	0	200	0	95	90	108	77	207	0
102	116	136	85	98	101	174	11	165	28	109	84
100	103	147	72	95	86	200	20	175	19	92	115
188	0	215	0	193	0	124	66	145	61	230	0
199	0	216	0	167	0	124	88	141	84	206	0
198	0	180	0	203	0	98	82	137	54	217	0
100	107	99	66	90	105	164	13	146	27	98	103
192	0	229	0	209	0	109	77	140	72	188	0
201	0	189	0	199	0	113	87	117	75	189	0
186	0	175	0	210	0	120	66	133	74	220	0
103	98	138	80	82	87	185	17	161	29	111	113
91	99	117	93	94	98	188	19	150	32	100	81
101	91	104	82	98	112	161	13	178	26	101	97
93	102	121	87	102	99	181	22	166	27	88	77
91	89	123	81	93	99	173	20	173	30	100	88
115	67	122	83	167	0	227	0	200	0	213	0
200	0	176	0	221	0	112	70	205	0	218	0
179	0	226	0	211	0	222	0	123	63	211	0
213	0	173	0	209	0	179	17	163	31	208	0
190	0	226	0	85	117	193	0	193	0	213	0
207	0	220	0	197	0	183	0	129	70	171	0
214	0	227	0	201	0	210	0	170	35	209	0
223	0	198	0	191	0	174	12	207	0	180	0
193	0	202	0	223	0	215	0	135	78	227	0
211	0	199	0	92	95	217	0	203	0	203	0
202	0	214	0	192	0	178	0	204	0	88	113
210	0	212	0	216	0	206	0	117	72	193	0
197	0	193	0	218	0	163	11	218	0	225	0
211	0	166	0	122	102	199	0	205	0	198	0
221	0	216	0	186	0	202	0	137	64	205	0
200	0	213	0	183	0	210	0	203	0	190	21
200	0	195	0	197	0	200	0	178	54	203	0
181	0	192	0	238	0	214	0	169	14	193	0
