PSec1:ref	PSec1:alt	PSec2:ref	PSec2:alt	M4:ref	M4:alt	M1:ref	M1:alt	M3:ref	M3:alt	M2:ref	M2:alt
85	112	111	87	87	93	117	81	99	100	113	98
212	0	216	0	95	100	198	0	215	0	177	13
204	0	178	0	194	0	135	69	175	0	117	101
93	106	128	49	179	0	163	22	92	105	212	0
93	115	134	74	241	0	198	26	90	107	201	0
204	0	199	0	107	109	211	0	215	0	193	14
202	0	210	0	191	0	122	71	201	0	108	82
205	0	219	0	103	95	190	0	225	0	151	13
90	107	136	47	197	0	193	24	107	108	219	0
193	0	209	0	121	97	206	0	189	0	198	25
91	101	118	54	186	0	173	24	104	87	191	0
192	0	198	0	90	96	215	0	229	0	175	11
87	100	123	54	209	0	187	33	101	106	209	0
211	0	192	0	85	104	206	0	191	0	177	21
211	0	204	0	90	130	182	0	192	0	180	21
214	0	218	0	102	115	196	0	178	0	178	18
216	0	214	0	198	0	206	0	200	0	131	89
204	0	184	0	219	0	221	0	167	0	112	95
229	0	219	0	208	0	195	0	210	0	106	72
192	0	190	0	214	0	191	0	204	0	119	60
94	106	125	77	212	0	176	31	101	108	209	0
189	0	203	0	117	107	207	0	203	0	186	19
206	0	194	0	221	0	225	0	189	0	164	21
186	0	208	0	191	0	194	0	208	0	172	15
99	107	132	73	199	0	190	32	94	92	187	0
206	0	180	23	171	0	204	0	204	0	200	0
193	0	214	0	195	0	200	27	165	40	201	0
195	0	208	0	194	0	178	23	163	54	201	0
214	0	205	0	214	0	201	0	159	57	189	0
194	0	232	0	193	0	203	0	207	0	177	17
204	0	196	0	94	124	200	0	210	0	203	0
201	0	211	0	200	0	202	0	143	35	188	0
216	0	214	0	201	0	189	0	158	57	205	0
177	0	188	0	111	106	181	0	179	0	193	0
