PSec1:ref	PSec1:alt	PSec2:ref	PSec2:alt	M4:ref	M4:alt	M1:ref	M1:alt	M3:ref	M3:alt	M2:ref	M2:alt
97	95	106	89	91	97	98	106	98	123	93	105
200	15	204	0	199	0	117	66	103	114	203	0
186	0	189	0	121	86	192	26	183	0	93	98
221	0	196	0	195	0	204	0	194	0	94	107
214	0	189	0	108	76	176	13	185	0	210	0
195	0	219	0	198	0	135	92	96	108	202	0
192	0	195	0	105	95	164	11	224	0	223	0
203	0	206	0	202	10	202	0	169	0	183	0
213	0	192	0	206	0	113	89	97	88	207	0
204	0	199	0	109	83	168	23	197	0	213	0
184	0	202	0	194	0	122	81	93	107	208	0
202	0	189	0	215	0	184	0	185	0	104	82
198	0	204	0	188	8	215	0	192	0	235	0
188	0	198	0	183	12	202	0	196	0	203	0
206	0	185	0	200	0	125	71	99	117	227	0
182	0	175	0	111	79	167	20	203	0	191	0
220	0	200	0	123	86	187	21	222	0	207	0
196	0	210	0	194	0	202	0	215	0	91	113
192	0	198	0	190	13	187	0	233	0	179	0
122	66	140	70	227	0	207	0	186	0	220	0
185	0	201	0	223	0	125	78	101	102	219	0
187	0	188	0	218	0	182	0	178	0	94	91
225	0	205	0	171	10	217	0	209	0	193	0
164	75	125	65	191	0	187	0	196	0	206	0
205	0	194	0	191	0	195	0	207	0	160	18
204	0	216	0	202	0	221	0	205	0	181	23
206	0	191	0	195	0	114	72	171	51	188	0
133	71	136	70	184	0	179	0	206	0	174	0
207	0	218	0	193	0	193	0	194	0	128	71
202	0	183	0	208	0	129	88	198	0	224	0
211	0	188	0	219	0	203	0	202	0	117	76
175	0	200	0	178	0	128	75	186	0	200	0
187	0	225	0	188	0	199	0	214	0	133	81
146	59	123	64	194	0	194	0	188	0	193	0
194	0	202	0	180	0	126	79	208	0	195	0
207	0	200	0	188	0	204	0	196	0	125	88
194	0	204	0	235	0	185	0	177	0	115	59
180	0	196	0	181	0	189	0	204	0	138	76
136	51	115	67	223	0	210	0	197	0	215	0
195	0	202	0	190	0	189	15	227	0	207	0
203	0	211	0	206	0	207	0	223	0	110	81
199	0	188	20	187	0	190	0	204	0	192	0
180	0	209	0	199	0	174	19	210	0	213	0
232	0	238	0	183	0	179	14	195	0	216	0
214	0	217	0	199	0	199	13	205	0	196	0
192	0	215	0	218	0	138	63	230	0	195	0
204	0	184	0	230	0	140	53	217	0	192	0
