PSec1:ref	PSec1:alt	PSec2:ref	PSec2:alt	M4:ref	M4:alt	M1:ref	M1:alt	M3:ref	M3:alt	M2:ref	M2:alt
90	112	85	104	100	114	116	113	111	102	108	99
123	73	114	76	216	0	214	0	182	0	203	0
181	24	174	0	177	0	183	0	180	0	203	0
170	0	133	62	202	0	209	0	175	0	178	0
236	0	210	0	70	108	132	96	95	96	106	103
197	0	203	0	174	0	103	75	213	0	192	0
200	0	208	0	85	104	174	23	211	0	183	0
209	0	204	0	99	105	186	18	195	0	190	0
188	0	189	0	221	0	188	0	102	100	108	111
207	0	193	0	220	0	205	0	100	86	95	106
228	0	196	0	182	0	211	0	95	105	99	96
202	0	218	0	221	0	209	0	200	0	140	42
198	0	197	0	184	0	180	0	174	0	180	28
177	0	210	0	200	0	194	0	120	113	202	0
192	0	188	0	106	111	206	18	181	0	214	0
209	0	191	0	108	109	191	18	192	0	210	0
189	0	200	0	110	110	193	18	231	0	203	0
187	0	200	0	98	107	174	15	174	0	202	0
194	0	208	0	171	0	188	0	99	95	169	0
179	0	203	0	111	109	178	25	218	0	195	0
210	0	188	0	97	105	210	0	184	0	211	0
213	0	205	0	142	52	195	0	209	0	185	0
