PSec1:ref	PSec1:alt	PSec2:ref	PSec2:alt	M4:ref	M4:alt	M1:ref	M1:alt	M3:ref	M3:alt	M2:ref	M2:alt
97	88	94	103	101	98	94	85	106	112	114	86
85	92	80	101	99	73	222	0	119	105	107	89
99	109	87	99	89	105	198	0	120	115	102	105
207	0	201	0	204	0	93	108	197	0	236	0
182	0	182	0	189	0	183	0	217	0	95	95
209	0	200	0	199	0	99	101	210	0	189	0
115	92	84	103	95	119	199	0	101	100	199	0
90	100	98	99	99	86	180	0	96	107	209	0
208	0	192	0	212	0	193	17	206	0	211	0
209	0	214	0	202	0	192	19	208	0	207	0
172	0	195	0	193	0	194	0	217	0	108	96
216	0	201	0	170	0	124	67	204	0	199	0
105	107	108	109	91	108	202	0	100	89	217	0
206	0	206	0	204	0	198	0	93	92	195	0
170	40	98	93	105	96	188	0	213	0	193	0
204	0	197	0	177	0	179	0	213	0	92	111
208	0	183	0	184	0	206	0	113	93	211	0
189	0	202	0	198	0	182	0	180	0	108	87
173	0	200	0	97	111	189	0	206	0	185	0
227	0	184	0	107	100	212	0	182	0	224	0
214	0	187	0	203	0	194	0	181	0	90	101
218	0	194	0	111	110	188	0	192	0	208	0
223	0	195	0	205	0	178	0	182	0	105	86
201	0	119	81	197	0	200	0	178	0	190	0
202	0	206	0	215	0	202	0	211	0	95	109
206	0	185	0	215	0	189	0	209	0	95	95
206	0	105	86	172	0	204	0	207	0	197	0
198	0	224	0	91	107	209	0	187	0	196	0
213	0	198	0	219	0	210	0	209	0	140	56
220	0	208	0	202	0	212	0	152	20	182	0
192	0	188	0	180	0	169	0	188	0	181	12
221	0	215	0	208	0	213	0	198	0	180	18
213	0	203	0	203	0	190	0	202	0	170	15
217	0	225	0	179	22	172	0	175	0	191	0
221	0	212	0	204	15	181	0	189	0	187	0
