PSec1:ref	PSec1:alt	PSec2:ref	PSec2:alt	M4:ref	M4:alt	M1:ref	M1:alt	M3:ref	M3:alt	M2:ref	M2:alt
98	95	112	96	115	89	97	100	112	85	108	106
205	13	195	0	225	0	217	0	183	0	192	0
175	51	105	91	110	92	98	82	91	113	88	75
185	0	193	0	201	0	213	0	87	95	191	0
205	0	181	0	207	0	92	106	203	0	103	91
212	0	224	0	189	0	157	0	108	111	201	0
186	0	163	0	219	0	101	94	202	0	102	95
194	0	220	0	188	0	87	104	186	0	89	99
166	21	103	103	86	109	210	0	214	0	186	0
219	0	190	0	183	0	191	0	106	89	207	0
199	0	187	0	220	0	114	97	208	0	124	91
219	0	212	0	202	0	92	104	178	0	96	84
166	29	96	115	96	112	195	0	200	0	181	0
172	29	92	98	107	100	204	0	203	0	208	0
194	0	205	0	195	0	108	88	186	0	120	98
189	0	185	0	228	0	106	82	209	0	73	82
194	0	221	0	239	0	196	0	193	0	105	104
229	0	217	0	195	0	210	0	98	92	188	0
175	31	107	103	110	108	195	0	195	0	180	0
183	0	202	0	179	0	220	0	216	0	91	99
210	0	194	0	208	0	208	0	201	0	93	98
199	0	199	0	197	0	200	0	84	111	208	0
186	0	209	0	206	0	204	0	101	87	210	0
165	18	99	100	102	90	182	0	180	0	195	0
195	0	212	0	201	0	211	0	153	31	212	0
216	0	193	0	203	0	196	0	227	0	181	30
183	17	95	90	98	102	213	0	177	0	226	0
203	0	203	0	86	97	184	0	170	0	207	0
206	0	176	19	216	0	223	0	192	0	224	0
170	0	164	27	179	0	188	0	167	0	221	0
175	0	213	0	106	95	180	0	181	0	205	0
234	0	179	18	198	0	202	0	209	0	222	0
202	0	178	0	159	29	215	0	193	0	208	0
