PSec1:ref	PSec1:alt	PSec2:ref	PSec2:alt	M4:ref	M4:alt	M1:ref	M1:alt	M3:ref	M3:alt	M2:ref	M2:alt
95	116	85	98	109	95	73	122	100	98	97	92
138	31	119	74	124	105	107	93	86	115	118	105
146	31	128	79	87	92	118	106	103	101	115	88
164	41	116	54	119	101	119	80	96	92	102	100
165	42	105	94	112	103	99	96	100	104	103	101
160	44	108	85	101	94	94	110	111	82	106	114
182	34	94	86	89	115	85	102	98	106	92	110
209	0	197	0	111	106	212	0	175	0	219	0
187	0	202	0	173	0	155	0	197	0	102	101
203	0	168	0	199	0	195	0	103	97	198	0
198	0	184	0	188	0	178	0	186	0	202	28
187	0	212	0	190	0	206	0	182	0	126	63
193	0	196	0	114	102	208	0	191	0	190	0
193	0	203	0	183	0	210	0	113	92	195	0
209	0	198	0	192	0	219	0	137	65	214	0
209	0	190	0	205	0	192	0	179	23	193	0
