PSec1:ref	PSec1:alt	PSec2:ref	PSec2:alt	M5:ref	M5:alt	M4:ref	M4:alt	M1:ref	M1:alt	M3:ref	M3:alt	M2:ref	M2:alt
91	112	98	106	92	116	114	99	113	86	131	98	108	107
195	0	193	0	189	0	185	0	207	0	189	0	116	97
121	94	104	99	109	118	104	110	190	0	202	0	218	0
213	0	160	0	214	0	219	0	95	110	205	0	177	0
190	0	190	0	205	0	208	0	221	0	196	0	100	111
217	0	202	0	197	0	221	0	171	0	94	107	206	0
217	0	210	0	197	0	208	0	212	0	94	85	203	0
200	0	178	0	194	0	189	0	107	74	203	0	236	0
198	0	188	0	222	0	177	0	218	0	112	111	211	0
109	74	114	99	100	131	87	99	215	0	212	0	229	0
212	0	200	0	191	0	190	0	94	98	216	0	200	0
199	0	206	0	185	0	199	0	210	0	89	96	197	0
182	0	190	0	192	0	194	0	224	0	97	90	196	0
207	0	159	0	164	0	214	0	227	0	196	0	99	109
208	0	171	0	221	0	238	0	191	0	202	0	94	104
198	0	206	0	212	0	192	0	157	35	193	0	205	0
201	0	196	0	184	0	198	0	192	0	104	108	199	0
164	0	200	0	201	0	197	0	139	44	193	0	227	0
129	94	101	100	101	107	89	112	192	0	193	0	199	0
162	0	196	0	188	0	183	0	202	0	105	121	200	0
118	91	163	41	96	84	185	0	195	0	200	0	207	0
168	0	186	0	207	0	197	0	200	0	196	0	133	52
169	0	200	0	214	0	200	0	198	0	200	0	144	37
206	0	205	0	194	0	86	105	214	0	178	0	217	0
125	92	174	47	203	0	198	0	194	0	210	0	216	0
103	72	160	49	175	0	190	0	175	0	201	0	183	0
193	0	204	0	216	0	191	0	215	0	88	103	193	0
207	0	180	0	85	101	206	0	199	0	201	0	198	0
113	97	153	51	176	0	191	0	207	0	170	0	179	0
199	0	200	0	192	0	202	0	203	0	93	102	187	0
224	0	215	0	192	0	103	103	175	0	197	0	192	0
204	0	185	0	209	0	110	97	183	0	209	0	203	0
180	0	210	0	99	95	214	0	211	0	204	0	204	0
203	0	190	0	94	98	182	0	196	0	196	0	192	0
123	97	158	44	202	0	179	0	190	0	206	0	187	0
219	0	210	0	203	0	113	113	192	0	214	0	210	0
190	0	191	0	200	0	101	97	204	0	188	0	196	0
199	0	200	0	218	0	97	80	205	0	194	0	174	0
132	109	133	46	196	0	199	0	216	0	183	0	194	0
226	0	176	14	173	0	213	0	213	0	190	0	227	0
172	0	190	0	93	99	229	0	213	0	191	0	224	0
184	0	177	0	192	0	91	91	174	0	162	0	191	0
198	0	195	0	195	0	212	0	194	0	199	19	214	0
193	0	198	0	200	0	164	0	200	0	165	43	202	0
190	0	181	0	199	0	200	0	211	0	158	44	201	0
172	0	203	0	186	0	147	60	186	0	200	0	187	0
176	0	209	0	165	0	187	15	221	0	204	0	203	0
217	0	197	0	159	27	166	0	185	0	232	0	203	0
190	0	208	0	214	0	177	21	182	0	185	0	203	0
213	0	185	0	189	0	182	17	185	0	216	0	179	0
184	0	196	0	175	13	206	0	208	0	211	0	185	0
181	0	193	0	150	53	192	0	222	0	221	0	212	0
197	0	179	0	182	11	203	0	218	0	192	0	213	0
