PSec1:ref	PSec1:alt	PSec2:ref	PSec2:alt	M4:ref	M4:alt	M1:ref	M1:alt	M3:ref	M3:alt	M2:ref	M2:alt
100	100	88	101	104	124	91	96	110	103	97	116
112	68	118	38	106	90	207	0	211	0	198	0
191	0	206	0	213	0	217	0	105	96	212	0
224	0	192	0	231	0	211	0	113	110	166	0
227	0	191	0	200	0	198	0	185	0	103	79
120	75	156	47	101	90	199	0	205	0	193	0
205	0	191	0	206	0	196	0	79	84	176	0
181	0	213	0	188	0	111	97	180	0	207	0
189	0	170	0	199	0	195	0	188	0	111	116
109	89	175	46	99	86	180	0	215	0	193	0
215	0	187	0	212	0	190	0	77	94	222	0
111	81	147	48	96	95	207	0	189	0	198	0
204	0	225	0	227	0	221	0	98	102	225	0
180	0	198	0	204	0	208	0	102	97	187	0
105	87	136	48	84	102	215	0	204	0	199	0
209	0	212	0	214	0	204	0	119	100	182	0
186	0	198	0	190	0	133	68	209	0	197	0
119	83	180	46	100	93	194	0	211	0	249	0
186	0	200	0	196	0	168	30	210	0	210	0
188	0	200	0	212	0	175	0	195	0	93	89
143	67	156	39	215	0	223	0	198	0	224	0
215	0	199	0	206	0	159	44	190	0	213	0
211	0	171	0	221	0	204	0	192	0	86	113
188	0	193	0	195	0	153	49	205	0	222	0
200	0	202	0	100	99	214	0	195	0	212	0
200	0	199	0	177	0	172	36	205	0	215	0
193	0	199	0	187	0	197	0	105	90	184	0
188	0	190	0	180	0	174	0	117	103	178	0
205	0	214	0	171	0	221	0	121	68	186	0
225	0	213	0	208	0	188	0	179	14	188	0
217	0	173	0	203	0	197	0	192	12	191	0
217	0	213	0	144	41	213	0	210	0	227	0
219	0	222	0	182	16	212	0	176	0	193	0
193	0	225	0	180	15	190	0	176	0	189	0
218	0	202	0	183	16	191	0	205	0	187	0
