PSec1:ref	PSec1:alt	PSec2:ref	PSec2:alt	M4:ref	M4:alt	M1:ref	M1:alt	M3:ref	M3:alt	M2:ref	M2:alt
90	91	96	97	102	90	112	109	97	94	99	90
186	0	201	0	184	0	215	0	102	104	198	0
202	0	186	0	215	0	201	0	216	0	113	91
218	0	198	0	184	0	198	0	103	94	169	0
163	46	130	77	94	117	203	0	198	0	193	0
201	0	199	0	198	0	207	0	178	0	111	103
168	50	140	67	109	100	203	0	193	0	180	0
185	0	204	0	195	0	102	105	196	0	192	0
193	41	128	67	96	113	192	0	170	0	231	0
159	26	157	27	215	0	210	0	207	0	213	0
216	0	191	0	210	0	219	0	102	88	222	0
170	42	147	68	115	105	178	0	210	0	203	0
174	27	161	31	202	0	176	0	200	0	210	0
197	0	205	0	176	0	125	71	188	0	180	0
180	14	168	35	190	0	194	0	200	0	215	0
204	0	214	0	203	0	182	14	201	0	192	0
147	50	139	48	97	92	212	0	187	0	224	0
196	0	185	0	204	0	137	53	190	0	209	0
186	26	173	31	201	0	221	0	216	0	195	0
161	48	145	78	93	114	203	0	185	0	179	0
190	24	183	34	216	0	184	0	211	0	201	0
178	24	163	18	190	0	196	0	190	0	220	0
180	0	202	0	203	0	210	0	199	0	88	78
186	47	120	62	98	94	201	0	222	0	186	0
177	25	153	22	191	0	208	0	199	0	181	0
157	40	120	78	111	96	210	0	188	0	197	0
189	0	174	0	223	0	208	0	178	0	95	102
190	32	191	26	208	0	177	0	196	0	217	0
170	23	179	34	203	0	187	0	212	0	207	0
211	0	201	0	216	0	190	0	99	114	189	0
201	0	192	0	183	0	221	0	92	120	174	0
165	41	230	0	191	0	188	0	204	0	192	0
175	32	149	29	216	0	201	0	196	0	184	0
203	0	194	0	92	112	211	0	196	0	218	0
196	17	171	26	187	0	192	0	194	0	193	0
186	0	197	0	203	0	196	0	196	0	164	12
168	20	159	18	171	0	199	0	212	0	169	0
200	0	207	0	106	93	199	0	192	0	182	0
231	0	196	0	222	0	203	0	97	92	202	0
163	26	180	28	187	0	222	0	191	0	190	0
161	17	159	23	201	0	220	0	191	0	189	0
170	18	186	35	181	0	222	0	187	0	215	0
177	0	206	0	205	0	196	0	87	91	222	0
198	0	205	0	93	86	200	0	195	0	177	0
161	43	216	0	219	0	199	0	206	0	214	0
203	0	213	0	190	0	223	0	114	79	212	0
201	0	210	0	202	0	205	0	138	79	202	0
151	41	217	0	194	0	181	0	213	0	196	0
166	36	201	0	213	0	203	0	208	0	180	0
191	0	209	0	136	63	195	0	205	0	219	0
159	36	198	0	200	0	227	0	186	0	196	0
200	0	202	0	176	31	197	0	181	0	202	0
197	0	185	0	189	23	217	0	203	0	192	0
