PSec1:ref	PSec1:alt	PSec2:ref	PSec2:alt	M4:ref	M4:alt	M1:ref	M1:alt	M3:ref	M3:alt	M2:ref	M2:alt
100	102	109	106	112	111	89	99	108	110	97	101
189	48	174	8	185	0	190	0	203	0	220	0
161	36	193	13	201	0	187	0	209	0	215	0
182	33	162	17	217	0	201	0	179	0	182	0
153	42	147	30	85	85	198	0	93	90	111	110
216	0	184	0	193	0	94	92	192	0	225	0
155	49	153	44	101	97	207	0	101	97	116	125
189	0	186	0	98	91	209	0	197	0	202	0
211	0	197	0	192	0	95	105	199	0	182	0
169	0	198	0	97	85	202	0	221	0	209	0
212	0	211	0	187	0	191	0	169	0	110	99
212	0	205	0	183	0	178	19	216	0	182	0
187	0	189	0	201	0	197	0	210	0	112	80
194	0	195	0	204	0	203	0	103	105	190	0
187	0	199	0	213	0	222	0	103	113	199	0
177	0	202	0	171	0	211	0	205	0	184	29
186	0	212	0	229	0	195	0	220	0	158	29
202	0	212	0	198	0	206	0	173	15	194	0
189	0	184	0	183	34	222	0	202	0	194	0
