PSec1:ref	PSec1:alt	PSec2:ref	PSec2:alt	M4:ref	M4:alt	M1:ref	M1:alt	M3:ref	M3:alt	M2:ref	M2:alt
103	100	138	89	123	92	106	76	97	109	104	110
195	0	193	0	210	0	162	30	219	0	85	102
124	79	103	112	103	105	125	53	91	85	173	0
191	0	176	0	193	0	163	32	207	0	110	105
200	0	180	0	203	0	122	61	139	80	176	0
208	0	192	0	200	0	165	35	207	0	85	97
196	0	213	0	190	0	188	23	181	0	94	95
115	52	99	104	109	104	210	0	166	24	196	0
197	0	194	0	202	0	139	60	124	65	170	0
210	0	179	0	186	0	165	42	222	0	106	97
179	0	195	0	212	0	175	31	191	0	94	122
211	0	203	0	204	0	180	0	127	84	186	0
170	0	192	0	235	0	174	36	198	0	205	0
138	70	101	86	88	90	211	0	162	17	207	0
201	0	190	0	209	0	189	0	119	104	175	0
138	47	105	104	87	131	187	0	165	23	218	0
198	0	184	0	191	0	189	0	211	0	113	97
218	0	188	0	219	0	197	0	118	91	200	0
212	0	189	0	208	0	189	0	206	0	120	82
129	72	90	96	99	96	211	0	185	16	183	0
135	52	94	95	100	100	187	0	177	26	182	0
192	0	178	0	217	0	182	0	188	0	99	104
112	61	109	95	93	79	204	0	183	24	202	0
191	0	197	0	200	0	189	0	225	0	93	115
205	0	189	0	181	0	220	0	110	89	178	0
226	0	216	0	212	0	185	0	201	0	87	97
204	0	218	0	169	0	240	0	190	0	223	14
195	0	201	0	171	0	230	0	215	0	136	62
146	84	84	115	78	106	210	0	188	21	201	0
183	0	232	0	190	0	219	0	193	11	207	0
190	0	184	0	109	95	187	0	212	0	180	0
203	0	205	0	102	89	181	0	212	0	206	0
204	0	196	0	106	99	191	0	210	0	213	0
