PSec1:ref	PSec1:alt	PSec2:ref	PSec2:alt	M5:ref	M5:alt	M4:ref	M4:alt	M6:ref	M6:alt	M1:ref	M1:alt	M3:ref	M3:alt	M2:ref	M2:alt
99	106	101	102	113	102	96	93	103	96	90	118	105	118	107	93
98	88	106	98	104	108	93	108	85	87	96	92	123	67	169	13
206	0	216	0	190	0	216	0	216	0	190	0	206	0	108	102
178	54	161	63	124	67	193	0	92	79	204	0	117	53	221	0
165	43	153	50	218	0	187	0	209	7	190	0	189	0	193	0
230	0	205	0	166	18	97	96	222	0	112	86	191	0	183	9
158	49	149	56	207	0	209	0	177	9	212	0	191	0	200	0
207	0	180	0	193	0	201	0	218	0	173	0	188	39	204	0
152	52	163	64	206	0	189	0	196	14	218	0	182	0	195	0
165	50	167	62	225	0	202	0	199	12	204	0	217	0	224	0
201	0	163	0	183	0	106	97	212	0	211	0	188	0	164	16
224	0	210	0	220	0	202	0	220	0	206	0	193	0	134	93
186	0	172	0	155	32	192	0	193	0	96	92	193	0	196	0
184	0	191	0	184	0	102	100	205	0	191	0	184	0	204	10
209	0	204	0	188	0	96	126	215	0	209	0	202	0	188	17
162	48	123	42	128	75	210	0	116	79	197	0	136	61	169	0
166	0	200	0	188	0	197	0	203	0	196	0	186	0	112	99
146	64	143	61	124	83	211	0	104	95	194	0	145	56	202	0
140	43	132	39	192	0	196	0	194	9	199	0	192	0	184	0
199	0	193	0	197	0	191	0	190	0	179	0	167	31	201	0
200	0	182	0	225	0	210	0	229	0	196	0	170	39	192	0
198	0	198	0	176	34	194	0	200	0	104	115	195	0	175	0
155	45	148	43	148	60	205	0	114	82	191	0	138	70	201	0
143	34	154	49	203	0	202	0	184	12	191	0	202	0	200	0
130	50	161	43	129	73	212	0	122	76	197	0	131	50	233	0
186	0	208	0	190	0	219	0	178	0	126	53	196	0	177	0
144	39	143	42	186	0	197	0	198	19	213	0	197	0	200	0
148	61	140	48	140	63	207	0	102	82	207	0	157	40	183	0
201	0	206	0	185	0	107	98	195	0	199	0	197	0	168	7
144	48	154	55	121	78	197	0	99	74	197	0	134	62	217	0
200	0	199	0	164	30	209	0	200	0	190	0	183	0	206	0
172	54	140	55	142	66	189	0	110	94	174	0	147	72	199	0
145	41	122	37	193	0	192	0	188	11	201	0	186	0	208	0
211	0	188	0	162	23	194	0	197	0	200	0	200	0	185	0
219	0	205	0	198	0	194	0	205	0	224	0	205	0	115	81
149	54	177	60	194	0	194	0	175	18	210	0	211	0	211	0
156	57	141	44	218	0	219	0	195	16	201	0	215	0	229	0
148	40	157	59	199	0	212	0	168	16	195	0	214	0	179	0
158	39	167	50	212	0	221	0	183	10	204	0	181	0	191	0
230	0	214	0	168	0	219	0	171	0	185	0	187	0	202	14
140	39	129	49	206	0	186	0	196	13	193	0	212	0	200	0
199	0	190	0	205	0	165	0	192	0	206	0	158	33	196	0
223	0	169	0	153	46	232	0	202	0	178	0	203	0	213	0
219	0	208	0	192	0	205	0	215	0	185	0	155	26	198	0
206	0	200	0	200	0	178	0	203	0	196	0	209	0	122	91
203	0	215	0	179	0	176	0	209	0	224	0	202	0	201	20
126	42	151	59	130	63	172	0	102	92	222	0	136	62	196	0
215	0	183	0	203	0	205	0	170	0	212	0	186	0	165	7
150	70	163	54	143	57	187	0	126	92	210	0	154	55	168	0
194	0	200	0	145	79	233	0	203	0	196	0	140	66	188	0
204	0	199	0	212	0	171	0	195	0	185	0	200	0	208	10
157	40	154	53	176	0	195	0	170	11	200	0	214	0	174	0
174	17	216	0	196	0	201	0	174	0	212	0	190	0	213	0
187	0	226	0	205	0	188	0	199	0	211	0	207	0	111	88
199	0	196	0	133	73	196	0	191	0	200	0	136	60	223	0
180	0	186	0	190	25	193	0	195	0	201	0	189	0	175	0
212	0	187	0	165	24	206	0	216	0	206	0	202	0	208	0
209	0	200	0	222	0	175	0	112	97	173	0	176	0	185	0
194	0	209	0	188	0	209	0	198	0	208	0	183	24	186	0
193	0	225	0	198	0	221	0	199	0	212	0	192	0	125	77
185	20	175	13	197	0	213	0	204	0	204	0	194	0	196	0
189	0	209	0	149	27	227	0	203	0	207	0	217	0	205	0
208	0	194	0	202	0	178	0	209	0	191	0	163	20	216	0
179	0	187	0	170	0	225	0	202	0	192	0	182	0	186	16
187	0	199	0	185	0	197	0	196	0	188	0	215	0	105	82
202	0	183	0	125	86	199	0	212	0	211	0	183	0	209	0
205	0	209	0	207	0	189	0	196	0	202	0	152	64	213	0
200	11	183	13	214	0	202	0	234	0	197	0	203	0	209	0
180	12	186	9	192	0	219	0	224	0	212	0	197	0	202	0
179	10	177	11	207	0	212	0	195	0	183	0	191	0	207	0
229	0	217	0	214	11	198	0	168	0	206	0	180	0	243	0
178	14	225	0	182	0	179	0	219	0	215	0	190	0	184	0
183	0	218	0	243	0	189	0	188	0	201	0	144	34	185	0
