PSec1:ref	PSec1:alt	PSec2:ref	PSec2:alt	M4:ref	M4:alt	M1:ref	M1:alt	M3:ref	M3:alt	M2:ref	M2:alt
96	101	87	103	95	91	115	107	121	92	104	99
100	78	80	101	99	99	99	103	119	94	99	104
199	0	201	0	195	0	94	87	202	0	204	0
172	0	198	0	195	0	88	91	220	0	200	0
202	0	194	0	195	0	219	0	99	98	180	0
182	0	197	0	191	0	190	0	109	93	218	0
149	72	94	105	92	111	170	0	218	0	221	0
203	0	202	0	205	0	95	93	176	0	185	0
187	0	221	0	205	0	104	105	196	0	193	0
198	0	183	0	185	0	197	0	107	89	220	0
181	0	189	0	197	0	102	110	191	0	192	0
194	0	207	0	210	0	192	0	203	0	97	77
207	0	222	0	209	0	101	93	193	0	192	0
197	0	210	0	173	0	217	0	211	0	88	109
131	49	101	98	106	96	193	0	204	0	187	0
127	56	106	95	93	87	181	0	192	0	214	0
195	0	200	0	215	0	210	0	94	80	190	0
152	54	112	101	101	113	195	0	224	0	212	0
183	15	192	15	89	102	219	0	183	0	207	0
202	0	177	0	191	0	160	58	201	0	203	0
191	0	195	0	189	0	132	66	213	0	194	0
213	0	196	0	215	0	190	0	187	0	92	91
201	0	201	0	104	119	210	0	218	0	191	0
193	0	185	0	182	0	199	0	212	0	86	103
191	0	210	0	96	88	205	0	181	0	207	0
235	0	203	0	216	0	216	0	191	0	83	106
182	0	173	0	104	115	201	0	193	0	211	0
202	0	200	0	197	0	213	0	112	97	221	0
177	0	177	0	97	108	205	0	190	0	205	0
194	0	185	0	195	0	208	0	206	0	176	24
221	0	212	0	193	0	202	0	199	0	189	22
236	0	207	0	198	0	201	0	159	20	196	0
193	0	226	0	148	41	202	0	207	0	199	0
176	0	206	0	195	9	200	0	197	0	194	0
229	0	197	0	166	14	196	0	172	0	206	0
212	0	210	0	175	0	219	0	159	40	200	0
