PSec1:ref	PSec1:alt	PSec2:ref	PSec2:alt	M5:ref	M5:alt	M4:ref	M4:alt	M6:ref	M6:alt	M1:ref	M1:alt	M3:ref	M3:alt	M2:ref	M2:alt
104	112	108	127	94	89	75	97	100	101	82	103	109	103	102	102
203	12	184	0	145	61	88	92	88	101	110	92	102	101	108	91
197	15	188	0	141	65	99	101	110	101	130	93	91	93	93	114
218	0	194	0	167	42	218	0	186	0	205	0	200	0	188	0
190	13	170	0	162	47	107	89	102	87	98	117	100	93	111	96
188	0	188	0	152	32	212	0	188	0	204	0	190	0	203	0
145	11	211	0	135	52	103	94	98	99	98	100	100	78	81	97
204	0	222	0	168	38	206	0	211	0	192	0	183	0	213	0
187	0	212	0	159	36	205	0	239	0	218	0	173	0	211	0
214	0	204	0	167	35	185	0	193	0	223	0	202	0	180	0
193	0	180	0	142	40	196	0	194	0	188	0	209	0	203	0
191	0	222	0	201	0	181	0	203	0	198	0	193	0	95	101
177	11	194	0	174	31	101	93	107	75	99	76	111	103	197	0
227	0	202	0	158	51	179	0	218	0	176	0	209	0	201	0
205	0	186	0	165	38	206	0	190	0	183	0	188	0	206	0
215	0	207	0	142	37	215	0	200	0	222	0	183	0	234	0
189	0	196	0	197	0	209	0	188	0	187	0	195	0	98	99
185	13	193	0	172	27	107	91	109	110	122	93	95	95	230	0
193	13	198	0	172	29	110	119	102	92	119	77	95	95	168	0
205	0	208	0	193	0	204	0	210	0	177	0	207	0	109	102
191	0	219	0	187	43	214	0	207	0	177	0	166	0	225	0
187	9	206	0	163	31	117	109	103	101	100	89	93	86	194	0
210	0	223	0	195	0	220	0	216	0	221	0	212	0	90	92
168	11	194	0	177	21	80	117	127	113	126	97	94	101	200	0
217	0	212	0	198	0	200	0	188	0	193	0	211	0	84	98
178	10	198	0	157	33	94	114	88	90	116	82	96	101	197	0
203	0	194	0	154	42	198	0	195	0	200	0	175	0	203	0
183	0	199	0	221	0	219	0	186	0	176	0	191	0	126	62
183	10	208	0	203	0	213	0	102	109	176	0	108	101	155	0
220	0	206	0	218	0	207	0	223	0	200	27	188	0	206	0
168	10	222	0	201	0	200	0	105	108	189	0	213	0	206	0
201	0	229	0	171	39	193	0	224	0	181	0	202	0	191	0
208	8	199	0	202	0	196	0	185	0	182	0	213	0	200	0
162	6	208	0	227	0	200	0	181	0	208	0	190	0	211	0
191	0	208	0	163	38	213	0	210	0	228	0	202	0	218	0
201	0	202	0	198	0	103	98	186	0	208	0	196	0	190	0
199	0	185	0	192	33	232	0	187	0	179	0	194	0	220	0
200	7	209	0	195	0	193	0	203	0	198	0	191	0	200	0
195	0	195	0	173	0	210	0	214	0	180	0	107	99	198	0
188	15	203	0	198	0	192	0	205	0	191	0	187	0	196	0
198	0	179	0	174	26	186	0	178	0	197	0	216	0	176	0
208	0	216	0	167	22	205	0	196	0	180	0	200	0	200	0
208	0	216	0	207	0	215	0	111	82	198	0	200	0	198	0
216	0	193	0	183	0	145	61	241	0	208	0	205	0	205	0
203	0	215	0	171	36	170	0	207	0	200	0	191	0	230	0
210	0	198	0	169	28	207	0	196	0	191	0	214	0	180	0
188	0	214	0	198	0	209	0	199	5	210	0	192	0	197	0
205	0	196	0	190	0	207	0	156	45	219	0	183	0	191	0
