PSec1:ref	PSec1:alt	PSec2:ref	PSec2:alt	M4:ref	M4:alt	M1:ref	M1:alt	M3:ref	M3:alt	M2:ref	M2:alt
93	94	86	122	96	106	89	94	107	106	83	104
189	0	188	16	221	0	211	0	189	0	206	0
206	0	216	0	185	0	216	0	210	0	101	97
193	0	170	28	105	96	99	103	107	95	182	0
176	0	211	0	209	0	163	0	211	0	97	109
212	0	175	29	108	103	112	100	87	111	187	0
200	0	200	0	202	0	201	0	204	0	88	96
196	0	214	0	203	0	182	0	200	0	94	108
215	0	166	0	189	0	192	0	105	98	183	0
200	0	218	0	206	22	196	0	207	0	179	0
214	0	187	0	221	0	168	0	178	0	84	119
167	0	211	0	179	27	174	0	210	0	206	0
190	0	229	0	216	0	192	0	125	87	228	0
202	0	186	0	168	0	215	0	186	0	139	75
192	0	202	0	200	0	178	0	105	82	226	0
193	0	195	0	216	0	189	0	210	0	180	31
224	0	198	0	199	0	202	0	111	86	192	0
191	0	198	0	209	0	215	0	115	81	199	0
228	0	191	0	186	0	194	0	186	0	134	30
211	0	192	0	190	0	190	0	195	0	154	24
195	0	172	22	143	70	109	73	188	12	175	0
202	0	206	0	187	0	189	0	187	0	177	40
195	0	173	0	183	0	187	0	121	87	220	0
189	0	212	0	182	31	232	0	218	0	218	0
212	0	207	0	197	0	195	0	117	77	198	0
223	0	146	23	115	81	121	65	168	14	214	0
207	0	204	0	204	0	192	0	102	88	228	0
220	0	169	28	142	71	117	86	178	10	203	0
239	0	177	0	220	0	173	27	185	9	207	0
200	0	184	0	198	0	169	26	195	0	232	0
223	0	194	0	121	86	197	0	229	0	195	0
198	0	215	0	197	0	190	0	126	87	237	0
209	0	164	21	174	0	201	0	212	0	200	0
198	0	200	0	203	0	180	22	197	0	199	0
212	0	175	0	213	0	225	0	111	78	173	0
199	0	188	0	197	0	195	0	99	77	216	0
202	0	185	0	219	0	183	0	183	10	190	0
198	0	197	0	216	0	225	0	195	17	168	0
225	0	214	0	183	0	165	20	173	0	169	0
177	0	187	0	208	0	171	13	236	0	224	0
197	0	207	0	217	0	189	16	224	0	181	0
213	0	189	0	185	13	210	0	186	0	209	0
