PSec1:ref	PSec1:alt	PSec2:ref	PSec2:alt	M5:ref	M5:alt	M4:ref	M4:alt	M1:ref	M1:alt	M3:ref	M3:alt	M2:ref	M2:alt
87	88	104	98	88	113	117	112	102	94	92	107	109	99
171	27	182	0	220	0	180	16	190	0	201	0	214	0
186	0	182	0	201	0	187	18	185	0	200	0	217	0
148	54	148	65	114	89	206	0	115	108	95	97	98	104
193	0	211	0	197	0	193	14	193	0	178	0	194	0
138	59	154	56	106	99	201	0	91	116	97	98	95	93
170	0	206	0	208	0	99	81	201	0	198	0	215	0
193	0	184	0	225	0	220	0	187	0	184	12	205	0
189	0	199	0	223	0	128	95	195	0	188	0	192	0
215	0	207	0	224	0	172	0	195	0	204	0	128	54
182	0	219	0	209	0	120	88	195	0	205	0	187	0
202	0	215	0	209	0	195	0	222	0	196	0	144	53
196	0	205	0	219	0	177	14	185	0	204	0	211	0
210	0	198	0	197	0	209	0	190	0	193	14	192	0
147	47	149	60	121	106	207	0	158	37	117	86	152	39
201	0	198	0	191	0	164	12	192	0	197	0	210	0
190	0	199	0	199	0	211	0	215	0	202	0	139	63
203	0	210	0	203	0	179	0	194	0	176	14	199	0
163	54	116	63	91	93	219	0	154	59	139	85	157	35
182	0	223	0	183	0	179	0	194	0	198	20	217	0
202	0	223	0	181	0	126	88	201	0	204	0	217	0
163	59	170	62	99	124	192	0	132	52	95	82	172	44
185	0	214	0	243	0	163	18	201	0	183	0	212	0
192	0	193	0	198	0	189	16	196	0	202	0	183	0
204	0	211	0	208	0	197	0	199	0	208	0	131	51
210	0	196	0	201	0	197	15	217	0	182	0	194	0
156	52	148	64	102	104	192	0	135	61	111	92	162	34
231	0	205	0	185	0	182	0	221	0	182	19	194	0
184	0	208	0	228	0	190	12	186	0	196	0	198	0
183	0	227	0	193	0	201	0	205	0	185	21	197	0
184	0	188	0	195	0	176	0	186	0	161	22	214	0
191	0	222	0	205	0	200	0	213	0	188	24	189	0
200	0	186	0	217	0	190	0	176	21	219	0	200	0
183	0	204	0	201	0	197	0	204	0	208	0	163	42
179	0	196	0	228	0	216	0	192	0	204	0	143	42
210	0	191	0	175	0	195	0	198	0	134	79	181	0
205	0	212	0	196	0	208	0	197	0	201	0	164	41
187	0	231	0	101	103	209	0	208	0	210	0	214	0
170	0	172	0	201	0	175	16	181	0	206	0	199	0
220	0	215	0	199	0	184	0	189	0	201	0	173	33
189	0	211	0	200	0	189	15	210	0	214	0	205	0
219	0	191	0	194	0	187	0	217	0	197	0	164	50
128	60	161	74	207	0	195	0	188	0	211	0	203	0
215	0	196	0	202	0	117	86	206	0	187	0	190	0
177	0	159	0	181	0	185	15	220	0	218	0	190	0
229	0	192	0	193	0	205	0	186	0	197	0	179	35
193	0	194	0	206	0	192	0	200	0	206	0	181	25
207	0	179	0	91	100	195	0	181	0	191	0	211	0
210	0	201	0	194	0	119	79	179	0	172	0	190	0
195	0	198	0	184	0	91	89	175	0	208	0	194	0
215	0	171	43	190	0	186	0	192	0	206	0	210	0
197	0	217	0	87	101	195	0	188	0	216	0	176	0
186	0	185	0	179	0	108	73	194	0	177	0	182	0
