PSec1:ref	PSec1:alt	PSec2:ref	PSec2:alt	M4:ref	M4:alt	M1:ref	M1:alt	M3:ref	M3:alt	M2:ref	M2:alt
104	85	104	128	97	89	92	121	87	98	116	91
116	109	170	15	175	0	102	96	99	117	189	28
181	0	144	70	197	0	189	0	203	0	199	0
188	0	137	74	205	0	192	0	205	0	216	0
147	0	190	0	126	104	196	0	202	0	148	57
194	0	181	0	88	106	197	0	205	0	147	64
202	0	210	0	210	0	195	0	221	0	156	25
202	0	211	0	100	105	164	0	190	0	135	72
203	0	201	0	205	0	210	0	189	0	164	35
216	0	193	0	87	100	223	0	227	0	125	64
193	0	199	0	201	0	231	0	209	0	170	33
195	0	219	0	108	105	186	0	218	0	138	78
204	0	220	0	183	0	195	0	193	0	168	32
159	62	200	0	196	0	88	80	81	99	208	0
187	0	232	0	191	0	238	0	189	0	192	33
130	65	209	0	219	0	98	109	122	104	190	0
189	0	187	0	226	0	190	0	158	0	156	30
210	0	192	0	119	95	185	0	186	0	134	65
228	0	208	0	116	95	195	0	202	0	120	58
175	0	183	0	207	0	194	0	216	0	179	43
153	65	218	0	205	0	103	101	115	122	206	0
226	0	196	0	107	112	202	0	226	0	118	62
207	0	196	0	214	0	186	0	186	0	173	36
190	0	212	0	99	112	215	0	216	0	116	77
197	0	220	0	112	96	224	0	213	0	137	73
140	68	205	0	209	0	113	85	84	94	186	0
187	0	180	0	200	0	205	0	186	0	178	29
129	63	204	0	191	0	105	100	121	98	211	0
154	56	199	0	197	0	89	94	98	104	212	0
145	71	171	0	211	0	92	98	91	93	203	0
186	0	206	0	98	77	172	0	189	0	111	49
189	0	177	0	96	104	201	0	204	0	224	0
186	0	202	0	214	0	229	0	206	0	163	18
206	0	179	0	212	0	213	0	215	0	180	21
190	0	213	0	194	0	201	0	181	0	180	24
198	0	199	0	87	87	221	0	217	0	173	0
196	0	195	0	98	98	202	0	200	0	194	0
153	59	206	0	178	0	107	95	99	97	185	0
207	0	213	0	210	0	187	0	103	117	208	0
131	61	183	0	203	0	180	0	204	0	201	0
213	0	191	0	210	0	197	19	161	0	218	0
142	60	173	0	203	0	195	0	189	0	192	0
203	0	198	0	212	0	154	14	197	0	196	0
199	0	220	0	214	0	199	0	87	107	211	0
143	59	196	0	199	0	204	0	194	0	208	0
179	0	181	0	196	0	187	16	214	0	201	0
142	65	194	0	177	0	197	0	208	0	186	0
188	0	219	0	206	0	185	16	198	0	208	0
196	0	196	0	171	0	185	0	104	93	211	0
225	0	195	0	178	0	209	0	104	86	180	0
225	0	214	0	225	0	193	0	185	18	201	0
225	0	223	0	202	0	218	0	157	27	196	0
