PSec1:ref	PSec1:alt	PSec2:ref	PSec2:alt	M4:ref	M4:alt	M1:ref	M1:alt	M3:ref	M3:alt	M2:ref	M2:alt
121	100	95	88	92	94	98	103	86	117	99	104
104	99	119	97	101	93	89	116	111	111	97	107
218	0	193	0	215	0	179	0	201	0	120	103
196	0	145	52	183	0	207	0	191	0	195	0
196	0	215	0	197	0	200	0	181	0	113	114
197	0	214	0	201	0	221	0	183	0	93	94
154	27	191	0	92	96	99	108	99	95	207	0
206	0	180	0	186	0	190	0	209	0	113	103
116	66	146	42	209	0	232	0	189	0	198	0
179	41	206	0	80	105	113	88	114	95	189	0
183	28	203	0	99	90	89	105	123	100	179	0
205	0	200	0	208	0	221	0	196	0	105	96
180	33	198	0	108	102	103	96	90	85	198	0
182	0	197	0	187	0	203	0	181	0	95	85
137	78	166	45	187	0	208	0	207	0	198	0
160	27	223	0	122	64	197	21	97	105	182	0
140	72	156	43	186	0	211	0	168	0	175	0
206	0	229	0	166	34	141	65	186	0	219	0
182	27	211	0	118	52	163	19	102	119	214	0
209	0	175	0	175	24	154	51	207	0	213	0
126	65	178	43	204	0	232	0	195	0	204	0
200	0	180	0	123	47	214	0	206	0	175	0
133	66	170	45	236	0	204	0	194	0	223	0
151	34	177	21	213	0	199	0	209	0	205	0
196	0	199	0	190	34	147	60	185	0	214	0
186	0	196	0	203	0	164	43	218	0	213	0
174	41	206	0	199	0	179	0	197	0	208	0
175	40	167	0	187	0	186	0	198	0	181	0
230	0	167	0	210	0	209	0	106	106	195	0
205	0	196	0	204	0	196	0	155	53	164	0
166	25	183	0	207	0	186	0	205	0	197	0
179	0	214	0	178	42	226	0	199	0	200	0
