PSec1:ref	PSec1:alt	PSec2:ref	PSec2:alt	M4:ref	M4:alt	M1:ref	M1:alt	M3:ref	M3:alt	M2:ref	M2:alt
89	111	123	102	109	102	106	98	106	99	83	97
176	20	171	0	209	0	200	0	100	96	90	97
139	68	79	99	105	100	95	94	219	0	212	0
215	19	187	0	93	100	104	123	202	0	206	0
191	0	194	0	170	0	177	0	96	107	115	79
208	0	196	0	209	0	191	0	191	0	168	48
194	0	184	0	220	0	198	0	214	0	148	64
237	0	199	0	209	0	185	0	204	0	169	35
186	0	182	0	204	0	167	0	227	0	137	70
197	0	182	0	219	0	207	0	104	98	222	0
206	0	209	0	209	0	175	0	195	0	162	56
217	0	206	0	186	0	194	0	80	83	190	0
202	0	201	0	194	0	253	0	187	0	178	32
201	0	193	0	196	0	180	0	206	0	135	50
194	0	188	0	191	0	193	0	193	0	150	53
179	13	181	0	96	82	96	100	215	0	193	0
189	14	200	0	127	103	109	108	203	0	161	0
228	0	212	0	204	0	178	0	206	0	155	38
209	0	177	0	190	0	221	0	190	0	125	58
182	0	193	0	223	0	200	0	226	0	130	71
201	0	209	0	208	0	214	0	207	0	128	62
193	0	198	0	190	0	196	0	96	107	196	0
208	0	193	0	196	0	190	0	114	114	171	0
192	0	200	0	186	0	209	0	200	0	133	57
184	0	205	0	188	0	206	0	187	0	124	65
194	0	179	0	183	0	205	0	89	99	209	0
195	21	199	0	92	100	92	100	228	0	203	0
164	14	215	0	103	102	91	100	195	0	193	0
199	9	203	0	90	102	123	91	214	0	192	0
197	0	198	0	203	0	188	0	223	0	157	31
200	0	213	0	218	0	199	0	201	0	148	65
187	0	191	0	209	0	214	0	96	110	196	0
186	0	193	0	180	0	197	0	188	0	130	61
192	0	210	0	214	0	187	0	95	100	216	0
186	16	186	0	88	83	96	110	191	0	183	0
191	0	202	0	227	0	211	0	83	104	188	0
195	0	194	0	189	0	191	0	79	106	189	0
188	0	189	0	193	0	168	0	207	0	161	44
169	13	198	0	91	90	100	101	205	0	194	0
213	0	193	0	178	0	195	0	209	0	161	36
171	12	203	0	115	95	74	110	205	0	179	0
168	13	209	0	92	103	114	111	196	0	219	0
188	17	198	0	106	101	99	96	194	0	226	0
173	0	184	0	95	91	108	83	190	0	188	0
200	0	208	0	185	0	236	0	99	96	200	0
189	15	207	0	202	0	202	0	176	0	220	0
171	17	193	0	186	0	238	0	194	0	180	0
223	0	215	0	97	85	197	0	203	0	198	0
209	0	189	0	111	96	222	0	205	0	188	0
213	0	196	0	200	0	225	0	205	0	136	72
210	0	200	0	189	0	211	0	173	0	181	27
218	0	180	0	186	0	179	0	206	0	172	25
215	0	210	0	215	0	210	0	189	12	199	0
184	0	201	0	207	0	171	0	216	0	155	30
190	0	198	0	172	0	165	0	196	0	168	36
200	0	184	0	209	0	197	0	159	12	186	0
172	0	193	0	207	0	216	0	180	15	198	0
199	0	193	0	175	0	211	0	223	12	203	0
198	0	208	0	202	0	218	0	177	0	200	11
204	0	208	0	206	0	222	0	192	16	206	0
186	0	217	0	133	58	200	0	224	0	172	0
