PSec1:ref	PSec1:alt	PSec2:ref	PSec2:alt	M5:ref	M5:alt	M4:ref	M4:alt	M1:ref	M1:alt	M3:ref	M3:alt	M2:ref	M2:alt
99	86	93	106	99	103	121	104	97	105	106	97	121	86
111	71	135	51	108	99	113	94	90	104	97	99	186	0
130	78	161	53	88	93	191	0	162	17	119	112	221	0
120	64	161	51	91	101	201	0	176	25	99	110	213	0
213	0	201	0	160	0	211	0	172	0	186	0	107	86
101	76	147	42	89	96	181	0	187	25	98	92	183	0
196	0	187	0	240	0	186	0	194	0	206	0	115	108
124	78	130	48	105	97	192	0	164	25	114	107	215	0
118	85	130	60	94	111	215	0	173	24	96	101	221	0
123	83	162	55	83	85	177	0	166	26	104	94	201	0
205	0	193	0	215	0	186	0	192	0	212	0	113	123
113	83	153	61	117	119	206	0	193	21	102	104	209	0
126	96	162	55	100	85	180	0	188	13	99	97	210	0
132	75	155	45	113	94	200	0	155	27	91	86	188	0
195	0	181	0	199	0	176	0	161	20	201	0	204	0
212	0	203	0	205	0	106	109	195	0	192	0	229	0
147	63	160	23	213	0	186	0	157	29	209	0	228	0
145	67	182	39	177	0	210	0	160	27	212	0	193	0
192	0	210	0	109	89	214	0	158	0	111	100	164	0
202	0	204	0	211	0	80	101	215	0	220	0	186	0
194	0	216	0	210	0	215	0	197	20	180	0	211	0
205	0	196	0	191	0	196	0	181	20	209	0	194	0
187	0	199	0	92	99	205	0	176	0	214	0	206	0
180	0	170	0	210	0	222	0	166	17	185	0	197	0
201	0	204	0	188	0	115	85	203	0	198	0	183	0
204	0	207	0	224	0	208	0	209	0	88	91	186	0
211	0	219	0	107	120	216	0	209	0	224	0	196	0
204	0	193	0	218	0	186	0	218	0	75	87	196	0
194	0	210	0	183	0	95	90	218	0	202	0	210	0
147	35	173	22	193	0	195	0	208	0	225	0	207	0
185	0	191	0	188	0	218	0	195	25	200	0	196	0
176	0	205	0	213	0	111	75	185	0	164	0	218	0
164	51	173	33	204	0	195	0	207	0	165	0	215	0
191	0	176	0	182	0	170	31	189	0	185	0	194	0
217	0	191	0	166	23	203	0	224	0	189	0	194	0
196	0	189	0	147	25	200	0	172	0	227	0	204	0
