PSec1:ref	PSec1:alt	PSec2:ref	PSec2:alt	M4:ref	M4:alt	M1:ref	M1:alt	M3:ref	M3:alt	M2:ref	M2:alt
105	87	96	104	102	112	94	111	84	98	108	86
116	73	224	0	103	101	88	99	102	100	86	107
159	18	121	94	185	0	184	0	198	0	186	0
159	26	114	73	188	0	210	0	200	0	213	0
183	26	125	78	220	0	218	0	212	0	191	0
117	70	211	0	105	108	78	92	106	96	94	110
171	19	124	75	230	0	205	0	196	0	199	0
109	84	218	0	90	97	92	88	85	108	110	99
122	83	218	0	99	86	100	97	95	75	116	86
182	36	116	91	200	0	179	0	199	0	214	0
179	30	100	75	193	0	172	0	187	0	217	0
122	65	205	0	105	94	103	118	97	104	109	79
125	66	191	0	97	88	103	91	75	98	109	81
181	25	130	82	206	0	213	0	206	0	201	0
169	31	131	85	211	0	204	0	186	0	170	0
130	77	198	0	102	114	104	98	85	104	114	107
128	76	206	0	119	90	106	88	116	118	94	83
169	25	110	70	196	0	210	0	197	0	202	0
190	30	122	72	198	0	204	0	213	0	174	0
181	26	116	88	222	0	187	0	201	0	199	0
140	71	187	0	115	97	94	117	93	95	100	108
150	40	190	0	185	0	100	93	95	80	149	84
189	20	117	70	184	0	212	0	165	0	208	0
209	0	203	0	170	36	199	21	183	0	211	0
213	0	188	0	194	0	254	0	116	110	231	0
210	0	232	0	151	77	201	0	193	0	181	31
178	36	139	80	199	0	226	0	211	0	187	0
198	0	198	0	209	0	184	0	108	93	204	0
195	0	202	0	203	0	198	0	210	0	140	33
180	0	208	0	240	0	211	18	202	0	215	0
192	0	202	0	197	0	166	10	191	0	200	0
167	29	119	81	183	0	191	0	201	0	197	0
201	0	191	0	173	31	207	0	218	0	212	0
198	0	209	0	128	84	191	0	196	0	172	0
203	0	181	0	215	0	219	0	200	0	115	56
194	0	189	0	174	30	210	0	186	0	194	0
222	0	181	0	190	0	203	0	196	0	133	85
180	0	210	0	210	0	204	0	210	0	126	78
192	0	227	0	217	0	206	0	101	107	208	0
176	0	191	0	199	0	186	22	210	0	203	0
218	0	188	0	214	0	214	0	179	0	158	80
152	39	119	92	198	0	195	0	209	0	194	0
199	0	202	0	212	0	183	0	229	0	156	25
186	0	208	0	200	0	187	12	184	0	205	0
189	0	170	0	184	0	178	14	196	0	189	0
197	0	213	0	185	0	188	0	184	0	163	27
177	0	199	0	204	0	180	18	196	0	210	0
211	0	195	0	228	0	174	21	195	0	182	0
198	0	194	0	223	0	208	0	234	0	123	74
195	0	205	0	214	0	185	10	188	0	209	0
205	0	207	0	195	40	206	0	178	0	220	0
217	0	225	0	204	0	210	0	196	0	187	13
185	0	198	0	172	31	207	0	163	0	201	0
183	0	206	0	197	0	194	0	128	76	160	0
205	0	157	0	183	23	226	0	209	0	202	0
