PSec1:ref	PSec1:alt	PSec2:ref	PSec2:alt	M5:ref	M5:alt	M4:ref	M4:alt	M6:ref	M6:alt	M1:ref	M1:alt	M3:ref	M3:alt	M2:ref	M2:alt
109	114	108	103	107	96	98	110	93	98	86	96	109	86	102	113
101	94	105	99	90	91	91	93	99	80	99	88	88	95	105	92
173	23	189	14	102	106	100	88	199	0	105	74	187	0	91	100
147	73	169	32	205	0	202	0	107	80	200	0	98	120	177	0
164	19	192	9	99	122	100	95	210	0	123	107	186	0	190	0
163	33	195	16	108	98	100	74	192	0	103	98	200	0	226	0
144	80	167	36	210	0	189	0	102	112	176	0	109	93	220	0
191	0	192	0	188	0	186	0	210	0	200	0	229	0	114	109
189	0	231	0	221	0	176	0	218	0	191	0	175	0	87	104
199	31	175	15	93	120	96	108	183	0	101	119	201	0	215	0
166	28	186	0	219	0	204	0	224	0	96	115	175	0	206	0
194	0	203	0	196	0	183	0	197	0	187	0	237	0	91	105
211	0	177	7	210	0	204	0	230	0	217	0	185	0	218	0
208	0	186	0	211	0	104	99	225	0	225	0	203	0	218	0
197	0	163	10	214	0	196	0	209	0	209	0	201	0	218	0
185	0	176	0	118	100	194	0	226	0	184	0	195	0	193	0
238	0	190	0	191	0	227	0	211	0	148	49	209	0	212	0
187	0	223	0	98	95	205	0	195	0	189	0	190	0	234	0
193	0	179	11	185	0	222	0	200	0	208	0	203	0	201	0
160	24	198	0	189	0	190	0	217	0	202	0	207	0	177	0
129	78	167	49	196	0	207	0	105	93	202	0	117	88	202	0
177	0	193	8	187	0	193	0	207	0	183	0	198	0	180	0
125	56	156	34	210	0	204	0	112	101	192	0	92	108	188	0
127	90	165	45	183	0	213	0	86	79	218	0	104	80	201	0
187	0	176	11	200	0	214	0	198	0	217	0	201	0	217	0
200	0	213	0	107	104	189	0	190	0	182	0	198	0	200	0
183	0	208	0	178	0	222	0	198	0	149	66	202	0	189	0
212	0	180	0	197	0	206	0	203	0	205	0	212	0	197	26
211	0	190	0	206	0	190	0	104	97	200	0	230	0	188	0
219	0	237	0	208	0	197	0	194	0	208	0	92	92	179	0
196	0	199	0	205	0	209	0	103	113	216	0	184	0	200	0
195	0	183	0	180	0	205	0	217	0	208	0	98	102	218	0
191	0	194	0	215	0	168	0	219	0	136	46	177	0	216	0
193	0	186	0	95	90	209	0	211	0	180	0	204	0	203	0
196	0	176	0	201	0	229	0	96	119	193	0	230	0	192	0
190	0	187	0	196	0	175	22	209	0	213	0	182	0	206	0
197	0	176	0	197	0	214	0	159	0	174	0	173	31	224	0
206	0	202	0	188	0	143	57	166	0	191	0	178	0	176	0
