PSec1:ref	PSec1:alt	PSec2:ref	PSec2:alt	M4:ref	M4:alt	M1:ref	M1:alt	M3:ref	M3:alt	M2:ref	M2:alt
106	98	99	104	103	87	97	96	101	100	87	97
235	0	207	0	184	18	201	0	215	0	189	0
203	0	174	0	198	0	89	116	207	0	93	93
185	0	195	0	180	17	193	0	200	0	177	0
157	39	200	0	130	68	219	0	106	101	224	0
174	27	100	115	201	0	222	0	209	0	174	0
214	0	186	0	188	19	236	0	188	0	207	0
204	0	173	0	195	29	195	0	190	0	185	0
196	0	209	0	206	0	204	0	197	0	109	103
192	0	172	0	209	0	194	0	218	0	109	102
153	31	94	91	190	0	188	0	190	0	206	0
175	0	200	0	206	0	94	102	195	0	199	0
203	0	179	0	168	0	181	0	206	0	103	102
175	0	185	0	201	0	105	86	216	0	189	0
203	0	213	0	160	23	218	0	178	0	206	0
171	28	105	89	211	0	216	0	175	0	194	0
207	0	197	0	216	0	175	0	217	0	82	112
204	0	200	0	195	23	211	0	192	0	189	0
222	0	191	0	215	0	205	0	192	0	98	95
152	41	211	0	118	81	213	0	99	100	205	0
149	41	101	105	208	0	208	0	176	0	210	0
168	32	117	106	197	0	173	0	193	0	211	0
153	40	201	0	106	70	189	0	98	120	214	0
201	0	198	0	171	0	183	0	212	0	84	104
204	0	178	0	125	85	192	0	206	0	199	0
220	0	209	0	200	0	91	101	183	0	175	0
193	0	187	0	105	69	206	0	222	0	195	0
196	0	202	0	123	83	191	0	209	0	167	0
186	0	197	0	201	22	187	0	200	0	214	0
197	0	180	0	214	0	200	0	103	113	209	0
177	0	203	0	231	0	209	0	187	0	179	15
186	0	199	0	197	0	183	0	164	0	194	15
202	0	205	0	181	0	194	0	211	0	184	10
213	0	211	0	203	0	196	0	188	0	142	73
218	0	187	0	167	27	205	0	211	0	201	0
195	0	231	0	161	51	192	0	189	0	185	0
191	0	219	0	186	35	206	0	174	0	202	0
161	34	100	105	229	0	183	0	192	0	224	0
190	0	181	0	196	0	217	0	102	105	222	0
224	0	175	0	217	0	169	29	205	0	197	0
180	0	136	78	211	0	200	0	201	0	219	0
