PSec1:ref	PSec1:alt	PSec2:ref	PSec2:alt	M4:ref	M4:alt	M1:ref	M1:alt	M3:ref	M3:alt	M2:ref	M2:alt
108	83	98	95	85	93	95	95	105	111	108	95
93	109	100	95	91	95	98	97	96	97	95	124
114	123	103	106	103	96	198	0	103	91	95	108
173	0	221	0	189	0	87	98	221	0	185	0
186	0	191	0	214	0	77	84	213	0	199	0
185	0	223	0	208	0	111	116	210	0	186	0
197	0	188	0	186	0	99	100	173	0	191	0
180	0	208	0	193	0	91	104	190	0	211	0
216	0	192	0	192	0	107	112	217	0	221	0
187	0	203	0	220	0	212	0	170	27	184	0
146	51	115	85	113	112	196	0	129	69	103	105
129	52	115	83	90	99	220	0	126	72	98	112
185	0	203	0	198	0	194	0	138	21	184	0
213	0	177	0	216	0	110	97	211	0	191	0
221	0	226	0	194	0	170	0	159	40	204	0
232	0	219	0	200	0	208	0	152	33	199	0
189	0	180	0	177	0	197	0	172	35	245	0
151	44	127	72	95	112	197	0	132	70	93	124
218	0	173	0	224	0	101	110	204	0	187	0
204	0	198	0	204	0	199	0	173	32	195	0
152	30	218	10	103	86	198	0	129	84	111	109
209	0	218	0	179	0	142	56	219	0	234	0
188	0	189	0	180	0	193	17	194	0	209	0
200	0	196	0	182	0	164	29	202	0	216	0
177	17	194	0	189	0	227	0	154	17	194	0
192	0	195	0	185	0	180	0	187	40	204	0
178	0	216	0	199	0	191	0	205	0	116	103
213	0	199	0	202	0	192	0	205	0	180	16
192	0	188	0	97	97	214	0	234	0	195	0
184	0	220	0	224	16	208	0	203	0	201	0
193	0	188	0	140	50	181	0	193	0	224	0
213	0	183	0	178	27	187	0	188	0	220	0
