PSec1:ref	PSec1:alt	PSec2:ref	PSec2:alt	M4:ref	M4:alt	M1:ref	M1:alt	M3:ref	M3:alt	M2:ref	M2:alt
103	105	101	101	87	98	95	105	107	117	99	88
98	114	97	99	100	93	95	106	99	97	98	95
212	0	193	0	192	0	208	0	178	0	99	95
159	0	161	0	198	0	203	0	126	97	201	0
204	0	188	0	180	0	194	0	85	110	185	0
110	94	84	100	230	0	114	76	189	0	192	0
117	113	99	106	214	0	107	93	224	0	178	0
194	0	201	0	101	104	171	21	221	0	205	0
105	103	101	92	198	0	117	65	207	0	202	0
216	0	214	0	113	87	186	15	213	0	205	0
82	90	90	94	178	0	103	82	170	0	192	0
191	0	193	0	83	105	153	24	169	0	212	0
186	0	196	0	110	101	191	0	190	0	194	0
178	0	216	0	191	0	208	0	198	0	171	10
177	0	219	0	199	0	215	0	171	0	188	10
201	0	215	0	88	105	206	0	197	0	204	0
93	99	103	84	210	0	126	76	210	0	197	0
188	0	212	0	99	99	198	0	185	0	210	0
218	0	207	0	209	0	203	0	150	71	191	0
162	19	110	72	202	0	117	80	210	0	220	0
164	15	192	0	223	0	184	43	202	0	191	0
177	0	221	0	210	0	162	46	176	0	218	0
182	0	203	0	75	89	206	0	184	0	203	0
209	0	218	0	214	0	165	36	210	0	179	0
222	0	188	0	224	0	173	55	218	0	216	0
186	0	178	0	188	0	198	16	197	0	186	0
