PSec1:ref	PSec1:alt	PSec2:ref	PSec2:alt	M4:ref	M4:alt	M1:ref	M1:alt	M3:ref	M3:alt	M2:ref	M2:alt
85	96	96	84	106	94	92	95	97	83	126	127
143	53	126	66	92	80	102	106	119	101	112	92
168	18	169	48	116	112	98	108	193	0	106	96
169	8	185	18	95	95	129	71	210	0	183	0
199	0	197	0	211	0	158	45	188	0	85	92
187	0	203	0	180	0	208	0	90	108	201	0
219	0	171	0	188	0	172	36	203	0	95	98
207	0	195	0	199	0	159	35	219	0	198	0
193	0	195	0	209	0	215	0	104	92	176	0
174	0	194	0	206	0	195	0	119	90	202	0
199	0	204	0	209	0	156	51	202	0	213	0
179	0	225	0	98	112	135	75	203	0	211	0
202	0	207	0	169	0	154	38	198	0	225	0
221	0	195	0	225	0	204	0	204	0	90	101
216	0	209	0	207	0	171	22	198	0	203	0
198	0	192	0	203	0	167	26	186	0	173	0
223	0	213	0	223	0	195	0	201	0	115	105
196	0	181	0	198	0	175	25	196	0	188	0
190	0	192	0	98	100	207	0	202	0	184	0
205	0	197	0	180	0	178	0	204	0	89	122
176	0	187	0	81	114	164	0	219	0	188	0
191	0	222	0	186	0	190	0	105	102	186	0
184	0	216	0	135	50	191	0	213	0	204	0
192	0	195	0	206	9	211	0	200	0	197	0
206	0	209	0	209	0	217	0	214	0	113	86
193	0	175	0	209	0	243	0	228	0	102	96
222	0	188	0	172	0	222	0	181	0	92	116
