PSec1:ref	PSec1:alt	PSec2:ref	PSec2:alt	M4:ref	M4:alt	M1:ref	M1:alt	M3:ref	M3:alt	M2:ref	M2:alt
96	107	90	100	104	103	101	91	97	101	104	111
106	80	88	110	81	120	86	103	92	102	106	89
170	0	193	0	192	0	191	0	182	18	207	0
93	102	99	91	93	99	172	28	128	82	128	67
188	0	201	0	200	0	113	55	212	0	226	0
208	0	199	0	207	0	227	0	196	0	176	29
209	0	189	0	207	0	217	0	184	0	174	33
91	112	107	104	96	99	161	41	130	76	127	67
210	0	209	0	214	0	193	0	203	0	176	38
228	0	185	0	187	0	210	0	202	0	170	39
190	0	215	0	205	0	125	72	173	0	198	0
103	100	117	117	106	103	157	31	110	84	143	68
217	0	214	0	180	0	190	0	165	12	217	0
102	121	113	107	104	89	161	28	107	92	143	71
89	96	89	111	94	74	158	28	115	76	141	82
180	0	220	0	201	0	188	0	180	13	192	0
174	0	178	0	179	0	199	0	189	0	184	25
215	0	209	0	209	0	199	0	225	24	196	0
111	103	100	116	93	91	168	26	124	90	140	74
215	0	194	0	181	0	148	65	220	0	197	0
136	59	156	49	103	106	210	0	115	86	122	74
214	0	207	0	207	0	183	0	180	0	175	34
190	0	190	0	209	0	135	61	225	0	190	0
215	0	192	0	203	0	209	0	204	0	172	38
188	0	212	0	183	0	118	54	199	0	203	0
211	0	196	0	206	0	197	0	191	0	147	26
188	0	211	0	195	0	208	0	199	0	193	38
209	0	200	0	187	0	170	27	199	0	187	0
191	0	192	0	214	0	117	82	181	0	229	0
193	0	182	0	212	0	188	0	205	0	178	34
238	0	203	0	201	0	147	53	199	0	200	0
215	0	213	0	233	0	196	0	182	0	142	71
197	0	229	0	225	0	179	0	198	0	120	52
200	0	206	0	205	0	188	0	106	82	203	0
178	0	206	0	209	0	193	0	179	17	222	0
195	0	206	0	202	0	187	0	190	0	173	50
176	0	203	0	188	0	195	0	188	21	224	0
198	0	202	0	177	0	205	0	209	0	147	27
220	0	198	0	210	0	167	23	199	0	211	0
219	0	196	0	219	0	225	0	191	22	232	0
207	0	169	0	187	0	180	0	200	20	203	0
209	0	171	0	194	0	205	0	180	0	136	61
215	0	209	0	202	0	194	0	202	21	201	0
205	0	195	0	201	0	218	0	129	85	188	0
186	0	206	0	192	0	215	0	155	52	191	0
203	0	207	0	196	0	214	0	179	0	193	25
198	0	211	0	158	40	218	0	184	0	199	0
206	0	197	0	172	0	211	0	214	0	172	38
200	0	201	0	184	0	187	0	193	0	152	27
193	0	177	0	210	0	239	0	215	0	168	28
