PSec1:ref	PSec1:alt	PSec2:ref	PSec2:alt	M5:ref	M5:alt	M4:ref	M4:alt	M1:ref	M1:alt	M3:ref	M3:alt	M2:ref	M2:alt
102	92	81	107	95	101	94	92	101	117	92	100	87	93
144	52	123	64	203	0	193	0	105	91	220	0	181	0
185	25	135	57	222	0	198	0	217	0	213	0	173	0
209	8	191	12	205	0	206	0	227	0	198	0	219	0
190	13	221	0	107	92	96	91	203	0	95	95	95	106
222	0	204	0	210	0	179	0	97	101	217	0	217	0
188	0	219	0	174	0	111	93	188	0	186	0	109	106
197	0	185	0	217	0	186	0	99	87	210	0	185	0
210	0	209	0	195	0	192	0	100	113	189	0	207	0
200	0	207	0	108	103	187	0	213	0	92	119	205	0
181	0	204	0	101	106	189	0	201	0	88	105	207	0
203	0	207	0	206	0	180	0	99	95	201	0	198	0
189	0	201	0	208	0	219	0	85	99	219	0	200	0
202	0	201	0	200	0	100	84	178	0	196	0	116	103
208	0	194	0	190	0	201	0	86	109	180	0	189	0
198	0	182	0	187	0	112	118	191	0	207	0	98	106
202	0	194	0	204	0	207	0	103	120	202	0	190	0
221	0	199	0	110	98	206	0	206	0	98	108	207	0
193	0	186	0	209	0	192	0	89	101	182	0	202	0
201	0	197	0	104	95	192	0	205	0	99	88	229	0
221	0	218	0	191	0	190	0	92	93	195	0	188	0
208	0	218	0	210	0	217	0	90	99	203	0	199	0
225	0	215	0	99	76	191	0	193	0	101	99	200	0
174	0	193	0	207	0	91	124	207	0	187	0	108	105
208	0	186	0	91	86	199	0	187	0	94	92	210	0
221	0	198	0	192	0	209	0	199	10	168	0	210	0
165	0	199	0	98	96	216	0	205	0	100	101	190	0
203	0	184	0	104	91	217	0	201	0	83	93	195	0
208	0	203	0	110	99	186	0	200	0	105	90	201	0
191	0	204	0	186	0	151	44	198	0	197	0	199	11
178	0	180	0	187	0	199	0	200	0	197	0	178	19
192	0	192	0	198	0	225	0	207	0	185	0	189	7
195	0	192	0	91	88	199	0	216	0	194	0	216	0
203	0	223	0	196	0	142	57	218	0	199	0	206	0
191	0	195	0	165	0	137	70	214	0	209	0	197	0
204	0	200	0	198	0	157	45	175	0	214	0	191	0
206	0	204	0	180	0	176	52	201	0	186	0	200	0
203	0	206	0	193	0	176	37	194	0	212	0	190	0
204	0	193	0	96	100	220	0	186	0	202	0	186	0
197	0	212	0	198	0	122	63	205	0	186	0	205	0
188	0	187	0	222	0	156	41	193	0	183	0	198	0
208	0	181	0	207	0	152	68	204	0	200	0	189	0
219	0	197	0	223	0	196	36	197	0	197	0	211	0
172	0	195	0	181	48	207	0	206	0	180	0	187	0
203	0	214	0	199	0	156	42	199	0	190	0	206	0
178	0	189	0	201	0	213	17	186	0	208	0	191	0
