PSec1:ref	PSec1:alt	PSec2:ref	PSec2:alt	M4:ref	M4:alt	M1:ref	M1:alt	M3:ref	M3:alt	M2:ref	M2:alt
111	102	106	115	96	78	82	107	88	90	92	102
210	0	185	0	189	0	211	0	99	100	188	0
151	30	158	36	141	64	103	105	187	0	192	0
180	0	208	0	180	0	214	0	204	0	95	106
192	0	199	0	161	49	180	0	216	0	189	0
212	11	178	0	174	0	201	0	187	0	189	0
188	0	197	0	147	64	221	0	197	0	189	0
180	0	207	0	162	59	200	0	196	0	200	0
197	0	194	0	191	0	211	0	206	0	91	102
203	0	211	0	208	0	199	0	93	93	209	0
193	0	188	0	207	0	91	124	216	0	227	0
199	0	206	0	139	66	216	0	198	0	210	0
212	0	188	0	178	0	183	0	102	90	189	0
204	0	196	0	159	56	198	0	197	0	226	0
207	0	191	0	192	0	165	13	203	0	208	0
200	0	198	0	212	0	199	0	107	118	179	0
189	0	182	0	206	0	180	0	101	106	205	0
196	0	221	0	174	0	195	0	193	0	85	86
221	0	214	0	151	34	190	0	177	0	207	0
194	0	198	0	197	0	208	0	178	0	205	25
206	0	195	0	218	0	196	0	200	0	152	39
198	0	174	0	206	0	186	0	174	17	214	0
185	0	213	0	150	47	180	0	196	0	199	0
206	0	211	0	135	51	219	0	204	0	197	0
190	0	185	0	175	0	196	0	198	13	214	0
195	0	188	0	143	60	204	0	180	0	211	0
234	0	192	0	145	54	174	0	197	0	215	0
203	0	198	0	140	42	206	0	192	0	223	0
214	0	177	0	139	53	212	0	200	0	209	0
190	0	181	0	190	20	185	0	188	0	222	0
174	0	183	0	202	12	221	0	175	0	193	0
