PSec1:ref	PSec1:alt	PSec2:ref	PSec2:alt	M4:ref	M4:alt	M1:ref	M1:alt	M3:ref	M3:alt	M2:ref	M2:alt
116	101	100	95	106	94	92	106	106	114	98	113
114	94	121	88	85	105	91	94	101	100	188	0
161	57	175	52	115	124	130	51	204	0	186	0
220	0	214	0	196	0	175	35	101	102	191	0
162	49	165	40	203	0	191	0	211	0	208	0
189	0	218	0	189	0	201	0	214	0	103	94
218	0	202	0	203	0	192	0	220	0	102	92
199	0	192	0	197	0	204	0	170	0	108	88
189	0	205	0	196	0	158	24	107	96	190	0
152	43	165	44	98	89	129	77	220	0	202	0
224	0	219	0	200	0	177	39	104	88	161	0
193	0	211	0	201	0	205	0	201	0	86	102
155	47	162	34	184	0	204	0	198	0	205	0
203	0	192	0	210	0	211	0	182	0	95	113
165	48	159	48	104	104	113	68	211	0	235	0
153	59	146	41	214	0	181	0	199	0	208	0
154	53	174	43	116	92	126	83	198	0	191	0
137	44	156	35	192	0	204	0	206	0	180	0
143	60	153	43	105	102	130	65	185	0	197	0
192	0	196	0	197	0	208	0	215	0	91	110
149	40	163	35	179	0	208	0	228	0	197	0
138	49	149	39	190	0	234	0	162	0	195	0
148	45	159	42	92	114	107	65	215	0	185	0
207	0	199	0	184	0	188	0	208	0	118	99
154	46	158	40	84	91	132	75	225	0	200	0
148	61	178	31	184	0	192	0	223	0	211	0
152	46	146	46	202	0	188	0	169	0	210	0
191	0	193	0	195	0	201	0	221	0	115	114
148	46	166	31	93	111	126	73	194	0	191	0
174	45	153	53	102	104	117	58	200	0	220	0
227	0	191	0	197	0	211	0	201	0	110	102
123	51	159	41	181	0	187	0	179	0	211	0
191	0	177	0	206	0	214	0	109	85	189	0
150	60	159	49	103	104	151	63	211	0	210	0
154	53	153	36	191	0	196	0	194	0	210	0
200	0	199	0	196	0	209	0	215	0	181	12
207	0	205	0	188	0	202	0	199	0	188	23
158	55	162	44	80	102	152	56	197	0	188	0
160	47	175	38	218	0	199	0	207	0	178	0
190	14	168	21	202	0	198	0	229	0	217	0
183	23	189	25	211	0	191	0	208	0	214	0
205	0	196	0	171	0	190	0	90	99	216	0
132	47	156	29	207	0	218	0	210	0	200	0
188	0	211	0	110	94	193	0	167	0	201	0
205	0	208	0	221	0	200	0	91	99	200	0
167	39	171	0	203	0	227	0	215	0	218	0
