PSec1:ref	PSec1:alt	PSec2:ref	PSec2:alt	M4:ref	M4:alt	M1:ref	M1:alt	M3:ref	M3:alt	M2:ref	M2:alt
100	90	90	101	97	97	94	104	97	82	125	105
206	0	191	0	122	68	205	0	182	0	205	0
121	73	206	0	184	18	207	0	196	0	225	0
205	0	203	0	130	76	227	0	207	0	201	0
183	0	208	0	127	69	229	0	197	0	190	0
195	0	202	0	197	0	109	99	101	103	216	0
194	0	228	0	187	0	209	0	192	0	103	111
180	0	196	0	112	89	216	0	217	0	205	0
198	0	199	0	190	0	182	0	207	0	95	89
191	0	199	0	184	0	197	0	192	0	112	115
191	0	191	0	130	75	219	0	202	0	190	0
201	0	213	0	213	0	88	82	100	91	203	0
202	0	225	0	153	18	194	0	182	0	196	0
191	0	181	0	123	74	206	0	197	0	202	0
226	0	203	0	182	0	216	0	100	96	193	0
198	0	205	0	200	0	202	0	90	113	166	0
194	0	226	0	208	0	210	0	208	0	102	94
182	0	197	0	193	23	232	0	189	0	197	0
187	0	189	0	215	0	174	0	206	0	96	92
199	0	208	0	105	79	201	0	190	0	216	0
192	0	159	0	106	76	208	0	206	0	218	0
209	0	192	0	193	0	198	0	104	112	210	0
237	0	189	0	112	77	177	0	209	0	207	0
213	0	203	0	217	0	191	0	98	121	215	0
185	0	236	0	119	81	203	0	195	0	206	0
214	0	197	0	185	0	190	0	190	0	102	91
198	0	184	0	191	15	178	0	192	0	198	0
183	0	175	0	107	72	203	0	226	0	201	0
193	0	214	0	208	0	184	0	180	34	199	0
190	0	174	0	122	72	217	0	189	0	198	0
216	0	208	0	198	0	189	0	149	51	208	0
179	0	211	0	207	0	195	0	202	0	89	115
182	0	212	0	163	0	203	0	198	0	120	111
207	0	185	0	190	0	232	0	204	0	112	105
198	0	190	0	197	0	205	0	211	0	99	88
197	0	187	0	124	82	190	0	209	0	217	0
227	0	195	0	112	70	202	0	171	0	193	0
226	0	181	0	113	67	187	0	189	0	213	0
212	0	206	0	191	25	202	0	211	0	202	0
212	0	197	0	176	19	200	0	234	0	197	0
204	0	191	0	172	20	200	0	205	0	222	0
214	0	191	0	194	0	242	0	197	0	108	102
209	0	174	0	160	36	194	0	188	0	186	0
204	0	200	0	185	15	235	0	234	0	203	0
