PSec1:ref	PSec1:alt	PSec2:ref	PSec2:alt	M5:ref	M5:alt	M4:ref	M4:alt	M7:ref	M7:alt	M6:ref	M6:alt	M1:ref	M1:alt	M3:ref	M3:alt	M2:ref	M2:alt
104	90	82	91	90	98	91	105	118	104	102	108	94	101	112	108	107	94
106	115	103	97	109	117	97	102	117	82	106	92	96	100	113	109	107	107
179	0	204	0	214	0	187	0	229	0	221	0	108	94	161	0	220	0
211	0	201	0	191	0	209	0	190	0	199	0	87	89	194	0	198	0
211	0	183	0	201	0	220	0	186	0	117	93	199	0	203	0	175	0
200	0	225	0	190	0	234	0	215	0	216	0	205	0	89	111	190	0
199	0	198	0	223	0	198	0	201	0	226	0	205	0	120	74	209	0
91	94	124	72	109	104	109	104	102	97	177	0	227	0	201	0	205	0
221	0	206	0	202	0	180	0	202	0	202	0	99	111	203	0	176	0
204	0	205	0	236	0	182	0	192	0	209	0	94	95	190	0	201	0
191	0	175	0	192	0	171	0	186	0	178	0	200	0	103	111	185	0
203	0	208	0	189	0	210	0	211	0	87	91	199	0	195	0	218	0
200	0	205	0	214	0	177	0	235	0	213	0	78	106	208	0	179	0
232	0	228	0	187	0	178	0	198	0	99	93	199	0	182	0	217	0
212	0	203	0	208	0	220	0	177	0	201	0	183	0	187	0	99	85
204	0	188	0	193	0	217	0	236	0	197	0	115	105	220	0	212	0
207	0	186	0	212	0	209	0	200	0	191	0	198	0	189	0	119	92
93	98	113	82	114	100	88	99	98	108	182	0	201	0	195	0	190	0
100	86	116	82	111	75	91	84	97	96	214	0	176	0	210	0	206	0
203	0	202	0	211	0	220	0	173	0	178	0	190	0	94	95	216	0
210	0	170	0	204	0	189	0	205	0	85	90	200	0	224	0	216	0
78	113	118	89	102	90	109	85	97	99	191	0	186	0	221	0	199	0
178	14	111	89	196	0	109	112	112	103	229	0	211	0	199	0	212	0
123	68	215	0	203	0	200	0	190	0	237	0	183	0	186	0	209	0
214	0	178	0	226	0	201	0	194	0	191	0	190	0	209	0	105	115
205	0	193	0	208	0	110	117	86	103	205	0	221	0	183	0	180	0
182	0	203	0	101	108	195	0	209	0	209	0	204	0	192	0	157	0
213	0	192	0	221	0	185	0	187	0	227	0	187	0	192	0	95	105
216	0	193	0	211	0	101	108	202	0	194	0	211	0	193	0	202	0
220	0	215	0	189	0	192	0	207	0	212	0	201	0	202	0	171	21
188	0	186	0	210	0	181	0	212	0	226	0	190	0	186	0	146	59
196	0	199	0	194	0	229	0	214	0	189	0	206	0	210	0	170	35
204	0	200	0	175	0	97	91	197	0	229	0	192	0	206	0	218	0
215	0	185	0	214	0	218	0	88	95	186	0	224	0	198	0	214	0
194	0	186	0	220	0	201	0	204	0	95	101	204	0	198	0	199	0
189	0	205	0	108	105	196	0	210	0	198	0	207	0	204	0	204	0
207	0	206	0	183	0	199	0	214	0	190	0	207	0	106	99	185	0
215	0	188	0	205	0	104	95	178	0	187	0	181	0	201	0	201	0
187	0	207	0	194	0	213	0	220	0	197	0	167	0	179	0	184	10
221	0	189	0	168	0	204	0	217	0	101	98	225	0	183	0	199	0
217	0	214	0	183	0	218	0	194	0	211	0	176	0	133	45	206	0
201	0	195	0	194	0	92	98	181	0	197	0	195	0	215	0	195	0
210	0	204	0	208	0	215	0	87	118	181	0	243	0	206	0	202	0
214	0	184	0	210	0	188	14	183	0	162	0	199	0	218	0	227	0
224	0	201	0	195	0	183	13	187	0	220	0	221	0	205	0	215	0
190	0	193	0	219	0	222	0	92	89	193	0	186	0	194	0	231	0
197	0	195	0	203	0	182	0	201	0	173	24	200	0	196	0	231	0
206	0	197	0	205	0	194	0	212	0	158	32	174	0	192	0	183	0
201	0	177	0	215	0	218	0	200	0	142	56	197	0	191	0	213	0
170	0	200	0	235	0	206	0	104	103	187	0	187	0	207	0	207	0
202	0	214	0	188	0	187	0	180	0	145	51	205	0	192	0	200	0
200	0	190	0	208	0	203	0	192	17	173	0	208	0	205	0	189	0
