PSec1:ref	PSec1:alt	PSec2:ref	PSec2:alt	M5:ref	M5:alt	M4:ref	M4:alt	M7:ref	M7:alt	M6:ref	M6:alt	M1:ref	M1:alt	M3:ref	M3:alt	M2:ref	M2:alt	M8:ref	M8:alt
102	99	95	94	121	90	96	97	105	100	97	97	96	90	109	105	90	91	92	100
191	0	189	0	207	0	192	0	196	0	214	0	171	0	104	98	218	0	210	0
93	88	97	93	113	78	186	19	113	72	198	0	175	22	167	0	104	94	104	129
104	86	96	109	99	76	170	21	116	77	230	0	184	22	206	0	95	98	96	95
214	0	238	0	203	0	223	0	224	0	194	0	208	0	95	96	207	0	190	0
199	0	209	0	220	0	128	83	216	0	90	92	200	0	203	0	194	0	202	0
198	0	217	0	184	0	188	0	170	0	193	0	222	0	110	110	207	0	210	0
197	0	192	0	194	0	108	91	186	0	91	90	208	0	190	0	202	0	195	0
115	104	114	113	89	102	205	18	135	62	192	0	166	16	217	0	185	0	82	110
189	0	193	0	176	11	212	0	200	0	217	0	117	75	202	0	180	0	193	0
200	0	219	0	207	0	115	78	194	0	127	99	205	0	194	0	173	0	232	0
189	0	210	0	221	0	115	79	209	0	90	99	210	0	206	0	204	0	203	0
100	93	86	99	115	81	194	20	118	79	205	0	178	21	199	0	235	0	102	115
91	95	105	106	107	91	188	23	130	75	194	0	164	16	198	0	222	0	105	93
208	0	205	0	204	0	206	0	214	0	213	0	201	0	103	114	179	0	188	0
173	0	182	0	181	0	198	0	224	0	192	0	193	0	75	99	200	0	198	0
180	0	225	0	206	0	179	0	200	0	206	0	228	0	102	117	180	0	204	0
193	0	198	0	208	0	119	77	205	0	90	102	200	0	179	0	197	0	220	0
199	0	189	0	229	0	100	70	188	0	117	96	226	0	189	0	199	0	184	0
100	94	114	96	109	70	174	17	130	74	197	0	176	16	216	0	223	0	99	90
239	0	195	0	209	0	111	77	200	0	103	114	198	0	182	0	204	0	191	0
186	0	200	0	197	0	198	0	185	0	191	0	202	0	122	92	205	0	181	0
203	0	205	0	216	0	113	81	207	0	109	101	209	0	176	0	208	0	200	0
184	0	198	0	203	0	117	85	201	0	97	113	199	0	200	0	212	0	201	0
195	0	217	0	214	0	195	0	185	14	202	0	183	0	207	0	194	0	228	0
222	0	193	0	213	0	207	0	177	0	213	0	183	14	204	0	192	0	199	0
217	0	191	0	197	0	186	0	208	0	201	0	190	23	183	0	203	0	199	0
186	0	211	0	192	0	176	0	184	0	210	0	183	0	203	0	120	87	190	0
226	0	223	0	208	0	201	0	188	0	180	0	200	0	116	106	223	0	208	0
188	0	202	0	217	0	202	0	209	0	209	0	139	67	199	0	200	0	204	0
202	0	214	0	195	0	202	0	200	0	198	0	215	0	97	96	197	0	180	0
185	0	205	0	190	0	214	0	195	0	202	0	212	0	99	108	177	0	217	0
220	0	205	0	179	14	178	0	196	0	182	0	199	0	217	0	220	0	204	0
228	0	189	0	197	0	200	0	208	0	198	0	152	59	211	0	187	0	198	0
190	0	211	0	204	0	209	0	209	0	185	0	181	0	199	0	112	98	213	0
203	0	211	0	208	0	140	39	198	0	201	0	196	0	187	0	199	0	175	0
193	0	220	0	214	0	150	44	223	0	97	102	207	0	200	0	201	0	195	0
188	0	174	0	196	0	203	0	147	24	215	0	190	0	213	0	202	0	205	0
91	98	92	82	110	92	156	24	111	67	215	0	176	12	199	0	216	0	106	105
200	0	211	0	190	0	206	0	218	0	205	0	149	59	180	0	198	0	194	0
199	0	195	0	204	0	220	0	172	23	202	0	207	0	214	0	213	0	208	0
205	0	195	0	200	0	194	0	188	0	220	0	128	64	189	0	200	0	183	0
146	40	202	0	143	21	173	12	137	63	229	0	209	0	196	0	186	0	85	109
198	0	187	0	189	14	209	0	219	0	212	0	204	0	185	0	187	0	219	0
189	0	196	0	203	0	165	0	195	0	210	0	222	0	181	0	150	48	202	0
198	0	199	0	226	0	193	0	133	69	198	0	196	0	176	0	206	0	192	0
126	54	81	119	129	59	197	0	234	0	194	0	178	20	220	0	208	0	186	0
219	0	188	0	207	0	200	0	202	20	198	0	205	0	228	0	186	0	186	0
214	0	180	0	191	0	222	0	168	26	201	0	195	0	218	0	195	0	211	0
178	0	202	0	204	0	184	0	236	0	205	0	179	0	210	0	205	0	104	91
210	0	208	0	203	0	207	0	138	69	177	0	193	0	201	0	198	0	200	0
187	0	212	0	188	15	204	0	194	0	194	0	186	0	186	0	198	0	191	0
175	0	191	0	195	0	197	0	162	29	187	0	190	0	214	0	204	0	213	0
207	0	212	0	198	8	217	0	222	0	217	0	221	0	200	0	213	0	202	0
217	0	209	0	185	0	192	13	219	0	203	0	210	0	186	0	199	0	196	0
196	0	229	0	196	0	195	0	205	0	208	0	140	53	199	0	204	0	206	0
213	0	202	0	196	0	192	0	209	0	186	0	187	0	222	0	202	0	97	112
199	0	214	0	194	0	187	0	199	0	213	0	123	61	207	0	207	0	214	0
247	0	180	0	178	0	200	0	212	0	214	0	207	0	210	0	202	0	101	105
190	0	219	0	215	0	201	0	169	0	166	0	191	0	203	0	184	0	85	98
179	30	110	90	184	0	190	0	199	0	231	0	182	0	159	0	189	0	178	0
200	0	184	0	211	0	229	0	164	0	99	111	212	0	200	0	211	0	202	0
218	0	178	0	184	0	189	0	208	0	201	0	163	9	200	0	215	0	203	0
193	33	124	82	195	0	205	0	183	0	216	0	196	0	210	0	213	0	177	0
218	0	209	0	183	10	182	0	199	0	202	0	203	0	186	0	200	0	196	0
176	0	205	0	198	0	203	0	115	70	192	0	207	0	205	0	199	0	213	0
184	0	170	22	201	0	189	0	182	0	197	0	186	0	178	0	171	0	194	0
184	0	195	0	195	0	202	0	205	0	205	0	147	56	210	0	209	0	181	0
187	0	193	0	174	0	201	0	211	0	218	0	161	15	211	0	194	0	211	0
208	0	214	0	133	43	216	0	211	0	223	0	201	0	186	0	190	0	190	0
198	0	187	0	177	17	223	0	227	0	236	0	198	0	184	0	204	0	209	0
203	0	191	0	173	0	207	0	186	27	207	0	212	0	192	0	205	0	186	0
212	0	194	0	187	0	183	0	209	0	199	19	194	0	175	0	194	0	207	0
187	0	205	0	188	0	174	0	205	0	197	0	180	0	192	0	195	0	137	46
