PSec1:ref	PSec1:alt	PSec2:ref	PSec2:alt	M5:ref	M5:alt	M4:ref	M4:alt	M7:ref	M7:alt	M6:ref	M6:alt	M1:ref	M1:alt	M3:ref	M3:alt	M2:ref	M2:alt
104	94	90	95	102	97	103	103	103	98	108	95	109	101	90	94	94	95
137	86	102	100	211	0	169	0	208	0	171	0	210	0	221	0	168	25
188	0	184	0	181	0	191	0	204	0	149	37	206	0	205	0	216	0
211	0	210	0	208	0	187	0	187	0	200	0	224	0	210	0	160	32
140	58	102	101	183	0	172	0	214	0	193	0	201	0	208	0	200	0
220	0	209	0	82	96	97	91	111	115	129	57	119	101	119	94	210	0
192	0	196	0	219	0	210	0	193	0	206	0	187	0	176	0	144	74
125	68	108	104	230	0	203	0	199	0	207	0	202	0	202	0	206	0
185	0	183	0	119	103	93	87	85	110	114	46	97	109	101	100	202	0
209	0	197	0	203	0	198	0	218	0	211	0	195	0	207	0	127	87
198	0	195	0	199	0	213	0	202	0	194	0	203	0	194	0	128	45
202	0	219	0	190	0	193	0	220	0	210	0	212	0	220	0	181	30
225	0	228	0	215	0	221	0	207	0	161	49	191	0	203	0	214	0
138	62	104	108	191	0	214	0	225	0	215	0	192	0	193	0	207	0
136	69	100	109	211	0	200	0	175	0	180	0	211	0	190	0	210	0
188	0	219	0	97	95	184	0	105	93	180	0	98	95	208	0	207	0
216	0	229	0	201	0	219	0	215	0	159	50	195	0	223	0	182	0
114	69	83	119	187	0	208	0	200	0	207	0	204	0	217	0	201	0
197	0	209	0	197	0	206	0	198	0	206	0	200	0	191	0	163	25
191	0	198	0	100	101	212	0	116	116	201	0	118	95	227	0	196	0
186	0	221	0	201	0	210	0	206	0	196	0	215	0	194	0	180	28
206	0	192	0	193	0	184	0	199	0	192	0	181	0	186	0	140	63
215	0	196	0	198	0	228	0	179	0	148	52	199	0	205	0	224	0
204	0	219	0	219	0	210	0	111	111	195	0	96	86	193	0	201	0
194	0	198	0	198	0	226	0	207	0	205	0	199	0	174	0	196	15
192	0	189	0	101	112	187	0	210	0	215	0	199	0	203	0	232	0
188	0	211	0	203	0	199	0	199	0	158	44	226	0	206	0	205	0
206	0	191	0	161	0	182	0	200	0	165	49	193	0	195	0	194	0
213	0	200	0	185	0	211	0	95	92	205	0	89	107	207	0	219	0
209	0	191	0	199	0	191	0	212	0	140	55	205	0	103	77	211	0
230	0	191	0	104	107	207	0	195	0	211	0	183	0	197	0	183	0
224	0	187	0	89	91	208	0	192	0	211	0	195	0	203	0	208	0
197	0	221	0	193	0	193	0	234	0	190	0	208	0	125	53	182	0
199	0	191	0	110	108	203	0	189	0	189	0	208	0	225	0	193	0
190	0	200	0	209	0	211	0	220	0	150	51	246	0	197	0	224	0
207	0	233	0	185	0	193	0	106	105	213	0	99	102	213	0	219	0
136	62	103	109	178	0	211	0	203	0	182	0	200	0	203	0	182	0
186	0	210	0	215	0	198	0	216	0	208	0	229	0	125	61	187	0
147	75	95	108	211	0	182	0	176	0	208	0	197	0	178	0	215	0
184	0	204	0	218	0	198	0	223	0	162	52	187	0	211	0	213	0
203	0	208	0	170	0	198	0	112	93	204	0	109	85	199	0	165	0
195	0	193	0	184	0	190	0	206	0	166	51	209	0	192	0	195	0
193	0	187	0	216	0	123	82	185	0	205	0	193	0	215	0	189	0
179	0	207	0	120	95	221	0	205	0	194	0	199	0	193	0	208	0
227	0	210	0	101	94	194	0	189	0	186	0	226	0	200	0	199	0
209	0	193	0	226	0	176	17	189	0	219	0	185	0	204	0	208	0
216	0	212	0	219	0	192	0	212	0	159	34	178	0	185	0	204	0
135	57	85	107	189	0	203	0	176	0	201	0	228	0	206	0	174	0
170	0	129	63	178	0	193	0	187	0	213	0	209	0	207	0	187	0
177	15	176	14	199	0	206	0	186	0	200	0	192	0	216	0	200	0
197	0	185	0	186	39	194	0	175	0	191	0	220	0	197	0	197	0
236	0	214	0	168	27	198	0	191	0	216	0	218	0	192	0	183	0
173	0	196	0	186	18	204	0	203	0	202	0	246	0	188	0	195	0
203	0	213	0	217	0	190	0	96	106	196	0	210	0	191	0	208	0
210	0	212	0	210	0	197	0	209	0	139	74	189	0	227	0	215	0
196	0	208	0	196	0	214	0	196	0	145	57	188	0	206	0	192	0
207	0	210	0	210	0	204	0	176	16	189	0	191	0	208	0	174	0
189	0	196	0	188	0	213	0	169	16	200	0	208	0	195	0	204	0
