PSec1:ref	PSec1:alt	PSec2:ref	PSec2:alt	M5:ref	M5:alt	M4:ref	M4:alt	M7:ref	M7:alt	M6:ref	M6:alt	M1:ref	M1:alt	M3:ref	M3:alt	M2:ref	M2:alt	M8:ref	M8:alt
101	90	98	82	115	100	96	88	103	96	93	110	92	107	74	81	96	101	87	112
220	0	195	0	180	0	186	0	202	0	181	0	230	0	175	0	100	95	193	0
106	90	135	66	99	103	112	98	101	101	211	0	202	0	186	0	192	0	87	103
209	0	196	0	164	0	190	0	211	0	98	93	117	116	214	0	211	0	192	0
197	0	216	0	199	0	217	0	191	0	201	0	193	0	181	0	93	95	192	0
201	0	217	0	212	0	188	0	207	0	219	0	211	0	93	103	199	0	207	0
201	0	190	0	215	0	197	0	189	0	187	0	237	0	103	94	198	0	219	0
187	0	212	0	183	0	186	0	192	0	101	105	105	119	203	0	192	0	190	0
230	0	196	0	217	0	203	0	190	0	166	0	217	0	103	97	200	0	213	0
97	92	144	72	105	112	97	100	100	93	174	0	209	0	199	0	198	0	88	86
185	0	211	0	203	0	203	0	211	0	112	116	94	100	198	0	182	0	200	0
195	0	209	0	199	0	175	0	193	0	192	0	201	0	94	100	202	0	196	0
186	0	221	0	211	0	200	0	213	0	174	0	171	0	100	77	199	0	207	0
200	0	211	0	173	0	192	0	200	0	204	0	200	0	192	0	102	107	184	0
199	0	210	0	202	0	202	0	172	0	216	0	179	0	205	0	109	90	203	0
214	0	211	0	190	0	206	0	185	0	178	0	90	104	215	0	181	0	228	0
208	0	195	0	206	0	213	0	194	0	182	0	221	0	100	90	183	0	196	0
88	94	133	64	118	101	101	104	111	93	170	0	209	0	195	0	178	0	84	107
229	0	202	0	164	0	217	0	177	0	93	102	203	0	185	0	208	0	191	0
193	0	208	0	197	0	201	0	202	0	212	0	207	0	99	97	191	0	243	0
210	0	210	0	196	0	210	0	188	0	199	0	200	0	222	0	172	22	203	0
104	98	100	64	99	97	199	0	110	103	211	0	183	0	206	0	226	0	96	94
192	0	198	0	192	0	98	107	196	0	207	0	217	0	222	0	207	0	207	0
165	0	204	0	225	0	194	0	182	0	102	86	189	0	201	0	211	0	181	0
214	0	186	0	188	0	218	0	196	0	80	102	170	0	217	0	187	0	194	0
105	112	121	83	224	0	190	0	79	85	176	0	211	0	197	0	191	0	102	97
95	99	112	67	188	0	205	0	82	95	211	0	219	0	203	0	222	0	105	110
204	0	186	0	173	0	204	0	197	0	178	0	202	0	101	107	207	0	203	0
208	0	178	0	115	88	170	0	207	0	181	0	155	0	222	0	189	0	193	0
83	106	131	73	183	0	203	0	105	102	192	0	204	0	196	0	223	0	120	99
180	0	188	0	206	0	187	0	210	0	212	0	183	0	94	95	187	0	217	0
194	0	202	0	206	0	116	109	199	0	203	0	201	0	210	0	172	0	222	0
197	0	206	0	204	0	95	83	199	0	210	0	213	0	208	0	207	0	214	0
226	0	200	0	107	97	204	0	219	0	223	0	212	0	197	0	191	0	193	0
201	0	220	0	89	95	220	0	210	0	194	0	184	0	206	0	196	0	207	0
101	111	122	63	209	0	194	0	97	99	203	0	178	0	181	0	200	0	100	101
193	0	187	0	191	0	121	87	189	0	192	0	204	0	205	0	200	0	182	0
220	0	173	0	195	0	87	113	198	0	216	0	198	0	217	0	191	0	208	0
193	0	180	0	182	0	95	106	186	0	206	0	211	0	209	0	211	0	182	0
86	88	122	81	194	0	210	0	83	92	217	0	208	0	220	0	193	0	113	94
165	37	219	0	226	0	198	0	225	0	196	0	223	0	228	0	206	0	218	0
122	39	147	26	177	0	186	0	181	0	187	0	213	0	166	0	211	0	179	0
203	0	183	0	104	87	214	0	209	0	203	0	203	0	201	0	212	0	212	0
190	0	211	0	180	0	91	100	207	0	204	0	234	0	190	0	207	0	195	0
203	0	196	0	195	0	193	0	204	0	212	0	188	0	160	25	200	0	168	0
183	0	197	0	199	0	200	0	200	0	157	0	222	0	158	37	191	0	190	0
185	0	187	0	213	0	191	0	194	0	206	0	195	0	180	40	196	0	191	0
150	59	164	18	193	0	180	0	204	0	195	0	203	0	197	0	202	0	189	0
202	0	173	0	211	0	145	52	201	0	209	0	207	0	201	0	197	0	188	0
199	0	203	0	196	0	208	0	179	0	176	47	181	0	197	0	214	0	214	0
170	0	189	0	192	0	187	19	198	0	197	0	182	0	206	0	196	0	206	0
193	0	192	0	148	49	179	0	195	0	171	0	187	0	228	0	186	0	182	0
173	0	195	0	221	0	164	17	194	0	187	0	186	0	231	0	212	0	200	0
168	0	218	0	210	0	186	0	163	0	197	11	211	0	201	0	209	0	176	0
136	58	190	25	216	0	190	0	184	0	206	0	215	0	209	0	194	0	197	0
191	0	214	0	200	0	165	28	220	0	192	0	194	0	187	0	186	0	214	0
198	0	197	0	183	10	203	0	206	0	203	0	203	0	185	0	205	0	221	0
208	0	208	0	198	0	183	0	182	0	206	0	186	0	183	0	227	0	83	106
196	0	191	0	169	0	190	0	202	0	190	13	206	0	183	0	194	0	192	0
188	0	202	0	174	0	195	0	211	0	179	26	192	0	200	0	185	0	215	0
199	0	190	0	192	0	198	0	175	0	190	0	195	0	207	0	167	0	185	11
