PSec1:ref	PSec1:alt	PSec2:ref	PSec2:alt	M5:ref	M5:alt	M4:ref	M4:alt	M7:ref	M7:alt	M6:ref	M6:alt	M1:ref	M1:alt	M3:ref	M3:alt	M2:ref	M2:alt	M8:ref	M8:alt
112	101	105	94	120	112	92	104	88	92	106	98	95	96	94	92	107	105	99	79
214	0	207	0	201	0	199	0	206	0	198	0	206	0	182	0	205	14	203	0
102	85	96	96	90	105	103	104	90	102	90	87	156	36	102	102	112	96	98	104
196	0	185	0	202	0	191	0	192	0	210	0	117	67	202	0	201	0	195	0
207	0	195	0	177	0	171	0	213	0	196	0	189	0	195	0	209	7	185	0
223	0	205	0	189	0	188	0	212	0	210	0	217	0	199	0	224	21	193	0
189	0	189	0	187	0	198	0	193	0	215	0	146	73	194	0	187	0	213	0
199	0	217	0	192	0	190	0	220	0	214	0	204	0	191	0	176	16	187	0
217	0	195	0	196	0	202	0	177	0	199	0	135	73	195	0	189	0	213	0
193	0	211	0	187	0	217	0	211	0	210	0	239	0	198	0	182	16	223	0
191	0	217	0	209	0	216	0	198	0	218	0	207	0	177	0	188	16	187	0
109	108	98	103	89	100	97	102	108	106	94	90	156	33	107	93	113	96	90	86
190	0	205	0	198	0	214	0	182	0	196	0	139	71	203	0	191	0	215	0
235	0	203	0	198	0	183	0	212	0	216	0	124	67	188	0	197	0	206	0
107	89	99	102	85	101	113	103	98	127	103	102	155	35	107	109	118	93	95	113
223	0	191	0	195	0	174	0	173	0	189	0	190	0	194	0	172	15	208	0
215	0	215	0	107	97	106	115	105	102	79	105	150	42	162	0	194	0	224	0
186	0	184	0	195	0	205	0	194	0	216	0	200	0	95	93	208	0	199	0
127	59	152	51	209	0	183	0	219	0	215	0	213	0	241	0	184	0	215	0
209	0	195	0	98	108	105	113	98	94	107	107	158	32	203	0	162	0	202	0
216	0	209	0	98	112	102	105	102	93	107	84	159	28	209	0	192	0	227	0
162	41	163	18	223	0	216	0	207	0	188	0	195	0	210	0	205	0	179	0
197	0	198	0	220	0	213	0	188	0	199	0	178	0	184	0	121	77	206	0
169	0	217	0	204	0	173	0	199	0	187	0	190	0	220	0	187	21	234	0
130	59	146	55	230	0	218	0	198	0	225	0	187	0	220	0	209	0	207	0
158	33	189	19	208	0	206	0	224	0	203	0	194	0	205	0	213	0	185	0
195	0	167	0	200	0	160	40	107	95	190	0	197	0	220	0	218	0	199	0
189	0	211	0	207	0	119	78	207	0	210	0	212	0	207	0	197	0	228	0
195	0	186	0	193	0	180	0	209	11	167	0	169	43	195	0	221	0	243	0
213	0	194	0	208	0	142	64	203	0	223	0	218	0	205	0	203	0	172	0
196	0	196	0	184	0	201	0	183	0	186	0	146	73	185	0	209	0	184	0
140	67	137	56	199	0	211	0	179	0	211	0	188	0	213	0	210	0	196	0
198	0	215	0	191	0	202	0	207	0	119	95	212	0	183	0	196	0	214	0
201	0	220	0	209	0	199	0	218	0	194	0	199	0	208	0	118	97	193	0
153	76	150	45	210	0	189	0	208	0	231	0	197	0	214	0	204	0	190	0
208	0	204	0	185	0	209	0	201	0	190	0	139	61	178	0	190	0	205	0
211	0	185	0	220	0	200	0	209	0	211	0	216	0	197	0	178	7	213	0
194	0	201	0	182	0	138	50	223	0	203	0	225	0	214	0	207	0	173	0
193	0	208	0	220	0	217	0	182	0	111	101	201	0	214	0	200	0	195	0
207	0	204	0	199	0	148	59	182	0	186	0	202	0	190	0	193	0	194	0
158	73	132	49	183	0	214	0	208	0	212	0	210	0	217	0	184	0	192	0
132	60	156	60	191	0	203	0	212	0	199	0	200	0	166	0	180	0	227	0
191	0	207	0	213	0	199	0	206	0	103	99	204	0	204	0	181	0	209	0
164	31	210	13	213	0	207	0	214	0	221	0	207	0	201	0	184	0	185	0
176	30	188	13	212	0	174	0	208	0	190	0	217	0	192	0	204	0	190	0
199	0	202	0	193	0	214	0	196	10	198	0	206	0	248	0	242	0	184	0
195	0	227	0	204	0	239	0	179	0	201	0	190	0	181	22	189	0	183	0
185	0	211	0	96	107	217	0	162	0	208	0	215	0	184	0	187	0	214	0
217	0	217	0	210	0	189	0	204	0	195	0	222	0	192	0	217	0	103	110
201	0	193	0	227	0	177	0	174	7	200	0	189	0	187	0	178	0	186	0
211	0	198	0	192	0	198	0	203	0	97	92	207	0	226	0	202	0	186	0
219	0	198	0	190	0	214	0	122	97	219	0	181	0	193	0	196	0	199	0
201	0	218	0	124	91	215	0	222	0	197	0	199	0	206	0	223	0	208	0
205	0	220	0	194	0	192	0	214	0	164	47	187	0	184	0	196	0	182	0
207	0	181	0	186	0	177	0	200	0	228	0	188	0	205	0	197	0	104	109
155	50	153	52	211	0	210	0	205	0	180	0	212	0	197	0	208	0	180	0
209	0	217	0	206	0	136	75	214	0	206	0	200	0	191	0	177	0	213	0
201	0	203	0	203	0	191	0	184	13	177	0	209	0	206	0	191	0	163	0
199	0	213	0	180	0	210	0	192	0	185	0	229	0	199	0	173	0	83	97
206	0	200	0	216	0	224	0	197	0	197	0	188	0	217	0	202	0	108	77
200	0	212	0	167	19	198	0	212	0	178	0	218	0	187	0	169	0	207	0
193	0	182	0	184	18	204	0	197	0	182	0	198	0	211	0	227	0	200	0
209	0	203	0	213	20	200	0	189	0	178	0	234	0	214	0	189	0	218	0
192	0	228	0	200	0	185	0	191	29	203	0	195	0	210	0	207	0	225	0
214	0	207	0	189	15	194	0	227	0	219	0	184	0	175	0	199	0	182	0
