PSec1:ref	PSec1:alt	PSec2:ref	PSec2:alt	M5:ref	M5:alt	M4:ref	M4:alt	M7:ref	M7:alt	M6:ref	M6:alt	M1:ref	M1:alt	M3:ref	M3:alt	M2:ref	M2:alt	M8:ref	M8:alt
89	100	97	85	100	122	102	101	114	91	107	107	99	115	99	95	84	104	93	105
123	106	101	94	110	100	111	88	82	99	102	92	120	94	94	102	89	104	107	96
99	101	110	107	92	101	92	113	123	106	102	95	96	109	87	93	110	103	106	111
181	0	157	24	197	0	108	92	191	0	211	0	184	0	176	0	196	0	103	109
102	108	161	57	108	96	218	0	98	103	92	94	105	115	90	105	99	95	175	0
186	0	212	0	200	0	94	97	170	0	188	0	210	0	203	0	221	0	176	0
87	84	140	58	98	95	177	0	192	0	85	130	146	59	188	0	144	66	183	0
174	0	198	0	196	0	94	115	208	0	189	0	187	0	219	0	214	0	215	0
186	0	163	22	217	0	211	0	200	0	175	0	211	0	203	0	196	0	93	88
199	0	202	0	200	0	189	0	108	84	220	0	151	46	79	103	156	32	185	0
188	0	189	0	183	0	96	80	205	0	204	0	199	0	195	0	192	0	212	0
191	0	174	21	194	0	183	0	179	0	205	0	195	0	211	0	235	0	93	112
206	0	199	0	204	0	213	0	104	102	192	0	144	47	117	98	158	46	194	0
223	0	175	30	218	0	222	0	220	0	207	0	197	0	180	0	184	0	105	87
187	0	232	0	208	0	123	103	208	0	204	0	213	0	192	0	201	0	179	0
109	98	147	66	92	96	210	0	200	0	91	119	146	47	230	0	144	60	212	0
201	0	214	0	192	0	211	0	94	97	227	0	150	50	94	84	161	38	190	0
110	85	136	52	99	105	209	0	187	0	94	107	146	52	196	0	133	54	222	0
209	0	219	0	193	0	117	109	183	0	184	0	175	0	195	0	195	0	175	0
193	0	211	0	195	0	82	98	189	0	202	0	196	0	203	0	202	0	198	0
235	0	220	0	202	0	106	102	213	0	197	0	210	0	188	0	226	0	193	0
219	0	177	30	210	0	221	0	203	0	174	0	200	0	209	0	197	0	123	86
177	0	208	0	183	0	214	0	113	99	207	0	202	0	74	87	164	32	188	0
169	0	179	27	216	0	171	0	195	0	196	0	213	0	215	0	206	0	102	98
110	95	142	58	118	124	196	0	212	0	85	95	159	68	192	0	105	57	194	0
97	93	145	53	102	105	190	0	205	0	97	106	144	49	195	0	132	58	212	0
200	0	152	23	203	0	173	0	197	0	187	0	183	0	204	0	164	0	99	102
213	0	206	0	202	0	184	0	90	118	188	0	188	0	110	104	168	41	173	0
114	102	160	59	105	120	189	0	197	0	123	100	156	49	213	0	126	54	209	0
188	0	196	0	209	0	202	0	98	117	186	0	192	0	110	116	185	44	202	0
89	102	138	72	111	93	200	0	187	0	101	101	149	45	199	0	153	44	237	0
164	0	194	0	210	0	196	0	100	85	171	0	222	0	89	96	181	38	209	0
223	0	154	35	215	0	206	0	205	0	230	0	210	0	198	0	211	0	95	103
209	0	147	19	192	0	194	0	195	0	198	0	193	0	189	0	214	0	89	117
198	0	187	0	194	0	222	0	231	0	93	101	173	0	198	0	191	0	211	0
99	105	166	31	80	112	185	0	200	0	205	0	191	0	207	0	199	0	217	0
212	0	199	0	191	0	197	0	116	106	176	0	203	0	103	95	145	40	179	0
115	114	149	44	95	110	200	0	191	0	183	0	204	0	191	0	205	0	195	0
213	0	207	0	221	0	210	0	215	0	102	88	200	0	215	0	230	0	206	0
205	0	177	22	188	0	212	0	199	0	217	0	208	0	184	0	211	0	97	102
185	0	237	0	99	100	154	0	198	0	198	0	190	0	210	0	206	0	215	0
105	117	164	31	178	0	197	0	232	0	173	0	187	0	179	0	207	0	186	0
203	0	165	0	166	0	210	0	196	0	99	109	196	0	207	0	183	0	206	0
205	0	183	29	210	0	190	0	222	0	197	0	195	0	203	0	220	0	106	93
219	0	210	0	205	0	213	0	191	0	107	91	201	0	195	0	181	0	189	0
211	0	192	0	95	94	192	0	212	0	204	0	203	0	193	0	195	0	228	0
194	0	199	0	103	102	198	0	203	0	206	0	178	0	207	0	185	0	211	0
187	0	191	0	91	87	170	0	194	0	208	0	208	0	180	0	191	0	199	0
200	0	203	0	186	0	210	0	193	0	180	0	201	0	119	111	220	0	173	0
188	0	214	0	192	0	205	0	190	0	209	0	145	50	192	0	209	0	187	0
208	0	194	0	211	0	185	0	206	0	100	94	204	0	197	0	203	0	203	0
216	0	178	0	202	0	188	0	212	0	203	0	210	0	109	103	196	0	207	0
92	102	197	31	182	0	216	0	212	0	185	0	177	0	214	0	189	0	185	0
216	0	186	0	109	92	194	0	168	0	226	0	184	0	210	0	202	0	176	0
213	0	186	0	184	0	221	0	212	0	204	0	200	0	136	74	199	0	207	0
177	0	176	38	186	0	207	0	227	0	182	0	174	0	197	0	212	0	104	79
200	0	230	0	199	0	191	0	217	0	103	118	196	0	187	0	211	0	201	0
91	94	169	30	179	0	194	0	213	0	220	0	200	0	220	0	182	0	189	0
180	0	201	0	193	0	203	0	204	0	207	0	195	0	180	28	190	0	190	0
192	0	197	0	189	0	203	0	187	0	188	0	174	0	174	0	153	20	188	0
202	0	241	0	87	96	198	0	201	0	201	0	196	0	202	0	201	0	199	0
216	0	201	0	198	0	208	0	88	96	193	0	189	0	211	0	197	0	197	0
198	0	184	0	202	0	200	0	220	0	201	0	187	0	205	0	198	0	95	119
166	0	199	0	185	0	203	0	216	0	182	0	216	0	207	0	170	14	194	0
178	0	208	0	195	0	213	0	91	110	196	0	217	0	204	0	184	0	196	0
211	0	201	0	188	0	207	0	168	31	188	0	226	0	190	0	183	0	217	0
99	88	171	37	224	0	184	0	189	0	208	0	216	0	181	0	177	0	198	0
198	0	192	0	182	0	195	0	217	0	202	0	203	0	144	62	173	0	199	0
88	95	182	28	211	0	219	0	200	0	210	0	181	0	193	0	208	0	182	0
131	76	182	26	206	0	209	0	181	0	214	0	221	0	172	0	184	0	207	0
212	0	213	0	211	0	209	0	203	0	184	0	188	0	142	70	187	0	179	0
184	0	205	0	93	96	198	0	212	0	203	0	199	0	222	0	218	0	197	0
194	0	198	0	198	0	206	0	190	0	97	92	187	0	198	0	177	0	213	0
173	0	222	0	106	104	219	0	193	0	190	0	197	0	212	0	189	0	200	0
197	0	179	0	174	0	199	0	220	0	195	0	213	0	202	0	190	0	110	114
191	0	187	0	201	0	212	0	207	0	205	0	173	0	145	67	217	0	171	0
194	0	206	0	205	0	197	0	197	0	195	0	205	0	189	0	202	0	160	43
