PSec1:ref	PSec1:alt	PSec2:ref	PSec2:alt	M5:ref	M5:alt	M4:ref	M4:alt	M7:ref	M7:alt	M6:ref	M6:alt	M1:ref	M1:alt	M3:ref	M3:alt	M2:ref	M2:alt	M8:ref	M8:alt
90	99	80	86	98	99	98	91	127	100	86	107	102	104	113	93	91	120	101	93
106	115	83	101	106	96	111	92	89	98	100	106	222	0	102	94	96	83	130	101
84	106	110	82	124	111	90	111	86	100	109	93	181	0	96	85	74	113	100	89
191	0	185	0	221	0	191	0	218	0	179	0	101	95	189	0	181	0	202	0
204	0	196	0	192	0	217	0	218	0	220	0	195	0	175	0	111	100	191	0
200	0	207	0	189	0	198	0	171	0	204	0	99	92	208	0	182	0	205	0
96	87	95	104	79	122	114	96	93	99	86	104	195	0	101	94	195	0	104	97
101	103	97	93	99	119	94	125	99	97	96	110	193	0	111	116	182	0	97	93
202	0	189	0	199	0	201	0	198	0	201	0	160	30	191	0	204	0	213	0
199	0	203	0	232	0	196	0	192	0	185	0	173	16	195	0	203	0	199	0
224	0	220	0	188	0	220	0	201	0	207	0	183	0	204	0	120	89	201	0
194	0	190	0	189	0	201	0	219	0	206	0	140	51	206	0	201	0	176	0
103	103	105	97	95	112	105	107	102	110	88	94	190	0	89	111	217	0	95	107
204	0	191	0	202	0	213	0	99	102	113	104	191	0	96	79	166	0	193	0
190	0	209	0	196	0	204	0	96	120	101	84	204	0	231	0	201	0	203	0
109	89	91	87	100	93	96	93	187	0	206	0	203	0	207	0	191	0	124	104
175	0	194	0	199	0	183	0	214	0	167	0	199	0	181	0	95	110	182	0
188	0	190	0	183	0	204	0	194	0	186	0	189	0	98	100	195	0	207	0
226	0	215	0	192	0	187	0	233	0	186	0	207	0	199	0	105	96	205	0
186	0	213	0	220	0	115	113	170	0	178	0	197	0	180	0	197	0	223	0
175	0	233	0	93	119	224	0	200	0	207	0	186	0	223	0	206	0	179	0
195	0	187	0	107	90	205	0	209	0	196	0	179	0	206	0	179	0	213	0
216	0	201	0	193	0	192	0	167	0	204	0	204	0	197	0	101	86	193	0
210	0	198	0	210	0	205	0	187	0	102	111	217	0	213	0	191	0	196	0
230	0	198	0	200	0	216	0	92	104	191	0	192	0	229	0	206	0	215	0
194	0	194	0	190	0	94	114	199	0	209	0	197	0	196	0	182	0	206	0
175	0	214	0	103	105	172	0	194	0	201	0	189	0	189	0	196	0	212	0
196	0	188	0	206	0	230	0	184	0	182	0	211	0	182	0	106	108	189	0
114	74	96	97	231	0	215	0	193	0	216	0	224	0	195	0	219	0	215	0
195	0	209	0	207	0	187	0	90	108	181	0	205	0	167	0	183	0	193	0
190	0	192	0	196	0	251	0	194	0	207	0	209	0	184	0	122	108	208	0
214	0	200	0	219	0	173	0	233	0	187	0	184	0	204	0	83	92	213	0
97	88	97	99	195	0	191	0	215	0	205	0	184	0	213	0	217	0	187	0
197	0	196	0	101	101	188	0	193	0	181	0	190	0	190	0	207	0	186	0
177	23	114	82	199	0	215	0	208	0	183	0	196	0	194	0	194	0	199	0
214	0	203	0	188	0	196	0	193	0	230	0	212	0	187	0	194	0	110	88
203	0	200	0	200	0	184	0	199	0	197	0	212	0	210	0	159	63	175	0
209	0	205	0	233	0	218	0	97	86	214	0	195	0	189	0	217	0	198	0
213	0	196	0	183	0	191	0	162	0	82	95	181	0	213	0	203	0	193	0
177	0	195	0	218	0	209	0	215	0	188	0	219	0	185	0	192	0	106	125
206	0	205	0	215	0	203	0	207	0	203	0	217	0	215	0	179	21	206	0
178	0	175	0	124	84	199	0	218	0	193	0	197	0	199	0	192	0	162	0
206	0	202	0	202	0	204	0	207	0	145	52	215	0	193	0	207	0	215	0
194	0	203	0	211	0	158	34	214	0	202	0	182	0	215	0	204	0	201	0
197	0	189	0	154	48	188	0	171	0	221	0	227	0	198	0	223	0	197	0
225	0	200	0	212	0	190	21	176	0	187	0	202	0	196	0	194	0	207	0
208	0	205	0	219	0	169	30	198	0	193	0	211	0	214	0	207	0	203	0
203	0	206	0	205	0	198	0	220	0	193	14	200	0	190	0	208	0	197	0
168	0	210	0	208	0	204	0	143	68	196	0	181	0	203	0	214	0	219	0
205	0	195	0	211	0	184	0	144	62	194	0	203	0	198	0	223	0	187	0
