PSec1:ref	PSec1:alt	PSec2:ref	PSec2:alt	M5:ref	M5:alt	M4:ref	M4:alt	M7:ref	M7:alt	M6:ref	M6:alt	M1:ref	M1:alt	M3:ref	M3:alt	M2:ref	M2:alt	M8:ref	M8:alt
114	108	104	116	93	97	85	89	102	88	80	102	96	118	120	99	95	90	116	121
148	57	130	59	101	114	121	118	93	83	94	100	110	96	99	103	109	104	89	97
139	58	136	59	81	87	111	108	115	94	103	94	86	92	99	106	112	97	100	96
128	55	119	63	95	85	98	98	113	111	91	101	98	92	103	91	92	107	91	117
162	56	144	57	92	103	122	88	85	110	88	88	99	109	87	97	98	98	82	107
139	51	135	62	93	105	94	100	109	89	90	118	85	112	121	99	106	96	99	92
153	43	120	71	92	101	105	83	104	99	102	84	87	101	98	123	98	91	93	94
192	0	182	0	208	0	101	91	199	0	204	0	213	0	216	0	200	0	217	0
219	0	196	0	195	0	196	0	185	0	110	92	193	0	236	0	96	102	202	0
195	0	220	0	193	0	204	0	201	0	172	0	204	0	90	103	189	0	209	0
190	0	205	0	209	0	208	0	98	96	180	0	210	0	203	0	196	0	217	0
181	0	200	0	206	0	202	0	193	0	95	95	200	0	227	0	132	62	174	0
203	0	189	0	216	0	209	0	194	0	187	0	191	0	187	0	208	0	111	102
201	0	224	0	185	0	195	0	184	0	112	96	206	0	195	0	242	0	194	0
193	0	194	0	93	83	196	0	192	0	204	0	215	0	172	0	188	0	215	0
192	0	220	0	195	0	133	100	178	0	213	0	201	0	199	0	190	0	184	0
192	0	201	0	184	0	208	0	217	0	203	0	203	0	101	114	195	0	200	0
209	0	197	0	208	0	234	0	197	0	204	0	193	0	178	0	222	0	115	114
199	0	190	0	189	0	183	0	193	0	219	0	192	0	100	107	204	0	204	0
226	0	220	0	211	0	207	0	182	0	221	0	207	0	195	0	182	0	91	90
181	0	205	0	184	0	209	0	189	0	192	0	197	0	185	0	178	0	91	112
197	0	191	0	184	0	202	0	195	0	211	0	210	0	196	0	196	0	107	97
202	0	190	0	211	0	197	0	214	0	88	100	204	0	196	0	199	0	188	0
228	0	206	0	193	0	194	0	191	0	213	0	191	0	222	0	168	34	215	0
185	0	175	0	205	0	211	0	180	0	212	0	202	0	221	0	191	18	182	0
202	0	220	0	210	0	190	0	157	46	215	0	205	0	190	0	217	0	197	0
191	0	192	0	185	0	209	0	196	0	199	0	189	0	192	0	175	0	154	41
