PSec1:ref	PSec1:alt	PSec2:ref	PSec2:alt	M5:ref	M5:alt	M4:ref	M4:alt	M7:ref	M7:alt	M6:ref	M6:alt	M1:ref	M1:alt	M3:ref	M3:alt	M2:ref	M2:alt	M8:ref	M8:alt
96	95	94	113	105	97	108	111	83	95	99	83	95	103	85	100	94	105	96	80
128	53	167	23	221	0	200	0	193	0	193	0	197	0	237	0	192	0	181	0
156	43	192	22	216	0	175	0	224	0	194	0	208	0	207	0	198	0	226	0
153	54	109	66	199	0	93	97	102	87	89	89	185	0	90	88	97	117	111	112
187	0	187	0	97	95	209	0	184	0	220	0	202	0	200	0	197	0	214	0
209	0	207	0	101	120	188	0	224	0	200	0	228	0	214	0	210	0	193	0
215	0	203	0	178	0	211	0	206	0	180	0	99	102	211	0	205	0	203	0
164	57	126	63	171	0	97	100	89	96	113	93	174	0	109	100	112	94	95	89
215	0	178	0	108	102	180	0	195	0	183	0	193	0	208	0	204	0	203	0
137	34	165	17	188	0	218	0	187	0	179	0	213	0	202	0	205	0	194	0
160	38	187	28	206	0	111	116	201	0	209	0	197	0	200	0	209	0	195	0
204	0	196	0	215	0	193	0	208	0	219	0	97	96	204	0	207	0	200	0
182	31	169	23	213	0	209	0	189	0	183	0	190	0	214	0	226	0	217	0
164	42	164	24	195	0	206	0	214	0	226	0	198	0	186	0	210	0	194	0
217	0	174	0	204	0	180	0	220	0	86	94	201	0	206	0	204	0	188	0
191	0	214	0	186	0	170	0	206	0	191	0	207	0	216	0	195	0	105	84
193	0	195	0	193	0	101	103	186	0	174	0	210	0	198	0	165	0	208	0
155	48	191	21	186	0	196	0	210	0	188	0	201	0	201	0	187	0	199	0
208	0	205	0	208	0	206	0	100	105	217	0	199	0	195	0	93	81	195	0
209	0	203	0	217	0	204	0	186	0	208	0	183	15	207	0	213	0	200	0
159	40	174	29	217	0	202	0	211	0	194	0	201	0	213	0	221	0	207	0
186	0	212	0	208	0	202	0	196	0	204	0	200	0	188	0	185	0	105	85
193	0	204	0	213	0	179	0	104	88	202	0	197	0	202	0	96	98	204	0
202	0	216	0	222	0	200	0	191	0	108	110	167	0	212	0	191	0	205	0
160	40	181	23	204	0	213	0	189	0	187	0	196	0	187	0	194	0	172	0
217	0	200	0	206	0	219	0	208	0	176	0	217	0	106	103	188	0	218	0
201	0	217	0	194	0	191	0	186	0	224	0	197	0	105	105	167	0	205	0
187	0	199	0	187	0	200	0	111	116	210	0	224	0	211	0	155	27	215	0
212	0	195	0	213	0	212	0	205	0	109	123	185	0	212	0	178	0	193	0
191	0	199	0	213	0	186	0	91	102	198	0	177	0	198	0	192	0	195	0
192	0	220	0	178	0	207	0	201	0	206	0	215	0	212	0	192	16	210	0
175	33	149	29	198	0	189	0	207	0	221	0	215	0	183	0	183	0	216	0
188	0	203	0	187	0	196	0	193	0	201	0	176	0	183	10	200	0	223	0
197	0	212	0	183	0	176	0	221	0	220	0	198	0	195	12	198	0	214	0
137	49	188	18	207	0	193	0	196	0	208	0	216	0	217	0	201	0	186	0
195	0	187	0	202	0	193	28	201	0	209	0	223	0	193	0	209	0	211	0
184	34	178	37	190	0	189	0	190	0	215	0	183	0	219	0	205	0	182	0
221	0	183	0	199	0	197	0	178	0	192	0	182	0	201	0	209	0	105	97
160	48	182	28	199	0	212	0	199	0	214	0	203	0	211	0	205	0	214	0
195	0	209	0	191	0	187	0	120	104	181	0	211	0	208	0	196	0	183	0
239	0	209	0	197	0	181	0	97	109	198	0	221	0	175	0	174	0	188	0
215	0	208	0	179	0	217	0	195	0	209	0	198	0	210	0	206	0	96	100
211	0	199	0	218	0	214	0	203	0	88	117	185	0	192	0	191	0	201	0
179	0	204	0	108	101	198	0	218	0	199	0	229	0	211	0	194	0	208	0
209	0	184	0	168	0	183	0	91	97	201	0	201	0	202	0	207	0	202	0
197	0	167	0	230	0	185	0	198	0	189	0	169	0	220	0	207	0	102	108
212	0	220	0	197	0	177	0	188	0	190	0	187	0	214	0	210	0	91	106
199	0	208	0	186	0	202	0	207	0	208	0	190	0	205	0	196	0	208	11
