PSec1:ref	PSec1:alt	PSec2:ref	PSec2:alt	M5:ref	M5:alt	M4:ref	M4:alt	M7:ref	M7:alt	M6:ref	M6:alt	M1:ref	M1:alt	M3:ref	M3:alt	M2:ref	M2:alt
98	111	94	85	86	86	104	97	118	92	99	94	109	100	115	88	100	93
90	87	116	51	239	0	208	0	199	0	214	0	218	0	199	0	189	0
225	0	195	0	177	0	213	0	213	0	102	81	211	0	204	0	202	0
189	0	195	20	202	0	199	0	216	0	189	0	179	0	224	0	188	0
174	10	195	0	201	0	215	0	200	0	190	0	201	0	216	0	193	0
174	0	178	0	192	0	216	0	200	0	103	95	213	0	206	0	197	0
218	0	192	0	90	96	107	103	90	93	210	0	93	104	108	101	99	120
193	0	219	0	221	0	194	0	187	0	108	100	210	0	191	0	204	0
182	0	213	0	101	115	91	99	94	103	188	0	141	58	217	0	194	0
200	0	181	0	94	89	100	100	107	110	216	0	129	81	208	0	179	0
211	0	204	0	210	0	202	0	185	0	108	84	219	0	184	0	218	0
200	0	202	0	206	0	189	0	214	0	196	0	204	0	93	102	86	93
202	0	202	0	219	0	194	0	190	0	90	106	211	0	211	0	193	0
211	0	169	0	203	0	186	0	196	0	202	0	219	0	99	91	107	85
212	0	203	0	199	0	188	0	216	0	108	78	191	0	213	0	199	0
202	0	184	0	210	0	188	0	197	0	194	0	217	0	103	89	88	88
201	0	178	0	195	0	193	0	197	0	220	0	187	0	195	0	161	46
181	0	201	0	185	0	211	0	196	0	104	107	194	0	202	0	180	0
218	0	192	0	208	0	177	0	207	0	200	0	216	0	193	0	228	15
206	0	180	0	201	0	200	0	200	0	231	0	207	0	196	0	172	41
197	0	203	0	210	0	203	0	180	0	188	0	202	0	104	83	214	0
173	0	227	0	103	85	100	87	107	106	216	0	117	69	222	0	218	0
201	0	191	0	88	89	99	123	117	114	208	0	125	95	195	0	187	0
198	0	203	0	101	115	92	112	81	96	184	0	104	58	216	0	223	0
196	0	205	0	91	104	101	95	103	105	178	0	127	71	164	0	196	0
193	0	190	0	204	0	215	0	250	0	207	0	191	0	83	98	202	0
212	0	187	0	205	0	201	0	206	0	99	105	194	0	215	0	187	0
200	0	176	0	206	0	208	0	181	0	105	107	215	0	206	0	218	0
204	0	215	0	105	96	105	91	101	106	205	0	125	98	175	0	231	0
212	0	219	0	194	0	182	0	180	0	79	96	180	0	210	0	207	0
241	0	174	0	200	0	212	0	207	0	203	0	209	0	188	20	210	0
186	0	208	0	179	0	183	0	198	0	84	103	185	0	194	0	210	0
197	0	189	0	191	0	221	0	91	102	209	0	185	0	206	0	185	0
206	0	204	0	99	82	230	0	225	0	175	0	183	0	213	0	195	0
194	0	200	0	207	0	85	107	211	0	207	0	197	0	200	0	184	0
196	0	210	0	181	0	180	0	236	0	107	84	204	0	184	0	211	0
219	0	194	0	208	0	214	0	192	0	101	116	213	0	211	0	199	0
178	0	184	0	198	0	202	0	167	0	99	98	193	0	208	0	204	0
185	0	209	0	156	48	191	0	195	0	192	0	200	0	182	0	166	0
205	0	209	0	182	0	210	0	216	0	95	103	185	0	181	0	195	0
198	0	195	0	197	0	206	0	185	0	93	90	189	0	163	0	205	0
214	0	202	0	203	0	219	0	101	106	190	0	198	0	195	0	216	0
213	0	203	0	200	0	219	0	208	0	193	16	189	0	216	0	193	0
