PSec1:ref	PSec1:alt	PSec2:ref	PSec2:alt	M5:ref	M5:alt	M4:ref	M4:alt	M7:ref	M7:alt	M6:ref	M6:alt	M1:ref	M1:alt	M3:ref	M3:alt	M2:ref	M2:alt
100	93	96	101	109	106	80	117	112	112	101	90	110	78	101	107	100	80
181	24	199	0	202	0	176	0	196	0	214	0	175	0	205	0	172	0
146	79	127	95	104	101	82	87	104	107	213	0	128	94	92	97	105	102
219	0	216	0	213	0	224	0	208	0	215	0	210	0	109	93	206	0
193	0	213	0	185	0	107	95	201	0	204	0	83	96	196	0	93	98
225	0	210	0	202	0	202	0	217	0	101	93	199	0	215	0	206	0
194	0	189	0	215	0	175	0	206	0	179	0	189	0	96	100	201	0
221	0	197	0	186	0	81	87	192	0	168	0	83	105	186	0	89	109
199	0	181	0	194	0	80	102	235	0	218	0	94	119	205	0	88	111
128	74	123	80	121	100	197	0	93	101	211	0	166	0	213	0	169	0
185	0	206	0	206	0	215	0	218	0	183	0	201	0	86	97	211	0
197	0	235	0	229	0	100	106	209	0	207	0	86	112	197	0	106	90
220	0	194	0	197	0	119	86	187	0	169	0	91	118	193	0	108	84
187	0	222	0	198	0	185	0	208	0	87	113	208	0	193	0	202	0
192	0	169	0	185	0	220	0	223	0	100	98	204	0	193	0	212	0
124	72	142	76	93	112	204	0	113	112	210	0	221	0	204	0	202	0
139	79	104	83	89	109	221	0	109	96	216	0	193	0	217	0	190	0
205	0	184	0	224	0	97	92	224	0	186	0	103	117	203	0	101	71
215	0	168	0	182	0	101	118	184	0	201	0	108	117	202	0	94	108
191	0	201	0	224	0	206	0	203	0	204	0	156	58	199	0	94	84
215	0	202	0	190	0	107	97	212	0	209	0	207	0	223	0	203	0
186	0	192	0	190	0	103	98	206	0	194	0	193	0	170	0	191	0
200	0	214	0	185	0	95	85	179	0	177	0	211	0	201	0	204	0
225	0	196	0	202	0	201	0	200	0	200	0	203	0	101	117	196	0
136	79	135	78	113	96	200	0	99	101	190	0	211	0	198	0	198	0
197	0	186	0	220	0	185	0	201	0	123	108	227	0	208	0	206	0
214	0	201	0	222	0	194	0	192	0	187	0	178	0	231	0	96	103
216	0	204	0	208	0	226	0	203	0	198	0	194	0	184	0	101	84
191	0	207	0	186	0	201	0	204	0	183	0	184	0	101	104	213	0
184	0	198	0	182	0	199	0	235	0	190	0	212	0	99	101	172	0
116	73	133	76	89	96	181	0	106	116	194	0	201	0	201	0	225	0
190	0	209	0	178	0	103	101	186	0	181	0	205	0	206	0	206	0
183	0	197	0	203	0	180	0	222	0	111	92	202	0	223	0	193	0
179	0	213	0	208	0	181	0	230	0	207	0	207	0	190	0	146	31
200	0	198	0	212	0	92	105	188	0	177	0	208	0	222	0	176	0
207	0	200	0	194	0	92	100	205	0	223	0	208	0	209	0	213	0
114	82	147	94	82	110	209	0	86	106	188	0	206	0	174	0	215	0
213	0	200	0	166	0	114	100	177	0	195	0	194	0	198	0	212	0
214	0	188	0	192	0	203	0	175	0	83	86	179	0	188	0	202	0
184	0	167	30	223	0	220	0	190	0	200	0	204	0	182	0	214	0
209	0	162	26	221	0	218	0	206	0	196	0	219	0	219	0	172	0
204	0	202	0	183	0	198	0	116	91	210	0	180	0	203	0	225	0
210	0	195	0	182	0	198	0	193	0	122	92	199	0	168	0	223	0
200	0	185	0	210	0	214	0	100	88	191	0	215	0	186	0	191	0
199	0	219	0	187	0	101	90	199	0	200	0	217	0	173	0	212	0
193	0	210	0	107	109	185	0	192	0	179	0	195	0	198	0	193	0
113	72	178	24	207	0	204	0	189	0	215	0	185	0	177	0	199	0
213	0	198	0	210	0	101	90	192	0	213	0	219	0	208	0	204	0
113	80	162	19	213	0	209	0	201	0	208	0	197	0	192	0	180	0
199	0	186	0	218	0	198	0	204	0	111	117	205	0	197	0	196	0
208	0	213	0	106	107	156	0	201	0	193	0	181	0	202	0	190	0
218	0	211	0	186	0	164	37	192	0	185	0	210	0	200	0	212	0
185	0	196	0	188	0	211	0	101	105	207	0	207	0	192	0	208	0
179	0	169	0	205	0	194	0	194	0	101	95	203	0	219	0	201	0
132	80	168	20	188	0	189	0	190	0	214	0	219	0	201	0	229	0
121	79	187	0	201	0	179	0	206	0	200	0	216	0	186	0	200	0
214	0	210	0	194	0	205	0	183	0	159	44	191	0	195	0	209	0
209	0	208	0	209	0	183	0	198	0	168	40	212	0	211	0	202	0
203	0	198	0	172	0	195	0	181	0	184	15	198	0	219	0	207	0
201	0	199	0	216	0	206	0	216	0	182	11	179	0	196	0	213	0
