PSec1:ref	PSec1:alt	PSec2:ref	PSec2:alt	M5:ref	M5:alt	M4:ref	M4:alt	M7:ref	M7:alt	M6:ref	M6:alt	M1:ref	M1:alt	M3:ref	M3:alt	M2:ref	M2:alt	M8:ref	M8:alt
130	92	108	93	90	103	116	99	105	103	96	93	116	92	98	91	95	104	78	104
160	0	194	0	186	0	200	0	216	0	194	0	202	0	98	96	200	0	197	0
204	0	192	0	177	0	94	118	230	0	216	0	210	0	193	0	212	0	192	0
202	0	205	0	207	0	193	0	207	0	172	0	211	0	196	0	107	100	209	0
205	0	172	0	203	0	191	0	213	0	214	0	200	0	89	96	205	0	203	0
134	73	158	52	101	87	219	0	175	0	101	85	190	0	213	0	212	0	108	107
194	0	196	0	197	0	189	0	206	0	196	0	222	0	201	0	111	109	180	0
135	68	150	56	108	88	201	0	203	0	97	99	225	0	236	0	218	0	86	119
204	0	196	0	189	0	191	0	222	0	191	0	122	87	192	0	204	0	182	0
107	84	148	53	100	109	210	0	186	0	137	104	209	0	209	0	196	0	110	101
171	11	226	0	199	0	200	0	94	101	215	0	204	0	207	0	188	0	193	0
192	0	197	0	218	0	98	102	204	0	201	0	190	0	193	0	192	0	194	0
227	0	206	0	193	0	192	0	203	0	200	0	206	0	108	93	200	0	200	0
132	75	169	46	105	114	205	0	198	0	92	94	220	0	220	0	208	0	98	108
189	21	208	0	225	0	216	0	81	91	205	0	189	0	172	0	203	0	208	0
215	0	211	0	187	0	148	0	169	0	199	0	144	56	189	0	190	0	196	0
199	17	190	0	196	0	181	0	108	122	201	0	174	0	187	0	185	0	211	0
98	91	177	35	103	115	211	0	191	0	90	91	178	0	233	0	197	0	101	94
190	0	219	0	178	0	203	0	211	0	207	0	148	46	179	0	182	0	196	0
196	28	175	0	194	0	202	0	98	90	212	0	217	0	202	0	186	0	206	0
124	85	147	54	102	114	209	0	203	0	103	89	202	0	172	0	209	0	99	97
158	20	204	0	187	0	189	0	104	94	210	0	176	0	213	0	192	0	197	0
192	30	226	0	190	0	219	0	104	94	187	0	220	0	177	0	189	0	200	0
211	0	193	0	187	0	204	0	196	0	197	0	200	0	200	0	111	99	200	0
102	97	149	42	101	95	204	0	191	0	108	85	190	0	211	0	159	0	104	93
160	16	184	0	208	0	202	0	83	102	209	0	191	0	179	0	211	0	191	0
130	71	177	48	102	120	205	0	199	0	100	104	195	0	204	0	194	0	113	74
197	0	199	0	213	0	199	0	220	0	187	0	196	0	215	0	103	82	188	0
188	30	188	0	189	0	188	0	95	90	204	0	179	0	186	0	193	0	199	0
176	17	201	0	193	0	190	0	100	98	199	0	164	0	209	0	202	0	205	0
206	0	182	0	200	0	188	0	204	0	170	0	199	0	97	106	203	0	202	0
186	0	196	0	193	0	99	95	218	0	185	0	204	0	174	0	190	0	201	0
229	0	200	0	204	0	190	0	194	0	191	0	176	0	94	115	205	0	169	0
142	68	195	0	216	0	194	0	217	0	195	0	180	0	230	0	187	0	92	89
173	25	197	0	202	0	202	0	122	120	214	0	200	0	186	0	196	0	211	0
211	0	183	0	82	103	204	0	192	0	103	84	195	0	202	0	183	0	222	0
213	0	181	0	195	0	108	109	197	0	200	0	211	0	193	0	202	0	206	0
194	22	181	0	215	0	202	0	107	89	209	0	192	0	170	0	203	0	205	0
156	21	148	39	182	0	184	0	197	0	226	0	220	0	235	0	207	0	193	0
193	15	177	0	178	0	191	0	115	115	185	0	207	0	213	0	207	0	197	0
202	0	195	0	81	118	187	0	183	0	182	0	191	0	175	0	222	0	187	0
203	0	191	0	161	0	220	0	190	0	196	0	215	0	94	91	231	0	211	0
158	20	216	0	214	0	205	0	104	107	174	0	195	0	187	0	206	0	199	0
190	15	166	34	202	0	201	0	210	0	227	0	190	0	194	0	176	0	219	0
189	0	194	0	210	0	191	0	206	0	105	111	182	0	201	0	202	0	211	0
146	31	192	0	212	0	197	0	105	97	176	0	218	0	200	0	203	0	195	0
183	13	165	30	180	0	196	0	216	0	256	0	194	0	197	0	204	0	184	0
163	25	215	0	206	0	213	0	104	98	179	0	174	0	186	0	211	0	192	0
210	0	219	0	188	0	191	0	200	0	203	0	199	0	95	106	189	0	193	0
228	0	194	0	115	92	201	0	189	0	200	0	206	0	215	0	210	0	207	0
200	0	197	0	211	0	189	0	246	0	109	98	210	0	215	0	195	0	198	0
142	58	175	0	200	0	189	0	190	0	217	0	200	0	205	0	207	0	99	97
215	0	165	0	203	0	171	0	188	0	127	87	154	0	218	0	191	0	192	0
176	0	187	0	198	0	180	0	179	0	213	0	184	0	152	75	204	0	235	0
186	0	223	0	182	0	218	0	195	0	183	0	204	0	167	14	180	0	198	0
224	0	201	0	205	0	229	0	193	0	194	0	210	0	146	67	211	0	217	0
141	62	186	0	221	0	173	0	178	0	205	0	197	0	177	0	210	0	108	81
215	0	205	0	209	0	184	0	102	115	207	0	200	0	205	0	218	0	224	0
209	0	194	0	210	0	195	0	186	0	194	0	199	0	192	10	218	0	199	0
199	0	203	0	196	0	90	108	193	0	188	0	232	0	219	0	187	0	197	0
192	0	236	0	181	0	94	118	216	0	207	0	181	0	193	0	220	0	194	0
144	53	183	0	209	0	235	0	200	0	211	0	221	0	199	0	196	0	93	96
215	0	189	0	111	98	190	0	189	0	230	0	212	0	194	0	204	0	200	0
135	57	206	0	218	0	200	0	167	0	197	0	173	0	208	0	185	0	89	96
171	21	167	34	187	0	210	0	219	0	224	0	194	0	190	0	200	0	187	0
202	0	214	0	180	9	189	0	171	0	211	0	200	0	226	0	190	0	208	0
177	20	154	27	195	0	211	0	215	0	207	0	228	0	224	0	206	0	182	0
210	0	168	0	183	37	201	0	177	0	188	0	212	0	197	0	216	0	185	0
168	0	189	0	152	31	167	0	222	0	198	0	201	0	193	0	209	0	204	0
203	0	172	0	161	13	184	0	208	0	232	0	215	0	192	0	199	0	193	0
215	0	206	0	193	0	201	0	189	0	217	0	201	0	186	0	186	0	90	109
186	0	212	0	231	0	151	53	221	0	187	0	198	0	205	0	213	0	224	0
204	0	196	0	215	0	210	0	110	84	195	0	177	0	196	0	229	0	192	0
217	0	204	0	192	0	164	24	185	0	203	0	213	0	218	0	181	0	226	0
201	0	189	0	174	0	174	0	140	57	178	0	182	0	174	0	202	0	191	0
188	0	186	0	233	0	169	0	143	52	206	0	201	0	187	0	189	0	185	0
167	0	212	0	186	0	207	0	163	47	192	0	185	0	186	0	205	0	196	0
199	0	213	0	215	0	205	0	207	0	181	0	235	0	188	0	234	0	160	43
