PSec1:ref	PSec1:alt	PSec2:ref	PSec2:alt	M5:ref	M5:alt	M4:ref	M4:alt	M7:ref	M7:alt	M6:ref	M6:alt	M1:ref	M1:alt	M3:ref	M3:alt	M2:ref	M2:alt
131	117	94	95	87	105	102	97	127	94	94	96	110	104	100	115	86	107
120	79	159	42	95	112	204	0	98	83	106	91	216	0	96	105	195	10
128	75	187	37	117	88	196	0	83	94	100	100	217	0	115	92	200	11
198	0	199	0	190	0	219	0	214	0	206	0	197	0	224	0	160	30
218	0	215	0	188	0	100	86	178	0	189	0	97	99	190	0	136	49
190	0	194	0	205	0	192	0	191	0	181	0	199	0	193	0	164	38
197	0	176	0	209	0	176	0	184	0	195	0	199	0	190	0	185	11
179	0	188	0	205	0	200	0	215	0	204	0	194	0	219	0	186	36
144	98	175	37	98	97	204	0	91	95	107	85	210	0	97	91	207	0
148	56	154	32	90	105	219	0	89	97	104	94	222	0	108	84	176	0
195	0	199	0	156	0	116	99	187	0	177	0	115	104	201	0	153	49
225	0	193	0	224	0	213	0	224	0	228	0	189	0	202	0	153	31
178	0	182	0	215	0	207	0	218	0	212	0	213	0	190	0	202	17
194	0	195	0	194	0	112	110	220	0	193	0	94	96	222	0	152	55
199	0	190	0	218	0	191	0	193	0	200	0	194	0	208	0	166	37
198	0	219	0	197	0	99	105	211	0	178	0	102	103	202	0	137	51
193	0	233	0	196	0	191	0	207	0	193	0	201	0	220	0	150	45
204	0	183	0	199	0	104	107	174	0	192	0	107	112	195	0	132	50
112	78	164	44	112	99	195	0	122	93	116	106	181	0	97	101	202	0
128	70	163	26	98	125	212	0	103	94	101	99	226	0	98	108	195	0
187	0	217	0	215	0	193	0	187	0	171	0	184	0	221	0	178	10
196	0	199	0	210	0	214	0	205	0	211	0	167	16	202	0	194	0
139	79	165	40	89	102	204	0	95	93	128	104	178	0	98	102	215	0
132	69	166	34	109	101	185	0	101	92	109	104	197	0	102	92	186	0
126	76	179	35	99	112	188	0	101	101	103	104	202	0	100	105	191	0
194	0	205	0	195	0	205	0	207	0	202	0	187	0	225	0	147	47
201	0	208	0	209	0	213	0	199	0	206	0	186	0	185	0	176	14
204	0	194	0	184	0	187	0	196	0	184	0	204	0	202	0	163	13
143	79	173	37	102	110	179	0	109	92	85	100	188	0	100	112	185	0
218	0	205	0	209	0	125	95	175	0	212	0	204	0	194	0	130	49
187	0	191	0	221	0	206	0	208	0	202	0	233	0	203	0	202	11
214	0	203	0	206	0	168	0	204	0	185	0	201	0	197	0	162	30
129	78	189	45	104	90	177	0	100	121	112	75	182	0	108	98	200	0
206	0	209	0	184	0	217	0	206	0	183	0	194	0	196	0	179	12
198	0	196	0	192	0	113	88	187	0	213	0	216	0	172	0	204	0
137	71	154	38	109	122	205	0	119	100	100	104	200	0	121	79	182	0
122	67	155	27	108	102	209	0	91	104	91	90	189	0	114	101	220	0
125	65	159	32	101	107	210	0	116	101	111	98	206	0	103	93	197	0
112	72	168	38	94	86	222	0	97	96	106	85	221	0	99	83	216	0
137	78	173	28	79	130	229	0	104	111	74	103	199	0	80	106	202	0
130	83	152	37	184	0	196	0	104	91	190	0	197	0	221	0	204	0
192	0	205	0	213	0	204	0	204	0	77	111	211	0	207	0	199	0
196	0	193	0	199	0	87	123	185	0	228	0	210	0	195	0	199	0
135	52	179	25	188	0	219	0	208	0	186	0	212	0	195	0	214	0
183	0	200	0	210	0	215	0	206	0	112	82	184	0	225	0	214	0
207	0	192	0	210	0	187	0	212	0	197	0	207	0	119	104	202	0
195	0	179	0	186	0	177	0	90	92	208	0	199	0	223	0	209	0
204	0	177	0	188	0	188	0	202	0	103	105	219	0	215	0	182	0
189	0	187	0	181	0	157	44	176	0	202	0	190	0	196	0	194	0
169	51	194	23	186	0	196	0	184	0	201	0	208	0	196	0	190	0
164	0	206	0	239	0	220	0	202	0	183	0	223	0	99	95	199	0
175	0	224	0	205	0	150	39	200	0	215	0	184	0	210	0	190	0
198	0	203	0	203	0	147	46	209	0	194	0	207	0	215	0	219	0
198	0	225	0	194	0	187	0	210	0	97	101	198	0	209	0	187	0
188	0	194	0	212	0	195	0	196	0	86	103	194	0	192	0	210	0
177	0	195	0	185	0	200	0	225	0	105	101	181	0	202	0	198	0
137	49	187	27	192	0	213	0	199	0	205	0	184	0	173	0	195	0
188	0	201	0	202	0	194	0	180	0	102	107	208	0	197	0	200	0
212	0	189	0	175	0	193	0	99	92	213	0	194	0	194	0	201	0
225	0	193	0	146	61	198	0	188	0	189	0	197	0	190	0	205	0
184	0	183	0	213	0	196	0	194	0	217	0	205	0	92	105	211	0
199	0	208	0	201	0	200	0	202	0	166	19	188	0	200	0	208	0
154	40	174	21	190	0	182	0	193	0	207	0	210	0	193	0	213	0
118	53	189	18	189	0	183	0	197	0	191	0	195	0	190	0	182	0
211	0	205	0	185	0	191	0	203	0	179	0	211	0	201	25	190	0
