PSec1:ref	PSec1:alt	PSec2:ref	PSec2:alt	M5:ref	M5:alt	M4:ref	M4:alt	M7:ref	M7:alt	M6:ref	M6:alt	M1:ref	M1:alt	M3:ref	M3:alt	M2:ref	M2:alt
109	94	83	105	107	110	114	106	86	84	103	102	98	106	123	87	73	80
203	0	214	0	175	41	109	103	97	84	105	98	102	99	189	20	192	0
227	0	210	0	220	0	208	0	186	0	210	0	187	0	186	0	109	91
172	0	207	0	220	0	220	0	220	0	209	0	207	0	101	83	213	0
125	94	114	63	191	0	214	0	178	0	191	0	203	0	187	0	212	0
197	0	219	0	150	33	107	95	111	97	88	106	99	110	174	24	187	0
200	0	173	0	185	0	208	0	196	0	220	0	188	0	196	0	102	96
181	0	185	0	177	41	114	76	103	112	93	88	119	107	172	22	199	0
175	0	212	0	160	36	114	97	114	105	89	88	99	91	195	18	190	0
205	0	198	0	171	45	92	102	110	78	92	103	109	106	186	31	191	0
191	0	183	0	137	64	202	0	192	0	245	0	205	0	220	0	195	0
212	0	189	0	203	0	195	0	183	0	167	0	201	0	193	0	90	92
203	0	183	0	147	43	110	95	99	87	106	87	99	90	169	33	215	0
195	0	190	0	146	63	220	0	207	0	209	0	230	0	198	0	206	0
189	0	206	0	216	0	184	0	207	0	197	0	213	0	206	0	88	104
125	80	129	92	191	0	203	0	224	0	205	0	186	0	233	0	198	0
140	75	109	72	219	0	186	0	195	0	191	0	179	0	199	0	211	0
177	0	166	0	132	66	195	0	223	0	180	0	192	0	195	0	201	0
188	0	213	0	178	47	116	88	97	94	99	101	122	66	172	27	225	0
202	0	197	0	190	0	208	0	202	0	203	0	172	0	117	82	199	0
192	0	181	0	181	0	186	0	180	0	214	0	180	0	209	0	86	97
184	0	192	0	162	54	206	0	213	0	187	0	190	0	212	0	200	0
187	0	207	0	180	38	112	88	114	103	119	100	125	47	175	20	217	0
122	87	120	65	175	0	213	0	226	0	187	0	217	0	185	0	189	0
197	0	194	0	217	0	213	0	203	0	203	0	179	0	197	0	109	103
203	0	215	0	152	0	201	0	216	0	225	0	224	0	121	59	187	0
171	0	201	0	181	0	186	0	209	0	216	0	196	0	189	17	186	0
135	88	123	55	175	0	213	0	196	0	209	0	200	0	225	0	207	0
207	0	189	0	199	0	175	0	193	0	226	0	186	0	178	0	183	13
192	0	182	0	180	41	191	0	194	0	205	0	202	0	188	0	198	0
191	0	208	0	213	0	215	0	213	0	200	0	192	0	204	0	148	43
215	0	177	0	168	35	113	74	96	94	82	108	139	75	166	23	194	0
207	0	188	0	210	0	175	0	196	0	201	0	196	0	210	0	163	38
210	0	205	0	148	42	186	0	201	0	194	0	135	79	221	0	197	0
204	0	203	0	175	0	204	0	106	102	199	0	189	0	179	0	216	0
204	0	233	0	213	0	191	14	183	0	186	0	192	0	174	0	211	0
205	0	195	0	159	47	196	0	219	0	202	0	192	0	162	0	177	0
203	0	154	0	213	0	160	10	199	0	202	0	214	0	187	0	191	0
180	0	186	0	198	0	190	13	183	0	225	0	195	0	216	0	207	0
187	0	210	0	169	0	205	0	226	0	91	97	183	0	182	0	200	0
199	0	193	0	204	0	183	0	91	108	170	0	191	0	195	0	192	0
213	0	212	0	194	0	120	73	190	0	211	0	217	0	196	0	205	0
220	0	163	0	176	0	198	10	214	0	207	0	207	0	186	0	203	0
181	0	217	0	186	0	191	0	207	0	195	0	129	64	193	0	233	0
184	0	205	0	197	0	183	0	107	99	205	0	189	0	197	0	202	0
177	0	200	0	192	0	177	0	172	0	190	0	144	51	182	0	193	0
208	0	208	0	189	0	206	0	162	0	94	103	202	0	186	0	213	0
203	0	203	0	184	0	190	0	181	0	179	0	133	48	193	0	212	0
173	0	204	0	198	0	191	0	200	0	97	117	201	0	193	0	178	0
198	0	204	0	238	0	198	0	186	0	211	0	183	0	187	24	216	0
169	0	224	0	220	0	114	90	192	0	198	0	203	0	204	0	178	0
199	0	195	0	183	0	127	77	204	0	188	0	186	0	198	0	216	0
186	0	194	0	195	0	109	79	196	0	206	0	195	0	189	0	187	0
198	0	187	0	212	0	203	0	86	102	198	0	234	0	198	0	208	0
191	0	205	0	213	0	224	0	210	0	98	93	191	0	212	0	190	0
194	0	198	0	188	0	124	119	183	0	202	0	195	0	202	0	206	0
200	0	223	0	185	20	212	0	189	0	179	0	196	0	223	0	200	0
117	96	131	79	199	0	206	0	219	0	197	0	206	0	207	0	238	0
103	84	135	66	226	0	209	0	184	0	192	0	199	0	199	0	187	0
192	0	217	0	185	0	213	0	178	0	189	0	134	68	208	0	196	0
194	0	182	0	211	0	215	0	114	109	225	0	220	0	214	0	204	0
202	0	227	0	209	0	227	0	196	0	216	0	166	31	213	0	195	0
167	35	137	49	192	0	213	0	224	0	193	0	195	0	207	0	208	0
210	0	185	0	206	0	187	0	102	97	189	0	187	0	197	0	183	0
223	0	191	0	180	0	184	0	143	25	219	0	232	0	190	0	245	0
183	0	218	0	194	0	209	0	145	35	212	0	186	0	212	0	212	0
