PSec1:ref	PSec1:alt	PSec2:ref	PSec2:alt	M5:ref	M5:alt	M4:ref	M4:alt	M7:ref	M7:alt	M6:ref	M6:alt	M1:ref	M1:alt	M3:ref	M3:alt	M2:ref	M2:alt	M8:ref	M8:alt
107	73	112	101	90	83	119	93	93	100	108	101	98	102	113	102	80	135	90	101
216	0	169	28	175	0	204	0	203	0	107	104	201	0	181	0	157	0	191	0
210	0	210	0	200	0	182	0	205	0	198	0	208	0	95	111	200	0	198	0
194	0	177	0	192	0	193	0	200	0	111	93	188	0	191	0	192	0	196	0
188	0	194	0	198	0	211	0	192	0	191	0	179	0	207	0	196	0	82	120
198	0	218	0	216	0	189	0	199	0	202	0	193	0	206	0	206	0	95	109
187	0	202	0	192	0	199	0	213	0	113	109	223	0	195	0	226	0	208	0
196	0	204	0	162	0	215	0	175	0	107	96	209	0	213	0	228	0	167	0
204	0	201	0	209	0	90	87	195	0	193	0	199	0	200	0	101	94	191	0
190	0	191	0	211	0	111	101	191	0	214	0	198	0	212	0	114	95	198	0
221	0	228	0	191	0	191	0	200	0	102	80	206	0	181	0	204	0	181	0
207	0	221	0	219	0	210	0	236	0	198	0	204	0	193	0	186	0	93	94
239	0	191	0	222	0	206	0	205	0	100	97	183	0	190	0	189	0	204	0
214	0	196	0	187	0	106	83	204	0	220	0	178	0	222	0	113	92	190	0
181	0	192	0	183	0	199	0	191	0	185	0	167	11	232	0	188	0	214	0
186	0	199	0	198	0	183	0	226	0	202	0	212	6	186	0	221	0	164	0
179	0	203	0	213	0	195	0	189	0	189	0	186	0	203	0	150	50	192	0
225	0	193	0	215	0	207	0	185	0	204	0	240	0	218	0	130	58	195	0
167	0	203	0	201	0	202	0	230	0	183	0	200	0	89	94	183	0	202	0
198	0	205	0	209	0	96	122	193	0	190	0	199	0	213	0	194	0	184	0
203	0	185	0	198	0	220	0	89	106	187	0	201	0	226	0	214	0	208	0
204	0	194	0	103	90	203	0	181	0	211	0	212	0	192	0	213	0	176	0
194	0	201	0	210	0	201	0	205	0	206	0	201	0	185	0	206	0	89	96
194	0	212	0	205	0	179	0	96	110	196	0	187	0	198	0	205	0	189	0
184	0	204	0	96	96	204	0	181	0	204	0	215	0	199	0	238	0	168	0
209	0	202	0	205	0	212	0	205	0	139	51	224	0	172	0	198	0	177	0
193	0	202	0	134	67	187	0	217	0	183	0	185	0	198	0	204	0	208	0
198	0	210	0	224	0	196	0	88	96	194	0	191	0	180	0	208	0	216	0
206	0	216	0	193	0	190	0	213	0	165	19	222	0	204	0	212	0	191	0
195	0	184	0	198	0	194	0	156	31	178	0	198	0	204	0	211	0	190	0
209	0	190	0	161	34	193	0	227	0	200	0	206	0	232	0	180	0	206	0
190	0	169	0	164	0	199	0	158	40	207	0	195	0	208	0	192	0	200	0
