PSec1:ref	PSec1:alt	PSec2:ref	PSec2:alt	M5:ref	M5:alt	M4:ref	M4:alt	M7:ref	M7:alt	M6:ref	M6:alt	M1:ref	M1:alt	M3:ref	M3:alt	M2:ref	M2:alt
91	103	96	102	103	87	101	97	91	81	99	94	90	96	91	115	98	92
117	120	96	98	213	0	108	94	186	0	178	0	224	0	141	60	185	0
204	0	209	0	217	0	204	0	209	0	189	0	221	0	183	0	204	15
208	0	182	0	195	0	197	0	214	0	218	0	190	0	209	0	186	16
115	100	85	100	221	0	90	95	191	0	196	0	216	0	134	41	163	0
187	0	214	0	98	107	187	0	110	91	89	105	109	78	150	41	116	99
211	0	187	0	107	106	224	0	95	89	89	97	96	97	153	43	116	92
219	0	197	0	103	94	185	0	96	104	97	112	99	97	131	57	116	83
177	0	184	0	95	91	193	0	109	97	105	102	95	100	156	46	121	77
218	0	177	0	183	0	204	0	177	0	184	0	197	0	230	0	169	24
91	115	91	103	196	0	196	28	180	0	195	0	178	0	160	58	191	0
90	90	103	103	203	0	163	40	205	0	195	0	228	0	130	42	172	0
90	107	94	95	196	0	166	36	203	0	174	0	190	0	148	71	182	0
206	0	195	0	193	0	200	0	204	0	192	0	217	0	191	0	156	17
214	0	194	0	188	28	183	0	213	0	182	0	197	22	204	0	113	89
187	0	187	0	184	24	225	0	199	0	208	0	189	18	221	0	128	77
203	0	223	0	184	23	181	0	215	0	204	0	179	20	193	0	129	85
234	0	176	0	183	0	132	51	203	0	224	0	201	0	199	0	196	0
207	0	209	0	200	0	192	0	196	0	204	0	218	0	196	0	119	100
179	0	196	0	194	0	139	78	179	0	185	0	191	0	180	0	200	0
197	0	189	0	110	75	197	0	221	0	174	0	200	0	201	0	187	0
180	0	198	0	203	0	175	0	220	0	178	0	206	0	210	0	191	18
185	0	205	0	176	25	186	0	195	0	188	0	198	0	188	0	213	0
122	108	112	105	175	0	161	32	201	0	202	0	184	0	129	47	194	0
197	0	204	0	138	71	183	0	222	0	193	0	193	0	198	0	190	0
233	0	199	0	174	0	194	0	102	99	220	0	187	0	211	0	216	0
217	0	218	0	218	0	188	0	201	0	202	0	223	0	171	49	192	0
185	0	190	0	163	25	188	0	217	0	195	0	197	0	181	0	199	0
97	102	93	119	221	0	204	35	243	0	214	0	215	0	160	46	178	0
83	79	96	106	191	0	155	34	185	0	200	0	218	0	164	62	188	0
220	0	187	0	183	0	228	0	207	0	85	114	201	0	197	0	215	0
204	0	202	0	172	0	214	0	212	0	96	99	205	0	184	0	192	0
214	0	215	0	218	0	239	0	181	0	94	95	206	0	188	0	201	0
196	0	232	0	221	0	200	0	212	0	208	0	203	0	138	59	193	0
216	0	176	0	182	0	197	0	218	0	105	95	198	0	200	0	197	0
186	0	202	0	212	0	202	0	207	0	204	0	199	0	199	0	175	14
187	0	186	0	209	0	140	56	208	0	195	0	196	0	186	0	196	0
210	0	181	0	217	0	210	0	181	0	204	0	204	0	162	35	190	0
197	0	197	0	200	0	212	0	99	101	182	0	214	0	189	0	188	0
200	0	226	0	212	0	136	53	212	0	198	0	180	0	206	0	181	0
196	0	209	0	169	19	195	0	161	0	201	0	196	0	215	0	164	0
196	0	181	0	189	0	185	0	196	0	180	0	201	0	142	63	178	0
197	0	188	0	183	0	188	0	98	98	193	0	207	0	192	0	191	0
199	0	176	0	184	18	210	0	216	0	197	0	194	0	185	0	188	0
193	0	191	0	160	33	210	0	155	0	182	0	224	0	200	0	195	0
201	0	196	0	189	0	140	57	221	0	206	0	193	0	184	0	193	0
220	0	208	0	210	0	192	0	184	0	203	0	180	0	183	0	170	21
211	0	174	0	130	59	200	0	202	0	211	0	192	0	203	0	188	0
179	0	204	0	179	0	134	61	169	0	201	0	225	0	220	0	178	0
195	0	211	0	171	29	213	0	185	0	188	0	205	0	189	0	199	0
181	0	181	0	201	0	194	0	196	0	239	0	184	0	155	34	217	0
187	0	221	0	220	0	200	0	181	0	88	90	190	0	192	0	199	0
181	0	225	0	222	0	222	0	176	0	227	0	212	0	196	0	122	74
214	0	181	0	181	0	206	0	192	0	101	92	188	0	192	0	180	0
212	0	174	0	173	28	199	0	199	0	194	0	223	0	181	0	180	0
192	0	209	0	188	0	217	0	211	0	226	0	190	0	153	46	204	0
207	0	172	0	113	82	187	0	226	0	197	0	167	0	200	0	178	0
206	0	169	0	232	0	200	0	211	0	212	0	204	0	207	0	125	87
212	0	220	0	120	58	185	0	208	0	196	0	201	0	233	0	179	0
200	0	197	0	187	27	207	0	222	0	212	0	224	0	170	0	205	0
208	0	219	0	191	0	202	0	204	0	207	0	203	0	223	0	116	53
198	0	192	0	225	0	125	65	202	0	174	0	202	0	185	0	205	0
195	0	183	0	238	0	222	0	197	0	174	0	174	0	171	59	228	0
192	0	205	0	183	0	201	0	210	0	214	0	186	0	204	0	216	14
218	0	189	0	234	0	142	50	197	0	203	0	200	0	194	0	198	0
205	0	203	0	211	0	140	59	208	0	220	0	211	0	217	0	207	0
195	0	226	0	196	0	214	0	87	94	199	0	197	0	193	0	191	0
90	95	113	89	212	0	163	30	206	0	183	0	190	0	140	42	234	0
222	0	205	0	205	0	139	68	203	0	194	0	207	0	200	0	174	0
199	0	205	0	226	0	200	0	193	0	186	0	191	0	166	48	197	0
109	96	100	104	201	0	170	36	202	0	199	0	192	0	164	55	183	0
190	0	230	0	183	0	211	0	219	0	107	106	191	0	200	0	209	0
211	0	211	0	199	0	184	0	102	95	218	0	204	0	209	0	205	0
216	0	184	0	213	0	183	0	198	0	212	0	219	0	161	54	198	0
187	0	200	0	209	0	211	0	223	0	194	0	203	0	147	44	177	0
196	0	218	0	200	0	128	80	189	0	207	0	214	0	212	0	200	0
186	0	210	0	206	0	214	0	198	0	108	109	210	0	186	0	227	0
197	0	212	0	171	0	218	0	200	0	219	0	194	0	155	45	212	0
232	0	220	0	134	76	199	0	204	0	210	0	202	0	182	0	192	0
101	101	105	93	193	0	188	36	199	0	210	0	193	0	160	54	196	0
193	0	175	0	171	0	204	0	220	0	95	101	216	0	199	0	215	0
179	0	186	0	226	0	214	0	194	0	191	0	178	0	200	13	194	0
197	0	184	0	201	0	179	0	191	0	216	0	207	0	191	16	223	0
192	0	194	0	187	0	192	0	208	0	131	59	199	0	206	0	207	0
194	0	193	0	213	0	202	0	186	0	182	0	194	0	186	16	201	0
212	0	191	0	183	0	196	0	91	90	212	0	208	0	215	0	196	0
211	0	212	0	186	0	214	0	222	0	185	26	205	0	195	0	246	0
170	0	207	0	212	0	183	0	97	97	191	0	217	0	194	0	180	0
217	0	193	0	204	0	179	31	210	0	202	0	202	0	193	0	183	0
215	0	198	0	211	0	179	0	179	0	203	0	164	0	159	25	195	0
188	0	185	0	220	0	179	0	195	0	199	0	201	0	160	21	197	0
222	0	210	0	193	0	189	0	106	84	194	0	228	0	234	0	234	0
181	0	204	0	193	0	187	0	202	0	208	0	168	0	172	17	193	0
