PSec1:ref	PSec1:alt	PSec2:ref	PSec2:alt	M5:ref	M5:alt	M4:ref	M4:alt	M7:ref	M7:alt	M6:ref	M6:alt	M1:ref	M1:alt	M3:ref	M3:alt	M2:ref	M2:alt
96	89	110	92	94	104	114	106	86	88	99	101	94	93	98	100	94	101
72	122	94	105	87	88	98	94	97	99	101	99	104	102	92	94	95	94
204	0	189	0	203	0	190	14	186	0	193	0	213	0	89	106	197	0
195	0	208	0	210	0	212	0	185	0	184	0	110	96	224	0	212	0
216	0	215	0	180	0	170	17	189	0	188	0	189	0	124	126	177	0
192	0	193	0	190	0	209	0	202	0	201	0	207	0	192	0	82	115
175	0	194	0	237	0	194	12	198	0	234	0	217	0	82	113	192	0
196	0	186	0	189	0	191	0	214	0	213	0	198	0	217	0	83	103
211	0	207	0	171	0	217	0	207	0	215	0	97	114	181	0	206	0
95	110	95	98	110	116	103	94	99	117	94	111	189	0	208	0	178	0
223	0	178	0	191	0	218	0	219	0	178	0	90	101	186	0	182	0
98	106	95	112	122	77	111	87	101	104	109	101	217	0	211	0	187	0
108	103	88	108	107	109	106	71	116	108	96	114	215	0	171	0	195	0
208	0	238	0	180	0	184	0	220	0	178	0	172	0	237	0	96	104
196	0	199	0	217	0	203	0	230	0	185	0	96	107	187	0	220	0
112	101	90	107	94	100	129	59	109	98	95	105	198	0	206	0	218	0
103	111	81	88	93	103	112	93	101	115	112	102	219	0	204	0	187	0
189	0	187	0	201	0	208	0	198	0	205	0	135	59	191	0	212	0
111	96	88	109	113	104	113	116	95	105	112	89	192	0	203	0	187	0
191	0	215	0	177	0	199	0	196	0	208	0	168	0	182	0	98	100
207	0	201	0	217	0	200	0	213	0	200	0	217	0	231	0	109	113
113	106	115	104	105	104	126	93	101	118	95	87	206	0	209	0	194	0
99	112	109	103	124	108	109	102	97	94	117	115	213	0	213	0	222	0
216	0	211	0	185	0	217	0	195	0	208	0	203	0	209	0	104	100
106	92	107	95	85	103	113	77	88	96	106	100	225	0	214	0	210	0
226	0	215	0	188	0	197	18	217	0	220	0	180	0	168	46	186	0
192	0	197	0	188	0	206	0	195	0	204	0	150	64	188	0	205	0
188	0	211	0	218	0	197	0	191	0	199	0	119	80	189	0	178	0
192	0	222	0	171	0	223	0	219	0	219	0	187	0	171	24	181	0
227	0	208	0	190	0	200	0	196	0	169	0	123	60	182	0	168	0
201	0	186	0	242	0	206	0	205	0	177	0	213	0	166	9	185	0
87	94	107	92	105	98	133	86	93	98	112	110	216	0	213	0	208	0
100	102	91	110	92	95	117	89	99	90	101	104	197	0	221	0	177	0
173	0	191	0	221	0	179	0	205	0	185	0	147	62	206	0	213	0
186	0	188	0	172	0	208	0	196	0	195	0	134	56	207	0	210	0
220	0	202	0	195	0	154	26	219	0	174	0	201	0	194	0	197	0
206	0	215	0	213	0	221	0	223	0	202	0	207	0	216	0	174	15
230	0	200	0	192	0	215	0	181	0	219	0	193	0	195	0	196	13
192	0	194	0	209	0	193	0	186	0	195	0	138	60	184	0	186	0
187	19	195	0	192	0	209	0	106	101	208	0	178	0	192	0	204	0
197	0	219	0	194	0	179	24	173	0	187	0	197	0	195	0	185	0
179	0	188	0	216	0	208	0	198	0	119	113	214	0	213	0	204	0
218	0	204	0	211	0	189	0	225	0	202	0	139	62	203	0	210	0
191	0	198	0	99	82	139	73	215	0	205	0	212	0	213	0	177	0
188	22	193	0	211	0	185	0	110	95	169	0	195	0	211	0	247	0
198	0	222	0	193	0	201	0	200	0	202	0	144	71	208	0	187	0
209	0	206	0	195	0	119	84	193	0	196	0	199	0	239	0	187	0
196	0	218	0	194	0	187	13	205	0	193	0	195	0	203	0	191	0
191	0	216	0	195	0	112	86	184	0	205	0	196	0	223	0	227	0
171	0	214	0	191	27	219	0	200	0	196	0	191	0	200	0	174	0
235	0	192	0	204	0	121	91	218	0	185	0	215	0	226	0	225	0
120	70	88	121	181	0	185	0	217	0	203	0	197	0	221	0	195	0
198	0	216	0	199	0	125	75	218	0	185	0	234	0	202	0	200	0
190	0	193	0	207	0	195	28	227	0	185	0	191	0	188	0	199	0
139	79	93	113	192	0	202	0	210	0	197	0	161	0	195	0	196	0
194	0	201	0	112	78	225	0	214	0	201	0	198	0	206	0	177	0
158	36	203	0	201	0	202	0	93	105	198	0	227	0	207	0	211	0
199	0	208	0	188	15	206	0	193	0	200	0	180	0	191	0	219	0
187	0	181	0	189	0	197	0	203	0	196	34	208	0	195	0	215	0
117	93	113	83	195	0	207	0	200	0	214	0	213	0	200	0	193	0
204	0	189	0	210	0	126	71	203	0	189	0	186	0	206	0	192	0
204	0	184	0	186	0	179	21	218	0	199	0	222	0	195	0	219	0
204	0	190	0	216	0	198	0	181	0	179	13	204	0	190	0	194	0
187	0	201	0	193	0	215	0	199	0	141	48	215	0	193	0	184	0
200	0	218	0	226	0	191	0	121	109	205	0	224	0	171	0	205	0
147	85	102	108	210	0	203	0	197	0	201	0	187	0	217	0	207	0
136	43	221	0	190	0	193	0	210	0	167	0	207	0	213	0	210	0
