PSec1:ref	PSec1:alt	PSec2:ref	PSec2:alt	M5:ref	M5:alt	M4:ref	M4:alt	M7:ref	M7:alt	M6:ref	M6:alt	M1:ref	M1:alt	M3:ref	M3:alt	M2:ref	M2:alt	M9:ref	M9:alt	M8:ref	M8:alt
106	114	89	116	111	105	97	95	93	93	112	125	109	109	100	96	92	97	86	91	101	86
143	64	178	24	90	109	131	70	97	88	95	95	114	108	100	81	106	130	96	115	98	83
153	37	173	42	225	0	205	0	201	0	179	0	207	0	190	0	189	0	191	0	191	0
198	0	206	0	102	93	144	43	97	96	117	93	96	91	120	74	98	108	107	102	104	94
211	0	185	0	180	0	192	28	204	0	202	0	176	0	202	0	239	0	215	0	217	0
199	0	207	0	178	0	164	26	219	0	189	0	202	0	203	0	188	0	220	0	211	0
217	0	194	0	201	0	229	0	216	0	229	0	228	0	191	11	217	0	182	0	194	0
197	0	210	0	182	0	180	0	214	0	187	0	187	0	210	19	201	0	196	0	213	0
210	0	202	0	180	0	192	25	192	0	205	0	198	0	215	0	217	0	202	0	211	0
219	0	178	0	104	103	168	49	97	96	106	94	92	100	109	65	106	109	97	108	99	107
222	0	220	0	214	0	188	27	202	0	211	0	211	0	195	0	195	0	185	0	203	0
194	0	212	0	206	0	174	29	201	0	217	0	213	0	200	0	201	0	194	0	197	0
207	0	176	0	214	0	192	0	203	0	204	0	209	0	167	22	186	0	208	0	191	0
200	0	187	0	93	78	159	41	95	106	105	104	76	93	131	73	98	100	80	118	101	91
185	0	183	0	89	92	170	47	103	89	103	114	93	88	109	101	77	86	87	95	97	96
187	0	173	0	105	94	170	57	104	87	91	119	88	84	126	72	103	102	108	107	107	107
161	0	196	0	182	0	211	0	198	0	195	0	177	0	180	20	198	0	194	0	193	0
174	0	170	0	101	104	157	39	92	117	101	113	114	87	130	80	87	105	104	97	86	96
188	0	174	0	183	0	206	0	201	0	198	0	219	0	190	22	196	0	205	0	214	0
214	0	206	0	178	0	188	25	215	0	189	0	222	0	223	0	185	0	202	0	224	0
183	0	212	0	188	0	193	0	182	0	194	0	205	0	199	28	169	0	191	0	190	0
221	0	202	0	220	0	193	0	211	0	196	0	213	0	129	87	204	0	211	0	198	0
196	0	203	0	196	0	180	26	205	0	205	0	186	0	214	0	212	0	217	0	182	0
196	0	215	0	170	0	186	0	209	0	209	0	188	0	111	83	218	0	198	0	193	0
190	0	186	0	213	0	219	0	208	0	99	105	208	0	191	0	206	0	204	0	188	0
205	0	220	0	104	77	191	0	199	0	187	0	191	0	226	0	190	0	200	0	189	0
208	0	184	0	191	0	202	0	157	38	211	0	203	0	185	0	236	0	212	0	217	0
223	0	197	0	214	0	202	0	181	22	213	0	111	73	206	0	113	80	112	127	184	0
177	0	196	0	195	0	212	0	174	19	173	0	109	94	213	0	116	102	115	113	196	0
193	0	175	0	195	0	185	0	174	25	188	0	164	0	197	0	219	0	217	0	201	0
198	0	208	0	103	105	193	0	212	0	203	0	187	0	215	0	196	0	176	0	192	0
215	0	190	0	181	0	204	0	195	0	184	0	192	0	191	0	199	0	92	88	200	0
198	0	185	0	194	0	193	0	137	45	188	0	203	0	213	0	176	0	194	0	235	0
174	0	194	0	184	0	148	56	181	30	201	0	167	10	195	0	186	0	179	0	108	97
189	0	167	0	207	0	206	0	180	0	197	0	153	25	173	0	222	0	210	0	222	0
199	0	204	0	190	0	201	0	189	0	216	0	246	0	131	80	187	0	194	0	200	0
204	0	183	0	178	17	192	0	184	0	190	0	185	0	207	0	187	0	181	0	200	0
191	0	204	0	212	0	205	0	198	0	191	0	186	0	199	0	197	0	91	128	201	0
197	0	198	0	176	17	200	0	178	0	181	0	214	0	243	0	208	0	197	0	204	0
205	0	195	0	197	0	205	0	200	0	201	0	145	52	194	0	198	0	199	0	196	0
205	0	220	0	210	0	202	0	206	0	144	56	198	0	182	0	214	0	204	0	204	0
212	0	195	0	203	0	205	0	222	0	188	0	183	0	185	0	116	104	202	0	199	0
187	0	220	0	208	0	194	0	176	0	177	0	180	0	199	0	96	86	205	0	168	0
211	0	198	0	224	0	206	0	186	0	228	0	142	34	217	0	178	0	191	0	212	0
192	0	217	0	155	22	218	0	181	0	233	0	200	0	194	0	189	0	197	0	206	0
213	0	169	0	231	0	203	0	194	0	110	64	196	0	233	0	192	0	190	0	196	0
180	0	184	0	200	0	166	0	203	0	205	0	194	0	193	0	184	0	109	105	179	0
227	0	178	0	206	0	180	0	173	0	131	57	175	0	195	0	197	0	203	0	192	0
217	0	214	0	191	0	220	0	176	0	215	0	147	63	231	0	179	0	202	0	193	0
199	0	219	0	202	0	182	0	179	23	211	0	184	0	219	0	210	0	193	0	209	0
196	0	193	0	214	0	194	0	225	0	183	0	214	0	134	48	189	0	229	0	199	0
176	0	215	0	189	0	198	0	177	32	218	0	197	0	195	0	229	0	210	0	172	0
189	0	195	0	202	0	204	0	179	0	199	0	228	0	159	29	199	0	245	0	190	0
201	0	213	0	212	0	197	0	206	0	196	0	182	0	194	0	91	100	213	0	213	0
209	0	200	0	188	0	197	0	206	0	205	0	168	36	207	0	198	0	233	0	189	0
205	0	201	0	187	0	214	0	191	0	208	0	209	0	212	0	191	0	200	0	100	101
208	0	205	0	208	0	196	0	172	21	199	0	185	0	199	0	180	0	214	0	209	0
194	0	197	0	207	0	211	0	198	0	201	0	131	52	215	0	188	0	196	0	189	0
197	0	196	0	204	0	191	0	175	0	209	0	213	0	194	0	181	25	212	0	191	0
196	0	184	0	185	0	208	0	205	0	204	0	149	26	197	0	191	0	210	0	197	0
191	0	198	0	204	0	238	0	160	24	199	0	215	0	197	0	217	0	192	0	195	0
199	0	188	0	196	0	193	0	189	0	186	0	227	0	182	0	211	0	154	49	197	0
169	0	199	0	198	0	200	0	182	26	182	0	222	0	197	0	185	0	201	0	202	0
189	0	188	0	195	0	165	0	198	0	180	0	176	0	204	0	187	0	218	0	186	9
