PSec1:ref	PSec1:alt	PSec2:ref	PSec2:alt	M5:ref	M5:alt	M4:ref	M4:alt	M7:ref	M7:alt	M6:ref	M6:alt	M1:ref	M1:alt	M3:ref	M3:alt	M2:ref	M2:alt
111	96	100	108	100	113	90	98	84	104	109	107	93	97	109	89	91	90
198	0	215	23	181	36	203	0	206	0	110	84	88	107	107	106	220	0
131	81	118	78	212	0	107	87	117	97	190	0	207	0	198	0	169	15
184	29	207	0	209	0	177	0	197	0	206	0	218	0	196	0	196	0
192	38	193	0	212	0	200	0	185	0	200	0	206	0	188	0	220	0
186	0	213	0	202	0	214	0	229	0	100	93	105	95	98	92	194	0
195	0	199	0	220	0	104	98	112	114	213	0	189	0	208	0	222	0
222	0	208	0	195	0	108	105	107	90	211	0	196	0	187	0	170	0
187	0	198	0	131	36	203	0	183	0	219	0	209	0	192	0	198	0
192	0	188	0	220	0	96	85	97	98	219	0	205	0	163	0	224	0
182	0	203	0	212	0	222	0	198	0	89	95	110	111	100	108	201	0
175	0	203	0	215	0	178	0	205	0	184	0	194	0	218	0	193	13
195	0	200	0	194	0	184	0	185	0	204	0	196	0	214	0	199	12
216	0	189	0	133	74	199	0	218	0	170	0	214	0	212	0	121	101
216	0	188	0	209	0	190	0	219	0	180	0	203	0	214	0	170	14
168	0	213	0	206	0	91	89	98	95	199	0	193	0	172	0	197	0
182	0	238	0	193	0	95	98	100	109	172	0	215	0	208	0	170	0
199	0	201	0	171	0	185	0	220	0	209	0	155	36	179	0	177	0
201	0	185	0	202	0	123	96	109	100	210	0	179	0	184	0	190	0
173	0	190	0	208	0	223	0	195	0	206	0	179	29	189	0	189	0
216	0	185	0	208	0	218	0	172	0	106	120	203	0	98	103	213	0
221	0	221	0	151	55	189	0	172	0	172	0	220	0	210	0	122	68
201	0	188	0	179	0	207	0	192	0	105	99	188	0	102	99	189	0
203	0	181	0	194	0	195	0	209	0	108	114	203	0	105	93	197	0
173	0	176	0	215	0	213	0	187	0	91	110	215	0	91	115	206	0
189	0	210	0	128	67	189	0	198	0	228	0	200	0	195	0	143	79
201	0	175	0	197	0	189	0	186	0	107	107	199	0	111	102	186	0
213	0	170	0	202	0	178	0	199	0	194	0	227	0	215	0	182	9
198	0	198	0	208	0	192	0	205	0	192	0	168	0	189	0	186	11
185	0	202	0	188	0	105	109	96	102	196	0	185	0	198	0	201	0
201	0	175	0	214	0	214	0	223	0	87	102	222	0	92	92	195	0
194	0	207	0	184	37	218	0	190	0	212	0	221	0	178	0	194	0
208	0	178	0	141	66	187	0	217	0	224	0	202	0	189	0	196	0
200	0	221	0	204	0	108	102	98	96	208	0	184	0	185	0	196	0
240	0	213	0	187	0	106	84	91	98	197	0	184	0	198	0	202	0
194	0	205	0	159	31	191	0	234	0	188	0	219	0	193	0	201	0
202	0	203	0	205	0	200	0	217	0	90	107	205	0	98	101	192	0
192	0	212	0	174	0	98	96	102	87	208	0	202	0	197	0	187	0
195	0	208	0	189	0	210	0	207	0	103	107	199	0	208	0	220	0
215	0	224	0	136	54	203	0	209	0	195	0	216	0	202	0	183	0
212	0	191	0	149	64	216	0	197	0	204	0	183	0	195	0	200	0
205	0	218	0	199	0	193	0	193	0	95	92	212	0	216	0	223	0
226	0	172	0	137	77	202	0	178	0	201	0	215	0	203	0	191	0
191	0	174	0	198	0	204	12	94	102	183	0	200	0	201	0	225	0
196	0	185	0	128	62	171	0	180	0	221	0	202	0	176	0	184	0
199	0	222	0	225	0	198	0	191	0	91	109	204	0	216	0	179	0
201	0	185	0	192	0	211	0	188	0	107	105	199	0	189	0	210	0
219	0	218	0	151	48	202	0	182	0	200	0	200	0	170	0	240	0
160	0	207	0	140	38	211	0	204	0	182	0	179	0	197	0	191	0
182	0	178	0	188	0	196	12	89	118	176	0	172	0	196	0	171	0
212	0	216	0	211	0	201	10	200	0	204	0	183	0	209	0	207	0
188	0	195	0	208	0	210	0	202	0	111	79	188	0	198	0	186	0
202	0	193	0	221	0	188	0	115	121	197	0	227	0	207	0	193	0
198	0	196	0	185	0	204	0	169	9	180	0	187	0	191	0	214	0
