PSec1:ref	PSec1:alt	PSec2:ref	PSec2:alt	M5:ref	M5:alt	M4:ref	M4:alt	M7:ref	M7:alt	M6:ref	M6:alt	M1:ref	M1:alt	M3:ref	M3:alt	M2:ref	M2:alt
89	92	97	105	97	120	97	110	100	95	96	108	103	102	108	89	84	116
125	92	91	99	183	0	167	0	186	0	213	0	190	0	86	84	183	0
183	14	205	0	84	101	208	0	179	0	105	97	229	0	205	0	86	119
168	17	227	0	108	121	214	0	207	0	112	78	206	0	184	0	108	94
188	0	204	0	190	0	210	0	97	95	190	0	108	98	223	0	200	0
193	0	215	0	211	0	211	0	201	0	182	0	178	0	88	97	207	0
186	19	197	0	84	114	208	0	181	0	98	96	187	0	204	0	101	78
181	19	203	0	122	89	219	0	200	0	103	96	208	0	204	0	103	97
218	0	195	0	187	0	195	0	92	99	173	0	106	102	198	0	208	0
198	0	229	0	206	0	110	84	174	0	230	0	197	0	201	0	191	0
187	0	196	0	197	0	187	0	104	113	190	0	93	112	205	0	175	0
127	84	92	112	172	0	175	0	187	0	196	0	185	0	197	0	218	0
186	0	195	0	181	0	93	90	198	0	192	0	204	0	227	0	212	0
183	0	200	0	213	0	196	0	103	103	189	0	108	117	202	0	176	0
200	0	205	0	193	0	198	0	137	70	206	0	166	40	229	0	205	0
180	0	206	0	186	0	199	0	165	35	193	0	120	65	177	0	207	0
214	0	201	0	208	0	213	0	180	42	208	0	207	0	217	0	214	0
199	0	189	0	205	0	92	108	177	0	203	0	224	0	217	0	179	0
197	0	177	0	191	0	199	0	205	0	192	0	213	0	84	103	212	0
197	0	209	0	217	0	202	0	135	63	178	0	182	40	237	0	185	0
221	0	216	0	187	0	197	0	233	0	210	0	181	0	97	86	219	0
194	0	210	0	212	0	77	98	189	0	179	0	223	0	212	0	212	0
209	0	195	0	224	0	98	114	196	0	215	0	187	0	172	0	208	0
202	0	169	0	201	0	216	0	171	36	195	0	183	0	204	0	206	0
189	0	203	0	201	0	198	0	198	0	194	0	208	0	92	113	197	0
205	0	213	0	218	0	204	0	194	0	180	0	187	0	97	101	180	0
192	0	197	0	204	0	104	93	171	0	189	0	188	0	222	0	198	0
128	76	95	111	212	0	167	0	200	0	195	0	210	0	184	0	187	0
226	0	203	0	222	0	203	0	141	36	208	0	201	0	200	0	211	0
197	0	183	0	192	0	199	0	201	0	217	0	221	0	110	94	209	0
181	0	208	0	198	0	166	0	159	28	168	0	204	0	203	0	190	0
210	0	209	0	194	0	204	0	181	37	198	0	205	0	223	0	197	0
206	0	198	0	195	0	113	107	215	0	184	0	186	0	199	0	213	0
196	0	234	0	194	0	184	0	165	0	203	0	196	0	94	108	202	0
192	0	212	0	209	0	189	0	147	78	182	0	141	36	194	0	193	0
193	15	168	0	87	107	215	0	201	0	89	124	203	0	200	0	145	64
213	0	167	0	183	0	212	0	132	62	181	0	170	33	207	0	170	0
208	0	215	0	202	0	209	0	159	40	206	0	196	0	180	0	175	0
194	0	205	0	198	0	212	0	143	71	198	0	171	18	191	0	213	0
194	0	175	0	205	0	192	0	220	0	179	0	191	10	199	0	216	0
185	15	221	0	93	106	186	0	175	0	99	85	199	0	199	0	137	51
169	0	197	0	184	0	187	0	187	32	231	0	204	0	196	0	181	0
160	19	203	0	231	0	210	0	230	0	86	98	188	0	178	0	176	15
179	0	201	0	176	0	96	94	191	0	193	0	193	0	181	0	203	0
198	0	197	0	210	0	215	0	211	0	193	0	190	0	203	0	151	49
191	0	184	0	115	103	195	0	215	0	215	0	177	0	194	0	187	0
194	0	217	0	213	0	104	85	222	0	206	0	205	0	199	0	224	0
198	0	181	0	197	0	196	0	176	32	193	0	204	0	201	0	187	0
213	0	202	0	195	0	196	0	207	0	204	0	218	0	100	105	178	0
195	0	213	0	205	0	221	0	183	0	202	0	186	0	212	0	171	50
197	0	194	0	200	0	174	0	191	0	196	0	191	0	187	0	152	46
195	0	209	0	170	0	191	0	114	57	202	0	221	0	189	0	200	0
209	0	213	0	218	0	186	0	205	0	207	0	190	0	88	90	228	0
211	0	176	0	192	0	198	0	142	68	230	0	218	0	196	0	204	0
173	0	190	0	212	0	161	62	196	0	235	0	187	0	190	0	202	0
192	0	206	0	176	0	205	0	211	0	200	0	190	0	144	18	237	0
208	0	195	0	186	0	175	0	145	67	200	0	199	0	208	0	192	0
219	0	180	0	193	0	227	0	192	0	105	110	203	0	206	0	198	0
190	19	222	0	206	0	216	0	184	0	179	0	204	0	178	0	188	0
113	70	97	103	188	0	202	0	198	0	216	0	195	0	185	0	227	0
208	0	212	0	195	0	225	0	163	42	213	0	168	0	204	0	217	0
119	90	95	102	209	0	237	0	216	0	204	0	205	0	228	0	198	0
186	0	199	0	83	110	194	0	197	0	198	0	185	0	210	0	196	0
204	0	212	0	212	0	194	0	200	0	192	0	207	0	163	26	199	0
204	0	210	0	213	0	220	0	176	0	202	0	192	0	190	0	163	47
187	0	196	0	198	0	208	0	171	0	183	26	205	0	186	0	205	0
