PSec1:ref	PSec1:alt	PSec2:ref	PSec2:alt	M10:ref	M10:alt	M5:ref	M5:alt	M4:ref	M4:alt	M7:ref	M7:alt	M6:ref	M6:alt	M1:ref	M1:alt	M3:ref	M3:alt	M2:ref	M2:alt	M9:ref	M9:alt	M8:ref	M8:alt
89	101	103	99	110	100	101	93	105	95	102	102	93	93	87	107	98	108	112	88	96	109	97	94
185	25	115	73	189	0	189	0	208	0	110	108	220	0	183	0	216	0	190	0	208	0	205	0
169	42	183	27	97	90	194	0	122	115	189	0	103	102	105	101	81	109	114	119	99	86	83	102
220	0	212	0	208	0	203	0	208	0	99	102	212	0	230	0	216	0	215	0	175	0	192	0
198	0	199	0	213	0	109	96	208	0	193	0	218	0	182	0	207	0	218	0	204	0	191	0
204	0	200	0	193	0	112	101	190	0	197	0	220	0	214	0	173	0	190	0	200	0	201	0
189	26	196	0	101	86	180	0	103	113	220	0	97	98	96	107	97	90	111	104	80	99	101	107
177	14	193	0	100	117	199	0	93	91	196	0	100	92	93	119	116	121	116	92	91	117	107	96
183	21	207	0	100	99	199	0	83	96	196	0	106	97	104	94	116	98	103	87	108	85	94	118
187	0	190	0	219	0	192	0	189	0	80	114	212	0	196	0	236	0	171	0	202	0	220	0
196	0	209	0	167	0	105	91	204	0	195	0	223	0	205	0	187	0	183	0	191	0	200	0
200	0	199	0	195	0	179	0	206	0	107	104	206	0	230	0	189	0	182	0	198	0	187	0
189	0	217	0	201	0	226	0	191	0	114	100	219	0	194	0	192	0	191	0	213	0	217	0
228	0	212	0	160	0	181	0	188	0	113	79	205	0	204	0	215	0	177	0	185	0	215	0
196	0	195	0	190	0	201	0	211	0	178	0	96	97	233	0	209	0	176	0	203	0	212	0
189	0	205	0	217	0	176	0	110	97	190	0	194	0	197	0	193	0	166	0	174	0	220	0
209	0	194	0	203	0	214	0	196	0	101	91	207	0	197	0	239	0	192	0	189	0	194	0
181	0	200	0	193	0	183	0	215	0	117	91	195	0	222	0	179	0	202	0	205	0	194	0
201	0	224	0	213	0	110	104	215	0	199	0	201	0	180	0	210	0	182	0	197	0	192	0
224	0	208	0	200	0	85	109	182	0	193	0	189	0	204	0	200	0	225	0	189	0	195	0
199	0	199	0	204	0	193	0	201	0	83	124	206	0	186	0	168	0	214	0	186	0	166	0
207	0	198	0	206	0	196	0	97	89	174	0	188	0	208	0	212	0	204	0	191	0	190	0
216	0	207	0	201	0	108	94	220	0	232	0	205	0	196	0	186	0	197	0	228	0	194	0
210	0	190	0	214	0	183	0	202	0	212	0	182	0	193	0	98	80	223	0	205	0	198	0
179	18	200	0	90	92	211	0	201	0	204	0	178	0	134	51	208	0	199	0	95	106	104	89
197	24	185	0	115	104	189	0	196	0	214	0	216	0	129	54	196	0	198	0	96	121	85	103
184	0	187	0	205	0	192	0	183	0	232	0	193	0	191	0	196	0	151	39	193	0	215	0
212	0	199	0	192	0	197	0	117	99	192	0	216	0	188	0	220	0	174	0	205	0	185	0
209	0	202	0	195	0	222	0	196	0	219	0	83	102	211	0	197	0	232	0	205	0	192	0
181	0	210	0	208	0	190	0	191	0	205	0	212	0	213	0	199	0	193	18	183	0	228	0
210	0	207	0	185	0	210	0	218	0	191	0	181	0	187	0	191	0	191	23	211	0	220	0
182	0	222	0	179	0	189	0	103	91	188	0	199	0	190	0	201	0	199	0	192	0	203	0
237	0	204	0	224	0	216	0	199	0	204	0	183	0	207	0	193	0	188	28	216	0	258	0
214	0	196	0	226	0	187	0	196	0	205	0	98	115	195	0	209	0	222	0	199	0	188	0
185	29	179	0	92	100	208	0	195	0	192	0	193	0	130	51	176	0	234	0	108	90	111	96
196	0	204	0	198	0	207	0	186	0	195	0	217	0	182	0	195	9	205	0	208	0	223	0
200	0	247	0	186	0	203	0	105	119	163	0	197	0	218	0	205	0	190	0	182	0	212	0
194	0	191	0	207	0	115	110	187	0	185	0	207	0	204	0	183	0	209	0	199	0	216	0
195	0	193	0	142	51	177	0	223	0	192	0	228	0	179	11	194	0	177	0	197	0	231	0
194	0	209	0	200	0	212	0	201	0	103	92	203	0	195	0	208	0	193	0	198	0	199	0
200	0	216	0	126	57	186	0	191	0	210	0	197	0	200	0	191	0	204	0	210	0	192	0
204	0	213	0	175	0	112	92	206	0	205	0	204	0	196	0	179	0	208	0	223	0	197	0
197	0	188	0	217	0	196	0	82	83	183	0	218	0	194	0	256	0	204	0	196	0	222	0
201	0	183	0	181	0	217	0	188	0	198	0	201	0	195	0	190	0	220	0	92	112	204	0
176	0	180	0	204	0	193	0	224	0	205	0	95	97	215	0	199	0	223	0	201	0	213	0
185	0	188	0	212	0	192	0	98	88	207	0	194	0	200	0	195	0	186	0	207	0	209	0
214	0	198	0	201	0	199	0	221	0	184	0	225	0	195	0	204	0	211	0	108	106	195	0
191	0	198	0	154	44	221	0	220	0	219	0	201	0	224	0	186	0	222	0	199	0	186	0
198	0	229	0	189	0	204	0	180	0	92	90	202	0	193	0	188	0	210	0	191	0	212	0
186	0	197	0	205	0	190	0	187	33	195	0	201	0	213	0	205	0	222	0	182	0	197	0
183	0	192	0	201	0	110	78	215	0	207	0	209	0	210	0	192	0	196	0	193	0	207	0
203	0	185	0	192	0	193	0	199	0	119	109	197	0	204	0	197	0	182	0	180	0	191	0
204	0	224	0	206	0	215	0	179	0	105	109	206	0	201	0	200	0	191	0	199	0	207	0
214	0	186	0	187	0	203	0	207	0	189	0	202	0	188	0	206	0	199	0	105	104	185	0
187	0	205	0	143	29	182	0	178	0	212	0	192	0	186	0	198	0	193	0	235	0	199	0
188	0	185	0	223	0	203	0	223	0	224	0	98	87	192	0	184	0	217	0	189	0	191	0
187	0	218	0	196	0	212	0	164	0	95	98	214	0	199	0	183	0	231	0	205	0	199	0
193	36	184	0	186	0	196	0	215	0	190	0	203	0	219	0	201	0	218	0	197	0	175	0
193	0	199	0	224	0	189	0	204	0	208	0	187	21	213	0	185	0	206	0	202	0	195	0
187	0	203	0	196	0	199	0	193	0	216	0	179	0	205	0	178	0	218	0	228	0	106	86
188	0	191	0	215	0	203	0	207	0	193	0	227	0	203	0	197	0	209	0	175	14	197	0
188	0	216	0	233	0	208	9	174	0	187	0	201	0	219	0	215	0	200	0	191	0	216	0
190	0	228	0	195	0	189	8	204	0	222	0	208	0	219	0	179	0	196	0	186	0	188	0
194	0	201	0	137	47	209	0	212	0	190	0	206	0	194	0	208	0	204	0	203	0	186	0
183	0	192	0	149	47	217	0	195	0	194	0	209	0	181	0	206	0	200	0	229	0	237	0
173	0	188	0	214	0	210	0	182	0	132	46	201	0	203	0	182	0	214	0	202	0	174	0
203	0	206	0	130	58	199	0	214	0	197	0	182	0	195	0	185	0	212	0	206	0	177	0
220	0	192	0	193	7	199	0	197	0	209	0	180	0	222	0	232	0	200	0	192	0	206	0
