PSec1:ref	PSec1:alt	PSec2:ref	PSec2:alt	M5:ref	M5:alt	M4:ref	M4:alt	M7:ref	M7:alt	M6:ref	M6:alt	M1:ref	M1:alt	M3:ref	M3:alt	M2:ref	M2:alt
116	112	103	92	97	113	82	107	100	81	91	90	95	86	97	104	98	92
142	62	191	40	229	0	196	0	198	0	191	0	209	0	213	0	207	0
208	0	191	19	201	0	106	94	104	109	110	113	180	18	223	0	96	76
185	0	189	12	91	89	214	0	198	0	204	0	138	69	97	117	213	0
213	0	194	15	187	0	185	0	189	0	224	0	188	0	177	0	185	0
180	0	196	17	95	116	209	0	213	0	229	0	136	59	87	85	212	0
169	44	212	0	186	0	207	0	193	0	222	0	199	0	195	0	197	0
210	0	179	16	204	0	114	123	86	101	84	95	167	31	205	0	94	77
188	0	171	40	209	0	208	0	200	0	206	0	182	0	190	0	201	0
194	0	203	19	203	0	106	111	88	96	93	107	182	0	197	0	90	87
198	0	223	0	201	0	184	0	182	0	169	0	177	35	204	0	209	0
201	0	203	0	207	0	202	0	201	0	192	0	157	26	179	0	187	0
191	0	207	0	89	121	196	0	205	0	204	0	141	67	107	89	197	0
229	0	191	0	193	0	205	0	182	0	189	0	165	33	197	0	200	0
212	0	202	0	92	102	173	0	194	0	192	0	123	70	98	116	221	0
214	0	195	0	91	97	209	0	205	0	216	0	128	76	102	101	188	0
196	0	208	0	224	0	188	0	215	0	195	0	147	25	230	0	201	0
186	0	186	0	202	0	197	0	220	0	192	0	193	32	178	0	232	0
196	0	233	0	197	0	182	0	199	0	213	0	189	11	94	95	225	0
197	0	188	0	194	0	203	0	193	0	184	0	149	53	189	0	194	0
197	0	155	0	204	0	222	0	205	0	216	0	174	0	102	106	187	0
194	0	170	0	186	0	199	0	195	0	200	0	211	0	104	117	197	0
190	0	185	9	191	0	98	95	92	91	102	97	222	0	222	0	138	44
173	0	150	9	206	0	97	97	109	98	93	94	185	0	221	0	155	49
169	0	199	12	211	0	101	86	105	95	81	89	186	0	179	0	143	50
194	0	181	18	224	0	100	119	94	93	119	98	209	0	213	0	151	36
210	0	206	0	216	0	203	0	227	0	207	0	234	0	204	0	163	23
191	0	197	0	201	0	218	0	227	0	210	0	213	0	199	0	169	37
198	0	221	0	226	0	200	0	207	0	196	0	168	0	205	0	187	30
199	0	185	11	201	0	228	0	228	0	206	0	217	0	163	0	182	0
183	0	211	0	209	0	212	0	87	89	208	0	201	0	202	0	185	0
212	0	203	0	96	114	186	0	200	0	192	0	225	0	189	0	199	0
223	0	208	0	193	0	215	0	222	0	239	0	203	0	108	91	244	0
196	0	208	0	108	93	205	0	175	0	202	0	184	0	201	0	196	0
200	0	234	0	215	0	199	0	190	0	91	94	234	0	191	0	195	0
201	0	202	0	182	0	205	0	195	0	211	0	200	0	130	61	199	0
202	0	184	0	211	0	225	0	199	0	222	0	222	0	155	50	197	0
214	0	202	11	235	0	190	0	214	0	173	0	210	0	223	0	205	0
221	0	209	0	216	0	157	47	191	0	200	0	222	0	204	0	199	0
190	0	208	0	197	0	202	0	213	0	80	97	181	0	190	0	209	0
205	0	203	0	221	0	153	54	214	0	196	0	194	0	242	0	200	0
200	0	181	0	196	0	169	16	203	0	190	0	196	0	225	0	199	0
210	0	213	0	184	0	217	0	159	43	218	0	211	0	187	0	215	0
205	0	182	0	206	0	200	0	194	28	229	0	160	0	201	0	207	0
185	0	193	0	213	0	211	0	133	76	194	0	193	0	222	0	216	0
193	0	200	0	193	0	193	0	214	0	141	49	218	0	216	0	210	0
179	0	215	0	198	0	203	0	211	0	169	52	211	0	167	0	197	0
