PSec1:ref	PSec1:alt	PSec2:ref	PSec2:alt	M5:ref	M5:alt	M4:ref	M4:alt	M7:ref	M7:alt	M6:ref	M6:alt	M1:ref	M1:alt	M3:ref	M3:alt	M2:ref	M2:alt
100	109	105	102	105	99	110	100	86	108	96	104	90	103	106	91	112	99
202	0	190	0	187	0	203	0	205	0	204	0	189	0	222	0	110	109
174	0	225	0	190	0	210	0	209	0	183	0	207	0	139	72	188	0
158	72	151	56	105	109	102	105	106	98	101	95	107	112	162	30	217	0
180	0	210	0	194	0	191	0	222	0	223	0	203	0	149	68	190	0
222	0	159	0	211	0	204	0	179	0	214	0	185	0	182	0	86	107
198	0	194	0	201	0	207	0	183	0	205	0	212	0	134	58	182	0
123	74	147	46	107	89	101	112	76	97	97	97	90	90	170	30	207	0
219	0	183	0	184	0	192	0	208	0	216	0	208	0	122	85	198	0
216	0	221	0	192	0	193	0	208	0	233	0	189	0	171	0	107	102
122	81	154	47	82	111	120	102	108	90	75	95	100	104	167	36	196	0
109	83	150	52	99	97	108	95	103	87	114	117	111	102	150	33	185	0
194	0	212	0	189	0	195	0	223	0	213	0	161	0	120	64	191	0
210	0	198	0	203	0	195	0	171	0	206	0	219	0	229	0	104	111
203	0	208	0	210	0	203	0	234	0	171	0	194	0	138	61	172	0
192	0	196	0	204	0	201	0	202	0	191	0	188	0	142	72	217	0
188	0	225	0	212	0	193	0	213	0	199	0	224	0	148	70	233	0
177	0	188	0	193	0	199	0	176	0	190	0	200	0	186	0	102	102
122	80	149	60	109	101	99	93	93	103	94	96	105	94	166	32	203	0
129	76	148	50	98	100	80	91	95	97	89	110	107	92	155	52	199	0
188	0	177	0	185	0	214	0	188	0	203	0	204	0	231	0	99	100
136	62	149	54	83	103	104	100	112	87	113	95	107	103	186	35	195	0
107	77	168	47	84	107	112	86	97	106	100	92	105	104	172	33	216	0
220	0	210	0	211	0	182	0	200	0	190	0	191	0	147	58	188	0
209	0	205	0	207	0	200	0	197	0	210	0	200	0	130	73	205	0
133	45	198	17	120	103	105	96	140	67	99	96	91	101	200	32	209	0
180	20	203	0	192	0	184	0	218	0	198	0	203	0	197	0	172	0
195	0	188	0	181	0	208	0	200	0	209	0	225	0	125	68	219	0
201	0	206	0	181	0	181	0	214	0	204	0	171	0	187	0	208	15
225	0	196	0	212	0	165	0	209	0	226	0	194	0	220	0	185	17
211	0	234	0	213	0	194	0	142	51	193	0	198	0	200	0	173	0
203	0	209	0	113	92	188	0	192	0	198	0	203	0	190	0	207	0
208	0	211	0	177	0	223	0	137	59	202	0	185	0	216	0	230	0
166	0	226	0	180	0	201	0	183	0	216	0	187	0	192	19	212	0
209	0	185	0	213	0	117	99	183	0	181	0	172	0	180	0	233	0
178	0	185	0	96	82	205	0	192	0	194	0	200	0	164	0	196	0
188	0	211	0	186	0	179	0	195	0	205	0	186	0	183	28	200	0
198	0	194	0	223	0	178	0	209	0	223	0	218	0	171	25	182	0
200	0	206	0	181	0	167	0	139	60	226	0	213	0	210	0	212	0
202	0	205	0	178	0	203	0	211	0	234	0	156	34	210	0	202	0
198	0	199	0	182	0	93	95	198	0	191	0	182	0	210	0	197	0
177	0	223	0	212	0	197	0	217	0	114	99	221	0	192	0	201	0
190	0	212	0	223	0	199	0	163	47	211	0	213	0	193	0	213	0
221	0	216	0	102	97	192	0	223	0	181	0	174	0	212	0	217	0
206	0	218	0	106	97	176	0	201	0	222	0	208	0	210	0	190	0
187	0	164	0	103	103	170	0	204	0	182	0	203	0	205	0	200	0
208	0	202	0	182	0	100	102	201	0	173	0	199	0	210	0	200	0
180	0	188	0	189	0	186	0	149	53	221	0	189	0	202	0	178	0
188	0	193	0	209	0	205	0	232	0	110	76	225	0	206	0	203	0
206	0	196	0	215	0	216	0	191	0	133	63	168	0	200	0	208	0
