PSec1:ref	PSec1:alt	PSec2:ref	PSec2:alt	M5:ref	M5:alt	M4:ref	M4:alt	M7:ref	M7:alt	M6:ref	M6:alt	M1:ref	M1:alt	M3:ref	M3:alt	M2:ref	M2:alt	M8:ref	M8:alt
109	100	98	89	103	100	90	85	104	104	97	92	105	95	100	97	101	86	88	107
204	0	189	0	189	0	220	0	99	112	208	0	210	0	109	114	96	91	206	0
112	105	132	69	96	120	96	104	197	0	81	111	95	83	231	0	216	0	98	106
163	28	206	0	113	97	82	96	182	0	99	88	76	92	205	0	176	0	103	100
137	75	120	77	219	0	212	0	194	0	241	0	203	0	203	0	186	0	199	0
202	0	240	0	214	0	187	0	205	0	175	0	206	0	108	98	163	11	216	0
209	0	194	0	226	0	200	0	93	95	222	0	179	0	206	0	102	96	220	0
213	0	205	0	206	0	218	0	198	0	200	0	210	0	204	0	166	18	188	0
204	0	185	0	194	0	216	0	101	117	197	0	190	0	211	0	110	67	202	0
200	0	182	0	198	0	201	0	201	0	198	0	180	0	176	0	208	11	209	0
210	0	219	0	211	0	204	0	192	0	198	0	191	0	103	100	210	0	198	0
207	0	193	0	208	0	207	0	215	0	204	0	183	0	196	0	194	22	171	0
205	0	188	0	217	0	196	0	193	0	200	0	210	0	119	93	216	0	186	0
200	0	217	0	192	0	195	0	90	103	199	0	219	0	217	0	113	78	199	0
218	0	196	0	194	0	218	0	207	0	195	0	192	0	196	0	166	18	206	0
202	0	204	0	204	0	215	0	94	107	201	0	202	0	193	0	108	79	202	0
147	63	149	67	207	0	189	0	204	0	199	0	206	0	188	0	186	0	215	0
204	34	200	0	91	96	111	103	209	0	89	106	104	89	189	0	192	0	104	95
162	25	221	0	89	113	103	96	213	0	113	88	89	96	212	0	214	0	100	79
212	0	201	0	194	0	216	0	114	101	208	0	219	0	194	0	104	70	210	0
130	65	138	85	200	0	191	0	198	0	209	0	198	0	219	0	197	0	220	0
196	0	232	0	200	0	195	0	208	0	178	0	189	0	183	0	199	19	180	0
189	0	188	0	199	0	104	87	186	0	108	84	195	0	204	0	206	0	207	0
188	0	182	0	212	0	216	0	200	0	202	0	213	0	208	0	195	14	199	0
198	0	235	0	223	0	96	102	182	0	123	78	226	0	193	0	196	0	205	0
196	0	179	0	205	0	207	0	179	0	176	0	195	0	194	0	195	13	186	0
182	0	194	0	212	0	189	0	216	0	108	83	179	0	214	0	199	0	200	0
197	0	192	0	217	0	182	0	184	0	205	0	193	0	90	79	210	0	210	0
204	0	201	0	219	0	218	0	201	0	199	0	197	0	90	117	190	0	209	0
196	0	199	0	215	0	212	0	201	0	193	0	240	0	193	0	162	12	217	0
220	0	199	0	208	0	204	0	194	0	205	0	196	0	187	0	184	12	191	0
182	0	196	0	198	0	200	0	201	0	199	0	179	0	107	100	200	0	194	0
222	0	200	0	197	0	97	100	197	0	223	0	196	0	180	0	191	0	218	0
132	34	229	0	110	99	169	0	205	0	180	24	101	99	216	0	211	0	106	94
160	37	215	0	110	82	212	0	196	0	161	23	98	99	231	0	207	0	106	88
197	0	199	0	211	0	117	82	211	0	191	0	196	0	192	0	200	0	204	0
146	79	123	85	196	0	201	0	189	0	186	0	191	0	219	0	202	0	178	0
197	39	207	0	85	97	188	0	187	0	201	24	113	93	213	0	198	0	107	98
140	63	114	81	204	0	228	0	204	0	194	0	190	0	211	0	181	0	181	0
203	0	214	0	190	0	201	0	103	98	189	0	206	0	196	0	108	84	182	0
198	0	191	0	176	0	219	0	182	0	199	0	180	0	191	0	173	18	199	0
222	0	195	0	205	0	102	113	195	0	213	0	210	0	195	0	189	0	212	0
210	0	186	0	157	0	180	0	193	0	186	0	195	0	112	98	215	0	191	0
194	0	208	0	186	0	205	0	198	0	216	0	201	0	208	0	198	15	206	0
214	0	227	0	202	0	186	0	220	0	193	0	182	0	80	111	169	0	184	0
165	40	193	0	111	88	178	0	206	0	177	19	99	101	210	0	195	0	105	96
205	0	184	0	204	0	216	0	192	0	205	0	187	0	106	106	197	0	194	0
198	0	193	0	187	0	129	94	194	0	201	0	211	0	175	0	226	0	187	0
190	0	185	0	189	0	202	0	195	0	209	0	183	0	87	100	220	0	200	0
219	0	198	0	206	0	112	79	207	0	208	0	229	0	211	0	235	0	182	0
202	0	206	0	177	0	190	0	92	102	203	0	215	0	208	0	111	88	183	0
187	0	196	0	178	0	93	114	232	0	219	0	212	0	193	0	195	0	210	0
199	0	207	0	198	0	215	0	199	0	134	83	191	0	175	0	194	0	198	0
169	41	193	0	83	111	222	0	216	0	152	25	104	92	207	0	203	0	123	82
215	0	177	0	203	0	187	0	111	101	213	0	191	0	204	0	125	98	159	0
169	45	207	0	111	84	215	0	186	0	196	22	96	104	214	0	201	0	91	99
181	36	214	0	99	127	210	0	198	0	170	25	98	103	188	0	193	0	121	108
171	36	173	0	111	102	214	0	212	0	180	23	108	89	216	0	181	0	101	107
198	0	178	0	99	106	208	0	203	0	192	0	211	0	196	0	201	0	225	0
136	64	131	55	195	0	199	0	206	0	179	0	209	0	180	0	210	0	198	0
208	0	189	0	195	0	200	0	196	0	193	0	206	0	107	94	207	0	189	0
154	13	203	0	194	0	211	0	210	0	184	22	197	0	209	0	212	0	105	100
184	12	211	0	190	0	182	0	201	0	156	24	191	0	203	0	199	0	206	0
213	0	189	0	94	93	187	0	177	0	225	0	201	0	192	0	223	0	228	0
205	0	207	0	118	110	200	0	182	0	168	0	181	0	216	0	206	0	211	0
216	0	209	0	231	0	199	0	206	0	209	0	204	0	210	0	203	0	99	117
185	0	213	0	201	0	201	0	197	0	213	0	216	0	183	0	183	21	214	0
196	0	209	0	200	0	200	0	208	0	190	0	201	0	192	0	198	18	190	0
213	0	207	0	222	0	202	0	202	0	199	0	190	0	229	0	201	15	190	0
127	59	121	83	205	0	217	0	189	0	202	0	203	0	220	0	199	0	183	0
193	0	203	0	193	0	108	91	193	0	224	0	205	0	201	0	183	0	209	0
129	56	104	61	200	0	173	0	217	0	209	0	190	0	186	0	198	0	211	0
203	0	210	0	222	0	185	0	175	0	181	0	225	0	196	0	188	0	109	103
186	14	179	0	210	0	194	0	192	0	223	0	198	0	199	0	203	0	190	0
190	0	188	0	189	0	174	0	186	0	200	0	109	108	186	0	192	0	217	0
189	0	188	0	214	0	182	0	197	0	92	67	182	0	213	0	173	0	172	0
206	0	215	0	207	0	184	0	207	0	120	84	221	0	213	0	193	0	218	0
127	71	133	69	185	0	215	0	205	0	190	0	173	0	199	0	201	0	198	0
162	0	209	0	202	0	201	0	244	0	188	0	189	0	106	114	200	0	192	0
218	0	180	0	201	0	97	87	203	0	209	0	195	0	201	0	212	0	212	0
207	0	189	0	136	43	201	0	191	0	225	0	201	0	185	0	188	0	206	0
197	13	197	0	200	0	209	0	196	0	195	0	202	0	200	0	202	0	198	0
211	0	192	0	193	0	199	0	217	0	216	0	209	0	139	57	197	0	215	0
187	18	191	0	187	0	218	0	196	0	206	0	202	0	191	0	207	0	206	0
197	0	182	0	215	0	197	0	200	0	200	0	222	0	204	0	218	0	101	90
131	61	118	73	226	0	207	0	215	0	187	0	197	0	197	0	220	0	184	0
137	57	117	64	210	0	228	0	213	0	206	0	182	0	216	0	185	0	183	0
180	0	204	0	172	0	239	0	197	0	196	0	90	94	188	0	206	0	195	0
127	67	209	0	211	0	195	0	222	0	205	0	203	0	202	0	200	0	211	0
180	0	204	0	207	0	200	0	212	0	204	0	87	108	212	0	201	0	195	0
194	0	203	0	171	0	211	0	218	0	123	67	213	0	197	0	199	0	180	0
193	0	192	0	215	0	186	0	96	105	203	0	231	0	216	0	218	0	193	0
174	0	190	0	189	0	214	0	180	0	136	82	203	0	219	0	209	0	196	0
193	0	220	0	200	0	211	0	198	0	125	76	212	0	207	0	203	0	192	0
203	0	202	0	201	0	194	0	113	100	180	0	182	0	190	0	179	0	205	0
198	0	209	0	175	0	196	0	189	0	162	54	203	0	211	0	230	0	196	0
182	0	205	0	237	0	208	0	186	0	199	0	215	0	210	0	192	0	110	114
204	0	229	0	192	0	221	0	190	0	222	0	193	0	174	0	203	0	147	52
181	0	215	0	215	0	197	0	190	0	176	24	202	0	174	0	198	0	212	0
