PSec1:ref	PSec1:alt	PSec2:ref	PSec2:alt	M5:ref	M5:alt	M4:ref	M4:alt	M7:ref	M7:alt	M6:ref	M6:alt	M1:ref	M1:alt	M3:ref	M3:alt	M2:ref	M2:alt
95	104	89	97	108	101	98	84	97	88	124	127	94	99	109	107	89	104
159	48	183	0	189	0	175	0	204	0	217	0	208	0	208	0	217	0
195	19	200	0	186	0	203	0	193	0	198	0	190	0	99	113	99	94
191	13	172	0	221	0	189	0	200	0	201	0	211	0	85	96	110	89
177	14	182	0	174	0	178	0	178	0	195	0	200	0	111	109	89	103
213	0	220	0	197	0	203	0	134	77	212	0	219	0	220	0	188	0
200	0	196	0	195	0	204	0	205	0	208	0	195	0	92	88	85	91
154	37	155	43	107	108	80	94	155	20	95	114	106	106	185	0	173	0
166	43	146	33	111	97	102	97	158	25	117	99	115	98	207	0	193	0
202	0	190	0	212	0	211	0	142	81	172	0	184	0	186	0	191	0
207	0	192	0	230	0	225	0	123	111	199	0	219	0	179	0	185	0
210	0	183	0	211	0	162	0	129	61	209	0	176	0	208	0	197	0
169	0	189	0	204	0	200	0	120	70	222	0	215	0	198	0	190	0
217	0	221	0	196	0	224	0	205	0	214	0	203	0	97	107	110	89
182	0	180	0	232	0	201	0	187	0	202	0	200	0	86	105	96	96
200	0	188	0	181	0	205	0	212	0	177	0	198	0	106	101	98	101
207	0	222	0	200	0	197	0	156	65	215	0	227	0	223	0	184	0
159	38	162	40	111	89	85	102	172	35	92	106	102	109	194	0	230	0
157	37	169	49	96	104	100	111	143	28	99	83	101	100	178	0	212	0
193	0	209	0	189	0	210	0	188	0	200	0	178	0	96	107	106	101
212	0	193	0	206	0	206	0	196	0	242	0	199	0	99	107	104	95
189	0	202	0	229	0	185	0	212	0	186	0	199	0	105	108	127	118
199	0	202	0	218	0	205	0	112	89	197	0	215	0	208	0	188	0
146	41	140	42	96	107	114	116	183	36	90	109	119	89	182	0	213	0
185	0	197	0	198	0	212	0	125	75	193	0	227	0	175	0	190	0
196	0	186	0	229	0	216	0	207	0	206	0	193	0	97	107	102	88
226	0	188	0	182	0	202	0	189	0	189	0	213	0	94	110	104	83
173	0	215	0	201	0	216	0	116	74	196	0	207	0	181	0	212	0
151	35	148	39	91	103	111	101	178	33	105	91	93	90	224	0	201	0
209	0	194	0	190	0	224	0	181	0	188	0	189	0	106	111	85	96
174	39	166	42	111	99	94	96	185	28	85	108	109	102	202	0	181	0
165	35	175	39	113	105	187	0	171	27	91	101	107	80	202	0	174	0
150	36	146	40	143	38	190	0	167	26	111	124	110	85	198	0	186	0
178	0	180	0	192	0	208	0	134	67	226	0	212	0	200	0	230	0
215	0	195	0	208	0	103	89	202	0	230	0	214	0	208	0	199	0
162	29	166	52	188	0	178	0	185	24	110	91	111	87	196	0	199	0
175	0	210	0	192	35	197	0	191	0	207	0	194	0	188	0	222	0
201	0	213	0	181	44	174	0	185	0	200	0	224	0	215	0	201	0
202	0	215	0	199	0	166	0	215	0	200	0	212	0	85	106	207	0
198	0	211	0	147	34	202	0	187	0	217	0	205	0	195	0	185	0
224	0	204	0	208	0	210	0	194	0	197	0	219	0	114	109	188	0
162	32	133	46	212	0	194	0	156	35	106	97	118	89	212	0	217	0
206	0	190	0	215	0	200	0	194	0	198	0	186	0	88	106	208	0
196	0	176	0	211	0	194	0	205	0	197	0	206	0	200	0	96	107
155	34	142	42	227	0	208	0	152	26	101	79	112	92	182	0	182	0
183	0	201	0	201	0	167	32	185	0	193	0	202	0	167	0	193	0
196	0	217	0	159	68	203	0	229	0	200	0	211	0	197	0	250	0
156	38	158	48	217	0	220	0	167	22	94	109	108	96	187	0	224	0
207	0	198	0	171	38	200	0	212	0	207	0	214	0	217	0	203	0
207	0	189	0	220	0	167	64	211	0	200	0	159	0	213	0	203	0
195	0	193	0	170	37	210	0	231	0	199	0	211	0	181	0	199	0
214	0	193	0	194	0	189	0	126	78	201	0	195	0	221	0	208	0
202	0	205	0	205	0	207	0	164	63	182	0	218	0	174	0	223	0
175	0	199	0	124	67	179	0	200	0	192	0	219	0	212	0	191	0
169	42	167	44	173	0	179	0	151	22	99	85	99	87	209	0	182	0
208	0	188	0	174	0	226	0	206	0	196	0	213	0	201	0	104	94
190	0	206	0	204	0	201	0	181	0	214	0	193	0	188	0	83	97
193	0	209	0	190	0	196	0	176	0	193	0	185	0	228	0	98	91
200	0	194	0	217	0	211	0	132	75	202	0	192	0	183	0	236	0
148	47	176	56	211	0	185	0	159	30	99	94	110	103	193	0	185	0
188	0	202	0	177	0	199	0	187	27	100	90	135	49	197	0	196	0
230	0	207	0	191	0	188	0	225	0	185	0	223	0	98	110	193	0
210	0	199	0	156	52	180	0	215	0	179	0	171	0	172	0	207	0
223	0	193	0	186	0	226	0	209	0	198	0	204	22	212	0	194	0
194	0	189	0	198	0	202	0	209	0	201	0	199	0	204	0	101	101
206	0	203	0	201	0	220	0	205	0	198	0	184	0	92	105	221	0
182	0	210	0	223	0	195	0	141	69	202	0	205	0	190	0	217	0
199	0	198	0	194	0	196	0	190	0	226	0	204	0	113	88	200	0
202	0	210	0	221	0	201	0	226	0	215	0	209	0	201	0	107	84
165	37	129	44	196	0	200	0	199	0	204	0	205	0	206	0	187	0
224	0	189	0	170	0	234	0	180	0	199	0	214	0	188	0	111	94
180	0	203	0	247	0	209	0	133	62	211	0	199	0	198	0	213	0
195	0	195	0	206	0	196	0	183	0	205	0	198	0	214	0	99	97
189	0	194	0	162	0	205	0	173	30	216	0	187	0	220	0	172	0
184	0	210	0	183	0	199	0	131	70	198	0	195	0	194	0	204	0
174	0	220	0	216	0	210	0	131	78	191	0	179	0	204	0	204	0
210	0	174	0	211	0	204	0	196	0	203	0	231	0	187	0	155	24
199	0	191	0	210	0	224	0	221	0	200	0	181	24	221	0	200	0
233	0	200	0	183	0	179	0	206	0	222	0	208	0	207	0	189	26
213	0	205	0	219	0	189	0	211	0	185	0	172	18	229	0	183	0
187	22	203	0	205	0	225	0	195	0	201	0	186	0	219	0	197	0
219	0	180	0	194	0	190	0	156	25	211	0	193	0	175	0	208	0
212	0	189	0	197	0	202	0	140	57	197	0	188	0	191	0	199	0
