PSec1:ref	PSec1:alt	PSec2:ref	PSec2:alt	M5:ref	M5:alt	M4:ref	M4:alt	M7:ref	M7:alt	M6:ref	M6:alt	M1:ref	M1:alt	M3:ref	M3:alt	M2:ref	M2:alt
95	100	113	80	113	114	94	93	102	102	109	106	97	81	92	103	90	98
146	34	98	94	100	91	93	115	91	101	101	114	101	107	95	99	106	105
177	34	205	0	217	0	197	0	199	0	195	0	182	0	201	0	214	0
139	31	204	0	214	0	111	81	199	0	215	0	188	0	191	0	203	0
162	39	218	0	203	0	199	0	195	0	211	0	222	0	191	0	203	0
198	0	195	0	222	0	207	0	182	0	191	0	189	0	205	0	91	100
201	0	206	0	212	0	118	91	198	0	173	0	194	0	203	0	218	0
196	0	181	0	196	0	91	87	221	0	210	0	202	0	221	0	189	0
202	0	205	0	174	0	94	126	214	0	216	0	196	0	218	0	187	0
176	0	179	29	103	110	217	0	90	96	106	106	111	99	102	82	199	0
210	0	199	20	87	89	169	0	106	94	95	109	82	111	108	116	185	0
208	0	216	0	196	0	114	97	178	0	186	0	217	0	192	0	200	0
213	0	182	0	190	0	88	96	213	0	213	0	192	0	214	0	222	0
190	0	200	0	216	0	210	0	209	0	206	0	190	0	216	0	107	98
208	0	194	0	215	0	89	99	178	0	181	0	199	0	190	0	196	0
205	0	184	0	190	0	215	0	202	0	192	0	167	0	185	0	89	88
201	0	171	23	100	91	188	0	92	91	94	105	109	88	88	93	188	0
181	0	188	0	223	0	84	103	183	0	187	0	202	0	200	0	194	0
196	0	190	0	209	0	111	108	203	0	205	0	200	0	186	0	206	0
200	0	172	24	120	94	185	0	80	125	88	105	96	101	92	73	208	0
190	0	182	20	102	100	185	0	105	105	87	100	81	107	96	97	204	0
193	0	219	0	200	0	99	93	204	0	201	0	217	0	212	0	203	0
187	0	204	0	189	0	106	91	195	0	217	0	209	0	220	0	178	0
183	0	187	16	87	97	194	0	109	100	88	84	103	99	97	95	199	0
219	0	175	17	101	115	177	0	111	104	103	110	99	105	108	82	205	0
161	0	203	0	206	0	209	0	205	0	182	0	226	0	192	0	100	97
210	0	168	10	88	83	212	0	204	0	91	98	113	92	105	108	189	0
202	0	212	0	201	0	189	0	196	0	209	0	201	0	177	0	115	101
185	0	206	0	193	0	217	0	106	89	213	0	204	0	223	0	184	0
198	0	210	15	93	110	203	0	203	0	107	103	92	94	100	104	217	0
229	0	191	17	87	88	215	0	184	0	110	93	104	83	116	83	203	0
194	0	191	0	211	0	207	0	110	71	193	0	196	0	206	0	179	0
204	0	212	0	184	0	102	86	215	0	187	0	191	0	195	0	177	0
214	0	192	0	177	0	199	0	195	0	202	0	198	0	189	11	208	0
214	0	203	0	182	0	98	113	199	0	204	0	218	0	202	0	218	0
224	0	200	0	220	0	201	0	203	0	194	0	207	0	197	10	210	0
204	0	183	0	210	0	110	95	189	0	198	0	211	0	222	0	203	0
213	0	171	27	110	97	205	0	206	0	99	104	107	104	121	97	190	0
197	0	195	0	181	0	99	82	227	0	203	0	195	0	203	0	190	0
201	0	212	0	196	0	187	0	209	0	160	0	195	0	172	7	223	0
177	0	198	0	207	0	198	0	201	0	189	0	203	0	186	9	196	0
205	0	225	0	204	0	221	0	101	118	197	0	213	0	199	0	197	0
215	0	208	0	182	0	206	0	200	0	190	0	213	0	205	13	209	0
204	0	225	0	193	0	115	112	207	0	207	0	197	0	197	0	201	0
190	0	192	0	202	0	194	0	190	0	197	0	182	0	189	11	202	0
205	0	185	23	97	112	227	0	201	0	80	98	103	107	128	74	191	0
186	0	193	0	205	0	84	88	208	0	196	0	200	0	209	0	220	0
199	0	184	0	207	0	86	111	220	0	212	0	184	0	206	0	233	0
194	0	164	22	98	72	199	0	194	0	107	86	93	110	94	93	165	0
191	0	196	0	188	0	199	0	108	102	209	0	190	0	198	0	195	0
200	0	179	0	211	0	197	0	93	108	194	0	198	0	208	0	190	0
201	0	176	18	104	107	203	0	210	0	107	117	94	107	104	64	201	0
181	0	194	0	82	95	188	0	209	0	195	0	168	0	100	107	205	0
190	0	171	20	193	0	184	0	210	0	190	0	219	0	209	0	211	0
184	0	192	0	222	0	208	0	104	103	210	0	232	0	204	0	240	0
211	0	207	0	207	0	110	101	207	0	180	0	211	0	195	0	200	0
190	0	220	0	174	0	196	0	218	0	104	91	194	0	189	0	184	0
206	0	190	14	198	0	178	0	192	0	205	0	202	0	234	0	194	0
178	0	184	0	228	0	196	0	189	0	202	0	189	0	97	82	214	0
186	0	174	0	203	0	201	0	205	0	120	94	222	0	195	0	203	0
195	0	177	19	208	0	207	0	216	0	205	0	227	0	193	0	187	0
189	0	182	0	100	108	199	0	184	0	202	0	225	0	179	0	210	0
210	0	190	19	208	0	195	0	201	0	175	0	193	0	201	0	203	0
183	0	166	19	212	0	185	0	210	0	203	0	218	0	192	0	208	0
193	0	202	0	91	110	204	0	192	0	193	0	206	0	186	0	180	0
183	0	206	0	208	0	196	0	197	0	189	0	211	0	188	10	197	0
213	0	194	0	202	0	184	0	202	0	93	96	196	0	176	0	207	0
205	0	189	0	176	0	197	0	218	0	188	0	192	0	183	6	202	0
202	0	206	0	109	96	195	0	202	0	188	0	191	0	198	0	193	0
199	0	208	0	226	0	193	0	88	122	181	0	192	0	193	0	196	0
184	0	197	0	172	0	195	0	190	0	208	0	202	0	199	9	187	0
186	0	208	0	201	0	200	0	195	0	221	0	129	72	209	0	217	0
188	0	180	20	204	0	188	0	180	0	229	0	197	0	213	0	183	0
173	0	202	0	188	18	203	0	199	0	181	0	197	0	204	0	191	0
165	0	224	0	198	0	204	0	192	0	226	0	220	0	194	13	199	0
211	0	209	0	228	0	191	0	162	0	192	0	193	0	148	71	222	0
206	0	211	0	204	0	105	105	234	0	210	0	206	0	195	0	194	0
191	0	218	0	198	0	93	98	197	0	215	0	201	0	196	0	190	0
207	0	209	0	200	0	214	0	195	0	129	76	222	0	198	0	187	0
208	0	199	0	209	0	185	0	180	17	203	0	214	0	208	0	165	0
219	0	176	31	176	0	190	0	193	0	201	0	201	0	216	0	193	0
