PSec1:ref	PSec1:alt	PSec2:ref	PSec2:alt	M5:ref	M5:alt	M4:ref	M4:alt	M7:ref	M7:alt	M6:ref	M6:alt	M1:ref	M1:alt	M3:ref	M3:alt	M2:ref	M2:alt
92	111	86	104	118	97	87	118	96	115	100	83	95	80	104	90	113	106
190	26	196	9	209	0	191	25	189	0	190	0	196	0	213	0	197	0
224	0	140	38	111	117	201	0	106	101	92	103	93	109	98	106	179	0
185	0	185	49	100	99	173	0	108	109	80	80	100	107	90	84	186	0
217	0	175	18	200	0	181	0	203	0	208	0	194	0	185	0	229	0
153	29	190	0	220	0	222	0	225	0	199	0	204	0	196	0	191	0
162	25	190	9	196	0	111	77	197	0	178	0	197	0	188	0	185	0
193	0	206	0	200	0	179	20	227	0	179	0	196	0	197	0	178	0
211	0	165	28	96	86	216	0	89	101	94	82	82	95	118	105	201	0
207	0	204	0	184	0	171	16	215	0	218	0	213	0	193	0	185	0
181	0	234	0	215	0	183	32	187	0	207	0	174	0	212	0	204	0
183	0	152	56	95	87	208	0	100	113	104	111	110	118	118	96	200	0
203	0	194	0	213	0	208	0	195	0	191	0	197	0	198	0	93	82
194	0	159	41	90	83	219	0	95	95	96	104	100	92	107	98	195	0
183	0	215	0	196	0	181	28	187	0	187	0	203	0	210	0	213	0
175	0	171	36	85	103	196	0	121	117	98	118	89	119	113	112	204	0
202	0	190	0	215	0	196	0	197	0	214	0	202	0	186	0	80	107
172	0	208	0	197	0	146	75	194	0	191	0	197	0	192	0	197	0
187	0	207	0	179	0	108	87	186	0	230	0	184	0	212	0	226	0
205	0	153	42	211	0	185	0	119	98	102	113	85	100	88	107	171	0
168	0	196	0	189	0	197	0	187	0	194	0	216	0	186	0	96	90
193	0	201	0	209	0	209	0	222	0	193	0	193	0	227	0	87	96
188	0	218	0	95	85	205	0	187	0	204	0	188	0	193	0	201	0
198	0	227	0	108	96	218	0	204	0	185	0	223	0	211	0	225	0
193	0	204	0	207	0	176	29	215	0	190	0	200	0	193	0	180	0
210	0	176	0	133	99	211	0	223	0	199	0	183	0	206	0	178	0
191	0	176	0	187	0	215	0	200	0	162	0	175	0	195	0	116	100
200	0	189	0	197	0	161	19	215	0	188	0	229	0	223	0	187	0
192	0	131	37	184	0	214	0	106	83	189	0	130	103	88	123	176	0
208	0	209	0	189	0	190	0	195	0	207	0	202	0	204	0	106	130
200	0	200	0	224	0	186	0	208	0	85	109	200	0	206	0	166	0
183	0	154	38	215	0	201	0	116	99	214	0	111	86	77	95	191	0
199	0	181	0	183	0	145	63	178	0	203	0	205	0	206	0	218	0
214	0	182	0	200	0	142	78	204	0	191	0	229	0	217	0	203	0
203	0	149	42	194	0	196	0	102	106	215	0	133	82	99	117	203	0
183	0	169	0	192	0	194	25	187	0	201	0	202	0	196	0	187	0
204	0	161	35	200	0	188	0	104	110	184	0	117	64	100	108	191	0
190	0	175	0	207	0	144	92	187	0	228	0	200	0	201	0	180	0
194	0	216	0	221	0	174	0	191	0	200	0	171	39	210	0	207	0
221	0	201	0	108	107	178	0	201	0	217	0	201	0	207	0	205	0
215	0	185	0	102	100	206	0	207	0	203	0	200	0	214	0	205	0
207	0	212	0	82	77	164	0	156	0	199	0	189	0	199	0	202	0
209	0	232	0	185	0	210	0	114	96	182	0	201	0	191	0	194	0
218	0	192	0	201	0	179	0	201	0	200	0	169	0	195	0	191	24
207	0	164	45	197	0	203	0	210	0	187	0	200	0	197	0	225	0
184	0	208	0	83	95	189	0	198	0	212	0	200	0	209	0	202	0
177	0	228	0	234	0	187	0	176	0	99	104	212	0	204	0	220	0
214	0	204	0	186	0	197	0	202	0	188	0	205	0	91	87	208	0
209	0	200	0	204	0	169	0	120	111	178	0	206	0	206	0	193	0
194	0	200	0	217	0	212	0	92	113	213	0	193	0	216	0	195	0
195	0	181	28	175	0	232	0	203	0	212	0	195	0	202	0	192	0
201	0	131	45	198	0	189	0	209	0	209	0	209	0	187	0	198	0
228	0	236	0	204	0	234	0	157	34	183	0	190	0	196	0	201	0
213	0	216	0	192	0	170	0	179	40	194	0	222	0	181	0	182	0
