PSec1:ref	PSec1:alt	PSec2:ref	PSec2:alt	M5:ref	M5:alt	M4:ref	M4:alt	M7:ref	M7:alt	M6:ref	M6:alt	M1:ref	M1:alt	M3:ref	M3:alt	M2:ref	M2:alt	M8:ref	M8:alt
98	106	114	99	100	107	89	82	93	123	98	98	102	92	103	113	94	109	97	83
102	85	116	82	94	97	91	102	108	96	99	108	84	108	100	78	106	87	93	111
121	112	119	58	126	120	98	102	97	95	104	105	103	112	121	114	115	87	106	97
100	89	141	78	103	107	118	97	104	106	105	108	108	89	100	97	106	104	103	97
104	92	153	56	102	108	97	104	116	101	113	99	103	111	90	87	103	97	101	98
98	116	133	61	91	105	94	99	99	118	131	103	94	89	92	99	93	94	97	85
98	105	181	43	84	94	179	0	99	107	91	93	91	104	78	108	96	104	102	98
196	0	183	0	201	0	98	100	202	0	202	0	179	0	202	0	215	0	209	0
219	0	206	0	90	97	200	0	188	0	204	0	221	0	207	0	190	0	194	0
175	37	217	0	199	0	183	0	195	0	189	0	154	41	203	0	232	0	193	0
189	0	181	0	196	0	189	0	188	0	100	95	194	0	220	0	74	103	213	0
214	0	214	0	213	0	240	0	178	0	112	97	190	0	197	0	105	101	191	0
193	0	195	0	99	112	186	0	182	0	212	0	189	0	190	0	209	0	219	0
208	0	201	0	216	0	183	0	195	0	199	0	128	61	188	0	200	0	185	0
190	0	215	0	203	0	206	0	201	0	198	0	127	75	193	0	183	0	204	0
192	0	230	0	108	98	199	0	211	0	210	0	228	0	201	0	190	0	202	0
166	0	205	0	201	0	176	0	200	0	86	108	198	0	227	0	105	112	193	0
193	0	226	0	218	0	174	0	203	0	220	0	150	58	194	0	209	0	187	0
196	0	185	0	185	0	213	0	214	0	215	0	134	51	204	0	198	0	178	0
197	0	215	0	203	0	224	0	188	0	198	0	179	44	184	0	217	0	204	0
175	0	201	0	103	90	210	0	199	0	227	0	185	0	184	0	201	0	200	0
182	0	200	0	210	0	174	0	182	0	169	0	221	0	145	54	214	0	202	0
193	0	191	0	188	0	206	0	108	86	225	0	184	0	182	0	203	0	228	0
206	0	216	0	186	0	215	0	184	0	200	0	184	0	157	39	212	0	108	109
201	0	217	0	86	115	222	0	218	0	195	0	200	0	194	0	198	0	199	0
202	0	230	0	187	0	197	0	192	0	214	0	195	0	209	0	107	79	156	0
189	0	197	0	195	0	204	0	185	0	202	0	185	41	185	0	213	0	213	0
220	0	202	0	112	115	231	0	183	0	217	0	186	0	234	0	201	0	175	0
189	0	199	0	219	0	104	108	199	0	216	0	199	0	197	0	198	0	205	0
200	0	207	0	92	105	204	0	198	0	204	0	213	0	202	0	209	0	182	0
187	0	206	0	181	0	207	0	181	0	209	0	176	17	190	0	191	0	193	0
200	0	209	0	194	0	179	0	88	105	196	0	222	0	206	0	193	0	200	0
202	0	218	0	195	0	198	0	190	0	207	0	192	0	152	59	192	0	203	0
206	0	189	0	172	19	192	0	196	0	211	0	182	0	208	0	190	0	213	0
183	0	182	0	195	0	222	0	163	0	171	0	190	0	210	0	194	0	112	95
205	0	219	0	201	0	199	0	190	0	165	39	169	0	188	0	228	0	193	0
210	0	189	0	206	0	198	0	101	83	199	0	204	0	193	0	208	0	183	0
188	0	187	0	223	0	205	0	185	11	210	0	188	0	219	0	181	0	169	0
