PSec1:ref	PSec1:alt	PSec2:ref	PSec2:alt	M5:ref	M5:alt	M4:ref	M4:alt	M7:ref	M7:alt	M6:ref	M6:alt	M1:ref	M1:alt	M3:ref	M3:alt	M2:ref	M2:alt
116	111	95	106	96	97	103	103	105	91	108	118	109	90	101	100	109	105
197	0	198	0	202	0	156	41	191	0	187	0	214	0	196	0	219	0
197	0	184	0	221	0	186	0	200	0	204	0	105	112	209	0	95	104
223	0	216	0	179	0	183	38	173	0	177	0	181	0	187	0	197	0
118	101	148	56	170	0	148	44	109	90	108	79	198	0	141	57	197	0
195	0	157	30	93	81	207	0	207	0	208	0	189	0	208	0	217	0
206	0	193	0	198	0	142	43	200	0	199	0	202	0	212	0	199	0
208	0	222	0	203	0	157	49	215	0	184	0	198	0	185	0	197	0
176	0	220	0	219	0	210	0	185	0	214	0	171	0	197	0	98	85
213	0	193	0	207	0	188	0	191	0	199	0	205	0	198	0	89	79
224	0	178	26	222	0	198	0	208	0	176	0	195	0	164	0	188	0
216	0	229	0	208	0	195	0	199	0	207	0	101	102	206	0	178	0
217	0	197	0	195	0	205	0	216	0	196	0	223	0	207	0	86	92
225	0	198	0	103	97	201	0	202	0	188	0	220	0	205	0	210	0
180	0	203	0	189	0	206	0	208	0	210	0	110	107	184	0	194	0
214	0	203	0	110	104	222	0	187	0	209	0	216	0	194	0	193	0
212	0	197	0	223	0	167	38	197	0	207	0	197	0	191	0	197	0
212	0	158	32	186	0	197	0	192	0	199	0	219	0	208	0	194	0
182	0	210	0	210	0	186	0	194	0	210	0	211	0	174	0	94	94
201	0	197	0	180	0	225	0	189	0	207	0	206	0	161	50	177	0
165	0	201	0	204	0	142	48	191	0	206	0	213	0	178	0	197	0
197	0	188	0	206	0	190	0	197	0	204	0	202	0	142	66	222	0
210	0	190	0	194	0	185	0	206	0	175	0	210	0	197	0	93	94
204	0	197	0	107	104	212	0	214	0	181	0	208	0	214	0	201	0
108	73	116	65	184	0	137	53	112	91	102	96	194	0	144	47	206	0
182	0	189	0	184	0	215	0	198	0	215	0	174	0	139	50	214	0
177	0	171	40	199	0	218	0	198	0	227	0	185	0	218	0	220	0
195	0	201	0	91	94	209	0	208	0	189	0	194	0	182	0	189	0
204	0	189	0	117	92	192	0	212	0	201	0	189	0	202	0	208	0
200	0	191	28	200	0	205	0	210	0	181	0	203	0	206	0	182	0
114	78	123	69	199	0	139	61	97	100	95	92	208	0	172	55	211	0
209	0	191	0	216	0	190	0	210	0	204	0	227	0	218	0	91	106
188	0	217	0	214	0	128	68	198	0	186	0	216	0	215	0	199	0
214	0	192	0	88	98	190	0	188	0	213	0	207	0	207	0	198	0
190	0	196	0	178	0	195	0	193	0	199	0	203	0	156	43	216	0
221	0	186	0	193	0	193	0	200	0	189	0	91	127	200	0	216	0
181	0	225	0	187	0	99	57	201	0	199	0	225	0	198	0	205	0
186	0	203	0	185	0	209	0	92	114	198	0	194	0	201	0	182	0
209	0	205	0	224	0	137	63	189	0	209	0	194	0	213	0	230	0
215	0	217	0	225	0	197	0	203	0	211	0	185	0	152	55	209	0
197	0	200	0	216	0	155	47	189	0	225	0	216	0	199	0	204	0
194	0	203	0	166	0	191	0	188	0	96	116	208	0	182	0	213	0
215	0	201	0	188	0	209	0	177	0	211	0	189	0	156	54	213	0
199	0	210	0	219	0	192	0	114	88	175	0	199	0	202	0	201	0
212	0	204	0	208	0	207	0	196	0	190	0	209	0	162	51	239	0
211	0	230	0	201	0	204	0	176	0	176	0	208	0	196	0	177	34
196	0	200	0	215	0	207	0	213	0	181	0	235	0	215	0	192	29
191	0	201	0	204	0	183	0	197	0	212	0	200	0	175	0	177	7
213	0	216	0	175	0	242	0	96	101	184	0	220	0	199	0	204	0
184	0	195	0	223	0	174	25	219	0	172	0	198	0	223	0	207	0
208	0	197	0	172	0	169	32	192	0	189	0	218	0	219	0	208	0
197	0	155	28	205	0	195	0	194	0	223	0	177	0	188	0	187	0
184	0	184	0	183	0	212	0	231	0	219	0	204	0	145	52	227	0
178	0	192	0	175	0	167	21	189	0	211	0	198	0	188	0	221	0
196	0	207	0	203	0	209	0	98	101	193	0	196	0	214	0	196	0
201	0	194	0	180	0	196	14	193	0	178	0	196	0	192	0	199	0
211	0	222	0	177	0	179	0	186	0	215	0	177	0	155	61	209	0
197	0	219	0	215	0	207	0	209	0	195	0	184	18	188	0	187	0
193	0	190	0	193	0	216	0	207	0	205	0	167	26	193	0	209	0
185	0	191	0	210	0	200	0	101	99	208	0	187	0	192	0	189	0
221	0	195	0	214	0	194	0	104	101	163	0	190	0	198	0	208	0
211	0	197	7	188	0	190	0	193	0	215	0	203	0	217	0	163	0
210	0	203	0	206	0	193	0	198	0	196	0	193	0	176	43	172	0
183	0	211	0	88	91	187	0	200	0	192	0	176	0	207	0	197	0
197	0	181	0	179	0	209	0	213	0	192	0	156	15	186	0	233	0
201	0	215	0	227	0	201	0	188	0	108	94	190	0	221	0	207	0
185	0	182	11	187	0	236	0	200	0	202	0	200	0	203	0	241	0
207	0	177	23	194	0	185	0	206	0	200	0	204	0	176	0	196	0
166	0	172	0	181	0	204	0	94	84	216	0	211	0	208	0	186	0
211	0	184	17	192	0	217	0	184	0	188	0	193	0	176	0	204	0
219	0	171	21	223	0	187	0	229	0	184	0	193	0	220	0	212	0
199	0	180	0	188	8	196	0	234	0	204	0	191	0	198	0	210	0
233	0	180	22	206	0	197	0	202	0	194	0	194	0	225	0	198	0
204	0	164	18	196	0	212	0	193	0	199	0	184	0	189	0	204	0
227	0	204	0	208	0	203	0	125	75	198	0	214	0	222	0	212	0
