PSec1:ref	PSec1:alt	PSec2:ref	PSec2:alt	M5:ref	M5:alt	M4:ref	M4:alt	M7:ref	M7:alt	M6:ref	M6:alt	M1:ref	M1:alt	M3:ref	M3:alt	M2:ref	M2:alt
97	100	102	93	95	104	106	94	98	115	106	107	87	87	110	114	88	94
102	96	200	28	211	0	206	0	198	0	201	0	207	0	209	0	228	0
208	0	166	56	207	0	95	97	101	96	212	0	223	0	182	0	103	109
189	0	153	44	179	0	115	102	114	82	208	0	193	0	181	0	98	101
167	35	176	0	184	0	210	0	214	0	179	0	210	0	202	0	183	0
182	0	202	0	105	103	172	0	197	0	114	108	88	107	84	111	200	0
192	0	208	0	191	0	89	88	78	100	170	0	215	0	214	0	117	100
189	0	207	0	109	84	190	0	220	0	119	97	110	116	87	106	213	0
172	0	192	0	193	0	88	94	83	101	187	0	205	0	176	0	107	99
186	0	183	0	110	105	198	0	186	0	101	92	101	101	99	94	196	0
188	0	180	0	188	0	97	93	94	98	224	0	191	0	204	0	93	111
191	0	207	0	106	90	213	0	199	0	92	118	108	106	113	92	205	0
209	0	207	0	214	0	114	86	94	84	198	0	205	0	174	0	105	98
181	0	213	0	97	102	219	0	202	0	91	86	100	93	88	89	202	0
236	0	213	0	118	92	197	0	181	0	107	104	94	98	89	114	209	0
204	0	190	0	211	0	97	102	90	110	205	0	190	0	193	0	93	100
218	0	188	0	92	113	196	0	208	0	89	83	115	117	106	98	200	0
193	0	202	0	185	0	100	109	100	90	207	0	211	0	180	0	99	86
209	0	197	0	97	96	186	0	213	0	181	26	216	0	210	0	228	0
197	0	201	0	80	85	177	0	223	0	221	0	208	0	201	0	207	0
212	0	193	0	199	0	212	0	223	0	147	64	184	0	175	0	188	0
194	0	203	0	196	0	188	0	202	0	175	0	208	0	106	86	210	0
229	0	200	0	210	0	99	85	111	98	187	0	213	0	201	0	109	101
191	0	224	0	212	0	102	94	101	97	185	0	195	0	222	0	97	110
210	0	201	0	199	0	192	0	170	0	204	0	207	0	112	106	219	0
205	0	242	0	102	109	200	0	215	0	215	0	198	0	191	0	219	0
190	0	194	0	198	0	194	0	220	0	121	47	186	0	203	0	229	0
176	0	204	0	107	104	205	0	214	0	191	0	199	0	180	0	183	0
207	0	203	0	217	0	213	0	199	0	134	63	199	0	197	0	185	0
213	0	205	0	234	0	218	0	203	0	144	57	216	0	178	0	196	0
199	0	223	0	239	0	95	76	97	88	208	0	194	0	222	0	96	98
169	0	222	0	194	0	223	0	200	0	133	44	212	0	195	0	207	0
200	0	178	0	200	0	222	0	196	0	158	44	235	0	202	0	179	0
195	0	174	0	198	0	195	0	174	0	157	44	209	0	189	0	205	0
203	0	181	0	190	0	185	0	184	0	175	0	202	0	96	95	191	0
203	0	221	0	194	0	184	0	166	0	162	39	225	0	205	0	222	0
203	0	192	0	203	0	190	0	196	0	151	35	205	0	207	0	190	0
205	0	190	0	113	103	205	0	205	0	181	0	200	0	222	0	204	0
191	0	215	0	196	0	96	110	215	0	202	0	203	0	199	0	185	0
192	0	228	0	186	0	179	0	110	102	194	0	215	0	198	0	205	0
189	0	211	0	233	0	200	0	194	0	123	51	198	0	179	0	208	0
204	0	212	0	89	90	224	0	216	0	184	0	197	0	193	0	212	0
190	0	186	0	200	0	90	106	208	0	203	0	187	0	180	0	203	0
208	0	224	0	82	112	196	0	204	0	183	0	212	0	212	0	189	0
203	0	182	0	181	0	209	0	209	0	150	42	196	0	199	0	203	0
197	0	207	0	197	0	210	0	219	0	135	59	215	0	199	0	205	0
207	0	204	0	111	103	195	0	225	0	208	0	212	0	212	0	210	0
213	0	229	0	230	0	183	0	234	0	190	0	191	0	97	109	173	0
186	0	209	0	213	0	211	0	190	0	146	59	206	0	189	0	204	0
190	0	191	0	213	0	167	0	220	0	148	45	182	0	233	0	208	0
177	0	196	0	198	0	208	0	101	90	219	0	176	0	184	0	202	0
210	0	201	0	193	0	127	57	182	0	196	0	192	0	193	0	209	0
187	0	191	0	196	0	209	0	228	0	134	69	196	0	176	0	186	0
200	0	170	0	232	0	176	0	105	100	202	0	200	0	227	0	225	0
205	0	213	0	145	40	198	0	234	0	197	0	196	0	170	0	188	0
223	0	209	0	221	0	206	0	181	0	138	58	204	0	233	0	206	0
205	0	206	0	193	0	194	0	106	97	193	0	178	0	195	0	197	0
183	0	214	0	204	0	199	0	197	0	151	44	210	0	199	0	210	0
189	0	210	0	196	0	183	0	198	0	204	0	223	0	100	86	208	0
221	0	204	0	161	13	202	0	195	0	209	0	211	0	198	0	225	0
225	0	216	0	173	33	183	0	163	0	216	0	195	0	199	0	199	0
205	0	218	0	210	0	183	0	193	0	157	38	200	0	203	0	201	0
201	0	201	0	182	10	217	0	213	0	194	0	209	0	204	0	195	0
221	0	200	0	210	0	199	0	177	0	188	0	185	0	102	112	192	0
187	0	194	0	215	0	193	0	213	0	222	0	206	0	95	89	203	0
183	0	210	0	200	0	214	0	98	89	196	0	192	0	205	0	194	0
198	0	188	0	200	0	181	0	200	0	170	8	173	0	204	0	214	0
211	0	215	0	195	0	205	0	223	0	153	50	191	0	227	0	221	0
186	0	205	0	198	0	182	0	209	0	198	0	195	0	167	27	192	0
208	0	212	0	206	0	207	0	156	21	231	0	196	0	203	0	188	0
