PSec1:ref	PSec1:alt	PSec2:ref	PSec2:alt	M5:ref	M5:alt	M4:ref	M4:alt	M7:ref	M7:alt	M6:ref	M6:alt	M1:ref	M1:alt	M3:ref	M3:alt	M2:ref	M2:alt
109	108	111	94	87	97	82	72	97	108	111	106	104	118	108	98	80	88
201	0	172	23	191	0	108	96	192	0	224	0	200	0	201	0	196	0
201	0	169	12	191	0	116	84	186	0	204	0	228	0	221	0	203	0
189	0	196	20	199	0	113	70	224	0	192	0	180	0	208	0	177	0
212	0	189	0	194	0	126	92	196	0	206	0	195	0	205	0	191	0
163	67	124	82	96	95	192	0	101	100	191	0	104	106	96	101	102	104
206	0	208	0	181	0	190	10	183	0	209	0	200	0	210	0	201	0
197	0	177	0	168	0	111	74	210	0	167	0	187	0	185	0	200	0
173	0	197	0	190	0	128	74	195	0	199	0	204	0	196	0	205	0
197	0	215	0	210	0	210	0	210	0	85	114	206	0	202	0	221	0
145	61	121	92	96	93	207	0	105	96	193	0	84	96	103	96	101	103
207	0	191	0	202	0	121	85	210	0	212	0	212	0	189	0	192	0
194	0	193	0	214	0	181	4	201	0	171	0	207	0	182	0	186	0
208	0	197	0	193	0	208	0	185	0	201	0	221	0	109	93	196	0
198	0	202	0	180	0	205	0	182	0	207	0	93	91	197	0	193	0
184	0	190	0	109	101	205	0	174	0	188	0	190	0	211	0	168	0
189	0	202	0	190	0	187	0	220	0	210	0	179	0	229	0	94	106
203	0	217	0	180	0	196	10	165	0	197	0	202	0	196	0	204	0
196	0	199	0	220	0	152	0	91	116	202	0	179	0	203	0	200	0
197	0	215	0	181	0	201	0	209	0	187	0	201	0	121	82	197	0
207	0	203	0	192	0	183	0	212	0	198	0	175	0	188	29	199	0
194	0	219	0	194	0	209	0	205	0	104	108	204	0	186	0	207	0
191	0	186	0	219	0	186	12	184	0	193	0	208	0	188	0	217	0
230	0	192	0	195	0	215	0	207	0	106	98	216	0	188	0	192	0
215	0	187	0	166	0	120	89	201	0	197	0	178	0	190	0	180	0
194	0	204	0	202	0	195	0	209	0	96	99	200	0	199	0	193	0
206	0	205	0	96	89	189	0	198	0	203	0	192	0	200	0	202	0
209	0	196	0	191	15	178	0	188	0	192	0	201	0	192	0	174	0
167	0	187	0	155	36	168	0	196	0	196	0	198	0	183	0	205	0
191	0	205	0	220	0	206	0	106	78	190	0	199	0	208	0	202	0
202	0	191	0	210	0	209	0	209	0	187	20	198	0	204	0	200	0
201	0	201	0	176	0	178	0	153	40	199	0	224	0	195	0	199	0
195	0	180	0	193	0	198	0	185	0	202	0	216	0	199	0	140	72
193	0	212	0	191	0	199	0	203	0	186	16	209	0	197	0	200	0
195	0	189	0	215	0	195	12	177	0	172	0	186	0	205	0	204	0
195	0	178	0	184	0	188	0	204	0	183	15	191	0	208	0	179	0
