PSec1:ref	PSec1:alt	PSec2:ref	PSec2:alt	M5:ref	M5:alt	M4:ref	M4:alt	M7:ref	M7:alt	M6:ref	M6:alt	M1:ref	M1:alt	M3:ref	M3:alt	M2:ref	M2:alt
101	85	94	89	110	111	107	99	96	111	94	113	97	103	86	79	108	110
116	67	130	69	89	94	94	102	113	106	107	100	92	107	93	116	113	97
116	61	122	70	98	113	100	95	103	103	115	92	95	101	87	90	88	103
133	78	119	68	101	88	104	101	107	101	105	102	110	100	105	104	121	101
130	75	116	72	95	120	111	117	87	92	86	89	109	108	83	97	97	84
127	77	135	72	116	89	97	110	97	130	114	84	97	87	99	99	99	82
118	63	130	56	85	101	105	89	100	95	106	101	104	107	93	96	107	106
210	0	195	0	147	93	209	0	170	38	192	0	147	42	206	0	192	0
202	0	201	0	179	0	209	0	143	46	202	0	200	0	180	0	211	0
174	0	213	0	209	0	188	0	130	46	225	0	213	0	208	0	197	0
193	0	205	0	167	20	183	0	192	0	210	0	130	68	201	0	204	0
197	0	197	0	198	18	208	0	240	0	217	0	124	40	185	0	181	0
178	28	217	0	205	0	197	0	205	0	198	0	212	0	182	0	208	0
221	0	181	0	227	0	98	112	205	0	187	0	196	0	189	0	190	0
217	0	179	0	185	22	191	0	186	0	198	0	134	47	199	0	187	0
209	0	221	0	119	94	195	0	209	0	217	0	157	40	203	0	204	0
201	0	189	0	184	0	182	0	169	0	207	0	190	0	113	85	209	0
191	0	165	0	200	0	207	0	182	0	208	0	207	0	95	100	197	0
198	0	190	0	117	76	177	0	186	0	203	0	174	37	206	0	184	0
224	0	183	0	218	0	207	0	193	0	184	0	197	0	109	106	202	0
186	0	221	0	197	0	95	113	201	0	180	0	177	0	186	0	193	0
191	0	180	0	210	0	221	0	187	0	185	0	208	0	103	91	182	0
183	0	191	0	172	0	194	0	201	0	108	122	191	0	208	0	105	96
184	0	189	0	191	0	85	92	193	0	205	0	206	0	208	0	177	0
187	0	206	0	134	76	205	0	190	0	208	0	212	0	200	0	202	0
192	0	178	0	216	0	208	0	193	0	191	0	191	0	219	0	166	22
188	0	182	0	171	18	212	0	192	0	197	0	218	0	189	0	172	0
193	0	212	0	220	0	211	0	197	0	215	0	188	16	197	0	216	0
211	0	205	0	175	0	216	0	212	0	138	29	184	0	194	0	150	49
181	32	200	0	193	0	222	0	220	0	192	0	201	0	205	0	175	0
186	0	210	0	180	0	186	0	195	0	167	0	194	0	178	36	210	0
204	0	195	0	185	0	200	0	186	0	205	0	204	0	177	32	193	0
216	0	212	0	197	0	231	0	236	0	207	0	206	0	204	0	187	24
182	34	218	0	197	0	229	0	201	0	211	0	172	0	175	0	186	0
207	0	200	0	221	0	212	0	225	0	201	0	184	20	199	0	208	0
196	0	214	0	196	0	113	125	199	0	183	0	193	0	188	0	213	0
205	0	222	0	210	0	187	0	188	0	189	0	209	14	204	0	203	0
183	0	222	0	119	62	215	0	193	0	202	0	180	0	177	0	215	0
178	0	196	0	195	0	195	0	234	0	208	0	193	18	189	0	210	0
182	0	215	0	214	0	182	0	178	0	184	0	193	23	209	0	207	0
228	0	203	0	129	78	203	0	205	0	190	0	208	0	208	0	196	0
198	0	195	34	216	0	202	0	135	49	234	0	222	0	199	0	196	0
177	36	200	0	205	0	213	0	207	0	182	0	221	0	199	0	209	0
204	0	206	0	188	0	106	102	199	0	172	0	191	0	173	0	191	0
222	0	188	0	191	0	222	0	173	0	172	0	173	20	187	0	203	0
132	38	199	0	198	0	190	0	183	0	208	0	185	0	219	0	205	0
182	0	197	0	206	0	206	0	148	47	206	0	220	0	191	0	216	0
202	0	224	0	190	0	198	0	196	0	190	0	176	23	187	0	184	0
204	0	184	0	212	0	173	0	220	0	167	44	194	0	184	0	183	0
200	0	201	0	190	0	198	0	162	51	191	0	220	0	191	0	204	0
180	0	185	0	187	0	100	101	208	0	195	0	209	0	185	0	223	0
177	0	184	0	225	0	190	0	120	57	226	0	195	0	195	0	187	0
186	31	192	0	176	0	213	0	190	0	218	0	190	0	213	0	179	0
175	0	177	0	170	21	186	0	202	0	195	0	220	0	214	0	205	0
203	0	197	0	137	67	224	0	191	0	173	0	204	0	211	0	196	0
206	0	220	0	200	0	219	0	144	40	189	0	179	0	184	0	186	0
159	38	209	0	218	0	215	0	185	0	219	0	192	0	169	0	193	0
183	0	194	0	187	0	209	0	158	46	206	0	171	0	186	0	164	0
210	0	196	0	141	66	191	0	200	0	195	0	208	0	171	0	205	0
194	0	215	0	207	0	217	0	212	0	207	0	196	10	229	0	189	0
181	45	216	0	179	0	227	0	202	0	190	0	193	0	184	0	192	0
189	35	197	0	223	0	174	0	200	0	183	0	191	0	179	0	200	0
203	0	186	0	211	0	88	91	210	0	186	0	205	0	200	0	205	0
206	0	188	0	200	0	198	0	154	60	205	0	209	0	201	0	205	0
