PSec1:ref	PSec1:alt	PSec2:ref	PSec2:alt	M5:ref	M5:alt	M4:ref	M4:alt	M7:ref	M7:alt	M6:ref	M6:alt	M1:ref	M1:alt	M3:ref	M3:alt	M2:ref	M2:alt	M9:ref	M9:alt	M8:ref	M8:alt
95	119	94	109	104	122	101	104	83	101	97	108	92	88	98	101	96	107	108	116	102	83
170	46	171	22	208	0	211	0	220	0	219	0	212	0	177	23	206	0	213	0	209	0
172	15	175	23	222	0	238	0	193	0	203	0	198	0	191	0	118	73	201	0	96	96
156	42	171	13	202	0	216	0	191	0	218	0	177	0	180	31	206	0	218	0	204	0
140	29	180	0	97	91	100	75	89	115	103	102	118	81	112	73	150	36	101	96	187	0
212	0	208	0	217	0	185	0	212	0	217	0	183	0	190	0	136	61	179	0	93	103
198	0	189	0	186	0	179	0	211	0	101	96	98	92	203	0	188	0	189	0	196	0
185	0	175	0	210	0	201	0	198	0	105	90	102	112	213	0	169	0	195	0	192	0
187	0	189	0	204	0	179	0	201	0	202	0	183	0	180	0	138	67	209	0	91	82
192	0	193	0	211	0	198	0	195	0	109	104	86	105	189	0	200	0	211	0	185	0
204	38	199	0	91	105	97	103	93	111	195	0	223	0	141	73	158	37	85	98	188	0
148	34	232	0	96	93	194	0	98	96	195	0	198	0	112	81	188	32	95	89	168	0
216	0	228	0	213	0	180	0	199	0	223	0	181	0	194	0	154	61	198	0	101	77
192	43	216	0	96	102	209	0	81	99	205	0	190	0	125	70	182	41	115	89	190	0
197	0	199	0	225	0	177	0	205	0	184	0	194	0	204	0	115	49	230	0	105	103
234	0	200	0	200	0	215	0	204	0	87	75	129	108	186	0	206	0	183	0	189	0
154	49	173	24	203	0	196	0	229	0	204	0	201	0	176	19	189	0	223	0	234	0
170	42	179	13	217	0	205	0	196	0	189	0	205	0	175	22	191	0	184	0	202	0
196	0	193	0	195	0	98	89	191	0	192	0	219	0	219	0	185	0	218	0	175	0
162	0	208	0	197	0	236	0	191	0	107	101	95	110	219	0	208	0	186	0	173	0
203	0	181	0	206	0	96	100	210	0	204	0	221	0	189	0	203	0	202	0	206	0
215	0	222	0	203	0	219	0	185	0	208	0	108	111	211	0	206	0	216	0	190	0
194	0	193	0	193	0	182	0	188	0	111	112	187	0	214	0	192	0	190	0	193	0
200	0	215	0	182	0	211	0	177	0	86	90	201	0	208	0	186	0	179	0	180	0
167	38	196	16	208	0	208	0	196	0	189	0	196	0	178	22	202	0	182	0	192	0
188	46	208	0	87	105	195	0	94	132	183	0	206	0	145	87	139	42	98	99	174	0
149	34	168	12	196	0	197	0	193	0	208	0	198	0	177	21	190	0	226	0	170	0
194	0	229	0	179	0	214	0	192	0	94	111	203	0	212	0	197	0	175	0	207	0
209	0	196	0	82	93	200	0	212	0	218	0	197	0	207	0	192	0	191	0	211	0
210	0	205	0	174	0	198	0	94	98	181	0	202	0	117	70	211	0	181	0	201	0
209	0	197	0	215	0	201	0	98	99	210	0	201	0	136	61	215	0	222	0	208	0
182	0	183	0	83	83	182	0	197	0	189	0	216	0	185	0	213	0	189	0	215	0
213	0	197	0	192	0	198	0	200	0	205	0	176	0	190	0	165	35	189	0	203	0
196	0	202	0	175	0	211	0	187	0	204	0	188	0	174	0	149	54	177	0	212	0
198	0	207	0	206	0	207	0	201	0	110	81	226	0	174	0	207	0	189	0	207	0
202	0	198	0	197	0	204	0	97	94	226	0	184	0	123	86	210	0	205	0	169	0
216	0	218	0	204	0	172	0	193	0	75	106	195	0	207	0	185	0	208	0	234	0
204	0	217	0	188	0	206	0	98	98	200	0	189	0	123	74	208	0	202	0	212	0
200	0	192	0	198	0	214	0	176	0	196	0	198	0	209	0	163	40	198	0	182	0
193	0	208	0	195	0	103	89	208	0	181	0	208	0	189	0	235	0	205	0	228	0
176	0	207	0	214	0	230	0	147	75	209	0	208	0	120	70	187	0	186	0	193	0
193	0	197	0	208	0	172	0	193	0	209	0	203	0	206	20	202	0	190	0	184	0
222	0	209	0	203	0	219	0	206	0	106	90	214	0	175	0	200	0	193	0	204	0
193	0	198	0	210	0	181	0	205	0	202	0	203	0	201	0	187	39	208	0	201	0
201	0	203	0	195	0	189	0	202	0	195	0	213	0	186	23	200	0	199	0	216	0
203	0	207	0	200	0	191	0	198	0	201	0	197	0	125	76	183	0	187	0	216	0
218	0	184	0	188	0	175	0	170	0	191	0	188	0	222	0	189	0	173	0	92	127
213	0	173	0	198	0	127	115	201	0	222	0	208	0	220	0	201	0	196	0	199	0
222	0	204	0	202	0	205	0	234	0	191	0	222	0	179	0	194	0	99	98	189	0
201	0	202	0	185	0	193	0	207	0	190	0	220	0	186	0	152	55	189	0	180	0
158	0	215	0	187	0	194	0	127	68	205	0	197	0	188	0	206	0	208	0	226	0
192	0	193	0	197	0	195	5	203	0	230	0	212	0	201	0	201	0	195	0	194	0
225	0	177	0	204	0	140	43	198	0	194	0	199	0	191	0	211	0	218	0	215	0
183	0	196	0	198	0	167	56	197	0	228	0	191	0	177	0	221	0	205	0	217	0
201	0	166	0	174	0	198	0	211	0	206	0	227	0	147	83	173	0	201	0	194	0
196	0	207	0	205	0	192	0	203	0	191	0	201	0	136	84	207	0	198	0	205	0
194	0	212	0	203	0	205	0	218	0	204	0	200	0	212	0	189	24	192	0	194	0
196	0	197	0	204	0	176	0	214	0	188	0	211	0	102	66	192	0	204	0	189	0
176	0	216	0	176	0	200	0	169	0	189	0	203	0	184	0	196	0	191	0	158	52
218	0	183	0	198	0	177	0	181	10	187	0	190	0	210	0	202	0	230	0	200	0
194	0	208	0	197	0	201	0	206	0	195	0	213	0	206	0	140	38	195	0	204	0
223	0	204	0	235	0	211	0	198	0	186	0	203	0	208	0	210	0	94	120	208	0
178	0	175	0	194	0	190	0	210	0	203	0	172	0	226	0	142	47	197	0	222	0
200	0	195	0	187	0	181	0	181	0	147	61	177	0	206	0	194	0	199	0	181	0
192	0	217	0	189	8	229	0	187	0	192	0	213	0	207	0	205	0	169	0	199	0
