PSec1:ref	PSec1:alt	PSec2:ref	PSec2:alt	M5:ref	M5:alt	M4:ref	M4:alt	M7:ref	M7:alt	M6:ref	M6:alt	M1:ref	M1:alt	M3:ref	M3:alt	M2:ref	M2:alt
112	115	99	91	99	102	110	108	112	90	128	104	98	96	92	81	112	103
183	50	190	9	169	0	221	0	187	0	177	0	214	0	226	0	175	0
179	16	187	0	114	101	117	105	191	0	201	0	181	0	231	0	206	0
188	0	182	0	223	0	205	0	97	110	91	97	109	120	111	125	93	94
175	13	217	0	173	0	177	15	188	0	192	0	187	0	213	0	210	0
172	13	196	0	217	0	187	0	201	0	200	0	202	0	215	0	193	0
198	0	206	0	90	119	105	93	204	0	202	0	217	0	221	0	191	0
157	45	200	0	215	0	211	0	218	0	217	0	186	0	212	0	194	0
210	0	188	0	201	0	163	21	209	0	206	0	213	0	202	0	203	0
208	0	206	0	90	120	203	0	217	0	178	0	210	0	188	0	194	0
228	0	198	0	186	0	189	12	195	0	202	0	214	0	220	0	178	0
205	0	178	0	160	0	99	86	202	0	204	0	209	0	186	0	188	0
195	0	193	0	104	96	205	0	218	0	188	0	179	0	158	0	190	0
193	0	191	0	207	0	180	20	216	0	189	0	229	0	195	0	203	0
208	0	185	0	205	0	103	102	201	0	180	0	192	0	192	0	170	0
218	0	199	0	200	0	214	0	196	0	102	101	192	0	78	110	177	0
162	0	202	0	199	0	106	91	186	0	171	0	192	0	221	0	202	0
225	0	217	0	206	0	193	0	211	0	189	0	173	25	226	0	205	0
211	0	230	0	194	0	110	71	189	0	222	0	192	0	186	0	192	0
197	0	184	0	222	0	185	0	200	0	105	110	206	0	101	127	192	0
192	0	208	0	193	0	197	0	208	0	225	0	219	0	205	0	89	70
213	0	184	0	199	0	185	13	163	0	216	0	202	0	188	0	229	0
208	0	193	0	208	0	218	0	206	0	231	0	207	0	206	0	100	103
188	0	210	0	188	0	109	95	190	0	200	0	178	0	197	0	210	0
228	0	217	0	211	0	202	0	196	0	206	0	190	0	194	0	89	89
203	0	205	0	177	0	104	91	204	0	204	0	184	0	209	0	188	0
189	0	216	0	211	0	187	14	200	0	188	0	209	0	214	0	204	0
201	0	229	0	73	101	214	0	202	0	218	0	186	0	186	0	198	0
212	0	206	0	213	0	204	0	168	0	186	0	217	0	192	0	185	9
202	0	201	0	211	0	130	78	190	0	199	0	213	0	190	0	216	0
184	0	203	0	201	0	207	0	195	0	195	0	211	0	196	0	160	17
208	0	172	0	176	0	195	18	215	0	194	0	231	0	199	0	206	0
202	0	188	0	187	0	235	15	191	0	191	0	228	0	209	0	212	0
183	0	196	0	192	0	116	83	197	0	198	0	195	0	197	0	194	0
188	0	203	0	185	0	210	0	101	92	199	0	207	0	192	0	213	0
215	0	189	0	188	0	217	0	99	104	182	0	202	0	195	0	196	0
195	0	198	0	198	0	200	0	211	0	171	0	200	0	158	53	201	0
218	0	170	0	90	91	186	0	211	0	202	0	190	0	201	0	218	0
217	0	200	0	186	0	195	0	217	0	194	0	206	0	188	11	187	0
189	0	217	0	201	0	101	81	217	0	226	0	231	0	201	0	188	0
195	0	196	0	218	0	180	10	179	0	220	0	173	0	213	0	236	0
197	0	197	0	186	0	193	0	202	0	92	99	200	0	185	0	176	0
208	0	188	0	192	0	181	0	215	0	120	107	227	0	194	0	195	0
209	0	187	0	96	110	195	0	183	0	213	0	215	0	184	0	207	0
217	0	202	0	207	0	216	0	212	0	106	93	196	0	213	0	184	0
220	0	215	0	195	0	217	0	86	96	214	0	181	0	205	0	209	0
214	0	212	0	210	0	217	0	194	0	109	85	200	0	174	0	206	0
216	0	199	0	200	0	205	0	111	119	177	0	180	0	198	0	183	0
190	0	167	0	178	0	199	0	113	95	191	0	196	0	205	0	194	0
165	0	195	0	211	0	207	0	193	0	92	89	196	0	192	0	227	0
