PSec1:ref	PSec1:alt	PSec2:ref	PSec2:alt	M5:ref	M5:alt	M4:ref	M4:alt	M7:ref	M7:alt	M6:ref	M6:alt	M1:ref	M1:alt	M3:ref	M3:alt	M2:ref	M2:alt
118	106	89	88	107	72	103	91	99	116	109	92	93	104	100	117	115	105
94	108	105	84	89	81	87	88	104	84	109	107	105	91	114	105	97	101
219	0	178	0	203	0	209	0	101	106	197	0	214	0	135	68	209	0
200	0	103	82	197	0	214	0	198	0	205	0	204	0	202	0	225	0
196	0	182	0	176	0	169	0	185	0	208	0	230	0	173	38	199	0
185	0	180	0	193	0	97	99	186	0	192	0	101	87	197	0	219	0
211	0	216	0	216	0	194	0	101	100	187	0	194	0	184	0	229	0
203	0	203	0	101	93	205	0	182	0	180	0	201	0	211	0	202	0
206	0	204	0	126	103	192	0	199	0	197	0	209	0	211	0	198	0
181	0	174	0	207	0	190	0	178	0	198	0	207	0	185	35	197	0
237	0	195	0	203	0	205	0	185	0	112	94	208	0	197	0	112	122
196	0	197	0	97	98	217	0	212	0	202	0	181	0	195	0	211	0
196	0	201	0	202	0	77	88	185	0	203	0	111	108	184	0	193	0
210	0	210	0	211	0	231	0	198	0	193	0	175	0	183	39	193	0
209	0	176	0	197	0	181	0	107	104	204	0	177	0	203	0	215	0
204	0	199	0	205	0	234	0	172	0	204	0	209	0	164	28	189	0
200	0	188	0	205	0	114	118	193	0	215	0	118	109	194	0	195	0
223	0	220	0	105	112	210	0	212	0	212	0	212	0	212	0	219	0
222	0	181	0	200	0	195	0	213	0	199	0	212	0	139	68	198	0
186	27	212	0	202	0	221	0	219	0	178	0	209	0	211	0	213	0
184	0	89	103	206	0	176	0	176	0	189	0	218	0	198	0	204	0
170	0	221	0	185	0	94	109	199	0	193	0	114	94	204	0	198	0
211	0	210	0	185	0	204	0	190	0	201	0	238	0	148	24	202	0
219	0	225	0	194	0	186	0	88	106	199	0	202	0	181	0	199	0
214	0	197	0	177	0	203	0	215	0	198	0	186	0	158	22	186	0
209	0	202	0	181	0	208	0	211	0	202	0	175	0	183	29	180	0
182	0	205	0	201	0	202	0	93	94	191	0	182	0	225	0	195	0
198	0	96	107	200	0	236	0	236	0	205	0	202	0	186	0	195	0
198	0	194	0	202	0	193	0	197	0	210	0	205	0	138	71	178	0
209	0	183	0	201	0	100	95	229	0	194	0	107	104	222	0	195	0
187	0	206	0	189	0	198	0	97	126	194	0	213	0	190	0	202	0
206	0	195	0	91	106	211	0	188	0	209	0	216	0	195	0	191	0
198	0	197	0	192	0	224	0	190	0	210	0	105	100	208	0	186	0
190	20	204	0	188	0	197	0	203	0	175	0	191	0	217	0	189	0
203	0	205	0	105	102	203	0	196	0	200	0	208	0	173	0	200	0
209	0	98	111	215	0	190	0	208	0	207	0	196	0	188	0	209	0
166	0	187	0	94	113	215	0	191	0	231	0	196	0	194	0	180	0
225	0	179	0	186	0	93	105	208	0	213	0	221	0	219	0	251	0
209	0	187	0	179	0	194	0	198	0	122	108	205	0	197	0	181	17
200	0	109	87	194	0	201	0	244	0	211	0	216	0	209	0	191	0
194	0	202	0	196	0	230	0	205	0	207	0	190	0	167	0	193	20
188	0	178	0	196	0	182	0	110	95	210	0	209	0	184	0	204	0
215	0	226	0	178	0	218	0	204	0	81	107	203	0	194	0	170	35
220	0	187	0	216	0	206	0	214	0	202	0	195	0	152	30	213	0
181	0	188	0	223	0	215	0	197	0	99	88	216	0	186	0	195	0
191	0	195	0	180	0	195	0	181	0	100	92	202	0	190	0	166	0
213	0	217	0	193	0	209	0	243	0	94	94	209	0	208	0	219	0
211	0	119	82	211	0	187	0	219	0	192	0	182	0	171	0	183	0
184	0	206	0	185	0	199	0	93	98	220	0	188	0	200	0	198	0
191	0	212	0	184	0	200	0	198	0	101	92	198	0	185	0	197	0
209	0	197	0	93	108	179	0	209	0	216	0	226	0	215	0	216	0
230	0	186	0	210	0	218	0	193	0	106	110	196	0	196	0	208	0
220	0	174	0	204	0	175	0	202	0	172	0	186	0	166	32	217	0
188	0	103	101	200	0	186	0	183	0	211	0	197	0	193	0	210	0
206	0	233	0	229	0	229	0	223	0	89	94	203	0	208	0	178	0
175	0	205	0	180	0	204	0	210	0	121	95	230	0	187	0	195	0
213	0	182	0	204	0	191	0	108	89	220	0	209	0	202	0	205	0
179	0	212	0	199	0	184	0	101	100	202	0	228	0	194	0	209	0
189	0	156	43	199	0	198	0	179	0	194	0	187	0	197	0	191	0
226	0	198	0	92	90	202	0	193	0	202	0	193	0	218	0	181	0
181	0	160	41	192	0	177	0	183	0	216	0	216	0	210	0	211	0
173	18	185	0	187	0	200	0	201	0	184	0	215	0	212	0	229	0
216	0	184	0	208	0	171	0	187	0	87	96	200	0	193	0	194	0
220	0	196	0	164	33	207	0	201	0	190	0	183	0	190	0	185	0
182	28	193	0	189	0	203	0	225	0	185	0	217	0	197	0	211	0
183	0	240	0	189	0	203	0	223	0	170	10	187	0	207	0	209	0
214	0	199	0	196	0	178	0	99	99	194	0	202	0	220	0	169	0
187	0	216	0	190	0	190	0	187	0	175	12	211	0	213	0	219	0
213	0	203	0	191	0	225	0	158	28	229	0	184	0	197	0	173	0
212	0	203	0	233	0	207	0	228	0	190	10	196	0	189	0	219	0
206	0	207	0	221	0	180	0	211	0	167	14	198	0	207	0	213	0
