chr	posStart	posEnd	length	chrIdxStart	chrIdxEnd	numProbe	log2ratio.Mean	log2ratio.SD	log2ratio.Median	log2ratio.MAD	log2mBAF.Mean	log2mBAF.SD	log2mBAF.Median	log2mBAF.MAD	Sample_ID	remark	log2ratio.base.Mean	log2ratio.base.Median	log2ratio.Sigma	log2mBAF.base.Mean	log2mBAF.base.Median	log2mBAF.Sigma	log2ratio.Mean.adj	log2ratio.Median.adj	log2mBAF.Mean.adj	log2mBAF.Median.adj	log2ratio.p.value	log2mBAF.p.value	p.value	CNV
chr1	881627	248814126	247932500	1	2126	2126	-0.131122479174506	0.67817190537227	-0.16435014380991	0.693852594306959	0.546008170256818	0.229465787181306	0.611018487576624	0.155883513410838	ATP456_Met6T	0	0.193492891742992	0.0915992675100573	0.329307415831387	0.0210085165283717	0.0107744715941755	0.10995378097422	-0.324615370917499	-0.255949411319968	0.524999653728447	0.600244015982449	0.356	0	0	LOH
chr2	224970	242690675	242465706	1	1453	1453	0.169395507409568	0.605401425392444	0.0423121252389932	0.573214350282243	0.0176089377779155	0.116487623006636	0.0105306674921698	0.108582199491155	ATP456_Met6T	0	0.193492891742992	0.0915992675100573	0.329307415831387	0.0210085165283717	0.0107744715941755	0.10995378097422	-0.0240973843334247	-0.0492871422710641	-0.00339957875045613	-0.000243804102005713	0.823	0.971	0.909	normal
chr3	2924986	197765432	194840447	1	1191	1191	-0.208989676035506	0.609056146692464	-0.295355754447398	0.586049025015454	0.378216310325746	0.268862703122123	0.351192567118499	0.360809654655364	ATP456_Met6T	0	0.193492891742992	0.0915992675100573	0.329307415831387	0.0210085165283717	0.0107744715941755	0.10995378097422	-0.402482567778498	-0.386955021957455	0.357207793797375	0.340418095524324	0.157	0	0	LOH
chr4	266124	190878597	190612474	1	911	911	-0.285639968139319	0.585717223060699	-0.358623493909643	0.54461494435617	0.428544572396155	0.222524055493163	0.445256388694707	0.252305727509354	ATP456_Met6T	0	0.193492891742992	0.0915992675100573	0.329307415831387	0.0210085165283717	0.0107744715941755	0.10995378097422	-0.479132859882311	-0.450222761419701	0.407536055867784	0.434481917100532	0.104	0	0	LOH
chr5	163266	180687212	180523947	1	991	991	0.116804829234987	0.622381790922401	0.00309367676509842	0.617632173561438	0.0221968693343814	0.122458712444668	0.0129074837793882	0.113141795676965	ATP456_Met6T	0	0.193492891742992	0.0915992675100573	0.329307415831387	0.0210085165283717	0.0107744715941755	0.10995378097422	-0.0766880625080055	-0.0885055907449589	0.00118835280600968	0.00213301218521269	0.688	0.89	0.69	normal
chr6	348051	66204945	65856895	1	643	643	0.244826679087253	0.575170043614075	0.162985669567244	0.570247990582371	0.0191802622727629	0.129912975989296	0.0108455289165728	0.120981227246678	ATP456_Met6T	0	0.193492891742992	0.0915992675100573	0.329307415831387	0.0210085165283717	0.0107744715941755	0.10995378097422	0.0513337873442602	0.0713864020571872	-0.00182825425560875	7.10573223972524e-05	0.753	0.995	0.777	normal
chr6	69666684	170862336	101195653	644	1124	481	-0.679637902539709	0.529654523569274	-0.756132340213529	0.491991267619375	0.64176841370875	0.106522065137162	0.653101701980458	0.103274996412847	ATP456_Met6T	0	0.193492891742992	0.0915992675100573	0.329307415831387	0.0210085165283717	0.0107744715941755	0.10995378097422	-0.873130794282702	-0.847731607723587	0.620759897180378	0.642327230386282	0	0	0	loss
chr7	299850	158727276	158427427	1	986	986	0.315923879251729	0.68126961392664	0.218114381776846	0.631101161157218	0.59388068575714	0.186387505036607	0.627316304590972	0.20382542374975	ATP456_Met6T	0	0.193492891742992	0.0915992675100573	0.329307415831387	0.0210085165283717	0.0107744715941755	0.10995378097422	0.122430987508737	0.126515114266789	0.572872169228769	0.616541832996797	0.578	0	0	LOH
chr8	382957	38851204	38468248	1	276	276	-0.407120630966456	0.559552064446908	-0.478713725944001	0.526900100246696	0.628009077610683	0.128974775246593	0.644949346858721	0.113541346616333	ATP456_Met6T	0	0.193492891742992	0.0915992675100573	0.329307415831387	0.0210085165283717	0.0107744715941755	0.10995378097422	-0.600613522709448	-0.570312993454059	0.607000561082311	0.634174875264546	0.053	0	0	LOH
chr8	38911953	146171437	107259485	277	709	433	0.253691497083107	0.785546684773062	0.045423221451224	0.60714450500814	0.0266699168417339	0.127973256955809	0.0120035568910449	0.111603732738462	ATP456_Met6T	0	0.193492891742992	0.0915992675100573	0.329307415831387	0.0210085165283717	0.0107744715941755	0.10995378097422	0.0601986053401142	-0.0461760460588333	0.00566140031336218	0.00122908529686944	0.828	0.932	0.922	normal
chr9	271638	140777306	140505669	1	809	809	0.336663671181873	0.824679834252578	0.24989373479041	0.801174932790163	0.410858128649641	0.186900962196356	0.388165981233429	0.162646941131922	ATP456_Met6T	0	0.193492891742992	0.0915992675100573	0.329307415831387	0.0210085165283717	0.0107744715941755	0.10995378097422	0.143170779438881	0.158294467280352	0.389849612121269	0.377391509639254	0.512	0	0	LOH
chr10	94026	135351228	135257203	1	858	858	0.186271398566067	0.569667487626084	0.137444210068042	0.553121763672934	0.0331131703528263	0.131266079463985	0.0190944626238793	0.124632669898242	ATP456_Met6T	0	0.193492891742992	0.0915992675100573	0.329307415831387	0.0210085165283717	0.0107744715941755	0.10995378097422	-0.00722149317692564	0.0458449425579843	0.0121046538244547	0.00831999102970376	0.846	0.437	0.89	normal
chr11	193865	49168512	48974648	1	476	476	-0.184362059297292	0.805704854261862	-0.419953358625377	0.757651488643643	0.601958393400749	0.159444218794386	0.623257834251013	0.124213672359744	ATP456_Met6T	0	0.193492891742992	0.0915992675100573	0.329307415831387	0.0210085165283717	0.0107744715941755	0.10995378097422	-0.377854951040284	-0.511552626135434	0.580949876872378	0.612483362656838	0.08	0	0	LOH
chr11	55032799	134241094	79208296	477	1155	679	0.354650553970497	0.703914690222175	0.255013806449218	0.809134196154995	0.00839203647956611	0.119654418171169	-0.00364916102206384	0.114614176193255	ATP456_Met6T	0	0.193492891742992	0.0915992675100573	0.329307415831387	0.0210085165283717	0.0107744715941755	0.10995378097422	0.161157662227504	0.16341453893916	-0.0126164800488056	-0.0144236326162393	0.525	0.229	0.499	normal
chr12	336712	133780851	133444140	1	865	865	-0.0699944923688464	0.624325887448074	-0.12894768502228	0.619906043820282	0.316337137748852	0.327706476906343	0.239575433009805	0.458271451487433	ATP456_Met6T	0	0.193492891742992	0.0915992675100573	0.329307415831387	0.0210085165283717	0.0107744715941755	0.10995378097422	-0.263487384111839	-0.220546952532338	0.29532862122048	0.228800961415629	0.412	0	0	LOH
chr13	19751544	115037613	95286070	1	396	396	0.0151858815570573	0.484946563231648	-0.034707756380559	0.44606498277799	0.704661968643588	0.132271016354609	0.7268360579632	0.0881125346215335	ATP456_Met6T	0	0.193492891742992	0.0915992675100573	0.329307415831387	0.0210085165283717	0.0107744715941755	0.10995378097422	-0.178307010185935	-0.126307023890616	0.683653452115217	0.716061586369025	0.563	0	0	LOH
chr14	19553764	107099190	87545427	1	756	756	0.299861831787484	0.606860062546584	0.20061576398856	0.621301460341767	0.0133570036158939	0.120730204238189	0.00464757001611359	0.114732492976151	ATP456_Met6T	0	0.193492891742992	0.0915992675100573	0.329307415831387	0.0210085165283717	0.0107744715941755	0.10995378097422	0.106368940044492	0.109016496478503	-0.0076515129124778	-0.00612690157806191	0.605	0.599	0.642	normal
chr15	20170150	102261453	82091304	1	631	631	0.415399559221813	0.588914335080256	0.377025972714269	0.541840192759543	0.418216558863081	0.175120250491198	0.444364170548356	0.152172090568951	ATP456_Met6T	0	0.193492891742992	0.0915992675100573	0.329307415831387	0.0210085165283717	0.0107744715941755	0.10995378097422	0.22190666747882	0.285426705204212	0.397208042334709	0.43358969895418	0.312	0	0	LOH
chr16	334580	90141355	89806776	1	692	692	0.772995195307498	0.685094374357632	0.731729238405792	0.671590770120719	0.0122287889536448	0.122533067882457	0.00114322153536266	0.114439669777497	ATP456_Met6T	0	0.193492891742992	0.0915992675100573	0.329307415831387	0.0210085165283717	0.0107744715941755	0.10995378097422	0.579502303564506	0.640129970895735	-0.00877972757472687	-0.00963125005881284	0.029	0.387	0.029	gain
chr17	11830	21318773	21306944	1	447	447	0.171334961609206	0.605197847893846	0.197426314896274	0.615334596430814	0.641897991279538	0.11888387848729	0.643701800022221	0.110980821622543	ATP456_Met6T	0	0.193492891742992	0.0915992675100573	0.329307415831387	0.0210085165283717	0.0107744715941755	0.10995378097422	-0.0221579301337864	0.105827047386217	0.620889474751167	0.632927328428046	0.622	0	0	LOH
chr17	21318897	81043175	59724279	448	1109	662	0.740093940684064	0.647254964733529	0.762163261999229	0.720941919746701	0.0118774328498739	0.11320257185188	0.00432001578378448	0.110733381875646	ATP456_Met6T	0	0.193492891742992	0.0915992675100573	0.329307415831387	0.0210085165283717	0.0107744715941755	0.10995378097422	0.546601048941072	0.670563994489172	-0.00913108367849777	-0.00645445581039102	0.008	0.582	0.015	gain
chr18	49515	22020543	21971029	1	135	135	0.0284474878869712	0.442644405065705	0.000753014628357418	0.405996904987812	0.00534082930451138	0.110113178928132	0.00433242079603301	0.0975693268010639	ATP456_Met6T	0	0.193492891742992	0.0915992675100573	0.329307415831387	0.0210085165283717	0.0107744715941755	0.10995378097422	-0.165045403856021	-0.0908462528816999	-0.0156676872238603	-0.00644205079814249	0.761	0.636	0.78	normal
chr18	23873463	77805949	53932487	136	344	209	-0.597128195937528	0.538898585570937	-0.66127548716155	0.4602188756523	0.636704166107917	0.108954083712109	0.63430992593824	0.115912884182187	ATP456_Met6T	0	0.193492891742992	0.0915992675100573	0.329307415831387	0.0210085165283717	0.0107744715941755	0.10995378097422	-0.790621087680521	-0.752874754671608	0.615695649579545	0.623535454344064	0	0	0	loss
chr19	281360	59082605	58801246	1	1371	1371	0.427567966565694	0.590329089664925	0.454758361365884	0.593313746464691	0.410889681569501	0.247426419862529	0.409390936137702	0.309900199809195	ATP456_Met6T	0	0.193492891742992	0.0915992675100573	0.329307415831387	0.0210085165283717	0.0107744715941755	0.10995378097422	0.234075074822701	0.363159093855827	0.389881165041129	0.398616464543526	0.198	0	0	LOH
chr20	76962	62859179	62782218	1	510	510	0.580504630812854	0.646748091298755	0.546346777390688	0.656468411142874	0.0175203499347861	0.119027651349431	0.00725198239948982	0.120213330896427	ATP456_Met6T	0	0.193492891742992	0.0915992675100573	0.329307415831387	0.0210085165283717	0.0107744715941755	0.10995378097422	0.387011739069862	0.454747509880631	-0.00348816659358559	-0.00352248919468568	0.076	0.806	0.108	normal
chr21	10916293	47987547	37071255	1	271	271	0.601050082867153	0.704468341456285	0.594597393381604	0.806438375646829	0.0142046375421964	0.119571400355193	0.00263613013513454	0.109978477649211	ATP456_Met6T	0	0.193492891742992	0.0915992675100573	0.329307415831387	0.0210085165283717	0.0107744715941755	0.10995378097422	0.407557191124161	0.502998125871547	-0.00680387898617526	-0.00813834145904096	0.055	0.443	0.078	normal
chr22	17586471	51117580	33531110	1	397	397	0.235866051382784	0.577427667489455	0.233952190921388	0.59031747302724	0.638828812285785	0.10884936356484	0.65154561060245	0.0987161187100058	ATP456_Met6T	0	0.193492891742992	0.0915992675100573	0.329307415831387	0.0210085165283717	0.0107744715941755	0.10995378097422	0.0423731596397917	0.142352923411331	0.617820295757413	0.640771139008274	0.545	0	0	LOH
