chr	posStart	posEnd	length	chrIdxStart	chrIdxEnd	numProbe	log2ratio.Mean	log2ratio.SD	log2ratio.Median	log2ratio.MAD	log2mBAF.Mean	log2mBAF.SD	log2mBAF.Median	log2mBAF.MAD	Sample_ID	remark	log2ratio.base.Mean	log2ratio.base.Median	log2ratio.Sigma	log2mBAF.base.Mean	log2mBAF.base.Median	log2mBAF.Sigma	log2ratio.Mean.adj	log2ratio.Median.adj	log2mBAF.Mean.adj	log2mBAF.Median.adj	log2ratio.p.value	log2mBAF.p.value	p.value	CNV
chr1	881627	248814126	247932500	1	1991	1991	-0.204891868459154	0.546278458528136	-0.273369355121257	0.502307716883578	0.430213118500786	0.212106607369359	0.46948528330122	0.188096370451094	ATP456_Met7T	0	0.140528915226274	0.0696131524562574	0.283393749922503	0.0345118726155254	0.0210730027457263	0.126230395258605	-0.345420783685428	-0.342982507577514	0.395701245885261	0.448412280555494	0.054	0	0	LOH
chr2	224970	242690675	242465706	1	1405	1405	0.128341685265532	0.409863889057383	0.0678280851107367	0.332042060124138	0.0328281833377044	0.127098901199983	0.0157182337469304	0.111691931684978	ATP456_Met7T	0	0.140528915226274	0.0696131524562574	0.283393749922503	0.0345118726155254	0.0210730027457263	0.126230395258605	-0.0121872299607421	-0.00178506734552072	-0.00168368927782103	-0.00535476899879588	0.985	0.602	0.983	normal
chr3	2924986	88199298	85274313	1	519	519	-0.0559506177943348	0.507624461127736	-0.0450494681689961	0.486799619377281	0.594271394900252	0.141476618852757	0.608549321038772	0.144140820549245	ATP456_Met7T	0	0.140528915226274	0.0696131524562574	0.283393749922503	0.0345118726155254	0.0210730027457263	0.126230395258605	-0.196479533020609	-0.114662620625253	0.559759522284726	0.587476318293046	0.372	0	0	LOH
chr3	89456555	197765432	108308878	520	1158	639	0.0606901675843019	0.413243582727336	0.00313191095704952	0.343628553271194	0.0340151219304773	0.127968883737223	0.0179219079972623	0.117069505734851	ATP456_Met7T	0	0.140528915226274	0.0696131524562574	0.283393749922503	0.0345118726155254	0.0210730027457263	0.126230395258605	-0.0798387476419725	-0.0664812414992079	-0.000496750685048154	-0.00315109474846395	0.621	0.764	0.648	normal
chr4	266124	49063872	48797749	1	296	296	-0.350333673963653	0.515399950974514	-0.474112193251066	0.47340746523727	0.500360653524545	0.149561675407637	0.518742556889575	0.144562703451798	ATP456_Met7T	0	0.140528915226274	0.0696131524562574	0.283393749922503	0.0345118726155254	0.0210730027457263	0.126230395258605	-0.490862589189927	-0.543725345707323	0.465848780909019	0.497669554143849	0.005	0	0	loss
chr4	52752812	70512773	17759962	297	385	89	0.0100946946516008	0.401495485542554	-0.0479300582259451	0.309508399952995	0.036770452709791	0.121930838047799	0.0211416353788558	0.107471472901019	ATP456_Met7T	0	0.140528915226274	0.0696131524562574	0.283393749922503	0.0345118726155254	0.0210730027457263	0.126230395258605	-0.130434220574674	-0.117543210682203	0.00225858009426554	6.86326331295443e-05	0.486	0.986	0.503	normal
chr4	70713520	130032843	59319324	386	654	269	-0.698145129075166	0.330636605498163	-0.706127871908855	0.27549296846447	0.515041185124044	0.1423498685051	0.522794769098818	0.134144578138254	ATP456_Met7T	0	0.140528915226274	0.0696131524562574	0.283393749922503	0.0345118726155254	0.0210730027457263	0.126230395258605	-0.83867404430144	-0.775741024365112	0.480529312508518	0.501721766353092	0	0	0	loss
chr4	134072264	190878597	56806334	655	861	207	0.310749885866782	0.340576572157743	0.300365890176645	0.315461746597899	0.177672481679935	0.153151950933234	0.194237818675985	0.152841131133935	ATP456_Met7T	0	0.140528915226274	0.0696131524562574	0.283393749922503	0.0345118726155254	0.0210730027457263	0.126230395258605	0.170220970640508	0.230752737720388	0.14316060906441	0.173164815930259	0.103	0	0.025	LOH
chr5	163266	180687212	180523947	1	953	953	0.113686314725555	0.426963011651114	0.0373314843428513	0.352462897572407	0.0404859204337651	0.13766135343031	0.0264722113611912	0.121182134929186	ATP456_Met7T	0	0.140528915226274	0.0696131524562574	0.283393749922503	0.0345118726155254	0.0210730027457263	0.126230395258605	-0.0268426005007196	-0.0322816681134061	0.00597404781823967	0.00539920861546491	0.834	0.597	0.873	normal
chr6	348051	66204945	65856895	1	604	604	0.158140256008691	0.401835857613864	0.107720812234249	0.375870991858717	0.0354753076436713	0.135254536750125	0.0232593070615182	0.115106243465898	ATP456_Met7T	0	0.140528915226274	0.0696131524562574	0.283393749922503	0.0345118726155254	0.0210730027457263	0.126230395258605	0.0176113407824164	0.0381076597779919	0.000963435028145845	0.0021863043157919	0.755	0.863	0.858	normal
chr6	69666684	170862336	101195653	605	1065	461	-0.592535006042939	0.391255157507536	-0.629244781931957	0.327952015199924	0.533424647730119	0.135072147765042	0.54648835290652	0.132673126650596	ATP456_Met7T	0	0.140528915226274	0.0696131524562574	0.283393749922503	0.0345118726155254	0.0210730027457263	0.126230395258605	-0.733063921269214	-0.698857934388214	0.498912775114594	0.525415350160794	0	0	0	loss
chr7	299850	158727276	158427427	1	977	977	0.555068227209924	0.449862369510213	0.476954621899968	0.379108031418743	0.206748386303665	0.154345323019857	0.216078647404246	0.156932390838469	ATP456_Met7T	0	0.140528915226274	0.0696131524562574	0.283393749922503	0.0345118726155254	0.0210730027457263	0.126230395258605	0.41453931198365	0.407341469443711	0.17223651368814	0.195005644658519	0.046	0	0	gain
chr8	382957	37728019	37345063	1	258	258	-0.459162234047927	0.454053881787732	-0.500379090726397	0.3786669467529	0.49571152256533	0.157601109988974	0.520556950355008	0.140783989982798	ATP456_Met7T	0	0.140528915226274	0.0696131524562574	0.283393749922503	0.0345118726155254	0.0210730027457263	0.126230395258605	-0.599691149274201	-0.569992243182655	0.461199649949805	0.499483947609282	0	0	0	loss
chr8	38810864	146171437	107360574	259	683	425	0.185974385233889	0.55694158525623	0.0300184552410054	0.36208907900182	0.0345439276319143	0.128304111452777	0.020979958480716	0.120965000651967	ATP456_Met7T	0	0.140528915226274	0.0696131524562574	0.283393749922503	0.0345118726155254	0.0210730027457263	0.126230395258605	0.0454454700076146	-0.039594697215252	3.20550163888864e-05	-9.30442650102954e-05	0.776	0.99	0.854	normal
chr9	271638	33568763	33297126	1	136	136	-0.764678812913657	0.47263738193114	-0.708158941662222	0.324455882241898	0.485308345798006	0.196332170955038	0.523835115575294	0.147609614524682	ATP456_Met7T	0	0.140528915226274	0.0696131524562574	0.283393749922503	0.0345118726155254	0.0210730027457263	0.126230395258605	-0.905207728139931	-0.777772094118479	0.45079647318248	0.502762112829568	0	0	0	loss
chr9	33924136	140777306	106853171	137	776	640	0.339844986573779	0.516406634322129	0.252841200133564	0.532232326019331	0.0382939422305368	0.140804491027415	0.0207751808859245	0.130276804898653	ATP456_Met7T	0	0.140528915226274	0.0696131524562574	0.283393749922503	0.0345118726155254	0.0210730027457263	0.126230395258605	0.199316071347505	0.183228047677307	0.00378206961501138	-0.000297821859801775	0.157	0.972	0.144	normal
chr10	94026	135351228	135257203	1	825	825	0.179466348930161	0.412901380190997	0.130440888734333	0.392673135957436	0.027208808676552	0.127313307242153	0.0164280417873779	0.123859721533834	ATP456_Met7T	0	0.140528915226274	0.0696131524562574	0.283393749922503	0.0345118726155254	0.0210730027457263	0.126230395258605	0.0389374337038861	0.0608277362780753	-0.00730306393897345	-0.00464496095834834	0.637	0.69	0.693	normal
chr11	193865	49168512	48974648	1	448	448	-0.330280550071082	0.620862777901695	-0.496172575277475	0.509908252486373	0.472759222921621	0.174646422878703	0.499941711646331	0.153586787765181	ATP456_Met7T	0	0.140528915226274	0.0696131524562574	0.283393749922503	0.0345118726155254	0.0210730027457263	0.126230395258605	-0.470809465297356	-0.565785727733732	0.438247350306096	0.478868708900604	0	0	0	loss
chr11	55033209	134241094	79207886	449	1101	653	0.167192985332271	0.495631719118878	0.0730598047876322	0.47542570628662	0.035108076182823	0.137250461575947	0.0217514680111434	0.127328364731792	ATP456_Met7T	0	0.140528915226274	0.0696131524562574	0.283393749922503	0.0345118726155254	0.0210730027457263	0.126230395258605	0.0266640701059969	0.00344665233137481	0.000596203567297511	0.000678465265417157	0.983	0.952	0.995	normal
chr12	336712	133780851	133444140	1	859	859	0.302036407850414	0.445270086557087	0.250460984350331	0.412191014992179	0.489903232764125	0.234856681107077	0.550405278684788	0.252306578436604	ATP456_Met7T	0	0.140528915226274	0.0696131524562574	0.283393749922503	0.0345118726155254	0.0210730027457263	0.126230395258605	0.161507492624139	0.180847831894074	0.4553913601486	0.529332275939062	0.166	0	0	LOH
chr13	19751544	114758112	95006569	1	359	359	-0.54072749218986	0.387739506283318	-0.563857330792888	0.330514132318939	0.502418990879546	0.151035456978283	0.518130992242948	0.144133815417834	ATP456_Met7T	0	0.140528915226274	0.0696131524562574	0.283393749922503	0.0345118726155254	0.0210730027457263	0.126230395258605	-0.681256407416134	-0.633470483249145	0.46790711826402	0.497057989497221	0	0	0	loss
chr14	19553764	107099190	87545427	1	734	734	0.196659818102697	0.423619558322754	0.107720812234249	0.362009637412595	0.0331302677524107	0.129744310780495	0.0236251882796279	0.123152121102271	ATP456_Met7T	0	0.140528915226274	0.0696131524562574	0.283393749922503	0.0345118726155254	0.0210730027457263	0.126230395258605	0.0561309028764221	0.0381076597779919	-0.00138160486311473	0.00255218553390162	0.775	0.816	0.848	normal
chr15	20170150	102261453	82091304	1	616	616	0.491505830855066	0.43238570494342	0.463488001739555	0.408855992525685	0.185349467472234	0.173149340525102	0.185684876319292	0.187577876583807	ATP456_Met7T	0	0.140528915226274	0.0696131524562574	0.283393749922503	0.0345118726155254	0.0210730027457263	0.126230395258605	0.350976915628792	0.393874849283298	0.150837594856709	0.164611873573566	0.044	0	0.004	gain
chr16	334580	90141355	89806776	1	658	658	0.478590487124715	0.505362417134706	0.419843022484032	0.516177757347276	0.0501434649720568	0.141094719375089	0.0338708820841157	0.127485673692652	ATP456_Met7T	0	0.140528915226274	0.0696131524562574	0.283393749922503	0.0345118726155254	0.0210730027457263	0.126230395258605	0.338061571898441	0.350229870027775	0.0156315923565314	0.0127978793383894	0.059	0.249	0.052	normal
chr17	11830	21318773	21306944	1	394	394	-0.128675014251485	0.497724883679951	-0.172387106958486	0.481610469603614	0.495969521174571	0.164294100369964	0.5153542747149	0.156231311688398	ATP456_Met7T	0	0.140528915226274	0.0696131524562574	0.283393749922503	0.0345118726155254	0.0210730027457263	0.126230395258605	-0.26920392947776	-0.242000259414743	0.461457648559045	0.494281271969174	0.097	0	0	LOH
chr17	21318897	81043175	59724279	395	1022	628	0.427344020467594	0.459214762082611	0.383508978347554	0.494191729491184	0.0397530732447769	0.137128737168437	0.023538064531235	0.129717489273543	ATP456_Met7T	0	0.140528915226274	0.0696131524562574	0.283393749922503	0.0345118726155254	0.0210730027457263	0.126230395258605	0.286815105241319	0.313895825891296	0.0052412006292514	0.00246506178550875	0.074	0.834	0.053	normal
chr18	49515	22020543	21971029	1	131	131	0.0232997844198874	0.339592065332853	0.0454365339799065	0.291256755390201	0.0562141060100362	0.145421633063084	0.0449745280354621	0.159553409553017	ATP456_Met7T	0	0.140528915226274	0.0696131524562574	0.283393749922503	0.0345118726155254	0.0210730027457263	0.126230395258605	-0.117229130806387	-0.0241766184763509	0.0217022333945108	0.0239015252897358	0.854	0.052	0.704	normal
chr18	23873463	77805949	53932487	132	333	202	-0.556527106329659	0.376130373410301	-0.599665324568979	0.343129226514226	0.504037888369878	0.14969927262567	0.537982138099411	0.126709788771694	ATP456_Met7T	0	0.140528915226274	0.0696131524562574	0.283393749922503	0.0345118726155254	0.0210730027457263	0.126230395258605	-0.697056021555934	-0.669278477025236	0.469526015754353	0.516909135353684	0	0	0	loss
chr19	281360	59082605	58801246	1	1239	1239	-0.00503703943061743	0.501430138317421	-0.0235237210440034	0.511783898911535	0.443751258859308	0.202382884921419	0.481674692309134	0.170087880171006	ATP456_Met7T	0	0.140528915226274	0.0696131524562574	0.283393749922503	0.0345118726155254	0.0210730027457263	0.126230395258605	-0.145565954656892	-0.0931368735002608	0.409239386243783	0.460601689563408	0.449	0	0	LOH
chr20	76962	62859179	62782218	1	486	486	0.360417109138472	0.460370567480311	0.284372976968423	0.433632701784593	0.0428401782091902	0.134869851033305	0.0356561851089236	0.133659127930398	ATP456_Met7T	0	0.140528915226274	0.0696131524562574	0.283393749922503	0.0345118726155254	0.0210730027457263	0.126230395258605	0.219888193912197	0.214759824512165	0.0083283055936648	0.0145831823631974	0.119	0.163	0.114	normal
chr21	10916293	47987547	37071255	1	241	241	-0.249593839890706	0.478929301442084	-0.241926580090881	0.518387223861238	0.46997720673396	0.177632574032649	0.492590859087194	0.185650865752164	ATP456_Met7T	0	0.140528915226274	0.0696131524562574	0.283393749922503	0.0345118726155254	0.0210730027457263	0.126230395258605	-0.39012275511698	-0.311539732547139	0.435465334118434	0.471517856341468	0.061	0	0	LOH
chr22	17586471	51117580	33531110	1	358	358	-0.0829189654254867	0.47613515371095	-0.119562119498491	0.494346316916901	0.485196729948969	0.155622292452592	0.493599347190315	0.149542153485284	ATP456_Met7T	0	0.140528915226274	0.0696131524562574	0.283393749922503	0.0345118726155254	0.0210730027457263	0.126230395258605	-0.223447880651761	-0.189175271954749	0.450684857333444	0.472526344444589	0.177	0	0	LOH
