SNVID	Wild	Mut	R2:ref	R2:alt	R3:ref	R3:alt	R4:ref	R4:alt	R6:ref	R6:alt	R1:ref	R1:alt	R5:ref	R5:alt	R7:ref	R7:alt
S1	C	T	73	33	65	34	67	46	32	56	71	29	62	34	42	40
S2	T	C	61	32	59	36	39	57	52	52	83	31	73	22	70	35
S3	A	C	81	29	56	29	26	50	38	61	70	26	77	37	56	41
S4	T	A	47	31	69	30	18	60	39	48	81	31	74	30	68	40
S5	G	A	62	27	80	31	53	52	39	49	54	32	84	23	66	30
S6	G	A	103	0	102	0	109	0	75	27	101	0	113	0	87	0
S7	T	G	98	0	107	0	95	0	81	26	82	0	105	0	92	0
S8	T	C	91	0	110	0	107	0	68	38	99	0	99	0	106	0
S9	A	G	90	0	99	0	104	0	76	30	110	0	97	0	91	0
S10	C	T	108	0	101	0	107	0	71	31	99	0	104	0	98	0
S11	C	A	48	29	71	29	38	61	83	8	61	32	60	31	73	38
S12	G	T	81	32	69	32	43	47	95	5	70	32	79	30	47	49
S13	A	G	72	19	59	28	72	48	88	8	91	23	70	32	60	32
S14	A	C	68	25	75	37	62	45	88	6	85	29	73	35	67	35
S15	C	T	88	22	58	38	48	47	102	6	86	27	76	34	48	46
S16	A	G	61	36	77	25	46	51	110	2	78	29	63	25	60	49
S17	A	T	71	26	80	24	78	43	77	5	75	27	65	38	56	36
S18	A	G	74	26	84	29	47	38	97	7	77	33	76	32	48	38
S19	T	C	104	0	99	0	98	0	108	0	99	0	101	0	49	45
S20	A	G	113	0	116	0	108	0	103	0	109	0	114	0	64	41
S21	T	A	98	0	109	0	87	0	97	0	95	0	115	0	59	29
S22	T	G	103	0	97	0	102	0	94	0	99	0	85	0	49	40
S23	A	C	96	0	103	0	104	0	109	0	80	0	109	0	49	44
S24	C	A	104	0	114	0	101	0	94	0	108	0	97	0	51	45
S25	A	C	103	0	97	0	109	0	74	0	91	0	93	0	57	42
S26	T	C	107	0	102	0	92	0	90	0	83	0	87	0	73	36
S27	C	G	91	0	96	0	95	0	84	0	97	0	115	0	69	38
S28	C	G	95	0	111	0	111	0	105	0	100	0	105	0	43	41
S29	A	T	89	27	73	34	69	39	80	6	66	26	71	34	107	0
S30	T	G	61	22	61	33	66	37	99	6	58	26	75	28	92	0
S31	C	G	85	34	88	30	67	46	119	5	56	38	80	30	88	0
S32	C	A	93	25	69	27	54	42	98	6	75	27	74	29	93	0
S33	C	G	87	18	105	0	101	0	104	0	63	21	76	12	93	0
S34	C	A	59	25	108	0	83	0	90	0	79	25	81	13	102	0
S35	A	G	92	17	98	0	131	0	111	0	96	20	88	7	97	0
S36	G	T	89	21	99	0	108	0	110	0	74	22	72	7	87	0
S37	A	C	82	22	101	0	113	0	112	0	87	18	108	9	99	0
S38	G	T	73	17	111	0	107	0	91	0	88	17	77	10	104	0
S39	C	G	83	16	108	0	95	0	107	0	70	25	99	10	102	0
S40	G	C	67	24	88	0	135	0	90	0	99	23	90	13	99	0
S41	C	A	85	21	107	0	98	0	101	0	105	0	106	0	101	0
S42	T	A	81	11	98	0	92	0	102	0	118	0	112	0	94	0
S43	A	G	86	16	94	0	89	0	106	0	110	0	99	0	109	0
S44	A	G	84	22	112	0	83	0	113	0	118	0	113	0	98	0
S45	A	G	85	24	86	0	102	0	94	0	112	0	79	0	104	0
S46	C	A	59	22	98	0	104	0	111	0	81	0	98	0	92	0
S47	T	C	72	17	94	0	94	0	95	0	93	0	102	0	96	0
S48	G	C	67	27	106	0	101	0	95	0	111	0	88	0	115	0
S49	G	A	94	28	99	0	115	0	95	0	91	0	96	0	82	0
S50	G	T	97	0	101	0	106	0	102	0	90	21	95	13	123	0
S51	A	G	102	0	114	0	92	0	104	0	80	22	82	15	97	0
S52	A	T	98	0	109	0	107	0	100	0	71	22	90	9	108	0
