SNVID	Wild	Mut	R2:ref	R2:alt	R3:ref	R3:alt	R4:ref	R4:alt	R6:ref	R6:alt	R1:ref	R1:alt	R5:ref	R5:alt	R7:ref	R7:alt
S1	G	T	55	30	63	25	39	54	45	59	68	26	62	26	49	38
S2	T	C	64	35	91	27	36	57	62	51	74	28	72	22	55	46
S3	C	G	63	27	57	36	52	53	51	42	89	31	76	19	54	39
S4	C	A	68	30	63	37	53	43	44	49	59	36	62	24	49	43
S5	A	G	79	24	67	26	42	55	49	48	67	27	68	32	59	38
S6	T	G	83	0	95	0	92	0	70	34	102	0	113	0	87	0
S7	C	G	105	0	110	0	100	0	70	26	98	0	103	0	88	0
S8	G	A	122	0	89	0	93	0	63	30	106	0	85	0	110	0
S9	C	A	88	0	94	0	99	0	70	30	95	0	98	0	96	0
S10	C	T	107	0	84	0	86	0	87	30	110	0	101	0	114	0
S11	T	A	108	0	113	0	92	0	85	23	92	0	107	0	94	0
S12	C	A	97	0	104	0	92	0	63	28	72	0	96	0	81	0
S13	A	G	96	0	99	0	92	0	43	33	91	0	100	0	113	0
S14	G	C	94	0	100	0	113	0	61	29	88	0	101	0	98	0
S15	A	G	106	0	102	0	97	0	95	26	102	0	101	0	108	0
S16	G	T	79	32	58	35	50	53	105	6	77	29	63	33	56	42
S17	T	A	72	28	80	28	43	55	95	4	93	24	66	31	61	43
S18	C	T	66	30	73	26	50	63	96	5	69	30	53	30	68	39
S19	T	C	60	30	76	31	60	49	92	7	73	30	75	32	43	45
S20	G	A	75	23	94	28	50	51	94	4	89	29	79	27	61	34
S21	C	T	69	25	78	28	56	53	107	5	76	26	62	25	43	43
S22	G	C	78	27	68	25	44	52	105	3	88	31	66	34	68	33
S23	G	A	68	33	74	28	50	48	103	2	75	29	85	27	65	34
S24	A	C	62	36	67	27	50	53	87	5	86	21	67	32	72	41
S25	G	C	84	24	89	20	67	55	102	5	94	27	72	24	70	39
S26	C	G	96	0	86	0	93	0	108	0	102	0	78	0	53	40
S27	C	A	94	0	109	0	112	0	97	0	97	0	98	0	67	37
S28	A	C	115	0	117	0	88	0	87	0	88	0	91	0	48	45
S29	C	A	97	0	101	0	107	0	106	0	98	0	112	0	51	42
S30	G	C	98	0	105	0	99	0	119	0	93	0	86	0	55	38
S31	T	C	99	0	100	0	103	0	107	0	93	0	100	0	61	35
S32	C	G	105	0	96	0	104	0	92	0	83	0	111	0	47	42
S33	A	C	87	0	99	0	95	0	101	0	95	0	87	0	40	42
S34	A	T	55	27	58	31	70	33	75	5	81	28	83	28	96	0
S35	G	A	68	26	76	32	58	48	109	6	60	36	85	29	82	0
S36	G	C	70	24	74	25	50	40	107	3	70	36	72	31	97	0
S37	G	T	60	29	48	38	68	40	100	4	69	38	77	28	93	0
S38	G	A	61	27	70	25	58	32	94	2	67	26	93	25	112	0
S39	A	T	88	29	83	32	78	36	91	8	78	25	80	25	109	0
S40	A	G	65	31	79	30	58	36	93	5	64	31	59	36	104	0
S41	G	A	54	27	88	26	61	36	105	4	60	33	64	36	92	0
S42	C	A	78	22	92	0	104	0	97	0	81	17	84	13	101	0
S43	G	T	78	22	99	0	80	0	108	0	103	21	90	4	107	0
S44	G	A	52	26	93	0	109	0	107	0	81	24	95	10	93	0
S45	A	G	86	19	101	0	90	0	100	0	62	21	97	14	105	0
S46	T	G	88	16	83	0	114	0	104	0	66	19	100	9	103	0
S47	T	A	86	22	99	0	87	0	106	0	92	21	90	6	91	0
S48	C	T	77	21	107	0	98	0	92	0	112	0	90	0	111	0
S49	G	A	70	18	103	0	89	0	100	0	102	0	91	0	97	0
S50	C	A	71	20	98	0	88	0	83	0	116	0	104	0	98	0
S51	G	A	98	11	94	0	102	0	111	0	89	0	108	0	102	0
S52	A	T	90	21	112	0	100	0	88	0	104	0	107	0	113	0
S53	C	G	80	22	100	0	108	0	110	0	105	0	98	0	105	0
S54	G	T	85	16	104	0	109	0	96	0	99	0	94	0	101	0
S55	C	G	116	0	93	0	94	0	89	0	95	22	96	9	87	0
S56	G	A	89	0	107	0	84	0	116	0	99	11	92	8	119	0
S57	T	A	93	0	116	0	95	0	86	0	91	20	89	10	86	0
