SNVID	Wild	Mut	R2:ref	R2:alt	R3:ref	R3:alt	R4:ref	R4:alt	R6:ref	R6:alt	R1:ref	R1:alt	R5:ref	R5:alt	R7:ref	R7:alt
S1	A	C	63	29	77	23	51	57	69	44	57	35	73	30	65	42
S2	A	C	64	31	59	31	63	41	51	57	71	28	55	33	64	39
S3	A	G	51	38	63	29	51	41	43	49	65	40	72	28	55	40
S4	C	T	61	39	97	28	58	50	62	43	68	20	75	29	75	30
S5	C	G	91	23	62	35	55	47	38	51	62	34	57	31	40	42
S6	C	G	67	32	69	24	52	55	51	51	88	27	61	25	55	50
S7	A	C	97	28	82	31	57	38	59	45	84	24	78	29	59	38
S8	A	C	77	31	52	31	38	59	52	47	66	31	63	38	73	44
S9	T	G	74	24	68	30	55	47	55	56	74	20	54	31	79	34
S10	C	G	69	29	58	37	46	54	61	52	76	37	66	30	56	35
S11	C	A	100	0	103	0	113	0	89	27	99	0	111	0	97	0
S12	T	A	106	0	109	0	98	0	61	36	84	0	83	0	106	0
S13	T	C	95	0	110	0	85	0	58	33	90	0	115	0	89	0
S14	G	C	102	0	103	0	98	0	87	21	97	0	91	0	112	0
S15	C	G	87	0	97	0	108	0	60	33	106	0	104	0	106	0
S16	T	A	93	0	118	0	99	0	70	30	93	0	87	0	87	0
S17	A	C	87	0	95	0	100	0	86	27	88	0	108	0	96	0
S18	C	T	143	0	104	0	102	0	69	30	94	0	114	0	99	0
S19	A	C	60	26	72	27	53	48	89	5	62	25	75	23	64	29
S20	T	G	65	26	58	36	35	54	110	8	89	23	94	21	53	45
S21	A	T	82	25	68	24	34	59	112	7	93	34	75	29	46	46
S22	G	T	71	25	69	30	55	52	95	8	70	33	80	35	60	47
S23	A	C	72	35	90	23	39	57	94	3	71	30	63	37	55	49
S24	C	A	93	0	85	0	112	0	99	0	103	0	91	0	65	41
S25	A	G	99	0	105	0	89	0	108	0	90	0	91	0	50	40
S26	G	T	89	0	114	0	99	0	109	0	103	0	96	0	62	37
S27	C	T	87	0	93	0	114	0	106	0	114	0	104	0	47	42
S28	T	G	98	0	115	0	91	0	92	0	97	0	96	0	63	41
S29	A	G	93	0	85	0	110	0	101	0	105	0	95	0	50	40
S30	G	C	84	0	91	0	101	0	110	0	99	0	90	0	55	39
S31	C	T	87	0	94	0	96	0	97	0	118	0	97	0	54	43
S32	T	A	104	0	78	0	107	0	108	0	100	0	73	0	64	32
S33	T	C	61	24	79	27	56	47	90	12	78	29	50	32	81	0
S34	T	C	71	31	62	32	56	48	92	6	73	23	54	38	101	0
S35	C	T	67	26	84	24	56	40	76	2	55	33	61	33	94	0
S36	C	A	74	32	80	16	41	44	89	2	70	31	64	26	103	0
S37	G	A	62	35	83	27	47	42	92	6	87	25	75	26	103	0
S38	G	T	75	30	64	31	47	42	90	8	65	37	66	34	90	0
S39	A	C	77	23	58	33	63	38	84	3	58	30	53	31	108	0
S40	A	C	49	34	69	34	61	37	108	4	68	28	55	37	111	0
S41	C	A	81	20	74	24	63	38	108	8	70	37	91	23	97	0
S42	G	C	53	34	80	27	67	43	100	4	65	30	63	31	97	0
S43	T	G	73	25	103	0	97	0	107	0	83	22	79	10	111	0
S44	G	T	67	20	92	0	103	0	104	0	84	21	83	13	108	0
S45	T	C	103	14	102	0	91	0	99	0	87	22	75	9	107	0
S46	C	A	80	21	92	0	89	0	89	0	73	10	100	13	93	0
S47	C	G	88	24	86	0	95	0	93	0	68	25	86	4	107	0
S48	A	C	76	15	93	0	77	0	99	0	108	0	94	0	91	0
S49	G	A	74	19	102	0	86	0	108	0	110	0	105	0	108	0
S50	G	T	73	28	87	0	75	0	84	0	114	0	89	0	106	0
S51	C	T	74	17	108	0	89	0	115	0	99	0	109	0	96	0
S52	A	C	84	20	113	0	115	0	108	0	105	0	86	0	118	0
S53	T	A	82	23	89	0	111	0	99	0	78	0	96	0	104	0
S54	A	G	82	18	88	0	93	0	91	0	96	0	92	0	102	0
S55	A	T	101	0	107	0	101	0	105	0	94	16	79	9	92	0
S56	T	A	95	0	104	0	104	0	86	0	78	23	88	10	97	0
S57	G	A	93	0	104	0	92	0	86	0	83	24	98	9	103	0
S58	T	A	80	0	109	0	100	0	105	0	92	16	81	16	102	0
S59	T	G	111	0	93	0	83	0	76	0	78	22	92	12	111	0
S60	A	G	90	0	87	0	112	0	94	0	89	19	89	13	102	0
S61	C	T	108	0	94	0	102	0	103	0	78	19	99	10	113	0
S62	G	A	97	0	103	0	99	0	94	0	95	20	92	9	105	0
