SNVID	Wild	Mut	R2:ref	R2:alt	R3:ref	R3:alt	R4:ref	R4:alt	R6:ref	R6:alt	R1:ref	R1:alt	R5:ref	R5:alt	R7:ref	R7:alt
S1	G	C	80	28	79	26	29	54	43	52	92	25	69	31	54	48
S2	C	T	69	30	67	29	70	43	46	53	57	36	62	31	48	41
S3	C	G	69	25	71	24	55	37	58	55	69	29	66	28	82	33
S4	T	A	66	35	80	27	37	50	28	53	70	25	67	29	68	39
S5	C	A	61	36	56	38	47	41	46	55	77	29	70	34	56	44
S6	G	A	70	26	54	37	52	51	54	45	65	30	89	30	71	43
S7	T	G	68	30	83	33	58	48	61	47	72	30	72	28	47	42
S8	G	T	99	0	101	0	95	0	71	33	92	0	104	0	106	0
S9	C	A	102	0	96	0	84	0	54	34	91	0	97	0	108	0
S10	T	A	110	0	105	0	107	0	72	29	101	0	98	0	91	0
S11	T	C	88	0	98	0	90	0	61	36	110	0	110	0	110	0
S12	C	A	100	0	101	0	84	0	88	33	110	0	114	0	99	0
S13	A	T	62	29	65	33	50	53	87	5	60	37	77	31	71	37
S14	T	A	76	33	75	30	54	53	99	3	76	25	71	33	79	39
S15	C	T	63	30	67	26	48	55	100	4	61	33	76	22	62	39
S16	C	G	79	29	73	31	42	44	78	8	86	25	85	23	69	40
S17	T	G	71	26	86	28	53	50	91	4	75	28	73	26	50	43
S18	T	C	79	0	95	0	92	0	88	0	106	0	97	0	64	44
S19	G	A	100	0	100	0	112	0	72	0	93	0	95	0	68	37
S20	T	C	105	0	81	0	93	0	99	0	90	0	97	0	61	42
S21	A	C	85	0	80	0	98	0	105	0	98	0	84	0	47	47
S22	G	T	106	0	76	0	95	0	96	0	99	0	92	0	53	45
S23	T	C	115	0	103	0	90	0	89	0	119	0	79	0	50	39
S24	T	A	69	23	65	30	75	37	107	7	79	27	66	27	114	0
S25	G	T	83	28	89	31	79	43	81	3	81	24	60	38	97	0
S26	C	G	74	32	70	29	67	45	94	5	91	26	79	26	85	0
S27	C	A	76	23	76	19	62	38	92	6	70	40	58	31	95	0
S28	G	C	86	24	71	29	60	42	102	6	64	21	74	27	91	0
S29	A	C	66	26	51	33	62	43	92	5	62	34	71	30	93	0
S30	C	T	80	26	55	25	64	36	86	5	89	23	75	33	77	0
S31	C	T	65	29	64	34	59	46	97	2	56	36	62	29	113	0
S32	G	C	73	35	75	31	78	33	92	3	65	36	63	32	104	0
S33	C	A	73	22	92	0	104	0	110	0	81	20	84	12	112	0
S34	A	C	73	24	112	0	109	0	78	0	74	18	89	9	109	0
S35	C	T	59	25	116	0	87	0	120	0	72	21	95	10	81	0
S36	C	T	90	19	74	0	95	0	115	0	75	22	74	7	95	0
S37	A	T	79	22	115	0	109	0	102	0	69	24	87	14	103	0
S38	G	T	92	20	102	0	111	0	97	0	86	17	80	5	94	0
S39	T	A	63	32	86	0	114	0	104	0	89	18	76	14	105	0
S40	C	G	80	28	108	0	111	0	117	0	86	15	96	9	84	0
S41	A	T	80	24	109	0	85	0	85	0	66	25	83	9	86	0
S42	C	G	74	21	103	0	134	0	116	0	73	18	91	7	101	0
S43	T	G	85	18	105	0	95	0	99	0	119	0	93	0	108	0
S44	T	A	65	26	109	0	98	0	97	0	102	0	89	0	105	0
S45	C	G	73	25	96	0	94	0	96	0	104	0	91	0	97	0
S46	C	G	107	0	92	0	97	0	114	0	75	15	94	9	95	0
S47	G	T	95	0	106	0	114	0	124	0	91	19	106	8	114	0
S48	G	C	106	0	101	0	109	0	86	0	83	18	78	12	107	0
S49	A	G	92	0	98	0	87	0	90	0	78	21	100	9	96	0
S50	A	C	111	0	94	0	97	0	93	0	69	20	99	10	121	0
S51	T	C	104	0	90	0	96	0	84	0	85	19	75	6	110	0
