SNVID	Wild	Mut	R2:ref	R2:alt	R3:ref	R3:alt	R4:ref	R4:alt	R6:ref	R6:alt	R1:ref	R1:alt	R5:ref	R5:alt	R7:ref	R7:alt
S1	T	A	60	34	63	32	56	52	53	49	61	20	81	25	58	41
S2	C	A	64	23	57	30	40	53	70	46	73	30	84	25	61	40
S3	C	A	73	28	79	30	48	56	67	47	48	27	66	26	72	37
S4	G	T	50	29	68	38	47	48	67	41	56	38	75	22	54	40
S5	A	C	53	33	76	33	37	49	45	60	74	28	77	33	72	36
S6	A	C	80	29	59	32	31	50	58	45	68	28	55	36	86	34
S7	C	T	47	40	72	34	57	44	51	59	75	40	66	29	72	41
S8	C	T	61	30	77	15	51	53	64	48	75	24	83	27	66	42
S9	G	A	95	25	71	27	32	60	51	48	62	26	79	31	65	35
S10	C	T	64	33	74	23	38	50	29	57	69	34	57	28	44	38
S11	C	G	105	0	98	0	93	0	56	32	100	0	98	0	106	0
S12	G	A	92	0	95	0	96	0	68	30	86	0	80	0	101	0
S13	G	T	98	0	101	0	102	0	63	30	113	0	116	0	123	0
S14	A	C	80	22	79	23	45	49	88	6	68	28	86	27	56	40
S15	G	T	63	38	67	25	53	53	89	2	80	37	72	26	57	44
S16	G	C	46	38	67	34	61	49	103	3	81	29	71	32	75	36
S17	G	T	56	36	68	29	38	45	101	3	69	25	78	29	67	33
S18	C	T	64	28	85	32	55	50	108	3	68	30	53	39	50	41
S19	C	T	59	33	70	17	39	48	95	9	59	29	66	34	62	36
S20	T	A	75	34	88	17	51	49	95	6	80	30	72	26	47	47
S21	T	A	81	33	63	33	34	62	106	5	92	30	73	21	51	41
S22	A	T	77	30	76	23	54	51	83	7	70	36	72	31	49	45
S23	C	A	71	25	68	28	49	52	96	5	74	32	71	30	72	39
S24	C	A	90	0	96	0	107	0	106	0	113	0	96	0	54	39
S25	A	C	119	0	98	0	88	0	96	0	87	0	103	0	64	42
S26	A	C	93	0	89	0	106	0	80	0	101	0	103	0	46	36
S27	T	G	106	0	110	0	97	0	100	0	98	0	91	0	56	35
S28	A	T	97	0	104	0	122	0	116	0	99	0	112	0	73	37
S29	G	A	92	0	115	0	75	0	114	0	96	0	102	0	63	34
S30	T	A	92	0	103	0	95	0	95	0	91	0	100	0	52	38
S31	A	C	66	31	72	31	88	39	104	5	79	32	76	32	114	0
S32	T	G	85	27	81	36	63	37	88	9	82	24	78	27	112	0
S33	C	T	63	30	78	32	47	45	82	9	67	36	82	33	103	0
S34	C	G	84	19	99	0	113	0	98	0	78	25	95	10	96	0
S35	G	A	67	20	106	0	102	0	91	0	61	29	87	9	111	0
S36	G	A	78	15	82	0	105	0	87	0	87	14	91	8	92	0
S37	C	A	80	19	95	0	96	0	99	0	100	16	95	10	99	0
S38	T	C	68	19	105	0	117	0	94	0	68	20	92	7	104	0
S39	C	T	89	16	104	0	90	0	89	0	93	0	99	0	93	0
S40	C	A	91	17	87	0	112	0	84	0	85	0	107	0	100	0
S41	G	C	76	19	99	0	93	0	101	0	97	0	94	0	107	0
S42	T	G	60	24	98	0	104	0	108	0	97	0	97	0	93	0
S43	C	A	74	15	119	0	125	0	105	0	76	0	101	0	113	0
S44	C	A	87	0	121	0	101	0	99	0	95	13	92	11	85	0
S45	A	T	94	0	94	0	93	0	110	0	81	20	103	10	112	0
S46	G	A	111	0	101	0	110	0	95	0	79	12	71	8	103	0
S47	A	T	93	0	105	0	102	0	91	0	81	26	96	4	99	0
S48	A	G	98	0	104	0	106	0	86	0	87	22	103	12	97	0
S49	A	T	92	0	100	0	89	0	106	0	67	26	88	8	112	0
S50	C	T	96	0	114	0	99	0	102	0	65	24	80	10	102	0
S51	A	C	87	0	106	0	98	0	102	0	71	32	77	15	106	0
