SNVID	Wild	Mut	R2:ref	R2:alt	R3:ref	R3:alt	R4:ref	R4:alt	R6:ref	R6:alt	R1:ref	R1:alt	R5:ref	R5:alt	R7:ref	R7:alt
S1	T	A	61	27	55	32	70	47	50	46	58	26	80	30	69	32
S2	C	A	69	31	78	26	42	48	18	55	63	30	67	36	63	42
S3	A	T	71	31	55	19	25	63	58	44	59	27	70	34	67	45
S4	A	T	74	31	66	33	40	52	40	47	58	27	69	27	57	40
S5	C	T	71	37	66	33	67	56	59	49	44	33	70	30	50	46
S6	T	C	75	25	33	46	62	56	45	47	69	36	92	22	74	38
S7	A	G	59	34	72	33	55	54	56	48	62	25	68	37	40	48
S8	C	T	72	31	64	40	37	53	52	47	64	30	68	29	61	43
S9	T	G	98	0	96	0	99	0	72	33	91	0	112	0	85	0
S10	A	G	100	0	118	0	119	0	69	30	94	0	116	0	106	0
S11	A	C	96	0	94	0	99	0	56	27	109	0	85	0	102	0
S12	T	A	103	0	99	0	94	0	80	25	98	0	98	0	110	0
S13	C	G	117	0	103	0	100	0	67	32	93	0	95	0	80	0
S14	C	T	99	0	111	0	91	0	51	36	98	0	118	0	113	0
S15	A	G	78	0	93	0	104	0	84	21	94	0	108	0	91	0
S16	C	A	100	0	99	0	99	0	49	32	139	0	106	0	105	0
S17	C	T	69	26	47	36	53	55	86	8	81	24	76	31	33	49
S18	T	G	74	21	76	35	49	41	94	5	63	24	40	40	49	39
S19	G	A	67	34	81	30	55	42	82	9	69	26	74	32	70	28
S20	G	A	65	29	67	31	52	45	96	4	58	30	67	23	64	40
S21	G	C	111	0	94	0	90	0	102	0	84	0	113	0	70	37
S22	G	T	101	0	84	0	99	0	86	0	97	0	95	0	49	38
S23	A	C	98	0	93	0	78	0	87	0	91	0	103	0	60	44
S24	G	C	114	0	87	0	103	0	100	0	99	0	122	0	76	27
S25	A	T	81	28	86	24	50	44	112	6	48	38	61	34	74	0
S26	A	T	66	30	77	34	55	39	81	4	68	35	71	28	110	0
S27	G	A	75	31	78	30	36	51	89	3	82	17	79	24	99	0
S28	A	T	50	34	50	38	49	38	116	2	86	26	67	34	78	0
S29	G	C	76	27	62	38	60	46	86	7	59	29	57	27	97	0
S30	G	T	66	30	51	32	74	42	95	8	69	28	60	30	105	0
S31	G	A	72	24	83	26	67	39	96	4	72	26	99	19	102	0
S32	T	C	54	31	62	27	53	47	97	7	65	24	75	23	88	0
S33	A	T	74	32	65	31	74	41	91	6	64	39	87	28	82	0
S34	T	G	76	29	73	30	69	48	80	5	83	29	81	31	106	0
S35	C	A	75	19	101	0	113	0	117	0	101	17	82	11	109	0
S36	A	C	82	18	89	0	91	0	99	0	71	24	100	6	94	0
S37	G	T	112	17	106	0	88	0	94	0	101	22	66	6	103	0
S38	A	C	77	15	85	0	103	0	101	0	78	13	101	7	87	0
S39	C	A	114	23	108	0	91	0	101	0	79	29	90	11	105	0
S40	C	T	82	14	94	0	101	0	98	0	76	14	87	16	87	0
S41	C	G	81	23	118	0	105	0	106	0	75	18	74	16	90	0
S42	G	T	89	15	104	0	114	0	92	0	116	0	91	0	111	0
S43	G	T	81	19	96	0	94	0	97	0	99	0	85	0	98	0
S44	A	T	67	21	98	0	96	0	104	0	119	0	93	0	92	0
S45	T	A	61	19	101	0	103	0	87	0	99	0	116	0	92	0
S46	C	T	86	18	122	0	97	0	85	0	117	0	100	0	110	0
S47	T	C	80	17	105	0	105	0	107	0	106	0	88	0	108	0
S48	G	A	104	0	92	0	116	0	97	0	83	13	87	11	119	0
S49	C	T	82	0	95	0	102	0	96	0	92	20	87	10	103	0
S50	T	G	95	0	106	0	70	0	90	0	60	20	77	10	120	0
S51	G	T	86	0	100	0	84	0	96	0	67	18	81	10	110	0
S52	A	C	94	0	106	0	116	0	93	0	69	21	96	6	103	0
