SNVID	Wild	Mut	R2:ref	R2:alt	R3:ref	R3:alt	R4:ref	R4:alt	R6:ref	R6:alt	R1:ref	R1:alt	R5:ref	R5:alt	R7:ref	R7:alt
S1	G	T	81	28	76	29	47	56	32	61	58	40	53	23	72	42
S2	A	C	65	34	96	27	57	50	69	45	89	25	72	32	55	41
S3	G	A	77	24	77	31	51	53	45	59	65	30	68	42	64	39
S4	A	T	75	23	77	35	33	53	64	44	69	33	60	31	57	33
S5	A	C	63	30	71	30	47	46	45	50	67	25	83	22	73	42
S6	C	A	108	0	115	0	103	0	73	33	105	0	88	0	97	0
S7	T	C	111	0	113	0	103	0	71	28	107	0	92	0	105	0
S8	G	T	100	0	93	0	106	0	66	30	99	0	77	0	92	0
S9	A	G	125	0	109	0	92	0	58	33	106	0	103	0	97	0
S10	A	G	107	0	109	0	97	0	79	26	80	0	94	0	107	0
S11	A	T	95	0	103	0	107	0	82	25	88	0	99	0	93	0
S12	A	C	87	0	113	0	108	0	83	28	105	0	101	0	96	0
S13	T	A	119	0	94	0	90	0	76	27	110	0	118	0	86	0
S14	A	T	105	0	73	0	123	0	67	43	99	0	104	0	94	0
S15	T	G	100	0	100	0	102	0	84	23	87	0	108	0	97	0
S16	G	T	73	39	81	30	53	49	83	3	78	28	73	33	45	40
S17	T	G	68	30	73	27	46	57	100	9	67	36	69	27	68	40
S18	A	G	88	29	62	36	50	55	103	1	95	23	54	33	81	29
S19	G	C	73	33	70	35	52	52	98	2	52	32	68	34	41	50
S20	G	A	59	35	75	29	55	48	96	3	84	27	84	32	73	44
S21	G	A	56	26	95	24	43	53	74	5	77	30	51	35	74	46
S22	T	A	73	32	86	21	52	48	91	7	75	32	68	32	53	44
S23	T	G	102	0	117	0	96	0	94	0	125	0	93	0	80	30
S24	A	G	100	0	99	0	85	0	111	0	84	0	89	0	67	43
S25	C	G	107	0	101	0	107	0	100	0	104	0	128	0	65	50
S26	A	T	122	0	104	0	105	0	99	0	98	0	117	0	64	34
S27	C	A	98	0	96	0	93	0	103	0	95	0	79	0	63	46
S28	G	C	91	0	101	0	104	0	88	0	94	0	111	0	41	40
S29	G	C	96	0	90	0	99	0	82	0	117	0	106	0	59	44
S30	T	A	81	26	75	25	53	46	92	6	76	30	67	29	100	0
S31	A	G	96	27	72	29	77	36	98	7	79	29	82	33	96	0
S32	C	G	60	34	56	35	56	41	101	5	71	28	64	36	110	0
S33	T	C	90	9	106	0	98	0	93	0	89	21	94	8	103	0
S34	G	T	95	18	106	0	86	0	93	0	81	23	94	11	97	0
S35	C	A	89	11	108	0	124	0	99	0	74	20	101	8	100	0
S36	A	G	83	20	100	0	108	0	118	0	92	17	93	8	110	0
S37	C	A	67	11	119	0	96	0	105	0	81	23	82	11	89	0
S38	A	G	101	14	89	0	110	0	111	0	77	18	83	8	109	0
S39	C	G	64	26	103	0	94	0	97	0	91	15	80	15	91	0
S40	G	A	78	19	113	0	102	0	115	0	78	16	90	10	92	0
S41	G	C	89	18	125	0	93	0	93	0	86	18	76	11	95	0
S42	C	T	74	19	101	0	105	0	102	0	72	15	111	13	105	0
S43	C	T	62	29	108	0	101	0	109	0	96	0	90	0	97	0
S44	C	T	73	27	86	0	98	0	99	0	113	0	80	0	91	0
S45	A	T	65	29	110	0	89	0	105	0	99	0	118	0	98	0
S46	C	T	100	16	108	0	96	0	94	0	111	0	108	0	104	0
S47	C	T	108	0	96	0	110	0	108	0	77	24	79	14	78	0
S48	A	G	76	0	97	0	89	0	86	0	80	22	83	9	96	0
S49	A	T	98	0	95	0	106	0	117	0	95	16	106	9	105	0
S50	T	G	80	0	100	0	89	0	106	0	70	22	102	9	111	0
S51	T	G	92	0	95	0	113	0	92	0	85	23	90	11	97	0
S52	G	T	104	0	95	0	98	0	107	0	80	15	83	12	102	0
S53	A	G	101	0	112	0	93	0	90	0	64	18	83	13	112	0
