SNVID	Wild	Mut	R2:ref	R2:alt	R3:ref	R3:alt	R4:ref	R4:alt	R6:ref	R6:alt	R1:ref	R1:alt	R5:ref	R5:alt	R7:ref	R7:alt
S1	C	A	75	30	93	22	54	50	51	52	78	22	77	30	32	39
S2	C	T	57	30	59	31	34	57	46	47	60	31	74	33	53	42
S3	A	T	74	30	82	27	54	51	46	48	59	31	67	34	64	37
S4	T	C	76	29	78	30	61	40	49	50	82	27	69	31	64	41
S5	C	T	48	32	68	31	52	48	65	44	61	38	67	29	79	31
S6	C	G	75	34	65	30	26	61	52	49	72	30	68	31	42	37
S7	C	A	103	0	112	0	99	0	62	35	116	0	106	0	113	0
S8	G	C	116	0	109	0	94	0	73	36	94	0	100	0	90	0
S9	T	G	119	0	89	0	107	0	66	24	83	0	108	0	111	0
S10	T	G	112	0	102	0	104	0	55	34	89	0	100	0	92	0
S11	T	C	106	0	96	0	112	0	78	37	76	0	96	0	89	0
S12	T	C	80	0	98	0	99	0	84	34	107	0	98	0	95	0
S13	T	A	98	0	91	0	119	0	60	36	83	0	103	0	101	0
S14	A	G	72	29	69	27	64	44	87	5	61	27	55	25	60	39
S15	G	T	68	36	49	32	46	52	88	7	74	36	74	26	53	43
S16	G	A	82	28	86	36	45	53	109	3	78	33	70	38	63	40
S17	G	T	54	27	62	32	36	54	79	7	76	24	47	37	45	41
S18	T	C	73	37	76	26	40	52	103	6	69	34	103	30	66	39
S19	G	T	93	25	49	30	52	50	111	5	62	25	86	34	56	43
S20	C	T	75	34	60	31	37	57	93	4	67	26	68	21	58	43
S21	G	C	72	24	43	36	69	53	96	5	95	29	59	30	67	48
S22	C	A	109	0	77	0	102	0	94	0	96	0	101	0	53	43
S23	C	T	100	0	116	0	98	0	95	0	91	0	102	0	67	41
S24	C	A	110	0	85	0	92	0	103	0	113	0	107	0	49	43
S25	T	C	105	20	55	28	63	43	86	4	75	31	63	31	111	0
S26	T	A	71	32	70	28	58	39	78	4	73	24	54	31	107	0
S27	G	A	75	37	58	29	60	38	95	7	80	32	52	33	93	0
S28	A	G	63	33	65	27	41	46	89	7	75	37	58	35	98	0
S29	G	C	53	30	77	24	57	37	108	5	88	23	73	37	100	0
S30	C	G	69	26	70	34	62	41	89	9	81	31	61	39	112	0
S31	A	T	82	34	58	30	40	40	119	3	53	31	67	30	107	0
S32	A	T	69	32	80	31	46	44	83	7	80	27	64	30	118	0
S33	C	G	70	35	72	30	81	35	79	4	46	36	72	30	103	0
S34	T	G	78	23	98	0	91	0	102	0	71	20	99	15	115	0
S35	G	T	91	12	97	0	92	0	102	0	89	11	85	9	120	0
S36	T	C	92	14	96	0	98	0	98	0	84	22	93	4	94	0
S37	T	C	75	20	110	0	93	0	106	0	94	14	78	10	105	0
S38	G	T	87	14	108	0	90	0	118	0	75	21	86	12	105	0
S39	G	C	91	12	97	0	99	0	108	0	68	24	83	6	89	0
S40	G	A	83	17	112	0	109	0	80	0	102	15	81	13	88	0
S41	G	C	75	23	74	0	117	0	95	0	86	19	100	7	74	0
S42	G	A	72	27	116	0	74	0	106	0	48	24	92	8	102	0
S43	A	T	80	22	120	0	101	0	119	0	101	0	117	0	88	0
S44	C	T	80	18	92	0	96	0	96	0	98	0	89	0	115	0
S45	G	A	77	16	104	0	101	0	106	0	98	0	111	0	111	0
S46	A	C	71	16	110	0	91	0	69	0	107	0	105	0	101	0
S47	C	G	88	24	100	0	90	0	78	0	105	0	114	0	93	0
S48	T	C	91	19	105	0	111	0	79	0	95	0	94	0	101	0
S49	T	G	116	0	109	0	92	0	126	0	98	22	65	12	96	0
S50	T	C	108	0	97	0	99	0	90	0	85	19	78	14	114	0
S51	T	C	113	0	87	0	107	0	101	0	95	12	95	10	101	0
S52	A	C	102	0	126	0	104	0	92	0	83	15	96	7	119	0
S53	A	T	91	0	108	0	108	0	80	0	91	14	96	8	83	0
