SNVID	Wild	Mut	R2:ref	R2:alt	R3:ref	R3:alt	R4:ref	R4:alt	R6:ref	R6:alt	R1:ref	R1:alt	R5:ref	R5:alt	R7:ref	R7:alt
S1	T	A	72	30	83	23	51	53	39	55	69	27	52	35	68	35
S2	G	A	59	36	72	30	54	41	32	59	69	26	61	31	67	37
S3	T	G	75	30	72	26	58	48	54	50	77	33	57	35	63	44
S4	T	A	103	0	89	0	93	0	61	31	101	0	107	0	94	0
S5	G	C	105	0	107	0	95	0	71	29	83	0	101	0	96	0
S6	T	A	105	0	104	0	97	0	57	32	102	0	85	0	97	0
S7	A	C	66	23	56	31	68	41	93	8	67	33	59	27	64	38
S8	A	G	96	26	71	22	55	49	105	6	46	40	60	32	49	38
S9	T	C	74	36	66	31	70	50	95	5	66	25	71	31	61	37
S10	A	T	53	32	67	33	60	51	100	4	72	26	54	30	45	39
S11	A	G	68	32	74	32	59	49	93	8	92	20	74	30	51	37
S12	T	C	75	21	73	37	63	52	96	6	81	31	75	33	47	37
S13	C	A	59	37	59	36	61	45	98	5	62	28	99	22	65	39
S14	G	A	81	0	92	0	105	0	86	0	95	0	90	0	47	45
S15	C	G	88	0	109	0	92	0	100	0	104	0	113	0	54	42
S16	T	A	85	0	98	0	96	0	97	0	106	0	79	0	66	37
S17	C	T	79	0	93	0	109	0	111	0	119	0	111	0	57	52
S18	T	G	100	0	77	0	95	0	96	0	92	0	91	0	64	41
S19	G	A	106	0	106	0	89	0	84	0	99	0	107	0	63	35
S20	G	A	71	26	66	27	65	40	94	3	94	24	60	22	107	0
S21	G	T	65	36	58	31	58	39	108	3	89	33	75	30	105	0
S22	T	C	68	28	73	30	40	47	103	3	65	33	79	30	93	0
S23	T	G	82	30	83	32	64	39	91	2	48	32	51	36	122	0
S24	T	C	47	36	79	32	55	37	116	2	62	34	57	26	93	0
S25	T	C	71	32	58	31	65	49	100	5	77	29	75	24	106	0
S26	C	A	76	22	93	30	76	30	100	6	62	39	54	41	101	0
S27	C	T	79	22	77	0	90	0	111	0	84	23	89	10	106	0
S28	G	A	88	14	102	0	95	0	102	0	79	21	74	7	118	0
S29	A	C	85	18	110	0	111	0	95	0	73	19	86	15	100	0
S30	G	T	84	17	114	0	95	0	98	0	86	15	84	15	94	0
S31	A	G	69	21	79	0	93	0	107	0	74	20	77	12	99	0
S32	G	T	78	15	101	0	101	0	72	0	86	16	89	12	114	0
S33	C	T	66	13	116	0	101	0	108	0	91	22	94	10	102	0
S34	T	G	87	15	109	0	100	0	104	0	77	17	94	10	105	0
S35	G	C	82	24	97	0	112	0	97	0	81	20	79	10	114	0
S36	G	C	67	22	106	0	99	0	94	0	102	0	97	0	99	0
S37	C	G	83	24	89	0	84	0	87	0	115	0	100	0	102	0
S38	A	C	93	17	83	0	120	0	90	0	92	0	93	0	85	0
S39	A	T	86	17	98	0	84	0	125	0	99	0	105	0	103	0
S40	A	G	90	15	106	0	100	0	104	0	104	0	101	0	94	0
S41	A	G	98	0	91	0	102	0	95	0	95	18	87	9	102	0
S42	T	C	94	0	98	0	118	0	103	0	69	22	90	13	78	0
S43	T	C	90	0	103	0	106	0	102	0	82	14	88	11	108	0
S44	G	A	114	0	111	0	94	0	87	0	70	20	87	10	102	0
