SNVID	Wild	Mut	R2:ref	R2:alt	R3:ref	R3:alt	R4:ref	R4:alt	R6:ref	R6:alt	R1:ref	R1:alt	R5:ref	R5:alt	R7:ref	R7:alt
S1	G	T	70	23	83	26	53	50	49	46	73	25	69	33	79	32
S2	C	G	58	34	71	28	49	47	55	52	71	31	69	27	61	39
S3	G	C	71	30	77	23	32	55	59	51	60	37	59	36	64	39
S4	C	G	73	26	66	35	38	51	44	48	73	29	63	32	56	45
S5	A	C	114	0	76	0	101	0	66	31	106	0	105	0	101	0
S6	C	T	114	0	111	0	96	0	72	27	92	0	99	0	96	0
S7	C	T	100	0	96	0	100	0	66	35	96	0	112	0	87	0
S8	C	T	78	0	90	0	116	0	74	31	112	0	111	0	100	0
S9	T	A	107	0	89	0	116	0	47	38	94	0	95	0	97	0
S10	G	A	133	0	101	0	80	0	63	23	89	0	70	0	81	0
S11	C	A	78	0	96	0	111	0	80	27	98	0	103	0	95	0
S12	G	A	111	0	99	0	118	0	77	30	91	0	99	0	79	0
S13	A	G	90	0	111	0	84	0	83	25	115	0	115	0	114	0
S14	C	A	72	28	70	36	74	47	96	3	73	33	78	34	59	38
S15	A	C	60	33	61	29	56	59	88	8	56	34	87	21	60	38
S16	T	A	65	26	69	27	56	49	95	3	55	32	79	27	65	48
S17	A	C	82	32	66	29	61	52	102	2	66	30	56	29	43	38
S18	G	C	84	32	55	33	60	52	116	2	50	33	59	22	65	41
S19	A	G	75	29	71	25	62	39	85	7	63	32	81	22	67	39
S20	C	T	60	30	64	34	52	56	99	8	54	28	62	29	47	44
S21	C	A	100	0	96	0	104	0	85	0	105	0	99	0	56	44
S22	T	G	97	0	121	0	102	0	98	0	103	0	103	0	54	41
S23	C	T	95	0	94	0	102	0	107	0	101	0	107	0	57	48
S24	C	A	89	0	97	0	112	0	95	0	111	0	106	0	65	45
S25	C	T	67	34	59	41	60	35	89	4	56	33	64	31	91	0
S26	G	T	62	38	101	24	47	44	107	1	68	34	81	29	93	0
S27	C	A	71	37	77	25	59	42	102	7	78	24	63	36	95	0
S28	G	A	63	32	63	27	56	43	102	6	77	24	74	37	105	0
S29	G	A	68	32	78	27	71	46	111	7	67	34	78	28	127	0
S30	A	C	66	40	79	22	52	44	100	4	72	23	84	29	104	0
S31	G	A	73	38	75	34	68	43	95	5	64	38	89	27	107	0
S32	C	G	64	24	75	29	38	41	80	3	77	22	75	32	84	0
S33	C	T	82	18	84	0	105	0	91	0	81	16	89	7	114	0
S34	C	T	82	16	92	0	95	0	91	0	70	21	109	11	106	0
S35	A	G	80	20	94	0	108	0	95	0	73	22	97	9	104	0
S36	A	G	77	24	92	0	100	0	87	0	78	17	77	9	102	0
S37	G	C	91	20	97	0	106	0	99	0	102	21	118	8	95	0
S38	A	C	79	20	105	0	94	0	93	0	64	18	85	13	99	0
S39	T	G	88	11	106	0	96	0	90	0	93	15	83	13	83	0
S40	T	C	68	24	106	0	109	0	83	0	74	23	76	11	120	0
S41	T	C	95	8	118	0	108	0	84	0	84	18	107	9	105	0
S42	T	G	75	24	101	0	102	0	119	0	88	14	79	8	86	0
S43	C	A	74	22	101	0	82	0	136	0	100	0	87	0	108	0
S44	C	T	76	17	93	0	101	0	94	0	101	0	92	0	111	0
S45	C	A	74	16	113	0	109	0	93	0	116	0	97	0	91	0
S46	A	T	84	26	97	0	121	0	111	0	100	0	111	0	112	0
S47	A	T	77	16	108	0	95	0	94	0	114	0	104	0	100	0
S48	G	T	84	21	100	0	111	0	106	0	82	0	98	0	102	0
S49	G	C	71	17	105	0	91	0	120	0	103	0	72	0	95	0
S50	A	C	87	0	100	0	95	0	95	0	62	24	84	11	99	0
S51	G	C	98	0	123	0	115	0	89	0	71	26	81	11	100	0
S52	G	T	114	0	101	0	84	0	138	0	77	19	88	9	111	0
S53	A	G	104	0	113	0	104	0	97	0	102	13	93	8	92	0
S54	G	A	110	0	83	0	99	0	102	0	66	16	85	14	103	0
S55	A	G	103	0	100	0	112	0	76	0	80	16	85	9	117	0
S56	G	T	123	0	76	0	110	0	115	0	68	18	82	15	98	0
