SNVID	Wild	Mut	R2:ref	R2:alt	R3:ref	R3:alt	R4:ref	R4:alt	R6:ref	R6:alt	R1:ref	R1:alt	R5:ref	R5:alt	R7:ref	R7:alt
S1	G	A	70	30	89	22	72	43	58	50	69	28	62	32	68	38
S2	C	G	63	27	81	35	40	53	50	47	69	33	72	24	56	37
S3	T	G	82	34	67	36	56	59	63	47	92	34	88	31	67	37
S4	G	A	59	33	40	41	47	48	38	53	71	30	73	28	38	40
S5	T	C	72	32	57	32	43	49	47	45	87	27	74	26	73	35
S6	T	G	76	35	40	48	62	50	52	50	84	22	76	33	71	45
S7	G	T	66	33	63	38	33	58	43	51	72	28	59	26	62	40
S8	C	A	74	30	64	25	38	56	60	41	95	31	73	31	67	40
S9	G	T	77	35	73	27	47	50	40	47	69	33	83	27	72	46
S10	T	A	91	0	105	0	104	0	74	31	86	0	99	0	113	0
S11	T	C	86	0	99	0	95	0	52	26	90	0	108	0	113	0
S12	C	A	100	0	107	0	92	0	64	34	120	0	93	0	108	0
S13	G	T	103	0	106	0	104	0	96	25	104	0	104	0	101	0
S14	A	T	61	28	73	32	49	42	85	6	74	20	65	31	60	40
S15	T	A	61	36	75	29	39	54	93	1	76	35	78	27	65	49
S16	C	G	64	39	65	30	36	57	109	3	66	34	69	37	62	35
S17	T	C	73	30	72	34	59	46	94	5	73	31	87	22	73	34
S18	A	C	53	27	76	32	15	58	106	6	89	26	70	27	42	47
S19	C	A	77	25	61	25	48	48	90	4	65	39	81	24	55	42
S20	C	T	62	32	74	28	34	58	99	1	75	34	62	29	49	44
S21	G	A	71	26	90	31	50	52	91	4	62	32	61	22	63	37
S22	C	T	119	0	97	0	92	0	93	0	93	0	95	0	45	43
S23	C	T	114	0	104	0	77	0	103	0	106	0	118	0	53	40
S24	G	A	95	0	95	0	121	0	91	0	92	0	108	0	47	48
S25	T	C	96	0	90	0	106	0	85	0	84	0	97	0	82	33
S26	G	A	89	0	94	0	93	0	88	0	91	0	101	0	54	36
S27	T	C	98	0	107	0	111	0	110	0	103	0	98	0	65	39
S28	A	C	96	0	87	0	95	0	105	0	98	0	86	0	57	35
S29	A	G	95	0	107	0	114	0	105	0	86	0	115	0	40	39
S30	G	A	115	0	116	0	86	0	84	0	93	0	104	0	73	32
S31	G	C	71	25	63	32	67	35	96	7	59	37	61	30	110	0
S32	A	T	90	31	65	27	65	40	84	8	69	40	70	36	102	0
S33	T	C	70	34	62	35	53	43	114	6	85	17	67	33	109	0
S34	A	C	80	28	55	37	54	35	107	4	75	28	84	30	95	0
S35	C	T	79	29	88	0	91	0	97	0	70	24	107	10	92	0
S36	C	A	84	24	99	0	89	0	94	0	90	25	80	13	100	0
S37	T	C	85	22	97	0	94	0	106	0	72	19	86	10	107	0
S38	T	A	70	29	112	0	100	0	110	0	82	25	102	6	94	0
S39	G	C	83	24	95	0	100	0	112	0	81	18	107	4	95	0
S40	C	T	91	18	83	0	103	0	92	0	97	17	94	9	102	0
S41	G	T	83	18	98	0	98	0	75	0	79	22	78	11	100	0
S42	A	T	89	17	110	0	106	0	96	0	77	28	95	8	101	0
S43	C	A	91	15	89	0	109	0	110	0	77	23	87	12	102	0
S44	C	G	92	24	111	0	78	0	101	0	71	30	98	10	108	0
S45	C	A	85	26	109	0	87	0	99	0	90	0	98	0	105	0
S46	T	C	62	21	131	0	103	0	105	0	103	0	101	0	103	0
S47	T	G	99	17	113	0	85	0	95	0	110	0	84	0	111	0
S48	A	C	88	0	114	0	103	0	93	0	83	17	105	7	130	0
S49	T	A	96	0	94	0	97	0	105	0	86	20	100	5	92	0
S50	T	C	94	0	112	0	99	0	91	0	60	21	83	6	99	0
