SNVID	Wild	Mut	R2:ref	R2:alt	R3:ref	R3:alt	R4:ref	R4:alt	R6:ref	R6:alt	R1:ref	R1:alt	R5:ref	R5:alt	R7:ref	R7:alt
S1	A	G	69	37	75	25	40	53	37	54	74	29	59	22	64	40
S2	G	T	87	26	75	27	44	52	54	47	70	33	65	30	51	42
S3	T	G	69	26	72	24	40	47	73	33	78	31	95	27	39	53
S4	T	A	65	36	62	29	25	56	69	56	63	29	60	30	68	38
S5	A	C	66	27	63	35	63	48	43	53	75	25	67	33	73	43
S6	C	T	78	35	57	32	43	53	63	41	79	27	87	37	69	35
S7	C	T	72	39	63	29	64	52	59	50	78	27	72	35	81	41
S8	G	C	87	0	102	0	99	0	61	27	110	0	112	0	118	0
S9	A	C	99	0	111	0	113	0	89	24	93	0	77	0	103	0
S10	G	C	103	0	119	0	118	0	58	27	104	0	108	0	83	0
S11	A	C	112	0	96	0	86	0	70	31	107	0	97	0	97	0
S12	G	T	91	0	96	0	81	0	72	21	105	0	121	0	106	0
S13	T	C	125	0	89	0	102	0	68	38	96	0	93	0	94	0
S14	T	G	93	0	83	0	92	0	59	37	93	0	88	0	87	0
S15	A	G	85	0	106	0	105	0	72	30	97	0	92	0	88	0
S16	C	T	100	0	84	0	109	0	79	25	100	0	93	0	90	0
S17	G	C	66	28	64	37	56	47	92	7	61	25	82	29	55	47
S18	T	A	59	24	79	32	59	53	100	3	68	36	84	27	56	45
S19	T	G	71	35	61	35	34	51	90	9	60	35	88	18	59	39
S20	T	G	81	31	65	29	63	52	95	7	59	28	71	32	48	35
S21	G	C	74	31	57	32	46	42	95	10	60	35	79	29	63	50
S22	G	C	73	34	80	31	57	46	90	5	56	31	68	29	56	39
S23	G	T	77	29	68	37	70	43	89	3	75	30	84	23	69	39
S24	G	T	105	0	104	0	108	0	93	0	103	0	113	0	63	39
S25	C	T	99	0	88	0	91	0	96	0	100	0	106	0	88	33
S26	A	T	113	0	90	0	100	0	99	0	110	0	123	0	54	36
S27	A	G	114	0	112	0	98	0	103	0	86	0	85	0	59	36
S28	G	T	94	0	112	0	103	0	103	0	103	0	94	0	62	33
S29	A	C	105	0	110	0	105	0	92	0	119	0	109	0	58	39
S30	T	A	97	0	103	0	109	0	92	0	115	0	94	0	61	42
S31	A	C	99	0	77	0	108	0	85	0	119	0	82	0	50	38
S32	C	G	79	31	51	37	41	45	98	10	82	23	73	41	105	0
S33	A	T	72	34	53	32	54	30	110	4	73	34	70	35	110	0
S34	C	T	62	35	75	31	44	45	105	5	59	33	81	29	99	0
S35	T	C	110	21	58	30	53	37	113	2	74	21	60	26	101	0
S36	G	A	71	32	70	25	73	33	101	6	88	27	66	35	105	0
S37	C	T	82	31	58	32	61	32	107	5	76	29	75	27	117	0
S38	G	A	57	36	61	30	84	25	81	4	70	30	71	37	106	0
S39	T	A	72	27	84	28	66	39	118	6	78	29	71	26	107	0
S40	A	C	80	29	70	28	84	40	94	5	28	39	84	30	97	0
S41	G	C	59	27	89	28	71	40	92	1	70	31	63	30	96	0
S42	C	T	70	18	89	0	88	0	108	0	84	17	93	9	99	0
S43	A	G	86	17	85	0	104	0	97	0	58	21	91	14	99	0
S44	G	A	75	15	87	0	98	0	112	0	78	18	107	8	98	0
S45	C	T	74	22	92	0	102	0	77	0	90	0	111	0	108	0
S46	G	C	66	19	104	0	103	0	98	0	78	0	98	0	104	0
S47	G	C	92	13	108	0	98	0	104	0	101	0	83	0	108	0
S48	C	T	76	14	93	0	106	0	95	0	108	0	83	0	105	0
S49	G	A	71	14	87	0	102	0	96	0	84	0	111	0	110	0
S50	C	A	89	17	105	0	103	0	102	0	109	0	113	0	113	0
S51	T	A	59	20	101	0	104	0	101	0	98	0	86	0	97	0
S52	C	T	79	21	97	0	101	0	102	0	100	0	93	0	89	0
S53	A	T	85	0	117	0	84	0	95	0	63	20	80	9	95	0
S54	C	G	100	0	83	0	117	0	101	0	91	18	98	10	104	0
S55	T	A	108	0	96	0	99	0	100	0	76	23	92	7	108	0
S56	C	T	105	0	100	0	99	0	98	0	82	17	83	8	94	0
S57	T	C	95	0	97	0	82	0	103	0	81	17	87	13	98	0
S58	T	C	106	0	103	0	95	0	86	0	78	16	99	7	91	0
