SNVID	Wild	Mut	R2:ref	R2:alt	R3:ref	R3:alt	R4:ref	R4:alt	R6:ref	R6:alt	R1:ref	R1:alt	R5:ref	R5:alt	R7:ref	R7:alt
S1	G	T	51	31	69	27	45	57	43	45	64	33	68	32	37	39
S2	T	C	77	25	60	33	63	47	33	52	49	37	64	29	51	43
S3	C	G	70	31	75	32	45	45	42	51	89	26	65	28	62	48
S4	A	C	80	26	67	30	67	45	41	41	58	38	82	30	56	34
S5	C	A	76	27	72	27	45	51	54	42	70	34	73	36	60	48
S6	G	T	125	0	108	0	114	0	95	32	96	0	99	0	91	0
S7	A	C	115	0	98	0	113	0	90	32	98	0	108	0	100	0
S8	T	G	106	0	105	0	87	0	60	20	106	0	110	0	99	0
S9	C	A	91	26	62	32	42	45	93	7	64	27	70	40	78	38
S10	C	T	71	27	63	26	63	50	90	5	73	36	65	30	52	37
S11	G	C	63	39	72	36	54	49	86	2	78	27	73	29	70	45
S12	C	T	59	39	91	29	45	59	94	4	70	29	63	33	49	43
S13	G	C	76	26	67	25	50	53	103	5	63	33	63	33	62	40
S14	G	C	68	31	78	30	57	57	95	6	67	27	69	28	83	30
S15	C	T	99	0	102	0	120	0	91	0	96	0	103	0	60	39
S16	C	T	99	0	95	0	86	0	77	0	117	0	116	0	53	36
S17	T	G	101	0	94	0	112	0	86	0	114	0	98	0	44	50
S18	C	T	115	0	103	0	105	0	91	0	108	0	85	0	58	38
S19	C	G	95	0	99	0	116	0	98	0	104	0	111	0	76	32
S20	C	G	91	0	94	0	106	0	88	0	104	0	107	0	58	45
S21	A	C	107	0	108	0	82	0	97	0	105	0	95	0	72	36
S22	G	A	104	0	107	0	119	0	91	0	107	0	116	0	68	38
S23	T	C	69	33	57	27	68	44	91	4	63	35	51	44	99	0
S24	G	T	76	26	68	30	55	38	88	6	45	40	72	29	93	0
S25	G	C	90	29	75	31	67	29	91	4	60	29	67	37	91	0
S26	C	A	68	26	83	34	70	44	77	5	78	34	53	35	95	0
S27	G	T	72	27	61	32	60	40	104	8	78	29	72	25	106	0
S28	A	G	57	26	68	25	65	44	89	3	88	30	75	18	105	0
S29	C	G	66	36	67	32	57	39	97	6	71	26	64	27	95	0
S30	G	C	59	39	74	33	72	33	102	5	82	33	78	30	82	0
S31	A	C	72	35	57	39	65	40	97	7	64	36	59	33	103	0
S32	A	T	79	17	108	0	103	0	89	0	75	20	80	9	92	0
S33	G	A	91	28	98	0	95	0	100	0	65	25	75	16	107	0
S34	A	T	87	21	94	0	104	0	89	0	87	21	98	10	102	0
S35	T	A	82	25	106	0	114	0	99	0	86	24	94	15	101	0
S36	G	T	70	25	111	0	92	0	96	0	78	21	79	9	101	0
S37	C	G	94	19	92	0	103	0	83	0	91	0	100	0	95	0
S38	C	T	75	21	81	0	94	0	84	0	89	0	80	0	86	0
S39	C	A	59	16	95	0	122	0	103	0	118	0	97	0	104	0
S40	G	T	78	22	98	0	108	0	114	0	103	0	90	0	94	0
S41	C	T	61	20	102	0	113	0	112	0	75	0	91	0	98	0
S42	C	G	60	20	85	0	95	0	89	0	98	0	93	0	92	0
S43	C	G	91	18	108	0	107	0	110	0	86	0	85	0	94	0
S44	A	G	103	17	84	0	93	0	94	0	107	0	83	0	94	0
S45	T	A	67	21	101	0	87	0	111	0	99	0	92	0	90	0
S46	C	G	72	23	102	0	105	0	105	0	103	0	97	0	101	0
S47	G	T	116	0	99	0	87	0	103	0	56	28	73	10	116	0
S48	G	T	107	0	124	0	107	0	93	0	88	24	99	14	88	0
S49	C	T	94	0	107	0	97	0	86	0	57	26	83	8	105	0
S50	T	G	107	0	95	0	111	0	84	0	80	25	71	9	91	0
S51	T	C	105	0	114	0	105	0	99	0	81	17	108	5	117	0
S52	G	A	103	0	95	0	105	0	102	0	67	22	95	12	102	0
