SNVID	Wild	Mut	R2:ref	R2:alt	R3:ref	R3:alt	R4:ref	R4:alt	R6:ref	R6:alt	R1:ref	R1:alt	R5:ref	R5:alt	R7:ref	R7:alt
S1	C	T	76	27	66	25	33	51	59	60	65	33	58	36	65	40
S2	T	C	86	25	71	31	51	52	60	51	75	36	80	26	66	40
S3	T	A	64	35	75	33	42	54	24	56	81	25	89	31	65	41
S4	G	C	42	25	79	29	59	52	40	48	84	28	88	29	63	36
S5	T	A	75	31	65	37	46	47	35	59	95	30	53	24	45	43
S6	G	A	82	23	73	26	53	44	52	56	70	32	76	30	71	27
S7	T	C	63	30	73	30	42	53	44	54	50	31	65	26	52	28
S8	C	T	83	27	76	34	65	44	76	45	63	28	67	29	58	36
S9	G	T	99	0	113	0	92	0	58	35	108	0	82	0	95	0
S10	G	T	107	0	98	0	111	0	71	36	116	0	105	0	100	0
S11	T	A	114	0	105	0	101	0	80	31	99	0	103	0	96	0
S12	C	A	78	25	86	26	60	44	104	4	72	26	75	35	54	50
S13	T	G	79	29	62	41	56	42	91	6	77	32	80	33	41	44
S14	T	C	89	34	68	33	52	49	107	2	71	35	65	32	67	40
S15	T	A	60	23	71	24	55	49	102	4	86	27	71	32	52	48
S16	T	C	73	33	55	32	48	43	106	3	73	31	72	26	53	44
S17	C	G	90	21	92	29	44	41	97	4	77	26	53	25	59	38
S18	C	T	43	36	85	29	54	50	94	10	79	25	59	37	46	32
S19	T	C	83	0	108	0	90	0	91	0	94	0	109	0	82	31
S20	C	G	93	0	100	0	90	0	81	0	87	0	96	0	65	35
S21	G	A	102	0	105	0	116	0	82	0	108	0	104	0	71	34
S22	G	A	115	0	100	0	112	0	125	0	104	0	89	0	78	39
S23	T	C	86	0	100	0	93	0	96	0	106	0	101	0	63	34
S24	C	A	105	0	91	0	95	0	114	0	82	0	102	0	56	40
S25	G	A	114	0	103	0	116	0	84	0	116	0	78	0	69	38
S26	T	G	110	0	93	0	85	0	113	0	100	0	92	0	74	40
S27	C	G	92	0	89	0	104	0	111	0	74	0	85	0	61	33
S28	A	C	106	0	94	0	102	0	106	0	101	0	92	0	47	45
S29	A	G	65	35	78	26	68	38	101	7	83	29	79	27	102	0
S30	G	T	45	34	86	27	75	34	87	2	89	26	62	34	92	0
S31	C	A	60	29	74	29	60	42	101	7	74	23	64	33	94	0
S32	C	G	62	39	70	29	66	49	76	3	56	38	68	31	119	0
S33	C	G	55	32	76	29	71	38	100	9	68	29	70	30	105	0
S34	A	C	74	33	47	35	77	33	118	4	70	25	71	32	97	0
S35	G	A	51	40	71	24	63	42	80	5	93	28	66	35	110	0
S36	T	C	82	13	107	0	106	0	104	0	92	15	81	12	107	0
S37	G	C	93	15	86	0	103	0	94	0	76	21	94	11	112	0
S38	T	A	77	20	109	0	91	0	113	0	71	14	69	10	111	0
S39	T	G	57	19	87	0	98	0	101	0	97	20	86	9	91	0
S40	A	G	79	25	107	0	93	0	82	0	76	16	108	8	88	0
S41	C	A	77	23	90	0	83	0	101	0	84	0	83	0	95	0
S42	A	T	95	27	103	0	115	0	80	0	88	0	97	0	94	0
S43	T	A	83	25	103	0	87	0	129	0	88	0	94	0	105	0
S44	G	A	86	23	98	0	94	0	93	0	99	0	103	0	87	0
S45	A	T	69	17	100	0	113	0	101	0	101	0	98	0	102	0
S46	T	G	94	21	88	0	100	0	103	0	105	0	108	0	119	0
S47	C	G	93	17	102	0	102	0	91	0	103	0	115	0	79	0
S48	G	A	98	0	88	0	106	0	99	0	69	25	89	8	100	0
S49	G	C	110	0	96	0	112	0	126	0	95	20	96	12	114	0
S50	T	A	103	0	106	0	98	0	77	0	67	18	101	14	114	0
S51	T	A	109	0	105	0	107	0	100	0	91	18	94	9	98	0
S52	T	A	98	0	86	0	107	0	95	0	89	16	101	7	84	0
S53	T	C	118	0	99	0	114	0	113	0	78	22	93	9	126	0
S54	G	T	93	0	84	0	95	0	109	0	85	36	86	11	97	0
S55	C	T	92	0	108	0	92	0	90	0	67	25	80	13	74	0
