SNVID	Wild	Mut	R2:ref	R2:alt	R3:ref	R3:alt	R4:ref	R4:alt	R6:ref	R6:alt	R1:ref	R1:alt	R5:ref	R5:alt	R7:ref	R7:alt
S1	T	G	66	26	77	29	66	39	66	46	65	28	84	30	60	45
S2	G	T	61	32	59	34	47	50	61	54	89	28	55	34	71	37
S3	C	T	62	31	73	31	54	43	42	50	81	27	71	28	55	39
S4	T	G	49	34	72	23	51	53	65	43	71	28	72	31	56	42
S5	A	C	80	33	67	31	56	48	56	55	76	23	73	35	67	37
S6	C	A	48	38	68	28	41	53	57	45	81	35	70	31	67	45
S7	G	C	66	34	72	25	63	48	38	58	80	27	63	33	64	35
S8	G	C	86	0	104	0	129	0	71	28	91	0	89	0	82	0
S9	C	G	89	0	92	0	106	0	63	33	100	0	94	0	101	0
S10	T	G	81	0	120	0	86	0	74	34	89	0	91	0	84	0
S11	A	C	86	0	87	0	122	0	79	25	110	0	101	0	80	0
S12	T	C	128	0	88	0	96	0	68	22	106	0	89	0	78	0
S13	G	C	101	0	100	0	104	0	73	31	99	0	100	0	97	0
S14	A	T	67	36	71	27	38	52	108	4	68	33	64	27	67	41
S15	T	A	60	41	69	32	45	51	95	2	81	28	79	23	72	40
S16	C	A	45	34	81	27	47	49	94	2	78	26	81	27	47	40
S17	A	G	63	27	80	31	64	40	82	5	59	30	69	29	56	45
S18	T	G	79	0	96	0	88	0	89	0	88	0	97	0	92	30
S19	C	A	92	0	85	0	80	0	99	0	92	0	107	0	66	40
S20	T	C	92	0	106	0	108	0	117	0	106	0	97	0	54	40
S21	A	C	94	0	99	0	88	0	103	0	88	0	104	0	74	32
S22	G	T	94	26	72	26	59	44	104	8	85	28	77	33	104	0
S23	G	T	68	28	72	31	58	35	80	5	63	30	72	35	106	0
S24	A	G	74	28	68	39	46	42	83	12	83	27	70	23	105	0
S25	G	T	93	25	80	32	59	39	96	3	84	27	61	32	108	0
S26	T	G	93	19	100	0	74	0	105	0	81	18	64	12	110	0
S27	A	C	70	19	105	0	108	0	88	0	78	20	80	13	100	0
S28	C	A	66	22	108	0	116	0	111	0	87	18	104	5	92	0
S29	A	G	89	21	113	0	76	0	82	0	92	0	91	0	92	0
S30	G	C	88	14	108	0	91	0	102	0	92	0	105	0	86	0
S31	T	G	85	26	77	0	103	0	121	0	110	0	89	0	102	0
S32	G	T	90	0	87	0	103	0	101	0	102	25	84	14	91	0
S33	C	T	104	0	94	0	107	0	104	0	69	16	111	6	111	0
S34	T	A	105	0	99	0	133	0	116	0	91	11	114	4	101	0
