SNVID	Wild	Mut	R2:ref	R2:alt	R3:ref	R3:alt	R4:ref	R4:alt	R6:ref	R6:alt	R1:ref	R1:alt	R5:ref	R5:alt	R7:ref	R7:alt
S1	A	T	62	33	65	36	71	58	41	52	61	40	46	31	59	37
S2	C	T	57	30	83	33	48	48	77	48	75	27	68	29	91	36
S3	G	C	76	28	64	32	39	54	42	46	55	34	75	32	63	41
S4	T	G	77	23	77	31	49	45	26	50	70	35	69	35	84	39
S5	C	G	64	29	50	33	33	49	55	50	84	32	79	30	77	36
S6	A	T	66	29	60	21	54	52	33	65	67	29	78	27	74	36
S7	C	G	74	26	72	32	40	51	39	53	89	25	70	30	61	39
S8	T	A	63	30	56	32	39	52	50	47	68	28	77	27	68	31
S9	T	G	66	31	82	23	53	51	75	44	85	28	86	28	46	39
S10	T	A	67	34	84	23	52	59	50	51	69	31	87	24	53	37
S11	G	A	92	0	90	0	92	0	53	32	86	0	88	0	95	0
S12	A	C	93	0	91	0	92	0	38	42	87	0	95	0	113	0
S13	C	G	107	0	101	0	95	0	74	29	118	0	88	0	88	0
S14	T	C	89	0	106	0	109	0	74	37	108	0	96	0	77	0
S15	C	A	111	0	76	0	113	0	57	24	106	0	118	0	108	0
S16	C	G	101	0	106	0	105	0	68	26	104	0	97	0	116	0
S17	C	T	116	0	85	0	95	0	75	30	113	0	109	0	89	0
S18	A	C	69	31	64	32	36	52	90	4	70	22	60	37	72	36
S19	C	A	60	24	76	30	61	52	93	4	90	31	46	41	66	41
S20	A	T	67	37	71	33	59	49	103	3	51	31	66	29	62	44
S21	C	G	87	27	87	25	39	50	96	4	86	26	67	30	55	38
S22	G	C	69	28	55	23	56	43	81	7	61	30	76	27	61	40
S23	C	G	67	28	69	33	74	53	113	4	92	27	69	29	68	41
S24	C	A	86	23	49	31	54	42	102	2	62	33	88	24	46	37
S25	G	A	127	0	86	0	126	0	110	0	107	0	92	0	65	35
S26	G	A	92	0	83	0	97	0	91	0	86	0	103	0	53	40
S27	A	C	86	0	95	0	105	0	112	0	118	0	102	0	62	39
S28	T	G	86	0	94	0	107	0	87	0	107	0	103	0	54	37
S29	C	G	68	32	79	32	57	47	90	3	55	28	66	31	91	0
S30	G	A	76	31	53	33	61	44	87	9	88	27	71	27	74	0
S31	G	T	77	28	72	33	62	40	95	6	78	33	62	42	110	0
S32	A	T	49	43	82	25	61	48	101	4	66	21	66	36	108	0
S33	G	C	56	39	54	31	55	45	106	2	63	36	67	28	94	0
S34	T	A	68	36	69	30	68	39	123	3	69	27	69	25	106	0
S35	G	A	59	25	81	25	75	41	104	1	69	27	62	23	90	0
S36	G	T	76	19	100	0	111	0	100	0	78	20	85	14	118	0
S37	T	C	79	18	107	0	109	0	105	0	71	30	99	13	121	0
S38	A	G	83	15	119	0	84	0	95	0	76	19	82	6	87	0
S39	G	A	89	20	85	0	100	0	97	0	113	0	96	0	109	0
S40	C	T	86	16	82	0	103	0	104	0	97	0	90	0	105	0
S41	G	A	94	21	99	0	122	0	101	0	88	0	94	0	102	0
S42	G	T	92	19	113	0	101	0	85	0	102	0	96	0	94	0
S43	G	A	65	19	95	0	89	0	113	0	115	0	108	0	89	0
S44	A	T	96	13	98	0	95	0	88	0	107	0	100	0	96	0
S45	A	G	89	17	102	0	96	0	106	0	81	0	116	0	136	0
S46	T	C	95	0	97	0	104	0	82	0	96	19	78	12	107	0
S47	G	C	87	0	113	0	75	0	89	0	81	16	75	10	91	0
S48	C	G	116	0	112	0	95	0	106	0	81	19	101	11	110	0
