SNVID	Wild	Mut	R2:ref	R2:alt	R3:ref	R3:alt	R4:ref	R4:alt	R6:ref	R6:alt	R1:ref	R1:alt	R5:ref	R5:alt	R7:ref	R7:alt
S1	T	A	75	24	79	31	53	50	54	57	79	27	51	34	88	34
S2	G	C	74	28	81	32	41	59	53	49	56	37	63	34	62	43
S3	G	A	66	28	96	28	39	53	52	52	56	25	95	23	66	37
S4	A	G	85	27	49	28	64	52	52	50	46	31	69	37	49	46
S5	C	G	63	34	75	35	57	52	31	55	62	39	83	29	45	54
S6	G	C	80	26	60	34	46	43	44	47	60	37	72	30	50	42
S7	T	C	74	25	50	33	27	60	55	50	91	25	73	24	79	38
S8	C	T	78	26	70	37	41	40	38	48	68	30	56	24	76	36
S9	A	T	62	31	81	25	49	50	47	48	66	34	79	28	45	35
S10	A	T	108	0	122	0	105	0	53	31	97	0	96	0	108	0
S11	T	A	86	0	107	0	111	0	75	24	109	0	105	0	89	0
S12	G	A	110	0	99	0	118	0	73	24	112	0	104	0	106	0
S13	T	G	113	0	107	0	91	0	84	25	90	0	90	0	96	0
S14	T	C	91	0	90	0	104	0	59	37	100	0	105	0	110	0
S15	T	C	69	26	71	29	60	51	100	5	76	29	79	30	71	44
S16	G	A	62	34	65	27	60	46	109	4	52	43	52	36	73	36
S17	T	C	64	33	63	23	63	43	98	4	67	35	70	26	74	38
S18	G	C	73	37	56	34	63	48	85	5	54	32	88	22	70	31
S19	A	G	67	32	91	21	47	52	91	6	57	35	66	38	80	36
S20	A	C	98	0	98	0	92	0	115	0	104	0	84	0	52	43
S21	C	A	111	0	93	0	99	0	96	0	96	0	106	0	62	42
S22	A	G	116	0	118	0	97	0	113	0	104	0	105	0	74	38
S23	C	G	83	0	96	0	122	0	106	0	127	0	107	0	47	47
S24	G	A	115	0	97	0	113	0	99	0	100	0	104	0	72	36
S25	A	G	107	0	102	0	96	0	92	0	103	0	103	0	42	39
S26	T	C	101	0	114	0	94	0	79	0	99	0	123	0	55	45
S27	C	T	104	0	100	0	96	0	103	0	108	0	101	0	51	47
S28	A	C	59	27	63	32	57	44	99	3	64	32	90	24	105	0
S29	T	A	60	35	77	36	45	50	104	4	92	25	72	30	79	0
S30	A	C	51	32	77	36	60	43	92	7	67	32	59	32	82	0
S31	A	G	68	26	63	29	57	38	91	7	90	29	61	32	81	0
S32	G	A	70	27	74	34	55	37	104	3	77	23	49	37	119	0
S33	T	C	67	31	47	32	59	32	97	3	57	35	71	33	91	0
S34	T	G	52	30	58	32	64	47	94	5	99	26	74	28	106	0
S35	A	T	84	13	83	0	92	0	108	0	79	20	79	8	108	0
S36	T	A	85	19	110	0	105	0	90	0	65	25	85	12	107	0
S37	G	A	76	30	103	0	101	0	92	0	93	17	107	10	80	0
S38	T	A	87	16	100	0	95	0	126	0	78	21	85	8	101	0
S39	C	T	65	19	102	0	115	0	98	0	89	20	94	9	94	0
S40	A	G	83	16	102	0	119	0	104	0	74	21	96	12	98	0
S41	A	T	92	24	92	0	89	0	111	0	102	0	94	0	89	0
S42	C	A	60	19	102	0	94	0	108	0	117	0	117	0	78	0
S43	A	C	85	21	127	0	100	0	97	0	103	0	112	0	78	0
S44	G	C	77	13	86	0	101	0	98	0	99	0	96	0	100	0
S45	A	G	87	13	90	0	98	0	98	0	93	0	98	0	108	0
S46	C	G	67	18	101	0	92	0	102	0	100	0	97	0	91	0
S47	G	C	90	15	72	0	111	0	126	0	93	0	120	0	107	0
S48	G	A	78	24	101	0	116	0	98	0	81	0	100	0	116	0
S49	C	G	70	21	111	0	93	0	99	0	109	0	110	0	104	0
S50	A	T	69	17	104	0	117	0	101	0	92	0	98	0	79	0
S51	A	C	120	0	103	0	104	0	124	0	77	20	96	11	74	0
S52	T	A	86	0	93	0	89	0	84	0	84	16	81	12	89	0
S53	C	T	87	0	85	0	110	0	105	0	75	22	85	11	93	0
S54	G	T	92	0	90	0	103	0	97	0	79	22	97	12	97	0
S55	T	A	107	0	90	0	107	0	119	0	82	25	81	5	96	0
S56	T	G	95	0	112	0	103	0	100	0	86	19	94	7	103	0
S57	C	A	97	0	93	0	96	0	88	0	100	16	90	8	99	0
S58	T	G	104	0	121	0	81	0	95	0	90	14	88	13	103	0
S59	T	A	94	0	115	0	104	0	106	0	86	23	79	5	98	0
