SNVID	Wild	Mut	R2:ref	R2:alt	R3:ref	R3:alt	R4:ref	R4:alt	R6:ref	R6:alt	R1:ref	R1:alt	R5:ref	R5:alt	R7:ref	R7:alt
S1	T	A	46	30	77	29	47	47	32	52	62	26	78	27	77	38
S2	A	C	68	31	54	39	53	47	34	61	66	30	68	27	66	31
S3	T	C	77	32	91	22	52	47	43	53	81	32	67	28	60	37
S4	G	A	87	21	66	32	44	47	59	50	64	29	72	28	64	39
S5	T	G	76	25	79	34	59	42	50	54	81	25	69	35	68	38
S6	C	G	86	28	69	31	69	45	47	55	62	30	64	35	68	49
S7	T	A	57	32	62	34	34	49	40	59	69	25	54	30	60	45
S8	A	T	76	30	76	27	54	45	49	47	79	35	72	25	59	43
S9	C	T	61	29	50	36	40	53	45	52	66	26	78	31	56	44
S10	T	G	103	0	94	0	102	0	89	24	84	0	104	0	92	0
S11	T	G	105	0	103	0	86	0	77	24	99	0	96	0	109	0
S12	G	T	112	0	80	0	84	0	78	26	109	0	81	0	87	0
S13	T	G	95	0	78	0	101	0	70	27	98	0	111	0	95	0
S14	C	A	101	0	97	0	104	0	62	31	109	0	100	0	96	0
S15	T	A	104	0	99	0	117	0	85	27	96	0	84	0	108	0
S16	A	G	106	0	105	0	90	0	74	28	112	0	99	0	96	0
S17	C	A	90	0	106	0	97	0	53	35	86	0	109	0	74	0
S18	G	T	73	23	61	33	45	47	95	4	73	33	98	22	61	45
S19	A	C	61	33	62	41	57	54	93	6	58	32	61	35	57	28
S20	T	G	69	29	56	30	45	47	95	4	58	37	67	28	68	30
S21	G	T	100	0	93	0	107	0	107	0	96	0	91	0	54	41
S22	C	G	105	0	99	0	93	0	107	0	104	0	107	0	60	43
S23	C	G	101	0	119	0	90	0	85	0	104	0	92	0	62	38
S24	G	T	106	0	124	0	87	0	109	0	99	0	93	0	57	40
S25	A	T	110	0	95	0	107	0	98	0	108	0	107	0	32	46
S26	C	A	70	31	56	33	60	43	101	6	61	29	60	36	108	0
S27	T	A	53	28	78	28	56	40	81	6	90	31	60	31	118	0
S28	G	T	56	31	65	37	79	43	102	5	63	39	68	36	82	0
S29	A	T	74	36	75	38	47	39	80	4	78	20	66	38	105	0
S30	A	C	66	23	79	29	40	49	99	7	60	33	78	30	97	0
S31	G	A	74	25	71	23	47	40	76	5	74	25	62	29	89	0
S32	A	C	81	19	99	0	111	0	99	0	92	19	75	11	113	0
S33	A	T	61	27	100	0	97	0	98	0	70	24	97	7	105	0
S34	A	T	58	22	98	0	125	0	87	0	89	17	84	10	105	0
S35	C	G	52	21	97	0	110	0	105	0	73	19	88	15	98	0
S36	A	C	64	27	102	0	119	0	93	0	98	0	93	0	100	0
S37	T	C	100	11	109	0	108	0	98	0	105	0	85	0	95	0
S38	G	A	78	19	102	0	102	0	108	0	89	0	111	0	94	0
S39	A	C	87	18	112	0	85	0	90	0	93	0	91	0	110	0
S40	A	T	81	15	95	0	102	0	108	0	102	0	97	0	115	0
S41	T	A	111	0	84	0	109	0	97	0	72	26	103	8	139	0
S42	G	T	94	0	92	0	88	0	99	0	72	22	73	12	95	0
S43	C	T	104	0	108	0	92	0	96	0	56	22	83	10	106	0
S44	G	C	106	0	100	0	117	0	119	0	68	18	80	12	108	0
S45	A	T	96	0	101	0	92	0	108	0	76	18	112	10	90	0
S46	T	C	125	0	98	0	89	0	96	0	82	23	79	9	99	0
S47	C	G	85	0	100	0	98	0	95	0	79	19	98	12	104	0
S48	G	A	108	0	124	0	102	0	95	0	77	14	86	12	103	0
S49	A	G	103	0	94	0	119	0	100	0	70	20	81	11	96	0
