SNVID	Wild	Mut	R2:ref	R2:alt	R3:ref	R3:alt	R4:ref	R4:alt	R6:ref	R6:alt	R1:ref	R1:alt	R5:ref	R5:alt	R7:ref	R7:alt
S1	A	G	78	31	81	22	53	47	59	51	67	26	54	34	89	41
S2	G	C	79	29	57	39	68	37	57	51	67	34	60	35	43	32
S3	C	G	53	38	86	30	53	48	64	44	72	29	70	28	45	42
S4	C	A	48	34	79	28	38	49	51	41	82	25	77	29	55	36
S5	G	A	75	32	72	31	46	51	23	52	75	25	88	32	48	41
S6	T	C	77	28	66	31	48	52	46	47	61	31	72	34	61	37
S7	G	A	83	27	76	33	51	56	63	40	80	28	86	29	57	40
S8	G	C	60	35	59	30	57	49	43	47	76	27	59	30	58	38
S9	A	T	115	0	115	0	99	0	74	29	101	0	104	0	98	0
S10	C	A	98	0	119	0	114	0	83	26	115	0	87	0	95	0
S11	T	G	97	0	110	0	111	0	68	32	92	0	92	0	93	0
S12	A	C	95	0	109	0	103	0	67	28	117	0	99	0	89	0
S13	G	T	106	0	82	0	101	0	70	20	99	0	101	0	91	0
S14	A	T	118	0	114	0	102	0	62	27	88	0	118	0	89	0
S15	T	A	101	0	91	0	107	0	76	30	83	0	91	0	111	0
S16	C	G	98	0	100	0	98	0	83	24	94	0	93	0	100	0
S17	A	C	95	0	95	0	111	0	62	31	115	0	88	0	107	0
S18	T	G	75	29	48	33	61	46	96	4	75	26	84	22	62	38
S19	T	C	48	38	67	27	44	52	87	9	74	25	83	21	74	28
S20	G	C	73	23	77	26	53	43	91	2	63	33	78	26	53	44
S21	C	G	85	0	93	0	110	0	87	0	114	0	103	0	64	38
S22	T	C	105	0	96	0	112	0	106	0	97	0	85	0	60	35
S23	G	A	115	0	93	0	101	0	109	0	98	0	94	0	51	33
S24	A	T	85	0	103	0	94	0	118	0	105	0	105	0	35	47
S25	G	C	97	0	102	0	96	0	102	0	85	0	101	0	66	36
S26	C	G	61	35	67	28	67	36	81	4	62	31	78	28	98	0
S27	C	A	70	26	58	31	43	43	88	13	82	25	93	26	100	0
S28	A	C	78	33	47	33	74	37	83	6	56	33	53	39	84	0
S29	C	G	77	27	62	32	55	38	80	4	58	22	75	31	84	0
S30	T	C	55	33	58	30	53	39	84	5	66	30	81	33	105	0
S31	C	G	61	33	60	24	42	40	92	7	56	34	76	31	101	0
S32	G	C	58	39	74	25	56	27	89	7	65	31	88	27	98	0
S33	A	T	58	34	69	32	57	38	107	2	75	27	80	24	86	0
S34	A	G	78	19	88	0	97	0	105	0	85	19	96	8	85	0
S35	A	T	57	26	103	0	100	0	95	0	50	26	75	11	102	0
S36	C	G	82	22	104	0	112	0	108	0	89	18	79	6	95	0
S37	G	T	86	14	85	0	104	0	98	0	81	21	90	10	83	0
S38	A	C	73	21	101	0	89	0	98	0	104	20	97	4	90	0
S39	A	C	101	16	108	0	83	0	124	0	76	27	98	6	93	0
S40	G	A	77	22	94	0	96	0	126	0	83	20	91	8	101	0
S41	C	T	96	12	107	0	92	0	105	0	80	27	86	14	96	0
S42	C	T	100	15	109	0	101	0	104	0	81	20	95	8	121	0
S43	C	G	78	21	94	0	92	0	90	0	94	17	106	9	117	0
S44	C	A	93	15	111	0	97	0	97	0	106	0	98	0	91	0
S45	T	G	86	19	96	0	95	0	105	0	96	0	97	0	91	0
S46	A	G	83	15	97	0	90	0	90	0	102	0	106	0	91	0
S47	G	A	107	0	91	0	93	0	122	0	76	17	88	16	117	0
S48	G	A	108	0	107	0	108	0	101	0	73	19	92	7	110	0
S49	A	C	90	0	101	0	116	0	97	0	75	23	87	11	98	0
S50	C	G	91	0	102	0	106	0	104	0	73	26	92	12	98	0
S51	G	A	81	0	92	0	96	0	98	0	65	18	79	6	93	0
S52	C	G	99	0	96	0	114	0	119	0	84	9	92	12	101	0
S53	T	G	95	0	109	0	87	0	98	0	72	25	83	9	115	0
S54	C	T	105	0	108	0	95	0	91	0	93	18	107	10	102	0
