SNVID	Wild	Mut	R2:ref	R2:alt	R3:ref	R3:alt	R4:ref	R4:alt	R6:ref	R6:alt	R1:ref	R1:alt	R5:ref	R5:alt	R7:ref	R7:alt
S1	A	G	64	31	74	24	37	53	47	56	68	26	73	26	49	49
S2	T	C	123	24	60	34	60	56	39	48	66	35	74	33	53	36
S3	C	A	70	32	54	39	57	45	49	46	62	27	58	39	60	31
S4	A	C	67	43	57	29	54	43	36	55	78	29	80	24	73	41
S5	A	G	59	27	59	27	49	53	62	47	79	25	59	32	40	42
S6	G	C	77	24	67	32	73	44	49	48	69	34	54	48	50	34
S7	C	A	46	36	51	38	50	44	47	56	85	24	78	36	50	38
S8	G	A	76	34	40	29	49	54	45	53	66	33	70	23	41	45
S9	A	G	62	36	63	23	56	48	44	52	58	29	65	32	62	42
S10	A	T	93	0	85	0	109	0	75	28	112	0	94	0	101	0
S11	A	C	105	0	99	0	105	0	79	28	91	0	110	0	94	0
S12	G	C	85	0	110	0	114	0	71	27	85	0	94	0	107	0
S13	A	T	91	0	104	0	103	0	56	29	76	0	84	0	110	0
S14	T	G	91	0	98	0	91	0	75	32	91	0	104	0	104	0
S15	A	C	45	34	68	22	34	53	99	5	83	25	85	27	59	51
S16	A	T	85	28	82	23	66	47	95	7	67	31	76	29	65	35
S17	A	T	87	20	67	25	59	58	79	8	76	27	84	30	72	39
S18	G	C	55	29	73	29	24	52	91	7	71	36	70	26	64	29
S19	C	T	71	26	66	30	47	54	93	2	71	32	72	30	74	33
S20	T	A	96	0	103	0	111	0	103	0	94	0	87	0	57	42
S21	C	A	106	0	113	0	111	0	111	0	119	0	100	0	73	39
S22	G	A	84	0	99	0	101	0	91	0	101	0	113	0	71	38
S23	C	A	99	0	101	0	93	0	118	0	82	0	94	0	63	41
S24	A	C	98	0	94	0	111	0	111	0	100	0	98	0	62	39
S25	A	C	82	0	103	0	98	0	105	0	113	0	93	0	49	37
S26	A	C	83	0	115	0	93	0	108	0	121	0	101	0	48	50
S27	A	T	90	0	76	0	101	0	76	0	108	0	91	0	48	44
S28	G	T	96	0	85	0	100	0	95	0	94	0	108	0	83	33
S29	G	C	53	32	69	29	55	35	81	8	64	32	76	29	113	0
S30	A	G	64	35	71	27	59	39	90	3	59	28	77	38	93	0
S31	C	T	85	22	81	32	65	34	111	5	80	30	75	31	111	0
S32	G	C	54	28	65	37	66	46	101	3	69	25	51	48	109	0
S33	A	C	74	31	79	28	48	51	113	6	76	27	65	32	106	0
S34	T	G	56	36	68	32	69	39	93	5	80	28	78	27	108	0
S35	C	G	67	31	80	28	51	36	92	4	65	34	48	34	102	0
S36	T	G	82	25	94	25	51	45	109	9	99	24	81	33	91	0
S37	C	T	68	26	68	40	59	37	100	2	71	22	57	36	107	0
S38	C	A	91	15	118	0	108	0	97	0	93	16	71	11	112	0
S39	A	C	86	16	115	0	99	0	104	0	73	20	81	13	115	0
S40	A	C	90	18	105	0	88	0	91	0	74	18	94	5	84	0
S41	C	T	82	15	103	0	106	0	104	0	87	11	89	5	76	0
S42	G	T	51	25	122	0	100	0	88	0	100	0	86	0	91	0
S43	T	C	88	15	108	0	108	0	91	0	106	0	102	0	97	0
S44	A	T	84	17	105	0	119	0	85	0	82	0	94	0	101	0
S45	G	A	74	22	91	0	111	0	112	0	109	0	85	0	104	0
S46	T	G	78	19	94	0	98	0	108	0	105	0	100	0	110	0
S47	A	T	71	17	113	0	92	0	104	0	97	0	111	0	99	0
S48	A	C	79	15	110	0	100	0	130	0	116	0	109	0	100	0
S49	G	T	83	27	103	0	87	0	102	0	103	0	115	0	89	0
S50	G	C	80	0	102	0	119	0	113	0	84	14	101	11	88	0
S51	A	T	100	0	94	0	91	0	106	0	73	25	72	9	119	0
S52	T	A	108	0	98	0	120	0	68	0	85	22	88	8	110	0
S53	G	C	105	0	105	0	111	0	110	0	85	17	81	5	105	0
S54	A	T	92	0	86	0	99	0	93	0	80	15	72	9	102	0
S55	C	G	103	0	103	0	103	0	103	0	87	25	78	7	100	0
S56	A	C	91	0	92	0	105	0	111	0	85	23	70	12	95	0
