SNVID	Wild	Mut	R2:ref	R2:alt	R3:ref	R3:alt	R4:ref	R4:alt	R6:ref	R6:alt	R1:ref	R1:alt	R5:ref	R5:alt	R7:ref	R7:alt
S1	A	T	48	29	67	26	50	53	38	44	61	32	54	32	44	39
S2	A	C	71	34	50	39	53	43	41	55	83	25	46	31	51	39
S3	C	A	62	38	62	30	52	48	50	52	61	30	80	29	74	40
S4	C	G	77	27	91	25	63	44	68	52	49	34	62	30	51	44
S5	T	C	65	30	88	29	61	49	40	49	65	29	60	26	63	45
S6	A	G	76	29	63	28	44	64	79	41	52	36	70	20	51	38
S7	T	A	63	30	70	32	66	50	64	50	49	35	59	35	85	32
S8	A	G	113	0	104	0	113	0	71	37	94	0	105	0	85	0
S9	T	G	104	0	101	0	94	0	92	22	85	0	86	0	116	0
S10	G	T	104	0	111	0	95	0	71	38	77	0	100	0	107	0
S11	A	G	118	0	106	0	97	0	71	41	105	0	104	0	108	0
S12	C	G	92	0	112	0	100	0	70	29	83	0	94	0	101	0
S13	T	C	59	28	73	26	72	43	111	4	63	22	63	24	46	37
S14	G	T	74	30	67	31	39	53	103	8	62	28	62	33	61	35
S15	T	G	66	29	81	32	64	55	101	5	69	38	77	36	66	37
S16	G	T	77	30	72	32	44	49	98	4	84	25	91	29	61	32
S17	T	C	92	29	64	34	47	52	95	3	82	27	74	25	71	36
S18	C	G	79	22	65	29	53	50	95	5	58	31	66	30	48	46
S19	A	T	71	38	63	34	59	55	97	6	62	28	72	34	57	30
S20	G	A	110	0	90	0	110	0	105	0	109	0	99	0	53	42
S21	A	T	98	0	96	0	99	0	79	0	98	0	89	0	51	45
S22	C	T	94	0	102	0	117	0	84	0	105	0	114	0	61	35
S23	A	G	88	0	82	0	89	0	98	0	96	0	116	0	54	29
S24	G	C	105	0	109	0	99	0	104	0	111	0	97	0	74	39
S25	A	G	102	0	99	0	94	0	91	0	109	0	98	0	72	36
S26	C	A	92	0	141	0	86	0	128	0	97	0	102	0	34	41
S27	C	A	102	0	109	0	90	0	96	0	121	0	101	0	40	42
S28	A	C	89	0	92	0	97	0	98	0	94	0	88	0	62	45
S29	T	G	71	41	80	31	64	47	97	3	76	31	67	32	100	0
S30	A	C	59	36	86	32	61	36	101	5	76	31	71	28	99	0
S31	G	A	61	28	56	30	27	48	110	4	66	31	79	20	101	0
S32	G	T	64	29	75	32	48	47	106	4	84	25	65	28	94	0
S33	T	G	76	23	89	35	61	39	93	4	90	22	49	33	102	0
S34	C	A	73	26	45	32	76	32	99	3	63	26	86	27	91	0
S35	C	G	69	21	96	0	101	0	98	0	78	23	97	11	94	0
S36	A	G	64	18	96	0	98	0	91	0	84	28	94	12	101	0
S37	A	C	71	16	113	0	108	0	105	0	86	17	76	8	99	0
S38	G	A	73	20	115	0	88	0	97	0	83	15	73	8	117	0
S39	C	T	73	26	96	0	99	0	77	0	65	29	83	11	107	0
S40	A	T	91	15	95	0	117	0	86	0	112	0	107	0	114	0
S41	G	A	68	20	102	0	83	0	104	0	103	0	94	0	92	0
S42	C	G	83	18	94	0	109	0	98	0	92	0	98	0	98	0
S43	G	C	84	18	104	0	108	0	112	0	92	0	110	0	107	0
S44	G	A	76	17	96	0	124	0	114	0	104	0	108	0	93	0
S45	C	G	108	0	113	0	107	0	113	0	83	18	93	10	108	0
S46	A	G	117	0	90	0	116	0	89	0	85	23	84	11	84	0
S47	T	A	79	0	99	0	101	0	104	0	92	20	79	8	120	0
S48	G	C	93	0	110	0	103	0	103	0	95	14	97	6	102	0
S49	C	T	91	0	110	0	98	0	110	0	92	19	83	9	105	0
S50	C	A	105	0	106	0	100	0	113	0	67	22	91	7	84	0
