SNVID	Wild	Mut	R2:ref	R2:alt	R3:ref	R3:alt	R4:ref	R4:alt	R6:ref	R6:alt	R1:ref	R1:alt	R5:ref	R5:alt	R7:ref	R7:alt
S1	C	T	77	28	61	37	43	55	50	50	47	34	83	18	54	41
S2	G	T	75	34	66	30	35	55	44	53	66	36	64	27	57	35
S3	A	C	70	25	76	34	53	50	50	54	68	37	68	28	61	39
S4	A	C	88	26	71	31	35	54	51	48	71	28	46	37	60	40
S5	G	A	95	31	73	26	43	52	61	43	69	30	59	34	76	36
S6	G	C	68	28	57	33	57	48	54	43	61	37	70	31	67	38
S7	A	G	69	31	71	37	53	44	46	49	60	38	77	28	72	47
S8	T	C	74	25	71	31	34	56	59	55	70	26	74	33	93	32
S9	A	C	54	38	49	31	46	58	29	50	79	26	59	30	65	42
S10	T	C	93	0	101	0	102	0	90	26	91	0	85	0	105	0
S11	C	G	96	0	97	0	122	0	63	30	102	0	104	0	103	0
S12	T	C	112	0	116	0	100	0	70	33	94	0	84	0	80	0
S13	C	A	86	0	109	0	112	0	59	28	99	0	107	0	111	0
S14	G	T	100	0	110	0	88	0	50	40	106	0	98	0	98	0
S15	G	T	76	0	100	0	111	0	74	32	83	0	106	0	94	0
S16	C	G	90	0	98	0	97	0	62	36	92	0	110	0	104	0
S17	T	C	124	0	97	0	90	0	90	30	100	0	86	0	88	0
S18	G	T	93	0	106	0	100	0	78	29	113	0	84	0	91	0
S19	G	C	87	28	83	32	56	50	90	3	63	41	55	30	64	44
S20	T	A	68	23	67	28	72	53	86	6	52	25	81	34	51	45
S21	T	C	80	27	80	23	39	52	96	8	79	30	99	19	65	46
S22	C	T	70	32	92	26	39	53	87	2	66	26	62	39	53	43
S23	A	C	67	30	69	40	59	45	88	7	61	29	80	21	54	45
S24	A	G	69	36	65	24	48	44	90	7	62	35	64	29	45	41
S25	C	A	60	33	77	29	64	39	96	2	52	31	68	36	57	38
S26	A	C	81	27	63	37	49	47	92	7	73	33	74	30	68	33
S27	C	G	57	27	61	29	57	53	97	7	77	19	58	34	79	35
S28	T	A	72	32	51	29	59	48	81	7	63	28	85	28	66	44
S29	C	T	106	0	107	0	107	0	76	0	93	0	97	0	61	42
S30	A	C	96	0	102	0	110	0	100	0	103	0	112	0	54	38
S31	T	A	104	0	91	0	87	0	113	0	100	0	81	0	74	41
S32	A	T	93	0	123	0	102	0	106	0	87	0	102	0	51	45
S33	C	A	112	0	82	0	119	0	113	0	97	0	101	0	58	44
S34	G	T	38	29	58	21	66	39	95	5	63	25	76	25	95	0
S35	A	T	69	35	80	29	65	36	80	8	84	30	87	33	83	0
S36	T	C	68	32	85	31	62	37	110	5	88	20	73	30	119	0
S37	C	A	62	33	64	33	67	40	93	7	62	30	74	22	89	0
S38	T	C	82	26	84	32	62	32	98	5	60	32	54	32	100	0
S39	G	C	60	31	92	20	67	38	98	2	79	38	86	30	95	0
S40	A	G	72	34	68	31	63	28	82	4	84	32	71	30	108	0
S41	A	C	78	26	57	35	69	33	98	4	68	25	63	39	105	0
S42	T	G	54	30	69	27	61	37	104	4	69	28	51	39	128	0
S43	C	G	106	13	99	0	97	0	100	0	81	22	85	9	95	0
S44	C	T	77	13	113	0	94	0	97	0	69	19	82	11	95	0
S45	G	A	82	21	110	0	98	0	95	0	75	18	78	14	112	0
S46	C	T	85	29	91	0	119	0	88	0	98	12	85	14	100	0
S47	G	C	82	20	111	0	80	0	97	0	89	22	85	17	90	0
S48	G	T	81	19	91	0	102	0	82	0	67	21	95	10	115	0
S49	C	T	75	19	83	0	109	0	110	0	88	12	87	14	103	0
S50	G	A	74	24	92	0	104	0	95	0	76	21	77	10	115	0
S51	G	C	80	26	82	0	110	0	98	0	121	0	96	0	91	0
S52	T	G	71	17	113	0	104	0	92	0	87	0	102	0	104	0
S53	G	A	96	20	89	0	112	0	95	0	80	0	98	0	95	0
S54	G	A	96	0	103	0	115	0	92	0	66	17	94	10	104	0
S55	G	A	109	0	103	0	100	0	119	0	77	21	94	8	104	0
S56	T	C	100	0	94	0	97	0	119	0	77	31	83	11	95	0
S57	T	G	95	0	103	0	103	0	111	0	91	21	105	15	120	0
S58	A	G	95	0	95	0	107	0	85	0	75	17	94	8	92	0
S59	T	A	117	0	93	0	122	0	111	0	85	26	74	10	107	0
