SNVID	Wild	Mut	R2:ref	R2:alt	R3:ref	R3:alt	R4:ref	R4:alt	R6:ref	R6:alt	R1:ref	R1:alt	R5:ref	R5:alt	R7:ref	R7:alt
S1	G	T	97	27	64	18	58	51	38	57	66	34	68	26	55	44
S2	A	C	73	25	53	25	27	53	55	50	72	36	69	34	57	40
S3	T	A	78	26	70	38	41	42	47	50	72	33	76	33	56	43
S4	G	T	69	27	89	28	43	44	63	38	69	17	79	24	58	43
S5	G	C	60	29	64	34	59	57	32	51	68	33	75	24	61	38
S6	T	C	80	22	76	26	46	46	48	45	53	29	78	22	58	36
S7	C	A	93	28	50	31	57	53	52	54	84	30	51	31	52	43
S8	T	C	112	0	101	0	97	0	80	34	93	0	117	0	102	0
S9	C	T	113	0	106	0	103	0	67	32	109	0	92	0	105	0
S10	G	A	101	0	88	0	111	0	79	31	101	0	95	0	104	0
S11	G	C	104	0	108	0	105	0	75	34	113	0	84	0	95	0
S12	C	T	98	0	97	0	102	0	68	27	88	0	95	0	106	0
S13	A	T	100	0	106	0	105	0	69	31	82	0	90	0	108	0
S14	G	T	96	0	99	0	99	0	70	30	113	0	92	0	115	0
S15	G	T	102	0	108	0	108	0	68	30	83	0	95	0	90	0
S16	T	A	68	27	77	35	56	41	108	1	76	27	80	34	51	45
S17	T	C	91	24	64	30	38	51	93	4	80	32	79	30	76	42
S18	T	C	96	24	79	27	51	50	84	10	62	31	85	26	46	46
S19	C	G	71	28	55	35	41	51	79	9	72	39	71	32	69	42
S20	G	A	76	27	66	30	62	45	89	6	56	34	66	29	61	42
S21	G	T	80	32	64	35	50	63	87	5	70	26	69	34	68	40
S22	C	T	84	35	62	33	53	50	102	6	63	22	64	26	41	42
S23	C	A	63	32	80	31	55	51	110	6	70	25	81	31	69	53
S24	A	C	89	0	112	0	94	0	114	0	91	0	93	0	63	46
S25	A	T	98	0	102	0	101	0	98	0	117	0	88	0	53	38
S26	A	T	91	0	108	0	103	0	103	0	96	0	115	0	66	33
S27	C	G	93	0	110	0	76	0	103	0	80	0	105	0	65	42
S28	A	T	78	27	86	34	56	36	96	1	87	31	92	31	96	0
S29	C	G	71	27	53	36	47	42	106	3	58	26	68	36	93	0
S30	T	A	68	26	95	23	50	45	101	8	73	32	72	28	105	0
S31	A	G	55	31	78	29	66	40	116	5	78	21	52	35	114	0
S32	C	T	51	36	71	35	60	43	106	3	61	28	87	24	99	0
S33	T	G	68	30	57	25	64	37	110	5	75	27	72	29	117	0
S34	C	T	66	25	70	26	64	35	125	4	62	23	67	30	98	0
S35	T	G	75	32	64	27	33	48	109	1	87	25	82	18	96	0
S36	A	G	61	31	83	15	52	38	102	7	59	31	105	26	93	0
S37	G	C	84	31	61	38	57	38	118	5	55	33	86	29	96	0
S38	C	T	77	14	115	0	106	0	106	0	55	24	79	12	95	0
S39	A	G	86	18	94	0	121	0	110	0	85	17	92	13	106	0
S40	A	C	99	17	89	0	99	0	109	0	90	18	94	9	83	0
S41	G	T	85	16	102	0	93	0	101	0	91	16	99	9	83	0
S42	C	T	83	17	103	0	96	0	92	0	65	30	82	11	96	0
S43	G	A	86	24	106	0	101	0	93	0	96	0	100	0	103	0
S44	T	A	77	15	102	0	112	0	99	0	112	0	108	0	90	0
S45	C	T	87	21	102	0	95	0	108	0	84	0	98	0	113	0
S46	T	C	73	23	118	0	96	0	101	0	106	0	105	0	99	0
S47	G	C	68	22	89	0	110	0	78	0	103	0	87	0	100	0
S48	G	T	66	23	99	0	108	0	98	0	88	0	108	0	113	0
S49	T	C	73	23	93	0	110	0	102	0	87	0	98	0	116	0
S50	G	C	85	0	104	0	98	0	110	0	71	20	73	11	92	0
S51	G	C	97	0	102	0	95	0	116	0	81	21	92	7	119	0
S52	A	G	101	0	100	0	92	0	108	0	90	11	90	8	101	0
S53	A	G	108	0	111	0	93	0	98	0	96	17	79	13	94	0
S54	A	T	121	0	91	0	71	0	100	0	93	18	79	15	110	0
S55	C	A	113	0	106	0	99	0	82	0	75	22	95	11	101	0
S56	A	C	106	0	81	0	87	0	91	0	92	16	110	6	120	0
S57	A	T	104	0	89	0	102	0	106	0	79	20	96	11	87	0
