SNVID	Wild	Mut	R2:ref	R2:alt	R3:ref	R3:alt	R4:ref	R4:alt	R6:ref	R6:alt	R1:ref	R1:alt	R5:ref	R5:alt	R7:ref	R7:alt
S1	G	A	73	27	80	29	76	42	34	52	66	35	80	24	56	36
S2	T	C	73	32	59	33	48	52	47	49	90	32	88	31	54	44
S3	A	G	75	33	84	22	54	43	60	53	65	22	94	29	51	49
S4	G	T	77	25	66	27	43	52	49	41	68	29	54	31	51	51
S5	T	C	86	26	79	30	67	51	48	51	64	35	77	25	57	47
S6	T	G	84	33	55	24	47	50	61	51	48	39	69	19	82	34
S7	G	A	46	36	76	25	44	52	38	49	81	26	65	37	57	47
S8	G	C	63	25	57	37	43	47	49	47	60	31	55	36	58	47
S9	C	G	80	0	89	0	110	0	90	24	96	0	118	0	104	0
S10	C	A	88	0	90	0	98	0	82	26	100	0	95	0	98	0
S11	G	C	103	0	95	0	81	0	65	32	86	0	101	0	99	0
S12	A	G	84	24	71	36	51	53	100	5	80	27	74	33	54	44
S13	G	A	70	30	77	26	42	55	100	3	70	27	76	29	49	39
S14	G	A	72	28	86	31	51	53	98	10	67	25	67	32	60	43
S15	G	C	57	33	65	28	56	53	92	8	63	20	58	33	60	37
S16	A	T	80	36	55	26	66	47	99	6	77	23	65	32	45	46
S17	C	A	67	40	78	28	52	56	110	3	69	31	64	26	52	39
S18	T	A	74	28	85	25	36	57	91	8	70	34	67	35	65	41
S19	G	A	64	27	73	34	58	58	100	2	73	37	77	22	60	37
S20	T	G	75	26	60	36	48	53	89	5	77	37	63	24	73	40
S21	T	A	57	40	78	25	39	47	80	6	80	24	83	26	55	30
S22	G	T	95	0	93	0	109	0	106	0	96	0	109	0	50	36
S23	A	G	99	0	95	0	112	0	88	0	107	0	99	0	66	40
S24	A	C	98	0	104	0	86	0	95	0	96	0	91	0	64	41
S25	C	G	100	0	119	0	81	0	103	0	105	0	104	0	42	39
S26	G	C	101	0	99	0	81	0	91	0	117	0	87	0	69	38
S27	T	G	88	0	90	0	102	0	104	0	91	0	114	0	78	35
S28	A	C	95	0	92	0	106	0	116	0	108	0	90	0	53	40
S29	C	A	76	0	116	0	115	0	125	0	83	0	103	0	40	41
S30	G	T	77	28	86	29	54	34	109	4	79	33	65	35	102	0
S31	G	C	68	33	65	30	74	34	95	6	80	25	61	34	93	0
S32	C	G	67	29	65	28	51	42	89	3	60	35	47	37	92	0
S33	C	A	72	33	50	35	81	34	97	5	62	33	71	35	92	0
S34	G	A	74	31	43	43	56	45	114	3	75	26	79	29	94	0
S35	A	T	94	14	118	0	98	0	72	0	87	15	94	14	108	0
S36	T	G	96	17	108	0	84	0	85	0	80	17	74	15	110	0
S37	A	T	74	28	108	0	76	0	113	0	80	22	88	7	106	0
S38	A	C	82	17	96	0	125	0	96	0	54	23	79	11	105	0
S39	G	C	89	13	98	0	91	0	102	0	70	19	87	12	106	0
S40	T	G	88	15	108	0	111	0	97	0	74	20	94	7	97	0
S41	T	A	86	22	106	0	93	0	105	0	68	23	82	12	88	0
S42	T	A	67	16	116	0	108	0	91	0	101	0	99	0	104	0
S43	A	T	83	18	96	0	85	0	78	0	106	0	105	0	100	0
S44	T	G	63	27	98	0	106	0	98	0	100	0	87	0	112	0
S45	T	A	89	21	102	0	102	0	96	0	103	0	98	0	94	0
S46	G	A	69	26	94	0	106	0	106	0	95	0	99	0	89	0
S47	T	C	69	17	98	0	110	0	107	0	104	0	86	0	87	0
S48	G	A	80	0	89	0	110	0	100	0	92	26	75	12	102	0
S49	T	G	103	0	107	0	86	0	117	0	69	21	97	5	105	0
S50	C	G	99	0	100	0	92	0	94	0	82	22	95	8	93	0
S51	T	C	108	0	111	0	103	0	89	0	96	17	86	15	95	0
S52	A	G	103	0	94	0	109	0	101	0	75	26	104	7	87	0
