SNVID	Wild	Mut	R2:ref	R2:alt	R3:ref	R3:alt	R4:ref	R4:alt	R6:ref	R6:alt	R1:ref	R1:alt	R5:ref	R5:alt	R7:ref	R7:alt
S1	T	C	75	29	69	31	44	54	37	65	68	31	80	35	44	42
S2	A	G	61	28	60	26	56	47	66	52	79	31	69	37	56	43
S3	T	A	76	29	82	30	46	55	28	51	64	26	69	38	76	44
S4	A	G	67	35	68	25	53	53	69	42	69	32	92	23	45	45
S5	C	T	65	35	71	29	50	43	62	53	68	26	88	30	51	48
S6	G	C	58	31	54	31	64	47	61	50	74	33	71	30	63	35
S7	C	A	97	0	107	0	105	0	72	34	102	0	108	0	109	0
S8	C	T	96	0	83	0	97	0	72	31	104	0	102	0	90	0
S9	T	G	99	0	103	0	97	0	43	34	124	0	100	0	126	0
S10	T	G	114	0	102	0	94	0	66	29	104	0	116	0	112	0
S11	G	C	88	0	93	0	91	0	65	39	96	0	104	0	110	0
S12	A	C	80	32	63	23	48	47	86	3	67	25	84	41	64	41
S13	G	T	59	35	80	33	41	56	96	5	81	27	52	39	58	41
S14	C	T	78	29	69	35	31	51	104	2	63	38	53	30	85	28
S15	C	A	70	34	74	29	58	49	112	7	54	32	59	29	58	42
S16	C	A	54	31	71	32	51	54	107	3	83	26	65	33	63	41
S17	G	A	64	39	73	31	34	50	81	8	71	29	62	33	68	43
S18	T	A	76	24	64	36	47	54	81	7	86	27	65	32	44	38
S19	T	G	62	28	57	32	46	52	97	6	80	35	69	28	63	33
S20	C	T	85	0	112	0	90	0	89	0	120	0	76	0	59	31
S21	T	C	88	0	99	0	110	0	113	0	96	0	105	0	54	35
S22	T	A	111	0	108	0	87	0	78	0	117	0	93	0	78	47
S23	A	G	110	0	99	0	104	0	101	0	109	0	100	0	78	33
S24	A	T	85	0	108	0	117	0	102	0	104	0	101	0	63	44
S25	G	C	115	0	106	0	113	0	90	0	95	0	125	0	71	38
S26	C	G	102	0	114	0	101	0	114	0	88	0	87	0	52	42
S27	G	T	93	0	116	0	120	0	95	0	89	0	109	0	28	45
S28	G	C	85	0	99	0	97	0	98	0	86	0	107	0	72	34
S29	A	G	91	0	90	0	97	0	105	0	103	0	100	0	50	37
S30	A	T	63	33	71	35	67	29	98	6	76	33	79	37	106	0
S31	G	C	73	32	77	29	70	35	97	6	75	27	72	29	95	0
S32	T	A	74	32	62	28	79	35	87	3	83	31	74	29	109	0
S33	G	C	70	30	76	27	60	39	100	5	62	35	65	26	89	0
S34	T	C	55	34	86	34	66	39	120	3	77	31	56	27	113	0
S35	C	G	45	31	75	27	51	38	82	4	59	32	68	36	93	0
S36	G	T	65	28	89	28	50	40	92	8	68	39	61	32	105	0
S37	G	T	73	24	85	0	99	0	91	0	80	16	99	7	100	0
S38	C	G	80	25	121	0	98	0	99	0	82	10	90	5	83	0
S39	T	C	95	22	115	0	86	0	90	0	82	21	94	9	105	0
S40	G	A	89	19	108	0	84	0	94	0	100	0	99	0	111	0
S41	A	T	81	23	120	0	103	0	88	0	112	0	104	0	93	0
S42	A	C	76	23	88	0	114	0	107	0	100	0	116	0	103	0
S43	T	G	79	26	99	0	102	0	88	0	95	0	110	0	105	0
S44	T	A	84	14	101	0	114	0	78	0	88	0	100	0	110	0
S45	G	A	81	20	101	0	100	0	116	0	94	0	109	0	92	0
S46	C	G	95	19	115	0	97	0	93	0	103	0	90	0	100	0
S47	C	T	85	24	89	0	92	0	98	0	107	0	103	0	90	0
S48	A	G	81	16	90	0	76	0	96	0	101	0	100	0	90	0
S49	T	A	109	0	109	0	98	0	115	0	101	21	90	11	113	0
S50	A	T	90	0	100	0	90	0	89	0	83	21	97	9	123	0
S51	C	T	105	0	102	0	86	0	93	0	74	20	90	10	103	0
S52	G	T	121	0	93	0	100	0	98	0	87	20	92	12	107	0
S53	A	T	83	0	97	0	112	0	77	0	80	16	83	18	92	0
S54	T	G	94	0	98	0	98	0	96	0	66	20	85	11	102	0
S55	C	T	112	0	117	0	112	0	102	0	77	16	90	13	112	0
S56	T	A	102	0	97	0	94	0	96	0	68	25	86	6	117	0
S57	G	T	104	0	92	0	92	0	100	0	91	22	94	4	102	0
S58	T	G	112	0	100	0	131	0	94	0	80	14	86	9	96	0
