SNVID	Wild	Mut	R2:ref	R2:alt	R3:ref	R3:alt	R4:ref	R4:alt	R6:ref	R6:alt	R1:ref	R1:alt	R5:ref	R5:alt	R7:ref	R7:alt
S1	C	T	74	29	75	34	53	45	38	54	62	32	61	30	64	38
S2	G	C	63	29	79	32	39	52	42	46	77	30	50	34	71	40
S3	G	C	81	32	82	27	57	48	48	58	90	25	72	26	45	43
S4	T	A	57	34	55	30	52	49	30	58	51	32	77	28	68	39
S5	T	C	49	32	89	25	58	50	68	42	87	25	67	30	33	44
S6	G	T	78	24	62	30	54	47	46	52	47	32	78	31	61	38
S7	C	G	95	0	84	0	104	0	57	39	107	0	89	0	96	0
S8	T	G	99	0	91	0	93	0	40	31	101	0	105	0	103	0
S9	A	T	99	0	110	0	92	0	59	29	100	0	100	0	102	0
S10	T	G	94	0	119	0	110	0	73	25	96	0	101	0	75	0
S11	C	G	96	0	101	0	85	0	71	26	107	0	106	0	84	0
S12	C	A	108	0	93	0	101	0	70	23	93	0	100	0	117	0
S13	A	C	108	0	110	0	94	0	57	36	120	0	105	0	91	0
S14	T	C	98	0	106	0	103	0	49	31	108	0	105	0	88	0
S15	G	T	82	34	62	26	61	46	102	3	87	31	59	34	69	29
S16	T	C	68	31	79	28	48	50	89	5	62	34	79	30	77	35
S17	C	A	75	29	75	23	38	52	97	8	76	28	63	28	60	36
S18	A	T	61	33	78	40	48	52	86	6	66	29	93	19	48	46
S19	G	A	116	0	92	0	115	0	104	0	89	0	74	0	70	38
S20	A	T	103	0	107	0	102	0	104	0	94	0	111	0	54	38
S21	A	C	101	0	95	0	91	0	96	0	86	0	97	0	51	44
S22	T	C	118	0	93	0	107	0	98	0	98	0	110	0	105	38
S23	T	A	99	0	98	0	82	0	93	0	93	0	121	0	62	35
S24	A	G	100	0	78	0	98	0	99	0	103	0	107	0	61	42
S25	A	G	85	0	127	0	87	0	114	0	102	0	103	0	55	40
S26	C	T	99	0	101	0	92	0	105	0	107	0	105	0	65	41
S27	T	G	96	0	105	0	90	0	100	0	97	0	101	0	89	34
S28	C	T	76	32	76	28	42	43	92	6	86	31	65	35	100	0
S29	C	A	87	29	66	33	61	43	104	7	59	38	93	27	102	0
S30	C	T	79	31	79	30	78	39	98	7	47	40	46	31	94	0
S31	T	G	75	25	107	0	95	0	117	0	72	26	100	13	116	0
S32	C	T	84	14	113	0	126	0	101	0	93	18	99	13	84	0
S33	C	T	83	17	107	0	91	0	97	0	77	18	77	8	95	0
S34	T	C	86	18	105	0	101	0	97	0	86	24	97	6	92	0
S35	C	A	92	18	99	0	82	0	89	0	84	19	89	13	93	0
S36	C	T	72	18	94	0	106	0	96	0	81	24	87	9	92	0
S37	G	T	82	19	89	0	103	0	110	0	96	10	97	6	102	0
S38	G	C	96	23	107	0	93	0	88	0	67	20	83	6	97	0
S39	A	C	88	19	99	0	87	0	109	0	89	21	100	7	104	0
S40	G	A	69	21	106	0	101	0	99	0	106	0	88	0	95	0
S41	C	A	74	21	86	0	92	0	101	0	101	0	119	0	114	0
S42	G	C	93	17	101	0	104	0	99	0	107	0	100	0	93	0
S43	T	A	86	16	97	0	87	0	99	0	112	0	97	0	95	0
S44	T	A	84	15	91	0	95	0	103	0	99	0	85	0	85	0
S45	T	C	88	16	94	0	99	0	89	0	113	0	90	0	91	0
S46	T	G	99	0	102	0	110	0	98	0	70	25	81	12	113	0
S47	A	T	95	0	106	0	95	0	115	0	83	20	84	11	90	0
S48	C	A	92	0	96	0	99	0	99	0	57	26	92	10	115	0
S49	T	C	93	0	100	0	87	0	92	0	62	18	73	14	101	0
S50	A	C	114	0	103	0	105	0	99	0	65	26	83	13	104	0
S51	G	C	108	0	98	0	89	0	112	0	85	23	76	13	108	0
S52	C	G	88	0	94	0	94	0	87	0	82	20	101	6	94	0
S53	T	A	98	0	91	0	97	0	104	0	72	16	81	11	108	0
S54	A	G	88	0	103	0	96	0	97	0	101	18	89	11	120	0
S55	C	T	102	0	104	0	97	0	91	0	76	24	103	14	90	0
