SNVID	Wild	Mut	R2:ref	R2:alt	R3:ref	R3:alt	R4:ref	R4:alt	R6:ref	R6:alt	R1:ref	R1:alt	R5:ref	R5:alt	R7:ref	R7:alt
S1	C	G	74	31	78	29	47	53	65	49	69	27	77	27	53	48
S2	G	T	78	27	83	32	54	53	37	45	72	21	65	26	63	42
S3	C	T	65	37	67	29	50	48	65	52	87	26	69	28	58	44
S4	T	G	60	34	69	27	58	49	51	50	79	28	56	26	72	45
S5	T	G	73	28	98	25	43	50	72	47	66	29	66	33	58	41
S6	A	G	101	26	61	31	38	56	44	53	66	31	52	30	69	33
S7	G	C	96	27	66	30	64	49	57	49	82	28	87	30	54	44
S8	A	C	59	35	82	29	45	48	58	40	71	26	76	30	78	38
S9	C	G	85	25	87	32	70	35	16	55	75	28	78	28	70	35
S10	A	C	78	29	62	38	35	50	45	43	79	30	65	21	67	45
S11	T	A	112	0	105	0	106	0	74	34	94	0	91	0	99	0
S12	A	C	94	0	123	0	108	0	85	28	108	0	101	0	102	0
S13	G	C	92	0	103	0	94	0	69	33	97	0	101	0	101	0
S14	A	C	90	0	99	0	97	0	70	32	87	0	94	0	88	0
S15	T	A	102	0	103	0	95	0	66	31	93	0	98	0	117	0
S16	G	C	92	0	96	0	107	0	79	28	114	0	93	0	89	0
S17	T	A	90	0	94	0	110	0	76	28	102	0	104	0	110	0
S18	G	A	96	0	100	0	88	0	62	27	100	0	93	0	87	0
S19	A	T	103	0	97	0	98	0	67	28	123	0	103	0	120	0
S20	A	C	99	0	97	0	102	0	66	31	109	0	97	0	94	0
S21	G	T	71	28	58	31	75	43	102	3	74	26	84	26	69	40
S22	A	G	70	34	67	38	65	49	103	3	88	24	70	37	72	38
S23	T	C	71	32	83	20	57	55	103	2	61	26	56	29	55	44
S24	T	G	115	0	109	0	103	0	104	0	104	0	94	0	63	44
S25	C	G	90	0	89	0	107	0	89	0	107	0	107	0	68	37
S26	T	C	94	0	81	0	106	0	107	0	121	0	103	0	70	31
S27	G	A	87	0	105	0	102	0	111	0	88	0	93	0	45	50
S28	T	A	118	0	109	0	99	0	89	0	94	0	101	0	59	40
S29	A	T	102	0	84	0	102	0	104	0	106	0	89	0	52	43
S30	A	T	96	0	95	0	115	0	95	0	79	0	99	0	55	29
S31	T	C	95	0	125	0	109	0	113	0	100	0	106	0	73	35
S32	T	C	101	0	99	0	94	0	106	0	95	0	93	0	47	39
S33	G	A	98	0	94	0	105	0	97	0	88	0	112	0	63	33
S34	G	A	57	38	55	34	56	45	84	10	71	23	77	27	103	0
S35	G	T	78	34	63	28	56	43	96	7	70	34	69	35	100	0
S36	A	C	64	26	58	36	55	44	88	3	79	34	75	30	96	0
S37	G	A	72	31	52	27	57	42	85	6	67	32	73	24	92	0
S38	A	C	66	25	71	27	60	45	104	2	86	25	65	38	89	0
S39	A	C	63	37	66	28	62	37	90	4	56	24	70	27	110	0
S40	G	A	58	34	74	30	56	40	97	1	40	38	83	33	99	0
S41	C	A	74	26	75	29	60	42	98	3	90	22	65	24	89	0
S42	C	T	75	21	110	0	102	0	95	0	86	21	67	12	87	0
S43	A	G	72	20	92	0	114	0	91	0	91	16	91	8	89	0
S44	G	C	66	24	108	0	86	0	90	0	93	25	86	14	97	0
S45	A	C	86	20	100	0	102	0	93	0	70	24	89	8	71	0
S46	A	C	90	15	109	0	86	0	105	0	92	0	106	0	123	0
S47	C	G	79	19	100	0	97	0	114	0	99	0	96	0	89	0
S48	G	T	97	17	93	0	112	0	108	0	112	0	113	0	105	0
S49	A	C	76	17	84	0	87	0	89	0	105	0	111	0	103	0
S50	G	C	77	16	100	0	98	0	98	0	90	0	94	0	85	0
S51	A	G	75	17	109	0	79	0	105	0	101	0	103	0	113	0
S52	T	A	77	19	94	0	110	0	107	0	109	0	110	0	114	0
S53	G	T	83	24	96	0	103	0	92	0	92	0	95	0	107	0
S54	C	G	116	0	81	0	103	0	90	0	81	21	74	13	96	0
S55	T	G	81	0	120	0	96	0	87	0	64	17	88	13	117	0
S56	T	A	109	0	90	0	123	0	116	0	71	17	89	15	121	0
S57	A	C	97	0	92	0	92	0	107	0	91	29	96	10	140	0
