SNVID	Wild	Mut	R2:ref	R2:alt	R3:ref	R3:alt	R4:ref	R4:alt	R6:ref	R6:alt	R1:ref	R1:alt	R5:ref	R5:alt	R7:ref	R7:alt
S1	C	A	87	24	72	18	32	57	44	50	76	25	83	30	64	42
S2	A	T	73	25	62	32	62	47	63	48	67	33	61	26	58	45
S3	T	G	79	28	87	26	41	63	51	52	61	31	50	36	61	42
S4	T	C	78	29	69	31	37	49	52	51	86	25	68	27	53	44
S5	G	C	59	31	79	27	45	53	41	55	74	29	79	30	70	35
S6	A	T	66	28	75	29	31	46	52	53	89	33	60	37	51	47
S7	G	T	96	0	108	0	120	0	76	29	99	0	91	0	98	0
S8	C	A	98	0	98	0	106	0	88	28	108	0	99	0	96	0
S9	G	T	102	0	101	0	113	0	58	27	99	0	104	0	93	0
S10	G	A	116	0	104	0	97	0	78	23	90	0	95	0	103	0
S11	A	G	66	28	63	34	54	50	98	7	78	33	75	29	53	43
S12	A	T	64	29	39	38	58	51	98	5	44	33	54	37	59	45
S13	A	T	74	38	54	31	74	46	98	5	81	26	51	42	55	46
S14	C	A	101	0	102	0	101	0	93	0	105	0	97	0	70	39
S15	T	G	87	0	86	0	86	0	111	0	114	0	100	0	77	31
S16	A	C	109	0	98	0	112	0	107	0	94	0	91	0	38	50
S17	G	A	83	0	99	0	116	0	104	0	95	0	108	0	61	41
S18	T	G	69	29	65	28	63	39	91	2	81	26	73	32	84	0
S19	T	G	80	24	55	40	73	36	108	5	54	29	68	33	94	0
S20	A	T	77	32	57	36	58	38	89	4	77	33	60	34	108	0
S21	G	T	74	27	65	37	81	39	89	5	76	30	72	30	87	0
S22	G	T	76	33	71	30	69	35	107	8	83	30	84	29	112	0
S23	G	T	65	30	64	30	57	40	108	6	57	33	70	28	101	0
S24	T	A	68	24	103	0	104	0	109	0	72	25	84	4	99	0
S25	A	C	92	15	107	0	104	0	110	0	89	15	97	7	91	0
S26	G	T	85	19	94	0	106	0	107	0	62	24	104	8	91	0
S27	C	G	97	25	114	0	99	0	110	0	96	15	94	9	72	0
S28	T	A	99	21	105	0	104	0	110	0	73	29	92	12	85	0
S29	C	A	78	21	108	0	97	0	117	0	86	23	98	9	91	0
S30	G	T	72	14	109	0	108	0	107	0	79	17	86	8	92	0
S31	C	T	88	22	102	0	109	0	99	0	91	16	90	12	99	0
S32	A	C	77	13	109	0	103	0	88	0	86	18	92	11	76	0
S33	G	C	83	20	85	0	95	0	107	0	113	0	98	0	124	0
S34	C	A	84	23	99	0	101	0	99	0	102	0	95	0	92	0
S35	T	G	96	13	95	0	103	0	124	0	88	0	96	0	109	0
S36	G	T	101	0	93	0	105	0	115	0	95	20	105	7	110	0
S37	T	A	107	0	101	0	124	0	114	0	76	27	94	7	98	0
S38	G	T	88	0	98	0	105	0	100	0	62	25	94	6	113	0
S39	G	C	101	0	95	0	117	0	101	0	74	18	74	11	106	0
S40	T	A	91	0	113	0	84	0	94	0	86	22	70	8	76	0
S41	G	T	98	0	102	0	87	0	93	0	80	19	111	9	94	0
S42	C	T	100	0	92	0	99	0	97	0	69	22	96	8	92	0
