SNVID	Wild	Mut	R2:ref	R2:alt	R3:ref	R3:alt	R4:ref	R4:alt	R6:ref	R6:alt	R1:ref	R1:alt	R5:ref	R5:alt	R7:ref	R7:alt
S1	G	T	69	36	68	33	42	54	49	47	57	38	88	27	63	42
S2	G	T	73	26	61	31	57	52	72	43	70	31	80	35	50	46
S3	G	C	71	34	77	24	58	44	63	54	49	28	80	30	53	35
S4	A	G	62	27	73	33	59	48	85	41	77	36	79	22	56	37
S5	C	G	84	32	85	27	58	49	63	43	73	24	71	34	66	47
S6	A	G	63	31	74	35	40	56	36	56	77	29	85	29	43	42
S7	T	A	53	38	53	36	56	51	19	69	71	28	70	36	73	39
S8	T	A	67	29	63	27	59	50	76	46	79	31	55	31	54	37
S9	C	G	94	0	111	0	103	0	82	34	106	0	105	0	106	0
S10	T	A	114	0	106	0	84	0	78	30	97	0	110	0	103	0
S11	T	G	120	0	109	0	89	0	76	25	103	0	105	0	95	0
S12	C	T	70	32	70	23	29	53	106	10	58	36	78	31	44	45
S13	A	C	61	26	60	38	60	42	97	2	59	31	63	37	59	39
S14	T	C	73	29	88	23	39	54	92	6	88	22	67	35	60	37
S15	A	C	78	29	91	24	68	39	100	6	72	31	76	27	50	41
S16	T	G	60	29	51	36	38	43	88	3	66	32	76	30	68	33
S17	A	C	70	23	90	26	36	54	78	4	63	33	55	34	70	42
S18	C	G	86	32	62	31	44	48	109	3	65	37	78	29	74	35
S19	A	T	109	0	113	0	108	0	86	0	118	0	115	0	55	42
S20	T	G	104	0	108	0	112	0	98	0	103	0	102	0	43	51
S21	G	C	87	0	110	0	96	0	85	0	108	0	84	0	75	38
S22	C	T	120	0	84	0	80	0	100	0	112	0	113	0	63	37
S23	A	C	110	0	112	0	84	0	83	0	103	0	96	0	62	46
S24	C	A	107	0	90	0	108	0	100	0	84	0	83	0	55	47
S25	T	C	101	0	86	0	101	0	90	0	92	0	100	0	60	43
S26	A	C	75	33	56	27	51	46	91	4	73	30	66	35	76	0
S27	G	T	65	35	73	31	49	49	96	6	67	32	74	32	102	0
S28	G	A	76	22	71	29	77	37	103	6	80	29	58	33	107	0
S29	A	G	63	33	68	30	72	37	93	8	84	27	76	29	103	0
S30	T	G	56	37	86	26	67	29	98	3	64	37	48	36	97	0
S31	C	G	59	32	61	36	46	42	98	3	72	32	60	29	108	0
S32	C	A	54	32	75	33	56	42	94	5	79	29	74	36	104	0
S33	A	G	67	29	53	36	67	40	100	5	54	33	66	34	95	0
S34	A	T	93	11	106	0	93	0	81	0	66	25	105	10	112	0
S35	A	C	76	26	96	0	112	0	95	0	78	22	102	11	103	0
S36	A	G	76	18	99	0	111	0	95	0	78	21	74	12	106	0
S37	G	A	77	20	109	0	88	0	101	0	71	23	73	13	111	0
S38	A	T	72	19	106	0	116	0	93	0	75	19	97	9	117	0
S39	T	A	84	13	100	0	69	0	82	0	70	15	97	6	88	0
S40	C	G	61	20	101	0	102	0	92	0	94	17	90	12	88	0
S41	C	T	65	23	85	0	113	0	84	0	89	18	79	12	94	0
S42	G	C	83	15	102	0	94	0	118	0	70	16	80	20	91	0
S43	G	T	90	18	97	0	83	0	115	0	81	19	75	9	105	0
S44	A	T	70	22	109	0	95	0	99	0	119	0	105	0	82	0
S45	A	C	90	20	110	0	87	0	93	0	102	0	124	0	99	0
S46	C	A	82	21	107	0	103	0	119	0	116	0	85	0	91	0
S47	C	A	92	0	110	0	96	0	90	0	81	19	89	6	95	0
S48	G	A	107	0	105	0	118	0	107	0	73	24	89	10	101	0
S49	G	A	115	0	125	0	112	0	109	0	81	17	83	10	96	0
S50	G	T	101	0	85	0	98	0	98	0	72	20	93	14	91	0
S51	A	T	124	0	99	0	104	0	98	0	80	19	86	17	108	0
S52	A	C	81	0	107	0	112	0	105	0	91	18	93	12	97	0
