SNVID	Wild	Mut	R2:ref	R2:alt	R3:ref	R3:alt	R4:ref	R4:alt	R6:ref	R6:alt	R1:ref	R1:alt	R5:ref	R5:alt	R7:ref	R7:alt
S1	T	G	72	24	64	32	41	52	61	43	75	35	75	32	55	47
S2	G	T	70	22	67	32	43	49	71	48	66	29	68	34	41	41
S3	G	T	52	34	87	29	49	47	51	50	63	31	72	25	80	36
S4	A	T	78	20	81	26	60	49	36	63	66	34	75	26	44	43
S5	G	A	74	29	88	27	74	46	72	47	65	37	67	34	87	30
S6	A	C	66	28	76	28	47	54	71	44	82	32	68	31	81	32
S7	C	G	104	0	109	0	104	0	54	29	103	0	99	0	99	0
S8	G	T	107	0	90	0	104	0	52	29	105	0	106	0	94	0
S9	C	A	66	0	91	0	102	0	47	40	117	0	131	0	97	0
S10	C	A	98	0	119	0	100	0	61	36	103	0	116	0	104	0
S11	T	A	79	32	84	27	44	52	101	3	60	41	70	28	81	35
S12	C	A	65	38	67	33	53	52	103	4	48	33	74	34	55	42
S13	G	T	75	25	69	31	71	46	94	5	82	39	52	31	55	42
S14	A	C	101	29	69	27	63	49	86	5	84	32	82	35	76	36
S15	C	T	81	29	72	32	49	46	89	7	63	29	63	35	51	45
S16	C	A	69	30	74	30	53	56	94	4	77	33	92	34	37	52
S17	A	T	96	0	84	0	100	0	94	0	88	0	114	0	57	39
S18	A	C	95	0	113	0	96	0	100	0	107	0	101	0	57	38
S19	A	G	95	0	80	0	111	0	103	0	97	0	108	0	66	35
S20	T	G	94	0	83	0	98	0	97	0	115	0	88	0	66	51
S21	A	G	77	30	49	28	66	43	98	2	73	31	77	33	110	0
S22	G	T	64	30	83	34	67	38	84	3	73	30	81	25	88	0
S23	G	C	54	34	84	32	56	40	96	4	80	28	72	24	104	0
S24	G	C	53	31	86	32	61	44	85	6	67	24	74	28	89	0
S25	A	G	60	26	76	23	48	43	80	3	62	25	76	34	90	0
S26	C	A	60	29	49	32	78	38	96	7	89	32	64	34	83	0
S27	A	C	69	23	66	31	35	42	91	3	59	37	65	25	106	0
S28	G	C	69	23	90	0	104	0	108	0	93	10	69	10	85	0
S29	A	C	85	20	108	0	93	0	95	0	84	17	79	12	98	0
S30	A	G	77	16	103	0	122	0	95	0	82	22	83	12	86	0
S31	C	G	76	20	97	0	99	0	117	0	65	19	93	12	93	0
S32	G	T	94	20	111	0	89	0	109	0	65	20	99	2	90	0
S33	C	T	89	15	107	0	92	0	107	0	70	16	93	10	97	0
S34	T	A	80	18	83	0	102	0	90	0	75	25	75	8	102	0
S35	C	A	89	18	97	0	118	0	102	0	91	25	73	17	90	0
S36	T	A	91	14	99	0	105	0	97	0	94	15	73	13	110	0
S37	C	G	95	16	108	0	88	0	108	0	59	17	90	14	107	0
S38	G	A	58	33	92	0	100	0	127	0	97	0	94	0	100	0
S39	G	A	59	22	97	0	104	0	97	0	102	0	104	0	85	0
S40	T	G	76	25	99	0	109	0	101	0	101	0	93	0	81	0
S41	A	G	105	21	94	0	93	0	111	0	95	0	109	0	111	0
S42	T	G	95	15	78	0	107	0	108	0	89	0	95	0	107	0
S43	T	C	67	22	122	0	100	0	108	0	88	0	106	0	99	0
S44	C	T	93	17	91	0	86	0	94	0	114	0	104	0	91	0
S45	A	G	79	18	100	0	96	0	107	0	88	0	111	0	109	0
S46	G	T	103	0	101	0	80	0	119	0	68	26	75	9	93	0
S47	A	G	86	0	115	0	100	0	89	0	75	18	100	8	85	0
S48	T	A	121	0	107	0	89	0	95	0	77	17	94	11	92	0
S49	A	C	108	0	95	0	90	0	94	0	61	22	94	13	113	0
S50	T	C	125	0	95	0	90	0	109	0	70	30	91	5	115	0
S51	G	C	86	0	110	0	88	0	106	0	97	16	99	9	80	0
S52	G	A	83	0	101	0	117	0	95	0	81	21	103	10	117	0
S53	G	C	106	0	86	0	99	0	102	0	80	19	93	12	89	0
