SNVID	Wild	Mut	R2:ref	R2:alt	R3:ref	R3:alt	R4:ref	R4:alt	R6:ref	R6:alt	R1:ref	R1:alt	R5:ref	R5:alt	R7:ref	R7:alt
S1	T	C	67	22	69	22	55	49	57	48	67	33	65	30	70	44
S2	A	C	61	33	59	33	73	45	48	51	74	24	73	30	43	39
S3	G	A	91	26	72	29	29	53	49	45	60	28	76	25	62	34
S4	T	A	73	31	94	30	39	48	55	49	73	34	65	37	62	37
S5	C	A	74	18	76	30	59	48	62	45	84	28	79	32	73	29
S6	A	G	76	26	55	34	56	53	46	50	55	35	75	28	68	43
S7	G	C	73	30	106	26	37	57	63	48	69	29	84	30	45	46
S8	C	G	107	0	103	0	116	0	67	33	89	0	83	0	101	0
S9	G	T	91	0	111	0	101	0	65	27	81	0	107	0	95	0
S10	T	C	105	0	97	0	103	0	95	28	85	0	94	0	97	0
S11	T	C	99	0	102	0	123	0	77	26	79	0	101	0	104	0
S12	T	A	95	0	106	0	111	0	59	32	92	0	107	0	93	0
S13	C	T	110	0	112	0	111	0	62	24	110	0	107	0	108	0
S14	G	C	108	0	112	0	127	0	73	27	100	0	110	0	101	0
S15	G	T	103	0	103	0	94	0	87	24	92	0	95	0	108	0
S16	C	A	98	29	77	29	54	48	72	8	83	24	73	25	65	40
S17	T	G	89	23	72	23	45	52	102	6	83	31	65	34	54	38
S18	T	A	59	29	81	33	54	53	89	6	57	29	95	26	51	44
S19	A	C	84	32	80	28	35	57	94	7	83	31	65	33	62	44
S20	C	T	74	29	81	32	60	53	102	6	59	32	79	27	57	34
S21	A	C	78	32	61	36	52	50	109	6	78	26	77	26	76	36
S22	G	A	105	0	94	0	96	0	96	0	97	0	99	0	30	53
S23	G	T	96	0	108	0	114	0	108	0	114	0	82	0	49	47
S24	C	T	95	0	101	0	96	0	114	0	97	0	100	0	68	36
S25	C	T	94	0	106	0	120	0	94	0	106	0	114	0	82	38
S26	G	T	85	0	93	0	110	0	96	0	105	0	85	0	57	41
S27	G	T	77	28	70	28	47	46	99	5	64	32	61	38	103	0
S28	C	T	60	30	69	37	68	40	108	9	82	24	44	31	99	0
S29	A	T	71	30	86	26	40	38	101	5	67	33	84	22	87	0
S30	T	C	64	33	80	32	74	52	98	4	88	22	65	29	106	0
S31	G	C	76	30	79	25	63	40	81	4	82	26	58	26	119	0
S32	A	C	73	28	57	37	59	33	105	6	49	36	66	36	96	0
S33	A	C	70	16	86	0	108	0	87	0	82	23	101	8	106	0
S34	G	C	108	12	97	0	114	0	117	0	82	20	101	15	99	0
S35	A	T	92	17	96	0	91	0	112	0	87	14	99	11	101	0
S36	T	A	82	21	108	0	106	0	96	0	86	0	97	0	102	0
S37	A	G	70	20	115	0	118	0	104	0	108	0	113	0	92	0
S38	A	G	68	25	115	0	107	0	132	0	96	0	112	0	117	0
S39	C	G	59	26	114	0	91	0	94	0	95	0	99	0	105	0
S40	A	C	78	21	103	0	112	0	99	0	91	0	98	0	122	0
S41	C	A	50	22	102	0	104	0	96	0	103	0	105	0	130	0
S42	A	G	77	22	103	0	94	0	97	0	113	0	89	0	97	0
S43	C	G	71	25	111	0	127	0	99	0	106	0	104	0	119	0
S44	T	C	101	0	87	0	110	0	110	0	91	23	93	12	102	0
S45	G	C	113	0	125	0	94	0	83	0	85	20	87	8	94	0
S46	T	C	107	0	112	0	105	0	98	0	94	15	93	8	90	0
S47	G	T	101	0	94	0	97	0	94	0	78	17	91	5	96	0
S48	G	C	100	0	93	0	82	0	103	0	89	22	105	15	102	0
S49	A	T	85	0	102	0	109	0	98	0	86	15	99	9	103	0
S50	A	G	101	0	91	0	93	0	107	0	83	21	96	7	88	0
S51	C	A	85	0	95	0	101	0	105	0	74	18	89	12	97	0
S52	A	C	103	0	118	0	114	0	108	0	77	18	88	11	78	0
