SNVID	Wild	Mut	R2:ref	R2:alt	R3:ref	R3:alt	R4:ref	R4:alt	R6:ref	R6:alt	R1:ref	R1:alt	R5:ref	R5:alt	R7:ref	R7:alt
S1	C	G	54	40	59	33	72	48	27	51	73	35	57	36	53	48
S2	C	T	81	29	54	33	69	48	49	62	51	33	79	28	58	42
S3	C	G	66	28	80	34	56	41	32	53	59	32	75	28	71	37
S4	T	C	78	34	84	30	36	52	85	49	56	35	62	27	71	28
S5	C	T	102	0	88	0	98	0	64	35	112	0	114	0	89	0
S6	A	C	111	0	97	0	96	0	73	20	115	0	89	0	105	0
S7	A	T	106	0	100	0	89	0	78	25	115	0	97	0	105	0
S8	A	T	101	0	112	0	104	0	69	27	93	0	91	0	110	0
S9	C	G	85	30	59	34	50	49	123	5	69	30	71	27	68	33
S10	C	G	77	29	57	26	60	51	84	8	72	27	65	34	41	42
S11	A	T	55	35	69	27	69	38	115	3	64	30	65	29	43	45
S12	C	G	84	30	79	27	45	57	102	8	79	22	76	28	46	39
S13	C	A	69	32	66	35	45	51	97	5	74	31	66	32	45	44
S14	C	G	61	28	81	31	38	56	92	4	71	29	60	38	55	43
S15	T	C	73	31	67	30	49	46	92	8	79	34	62	23	40	45
S16	T	C	89	24	63	36	42	55	92	4	68	25	73	28	56	37
S17	G	C	91	0	107	0	97	0	127	0	99	0	123	0	48	44
S18	A	G	83	0	99	0	107	0	100	0	92	0	96	0	73	38
S19	C	T	92	0	82	0	109	0	113	0	112	0	93	0	61	51
S20	C	G	88	0	105	0	88	0	93	0	94	0	84	0	79	36
S21	A	G	123	0	92	0	103	0	107	0	103	0	83	0	57	33
S22	G	A	85	0	102	0	96	0	85	0	110	0	120	0	81	40
S23	A	C	69	28	95	27	58	38	98	3	63	34	63	28	83	0
S24	A	G	74	27	72	37	53	51	94	3	57	33	81	32	83	0
S25	C	T	58	35	87	29	43	47	103	2	86	26	69	35	96	0
S26	C	A	48	30	69	26	67	41	102	5	61	32	54	33	78	0
S27	T	A	45	27	108	0	118	0	101	0	66	26	80	10	99	0
S28	T	C	90	24	106	0	105	0	96	0	96	20	100	13	119	0
S29	T	A	77	20	87	0	96	0	94	0	66	23	94	9	120	0
S30	A	C	65	23	101	0	95	0	111	0	91	20	83	5	112	0
S31	T	A	97	13	90	0	109	0	97	0	108	0	99	0	82	0
S32	G	C	70	20	108	0	101	0	103	0	103	0	93	0	96	0
S33	T	C	77	18	115	0	99	0	116	0	111	0	104	0	101	0
S34	T	A	69	25	113	0	86	0	93	0	92	0	89	0	109	0
S35	G	C	64	13	117	0	113	0	102	0	109	0	115	0	95	0
S36	C	A	65	23	102	0	90	0	94	0	92	0	108	0	84	0
S37	G	T	104	0	107	0	92	0	96	0	84	18	88	7	89	0
S38	A	G	96	0	113	0	88	0	105	0	86	22	77	12	101	0
S39	C	A	99	0	101	0	106	0	111	0	77	21	71	14	101	0
S40	T	A	110	0	90	0	113	0	101	0	82	20	95	7	78	0
