SNVID	Wild	Mut	R2:ref	R2:alt	R3:ref	R3:alt	R4:ref	R4:alt	R6:ref	R6:alt	R1:ref	R1:alt	R5:ref	R5:alt	R7:ref	R7:alt
S1	A	G	78	27	71	39	47	49	52	41	57	42	74	32	18	50
S2	T	A	61	32	83	23	48	55	37	51	76	27	78	41	76	31
S3	T	G	65	29	61	32	54	47	46	52	67	35	62	36	70	36
S4	T	A	71	36	43	42	62	40	47	53	70	31	62	29	48	42
S5	G	C	70	30	83	24	61	45	59	43	73	28	77	22	77	37
S6	G	T	64	33	78	30	39	52	51	53	73	28	61	33	68	38
S7	G	T	91	34	71	31	52	45	50	53	64	41	42	37	73	38
S8	C	A	97	0	103	0	102	0	74	31	99	0	112	0	98	0
S9	A	C	80	0	96	0	102	0	65	29	95	0	96	0	85	0
S10	C	A	114	0	99	0	93	0	61	31	99	0	105	0	111	0
S11	A	G	104	0	93	0	106	0	53	36	98	0	96	0	96	0
S12	G	C	109	0	111	0	89	0	78	27	119	0	97	0	97	0
S13	T	A	105	0	88	0	97	0	80	26	116	0	104	0	102	0
S14	A	C	96	0	102	0	94	0	66	30	103	0	101	0	105	0
S15	G	A	99	0	99	0	102	0	64	31	97	0	101	0	92	0
S16	A	G	92	0	95	0	110	0	66	33	105	0	98	0	93	0
S17	G	C	120	0	100	0	88	0	93	26	107	0	104	0	99	0
S18	G	T	62	30	61	31	62	52	85	2	77	29	60	35	60	43
S19	A	G	77	25	72	25	59	41	73	8	73	31	63	35	62	45
S20	G	T	90	22	66	36	60	45	90	5	67	31	62	29	51	46
S21	G	T	89	0	100	0	71	0	92	0	102	0	92	0	56	47
S22	C	T	91	0	94	0	98	0	87	0	98	0	92	0	59	41
S23	G	T	108	0	133	0	111	0	88	0	97	0	110	0	67	31
S24	A	C	95	0	106	0	97	0	90	0	89	0	111	0	75	32
S25	C	A	103	0	92	0	97	0	106	0	93	0	101	0	84	40
S26	C	G	92	0	91	0	100	0	92	0	100	0	108	0	57	46
S27	T	G	109	0	82	0	100	0	122	0	100	0	109	0	47	43
S28	A	C	83	0	81	0	112	0	93	0	94	0	112	0	56	44
S29	C	G	75	40	60	25	81	36	98	2	84	28	73	31	103	0
S30	C	G	63	34	78	22	71	49	95	3	61	36	82	33	99	0
S31	T	A	62	30	39	34	59	39	85	5	71	32	70	29	100	0
S32	A	C	85	26	59	36	40	53	104	5	69	24	63	33	101	0
S33	A	C	42	33	43	38	71	36	82	5	60	39	51	36	95	0
S34	C	G	81	20	67	39	50	43	99	8	61	35	55	32	101	0
S35	C	A	74	32	49	41	55	34	97	6	82	27	62	28	100	0
S36	T	G	61	44	54	31	59	38	98	6	58	33	88	27	119	0
S37	A	C	73	26	56	39	59	32	87	6	65	32	87	27	94	0
S38	T	C	77	26	70	30	54	45	98	3	72	32	60	30	94	0
S39	G	T	76	25	89	0	89	0	103	0	92	16	82	12	103	0
S40	G	C	88	17	113	0	92	0	108	0	77	21	85	7	82	0
S41	T	C	92	21	90	0	102	0	87	0	87	8	69	10	95	0
S42	G	C	82	19	92	0	89	0	102	0	77	18	84	13	86	0
S43	G	A	83	20	95	0	107	0	113	0	71	28	100	10	102	0
S44	C	A	82	20	105	0	99	0	121	0	123	0	103	0	101	0
S45	G	A	92	25	100	0	119	0	103	0	91	0	96	0	109	0
S46	T	G	86	15	100	0	97	0	83	0	107	0	96	0	99	0
S47	A	T	85	22	90	0	116	0	98	0	92	0	91	0	97	0
S48	G	A	65	16	93	0	85	0	101	0	106	0	104	0	96	0
S49	A	C	94	0	89	0	91	0	109	0	72	15	117	5	108	0
S50	T	C	94	0	101	0	86	0	101	0	72	17	64	8	97	0
S51	A	T	98	0	120	0	96	0	114	0	93	15	83	11	98	0
