SNVID	Wild	Mut	R2:ref	R2:alt	R3:ref	R3:alt	R4:ref	R4:alt	R6:ref	R6:alt	R1:ref	R1:alt	R5:ref	R5:alt	R7:ref	R7:alt
S1	C	A	71	33	84	24	61	47	55	44	79	37	71	28	63	41
S2	T	C	90	22	69	28	42	52	51	53	71	28	67	36	55	40
S3	A	C	73	33	64	30	39	54	50	51	64	26	50	30	62	44
S4	G	T	71	26	58	25	43	46	47	50	89	28	75	32	85	30
S5	A	G	98	0	129	0	94	0	62	28	104	0	93	0	112	0
S6	C	A	113	0	98	0	98	0	73	18	98	0	98	0	109	0
S7	C	A	106	0	101	0	104	0	75	29	114	0	116	0	100	0
S8	A	T	52	32	64	30	54	43	102	6	65	33	85	30	47	45
S9	C	G	82	23	73	24	53	41	83	9	72	32	84	37	66	36
S10	G	C	62	24	82	20	46	42	99	6	72	34	67	27	63	39
S11	T	A	92	23	73	31	43	45	97	5	60	30	66	30	61	43
S12	T	C	71	28	71	24	35	54	93	3	66	34	85	31	67	37
S13	A	C	69	30	47	35	65	51	90	7	63	28	78	32	37	44
S14	T	A	80	26	66	37	39	54	99	7	68	34	76	31	59	35
S15	G	A	73	26	96	28	50	44	78	9	66	32	86	16	50	45
S16	A	C	68	31	68	34	42	48	100	5	58	33	68	33	57	34
S17	G	A	54	42	72	33	55	40	103	9	83	28	72	32	69	43
S18	G	T	91	0	101	0	92	0	114	0	90	0	104	0	53	33
S19	G	T	89	0	99	0	96	0	105	0	97	0	91	0	36	45
S20	A	T	87	0	89	0	109	0	95	0	88	0	98	0	48	43
S21	C	G	61	38	75	28	56	34	79	5	55	37	64	30	90	0
S22	G	C	76	27	73	29	96	39	89	10	79	31	60	35	94	0
S23	C	A	56	27	80	31	79	36	100	6	55	34	71	25	114	0
S24	C	T	86	22	62	35	66	32	86	1	66	23	90	20	108	0
S25	C	A	67	27	84	24	57	39	99	7	57	37	72	29	126	0
S26	A	G	67	31	56	36	65	37	105	3	69	29	54	36	109	0
S27	T	C	76	33	77	29	63	41	86	6	65	28	58	32	105	0
S28	C	A	83	31	88	35	74	31	94	5	72	29	51	34	105	0
S29	T	C	86	23	122	0	103	0	107	0	72	25	94	15	92	0
S30	A	C	97	22	119	0	116	0	116	0	79	15	88	16	85	0
S31	G	T	86	18	102	0	83	0	109	0	68	24	93	12	90	0
S32	T	C	89	27	116	0	97	0	106	0	104	21	78	14	90	0
S33	A	C	75	19	101	0	88	0	100	0	60	26	95	9	109	0
S34	A	G	79	20	86	0	93	0	103	0	101	15	80	8	87	0
S35	T	A	81	19	91	0	110	0	112	0	81	23	77	10	104	0
S36	C	G	90	23	104	0	113	0	103	0	56	26	88	13	83	0
S37	G	C	77	20	112	0	114	0	95	0	63	20	92	5	113	0
S38	T	G	71	22	93	0	91	0	84	0	85	11	85	14	107	0
S39	T	G	75	20	79	0	98	0	122	0	88	0	110	0	117	0
S40	C	G	107	20	105	0	99	0	95	0	108	0	101	0	116	0
S41	T	C	69	23	97	0	96	0	86	0	96	0	104	0	99	0
S42	T	G	89	26	105	0	100	0	99	0	102	0	97	0	99	0
S43	A	G	100	0	93	0	97	0	121	0	95	21	69	18	99	0
S44	A	C	111	0	113	0	108	0	107	0	90	22	94	8	96	0
S45	C	A	105	0	121	0	97	0	102	0	80	18	89	8	110	0
S46	A	T	106	0	104	0	107	0	102	0	82	19	83	14	109	0
S47	G	C	111	0	101	0	97	0	84	0	81	20	87	8	94	0
S48	C	G	99	0	123	0	89	0	113	0	81	16	103	11	94	0
