SNVID	Wild	Mut	R2:ref	R2:alt	R3:ref	R3:alt	R4:ref	R4:alt	R6:ref	R6:alt	R1:ref	R1:alt	R5:ref	R5:alt	R7:ref	R7:alt
S1	T	A	53	28	95	26	69	43	57	44	57	34	69	24	73	39
S2	C	G	58	31	87	22	37	58	41	52	79	33	50	24	54	34
S3	C	A	51	37	79	30	76	39	51	53	73	32	89	23	26	46
S4	G	C	70	31	57	32	52	56	40	49	86	22	70	28	67	36
S5	T	G	93	27	57	33	38	53	54	44	88	29	76	38	61	45
S6	T	G	93	0	132	0	101	0	67	33	85	0	104	0	105	0
S7	T	A	99	0	78	0	100	0	84	27	89	0	106	0	108	0
S8	A	T	102	0	107	0	93	0	81	31	99	0	96	0	120	0
S9	T	G	110	0	96	0	100	0	66	34	103	0	101	0	103	0
S10	A	T	105	0	89	0	91	0	59	34	100	0	102	0	92	0
S11	C	T	98	0	102	0	99	0	64	34	103	0	97	0	115	0
S12	G	T	92	0	113	0	84	0	73	26	94	0	114	0	84	0
S13	T	G	97	0	103	0	95	0	70	32	106	0	107	0	79	0
S14	C	A	104	23	60	36	51	43	93	8	77	30	54	30	69	26
S15	A	G	47	29	73	27	40	60	112	4	63	26	66	27	55	34
S16	T	G	83	21	72	33	39	43	78	3	72	32	70	23	55	38
S17	A	T	89	0	131	0	100	0	99	0	101	0	96	0	56	48
S18	G	A	103	0	91	0	85	0	104	0	93	0	91	0	54	40
S19	G	A	125	0	106	0	94	0	106	0	98	0	134	0	57	33
S20	T	C	103	0	113	0	111	0	92	0	102	0	90	0	73	40
S21	C	A	106	0	104	0	110	0	97	0	109	0	113	0	59	42
S22	A	T	95	0	110	0	91	0	96	0	103	0	105	0	52	46
S23	T	A	110	0	88	0	98	0	100	0	111	0	120	0	78	36
S24	T	G	108	0	99	0	117	0	112	0	101	0	117	0	69	43
S25	A	T	90	0	107	0	127	0	92	0	80	0	114	0	68	32
S26	C	T	66	31	62	32	94	29	101	2	61	30	71	26	89	0
S27	T	G	67	30	70	33	62	43	107	5	62	33	65	27	85	0
S28	T	G	60	41	77	29	67	43	102	6	59	31	70	34	112	0
S29	A	G	79	24	97	0	114	0	90	0	83	20	90	11	89	0
S30	T	C	78	28	90	0	112	0	83	0	77	17	97	9	97	0
S31	G	A	77	25	117	0	122	0	93	0	80	24	89	4	102	0
S32	A	G	80	17	100	0	93	0	100	0	76	19	85	15	83	0
S33	G	T	85	15	93	0	84	0	99	0	84	23	90	6	88	0
S34	C	G	91	21	94	0	92	0	78	0	84	20	74	15	126	0
S35	A	C	72	24	88	0	87	0	106	0	108	0	121	0	99	0
S36	A	C	85	16	117	0	103	0	115	0	102	0	102	0	98	0
S37	G	T	90	21	110	0	90	0	80	0	86	0	94	0	106	0
S38	G	C	69	30	99	0	96	0	100	0	115	0	96	0	104	0
S39	G	C	107	0	107	0	96	0	84	0	77	17	119	12	115	0
S40	G	A	118	0	125	0	97	0	86	0	73	21	68	8	88	0
S41	C	G	93	0	111	0	95	0	101	0	88	15	89	10	85	0
S42	T	G	107	0	87	0	115	0	112	0	86	18	80	16	108	0
S43	C	G	84	0	105	0	99	0	92	0	77	21	90	6	97	0
S44	A	G	92	0	93	0	96	0	113	0	75	19	103	11	107	0
S45	T	C	87	0	100	0	99	0	103	0	81	23	103	11	101	0
S46	A	C	100	0	103	0	94	0	110	0	70	18	76	6	92	0
S47	T	G	101	0	93	0	98	0	105	0	94	15	93	14	95	0
