SNVID	Wild	Mut	R2:ref	R2:alt	R3:ref	R3:alt	R4:ref	R4:alt	R6:ref	R6:alt	R1:ref	R1:alt	R5:ref	R5:alt	R7:ref	R7:alt
S1	A	T	86	26	80	25	64	57	64	45	72	35	65	28	59	37
S2	A	C	68	36	72	27	49	56	58	39	66	29	61	28	75	35
S3	C	G	54	37	48	41	44	48	61	48	70	29	81	30	63	33
S4	C	A	71	37	79	26	49	47	35	50	81	28	81	28	57	41
S5	T	G	67	29	72	30	48	45	41	56	63	31	80	24	68	33
S6	G	A	69	28	74	30	39	56	54	52	53	35	63	27	56	41
S7	T	A	69	29	74	30	53	49	57	50	90	24	62	32	65	39
S8	A	G	84	0	100	0	109	0	84	25	110	0	92	0	91	0
S9	G	A	79	0	102	0	118	0	50	37	99	0	92	0	103	0
S10	G	T	87	0	115	0	108	0	58	33	112	0	87	0	102	0
S11	G	C	98	0	96	0	108	0	78	25	109	0	95	0	89	0
S12	A	G	108	0	83	0	91	0	86	28	89	0	75	0	93	0
S13	C	T	63	22	80	28	62	46	97	5	68	29	59	34	60	47
S14	A	T	60	30	68	30	57	50	90	6	74	26	91	23	50	45
S15	G	T	72	30	72	29	31	54	106	5	72	20	69	29	62	35
S16	A	T	75	40	77	26	39	42	87	3	63	37	81	27	68	32
S17	G	T	68	24	77	25	54	44	89	4	60	28	68	36	32	47
S18	T	G	60	28	79	34	44	54	100	5	70	26	81	25	64	41
S19	A	T	95	0	102	0	112	0	103	0	97	0	90	0	68	42
S20	G	A	113	0	115	0	80	0	107	0	88	0	104	0	60	32
S21	G	T	108	0	111	0	111	0	102	0	121	0	100	0	56	43
S22	A	G	94	0	107	0	84	0	108	0	88	0	74	0	74	33
S23	C	G	90	0	108	0	97	0	106	0	96	0	93	0	42	46
S24	A	G	91	0	108	0	90	0	98	0	99	0	84	0	57	41
S25	G	A	85	0	89	0	122	0	91	0	81	0	99	0	57	38
S26	G	T	81	0	97	0	93	0	96	0	123	0	96	0	78	29
S27	A	G	83	22	72	25	40	43	94	7	67	24	56	31	103	0
S28	C	G	84	29	76	27	70	40	93	3	71	26	99	31	93	0
S29	C	A	76	30	86	33	65	50	100	5	61	36	69	33	83	0
S30	T	A	57	34	65	36	47	42	110	1	56	32	64	21	111	0
S31	A	T	79	32	81	25	58	40	105	7	59	22	72	34	100	0
S32	C	G	91	26	72	34	78	36	97	4	58	34	78	30	110	0
S33	C	A	67	22	63	39	59	33	74	4	62	35	65	32	110	0
S34	G	C	71	34	69	31	48	45	92	9	64	34	78	28	102	0
S35	G	C	70	16	103	0	108	0	105	0	82	19	93	9	76	0
S36	A	T	67	18	80	0	86	0	111	0	91	14	78	7	101	0
S37	T	G	80	15	104	0	121	0	88	0	80	11	78	9	90	0
S38	T	G	89	20	95	0	91	0	101	0	88	23	98	7	120	0
S39	C	A	90	19	100	0	88	0	84	0	111	0	107	0	109	0
S40	G	T	83	12	92	0	88	0	101	0	103	0	107	0	89	0
S41	A	G	81	22	94	0	115	0	112	0	122	0	112	0	102	0
S42	T	C	80	19	97	0	97	0	100	0	98	0	119	0	87	0
S43	A	G	78	19	107	0	102	0	103	0	95	0	93	0	111	0
S44	G	C	86	16	100	0	103	0	109	0	94	0	99	0	110	0
S45	C	G	82	19	91	0	119	0	107	0	90	0	85	0	106	0
S46	C	A	100	0	104	0	108	0	111	0	85	24	89	10	103	0
S47	A	T	80	0	106	0	90	0	111	0	55	28	91	13	114	0
S48	C	T	90	0	96	0	90	0	116	0	90	15	94	17	95	0
S49	A	G	98	0	103	0	89	0	94	0	71	29	98	6	80	0
S50	A	C	92	0	90	0	93	0	90	0	78	20	79	7	120	0
S51	G	T	89	0	109	0	106	0	105	0	88	21	74	15	107	0
S52	C	A	87	0	84	0	124	0	99	0	101	20	103	5	112	0
S53	G	T	95	0	79	0	106	0	99	0	83	11	107	9	90	0
