SNVID	Wild	Mut	R2:ref	R2:alt	R3:ref	R3:alt	R4:ref	R4:alt	R6:ref	R6:alt	R1:ref	R1:alt	R5:ref	R5:alt	R7:ref	R7:alt
S1	T	G	90	27	79	24	54	51	34	61	80	26	70	33	68	33
S2	G	T	65	32	68	27	58	46	40	54	62	27	67	25	56	40
S3	A	T	81	23	80	32	58	47	60	46	79	30	88	30	68	42
S4	T	G	82	31	73	27	39	49	60	48	74	34	74	32	55	41
S5	G	C	68	35	75	31	59	47	42	60	70	31	81	25	56	41
S6	T	C	67	35	46	26	55	44	37	57	71	25	76	29	57	42
S7	T	A	73	26	71	32	57	55	65	49	96	33	80	30	55	36
S8	A	G	68	30	41	46	51	47	40	62	59	25	48	30	60	38
S9	A	G	81	26	80	30	53	49	41	54	65	26	71	24	68	43
S10	C	G	60	27	73	30	73	46	58	45	84	22	84	25	59	43
S11	G	C	90	0	104	0	111	0	57	36	116	0	96	0	109	0
S12	A	C	97	0	109	0	112	0	59	30	98	0	81	0	106	0
S13	A	T	92	0	85	0	123	0	73	32	102	0	118	0	115	0
S14	T	C	88	0	92	0	107	0	76	29	97	0	115	0	98	0
S15	T	G	96	0	83	0	103	0	65	27	117	0	105	0	107	0
S16	C	G	98	0	79	0	90	0	73	34	92	0	91	0	131	0
S17	A	G	102	0	109	0	83	0	68	28	74	0	88	0	99	0
S18	G	C	70	27	46	25	62	55	96	4	77	27	73	28	57	38
S19	C	G	61	33	73	27	57	51	94	6	75	30	76	27	65	33
S20	G	A	77	29	53	35	56	45	98	3	67	35	70	32	66	35
S21	T	G	67	26	82	28	49	57	98	4	86	27	71	31	62	39
S22	T	G	66	34	49	40	33	54	105	6	79	34	59	28	75	35
S23	A	G	77	32	63	33	53	45	83	4	59	30	85	25	61	41
S24	A	T	91	29	64	25	52	49	116	3	84	24	61	32	69	40
S25	T	G	87	30	58	32	53	53	90	7	67	27	75	24	61	35
S26	A	G	109	0	109	0	89	0	86	0	92	0	95	0	63	44
S27	T	G	99	0	102	0	84	0	105	0	97	0	102	0	64	38
S28	G	A	93	0	101	0	101	0	106	0	103	0	99	0	42	45
S29	T	A	98	0	102	0	87	0	96	0	95	0	97	0	68	32
S30	G	A	105	0	87	0	91	0	94	0	109	0	102	0	52	38
S31	C	G	104	0	109	0	103	0	81	0	101	0	101	0	46	38
S32	T	A	111	0	99	0	111	0	96	0	100	0	121	0	73	37
S33	C	G	93	0	93	0	98	0	96	0	107	0	93	0	72	39
S34	T	G	105	19	70	25	66	41	97	5	71	27	57	35	100	0
S35	T	A	75	33	74	28	52	43	102	4	71	31	77	34	106	0
S36	T	G	100	32	74	29	55	35	90	3	73	38	85	26	112	0
S37	C	T	90	22	66	30	47	44	86	2	61	29	65	30	115	0
S38	C	T	77	22	62	35	72	42	88	6	81	31	73	29	102	0
S39	G	T	60	36	57	30	54	41	94	3	90	22	74	28	99	0
S40	T	G	86	26	52	34	68	44	99	5	80	31	59	35	97	0
S41	G	A	79	32	71	25	62	44	90	6	70	25	57	28	127	0
S42	G	A	72	29	64	32	73	45	95	4	84	26	74	40	88	0
S43	G	C	86	18	103	0	85	0	109	0	73	22	82	10	87	0
S44	T	G	87	17	96	0	120	0	95	0	81	23	84	16	94	0
S45	C	A	81	23	100	0	90	0	95	0	84	20	81	10	97	0
S46	C	A	78	19	95	0	97	0	90	0	90	9	74	5	117	0
S47	C	A	70	21	95	0	97	0	88	0	113	0	104	0	105	0
S48	A	T	71	21	121	0	94	0	88	0	106	0	97	0	110	0
S49	T	A	89	22	88	0	95	0	84	0	98	0	100	0	115	0
S50	T	A	89	0	99	0	99	0	107	0	68	24	76	11	96	0
S51	T	C	113	0	111	0	116	0	111	0	70	24	105	12	113	0
S52	T	C	112	0	102	0	80	0	91	0	92	17	85	11	105	0
S53	T	A	99	0	95	0	100	0	119	0	81	19	88	8	89	0
S54	A	T	101	0	100	0	109	0	107	0	99	22	95	8	93	0
S55	G	A	87	0	88	0	111	0	94	0	91	26	99	12	100	0
