SNVID	Wild	Mut	R2:ref	R2:alt	R3:ref	R3:alt	R4:ref	R4:alt	R6:ref	R6:alt	R1:ref	R1:alt	R5:ref	R5:alt	R7:ref	R7:alt
S1	C	G	75	29	90	34	54	50	54	45	71	32	60	29	87	43
S2	A	G	70	36	73	24	57	50	36	55	41	34	39	40	68	39
S3	G	A	84	28	85	24	53	46	31	54	74	33	58	29	60	45
S4	A	G	108	0	76	0	93	0	66	35	102	0	111	0	103	0
S5	C	G	90	0	97	0	109	0	63	24	93	0	91	0	113	0
S6	G	T	81	0	114	0	109	0	80	32	95	0	117	0	93	0
S7	C	G	96	0	101	0	97	0	59	23	103	0	99	0	95	0
S8	C	T	90	0	108	0	86	0	65	32	95	0	96	0	94	0
S9	C	G	96	0	88	0	98	0	41	33	89	0	123	0	123	0
S10	C	A	97	0	107	0	114	0	94	24	102	0	102	0	103	0
S11	T	G	62	31	75	28	32	53	91	8	67	35	53	33	65	42
S12	A	T	46	35	67	27	47	47	92	2	76	29	56	34	67	32
S13	T	A	63	29	60	26	40	46	83	11	53	33	54	35	65	41
S14	A	T	100	0	102	0	83	0	106	0	101	0	105	0	62	37
S15	C	G	93	0	101	0	105	0	88	0	101	0	111	0	63	35
S16	C	T	112	0	107	0	94	0	105	0	109	0	90	0	65	44
S17	C	G	102	0	105	0	109	0	80	0	101	0	113	0	62	46
S18	G	A	109	0	93	0	85	0	103	0	104	0	100	0	59	37
S19	A	G	103	0	98	0	97	0	109	0	81	0	98	0	71	34
S20	A	G	85	0	95	0	103	0	84	0	87	0	89	0	39	41
S21	G	T	99	0	88	0	88	0	108	0	86	0	118	0	64	39
S22	A	T	102	0	121	0	111	0	104	0	105	0	98	0	50	41
S23	A	T	71	28	61	36	50	44	104	5	61	31	62	31	102	0
S24	A	T	85	28	79	33	55	44	96	5	71	28	77	32	89	0
S25	G	T	83	24	42	33	79	33	93	4	75	24	65	33	113	0
S26	G	C	68	29	71	31	47	37	91	3	67	25	66	33	98	0
S27	T	A	55	42	36	39	53	41	97	1	83	37	61	32	115	0
S28	C	G	76	29	61	34	56	37	86	5	75	34	50	35	98	0
S29	G	A	72	32	44	35	67	36	91	5	59	41	62	24	86	0
S30	A	G	74	23	71	32	65	42	96	3	51	36	54	40	109	0
S31	A	C	59	32	78	23	55	44	101	5	49	29	57	32	106	0
S32	T	A	92	22	81	28	50	41	77	5	55	31	66	32	96	0
S33	A	C	74	15	113	0	107	0	130	0	77	21	109	10	89	0
S34	T	A	91	19	80	0	106	0	107	0	107	23	104	7	84	0
S35	A	C	88	17	97	0	120	0	101	0	81	15	75	6	109	0
S36	G	C	70	24	93	0	108	0	103	0	62	28	86	9	94	0
S37	G	A	76	21	95	0	106	0	100	0	74	22	81	12	100	0
S38	T	C	77	23	118	0	103	0	86	0	83	24	92	10	100	0
S39	A	G	79	21	100	0	95	0	101	0	96	0	109	0	110	0
S40	T	G	70	19	72	0	104	0	110	0	88	0	97	0	101	0
S41	T	C	77	17	90	0	105	0	81	0	95	0	101	0	111	0
S42	T	A	61	21	104	0	103	0	104	0	84	0	111	0	124	0
S43	A	T	108	19	97	0	92	0	113	0	117	0	91	0	97	0
S44	A	T	78	13	89	0	97	0	99	0	105	0	90	0	105	0
S45	T	C	89	17	96	0	92	0	101	0	92	0	126	0	113	0
S46	G	T	81	14	98	0	85	0	126	0	104	0	105	0	89	0
S47	T	G	107	0	83	0	96	0	112	0	63	29	95	15	84	0
S48	G	C	100	0	89	0	105	0	95	0	81	22	83	5	93	0
S49	T	G	99	0	98	0	123	0	100	0	88	23	83	12	85	0
S50	G	A	114	0	102	0	108	0	128	0	70	27	96	9	95	0
S51	C	A	106	0	104	0	84	0	94	0	105	22	106	10	110	0
