SNVID	Wild	Mut	R2:ref	R2:alt	R3:ref	R3:alt	R4:ref	R4:alt	R6:ref	R6:alt	R1:ref	R1:alt	R5:ref	R5:alt	R7:ref	R7:alt
S1	T	C	66	35	55	32	35	51	63	46	70	34	83	30	66	37
S2	T	A	83	30	49	35	62	49	48	44	54	35	79	27	72	38
S3	A	T	76	30	68	29	62	44	38	44	79	29	67	27	55	44
S4	C	A	63	24	92	34	54	51	61	43	76	38	66	27	59	37
S5	A	T	59	29	74	30	33	55	55	48	67	33	62	38	62	40
S6	T	G	70	25	63	34	51	51	61	53	96	28	86	31	69	47
S7	A	T	78	29	57	32	43	55	54	45	72	34	52	47	55	31
S8	G	T	80	27	58	30	59	49	55	56	79	20	79	25	67	39
S9	C	A	85	32	73	28	54	49	34	45	85	26	57	35	51	49
S10	C	G	83	27	64	28	73	45	52	47	76	35	68	30	55	43
S11	T	C	95	0	80	0	90	0	57	36	100	0	108	0	112	0
S12	G	A	81	0	99	0	107	0	72	29	95	0	113	0	101	0
S13	A	T	107	0	107	0	111	0	95	24	86	0	109	0	98	0
S14	C	T	97	27	71	31	47	44	104	4	81	31	90	32	72	33
S15	C	G	82	34	64	36	70	44	108	4	62	24	57	32	61	35
S16	A	T	59	27	77	29	60	51	83	5	47	35	56	29	44	45
S17	G	C	54	42	64	30	56	57	112	5	65	30	86	31	71	40
S18	A	C	66	39	67	26	47	49	105	7	93	25	66	37	62	28
S19	A	G	79	30	65	33	41	60	82	4	65	29	60	34	65	42
S20	T	G	75	29	76	22	65	45	106	7	61	33	84	27	58	49
S21	C	G	75	25	43	29	58	61	103	4	64	32	73	26	67	40
S22	A	C	77	27	55	35	65	52	109	7	48	31	68	30	58	34
S23	T	A	99	0	105	0	86	0	113	0	100	0	115	0	58	39
S24	T	A	96	0	97	0	100	0	99	0	88	0	116	0	47	40
S25	G	T	89	0	77	0	79	0	83	0	109	0	107	0	48	52
S26	C	T	90	0	106	0	99	0	105	0	111	0	109	0	61	46
S27	G	C	120	0	99	0	101	0	103	0	92	0	116	0	74	42
S28	A	G	106	0	116	0	104	0	97	0	128	0	104	0	76	39
S29	T	G	93	0	95	0	88	0	93	0	97	0	95	0	72	40
S30	A	T	95	0	111	0	100	0	103	0	108	0	88	0	64	31
S31	T	C	95	0	103	0	89	0	111	0	96	0	104	0	61	37
S32	C	A	109	0	97	0	96	0	96	0	83	0	104	0	46	50
S33	A	C	68	27	77	19	54	46	101	5	65	24	88	26	119	0
S34	T	G	43	38	64	34	47	42	90	2	79	25	76	34	98	0
S35	C	T	78	26	99	28	61	45	89	5	68	26	65	26	101	0
S36	T	A	84	33	65	31	64	49	103	4	55	36	62	37	102	0
S37	T	G	67	34	75	27	50	50	85	4	46	29	67	40	96	0
S38	A	C	63	32	69	28	28	48	88	6	69	43	80	32	100	0
S39	T	C	74	33	46	41	55	43	87	2	73	24	68	32	102	0
S40	G	T	75	28	61	27	70	41	88	7	75	28	69	29	104	0
S41	C	G	77	21	94	0	95	0	94	0	75	21	79	13	105	0
S42	C	A	63	16	95	0	100	0	96	0	80	22	93	8	96	0
S43	T	G	79	16	92	0	96	0	89	0	75	23	96	8	105	0
S44	A	G	59	25	97	0	91	0	89	0	63	31	79	12	109	0
S45	G	A	83	18	88	0	98	0	100	0	107	13	107	10	115	0
S46	A	C	84	24	88	0	76	0	100	0	107	11	95	4	109	0
S47	G	C	80	21	104	0	104	0	101	0	108	0	92	0	83	0
S48	G	C	80	18	107	0	99	0	109	0	102	0	107	0	94	0
S49	T	C	88	20	103	0	90	0	91	0	94	0	102	0	81	0
S50	T	A	73	21	91	0	80	0	109	0	114	0	99	0	105	0
S51	G	C	60	29	100	0	93	0	116	0	97	0	92	0	88	0
S52	G	C	97	0	106	0	91	0	100	0	70	15	102	10	123	0
S53	C	A	118	0	99	0	98	0	93	0	101	11	91	10	110	0
S54	A	G	95	0	112	0	105	0	111	0	74	25	94	16	85	0
S55	A	T	99	0	103	0	102	0	96	0	88	18	81	11	103	0
S56	T	G	122	0	107	0	105	0	104	0	75	19	83	8	100	0
S57	T	A	101	0	114	0	87	0	101	0	99	12	88	6	97	0
S58	C	A	109	0	94	0	101	0	107	0	90	14	117	6	96	0
S59	C	T	79	0	102	0	96	0	97	0	69	18	76	7	86	0
