SNVID	Wild	Mut	R2:ref	R2:alt	R3:ref	R3:alt	R4:ref	R4:alt	R6:ref	R6:alt	R1:ref	R1:alt	R5:ref	R5:alt	R7:ref	R7:alt
S1	A	C	75	22	85	26	49	42	69	45	62	26	71	28	47	39
S2	C	A	63	30	74	29	43	54	37	51	77	33	64	25	55	43
S3	C	A	45	40	60	27	47	49	64	52	57	31	59	40	67	37
S4	G	A	70	33	65	29	43	45	29	48	74	33	67	28	47	39
S5	T	G	60	33	69	25	54	46	78	49	73	22	68	32	73	36
S6	A	G	101	0	109	0	102	0	65	26	98	0	96	0	93	0
S7	C	T	98	0	95	0	97	0	61	35	108	0	124	0	88	0
S8	A	G	118	0	116	0	111	0	55	30	91	0	104	0	103	0
S9	T	G	79	0	117	0	105	0	49	28	98	0	108	0	111	0
S10	A	T	92	0	90	0	122	0	91	34	105	0	108	0	104	0
S11	T	A	108	0	111	0	104	0	68	36	96	0	107	0	108	0
S12	T	A	105	0	95	0	108	0	65	23	88	0	93	0	122	0
S13	T	G	74	37	71	30	56	45	98	9	74	22	68	27	68	38
S14	A	T	66	24	63	31	40	57	93	7	55	24	62	26	44	42
S15	A	G	64	33	64	28	41	50	95	9	63	28	73	31	66	34
S16	A	T	62	31	66	31	55	39	88	4	62	34	90	29	60	33
S17	G	T	71	27	50	38	36	49	99	2	74	26	53	31	65	38
S18	G	T	65	34	66	28	66	42	106	3	64	28	75	26	52	43
S19	T	A	60	37	80	29	49	50	93	6	59	24	67	39	60	43
S20	T	C	48	29	62	30	73	55	82	6	83	33	79	27	63	48
S21	C	T	49	30	75	27	47	52	101	4	76	29	71	34	69	41
S22	C	G	80	25	88	28	70	43	117	2	85	24	74	21	67	42
S23	G	C	94	0	90	0	74	0	94	0	100	0	86	0	53	38
S24	C	G	105	0	75	0	105	0	101	0	98	0	91	0	75	41
S25	C	T	93	0	106	0	113	0	91	0	87	0	90	0	49	44
S26	C	G	73	29	47	35	45	41	92	1	73	31	75	27	100	0
S27	G	C	60	25	86	20	50	37	108	2	63	26	66	29	87	0
S28	C	T	58	36	76	23	45	45	90	5	65	34	81	25	111	0
S29	C	A	71	33	74	33	66	41	102	2	85	32	68	28	104	0
S30	A	C	91	33	70	22	72	38	85	6	49	38	60	34	101	0
S31	T	C	94	19	103	0	92	0	104	0	91	20	84	13	100	0
S32	T	A	81	22	94	0	107	0	84	0	104	17	93	4	99	0
S33	T	G	83	23	100	0	111	0	85	0	91	19	96	9	100	0
S34	A	G	80	16	82	0	113	0	99	0	89	20	74	16	115	0
S35	A	T	73	14	96	0	102	0	90	0	79	23	68	12	90	0
S36	G	A	105	17	108	0	98	0	122	0	98	12	85	9	115	0
S37	A	C	70	17	98	0	91	0	94	0	96	18	73	10	93	0
S38	C	G	81	15	102	0	94	0	111	0	105	16	91	13	98	0
S39	G	T	63	27	101	0	101	0	94	0	88	19	83	6	94	0
S40	T	G	67	19	100	0	117	0	109	0	97	0	122	0	110	0
S41	G	T	65	30	104	0	107	0	101	0	108	0	85	0	117	0
S42	T	C	90	23	96	0	106	0	110	0	116	0	102	0	100	0
S43	C	T	77	16	101	0	92	0	99	0	116	0	98	0	103	0
S44	G	C	106	11	106	0	106	0	95	0	98	0	92	0	106	0
S45	A	G	77	28	105	0	87	0	108	0	109	0	93	0	103	0
S46	G	A	86	0	86	0	86	0	80	0	91	18	111	4	97	0
S47	T	A	103	0	104	0	95	0	108	0	79	21	64	10	109	0
S48	A	C	90	0	96	0	112	0	88	0	72	15	92	12	146	0
S49	G	A	112	0	90	0	79	0	90	0	93	13	99	12	102	0
S50	T	A	95	0	96	0	92	0	107	0	81	18	70	16	104	0
S51	C	T	98	0	90	0	106	0	106	0	80	17	103	6	94	0
S52	G	C	113	0	102	0	104	0	103	0	92	19	91	9	92	0
