SNVID	Wild	Mut	R2:ref	R2:alt	R3:ref	R3:alt	R4:ref	R4:alt	R6:ref	R6:alt	R1:ref	R1:alt	R5:ref	R5:alt	R7:ref	R7:alt
S1	G	C	56	32	82	26	55	54	60	52	78	29	73	24	49	41
S2	C	T	70	34	60	26	57	45	65	56	55	37	63	36	72	40
S3	T	A	81	35	61	38	40	57	36	51	69	32	76	33	62	40
S4	T	A	80	37	76	33	44	52	47	47	44	37	60	30	79	30
S5	C	T	100	0	99	0	116	0	70	31	106	0	106	0	102	0
S6	C	A	112	0	103	0	85	0	40	37	99	0	118	0	97	0
S7	A	G	109	0	101	0	85	0	89	26	117	0	113	0	86	0
S8	A	T	101	0	105	0	106	0	67	29	94	0	109	0	130	0
S9	T	C	108	0	103	0	96	0	68	34	110	0	111	0	119	0
S10	A	C	94	0	106	0	109	0	60	28	109	0	94	0	110	0
S11	C	G	90	0	95	0	98	0	76	20	91	0	119	0	85	0
S12	A	G	68	32	73	22	51	50	100	7	68	17	76	37	77	36
S13	T	C	73	30	61	28	57	50	105	4	90	25	73	31	80	34
S14	A	G	84	34	79	30	39	48	97	2	59	39	85	34	71	32
S15	T	C	68	36	96	21	47	47	84	7	69	24	71	35	83	37
S16	A	C	69	32	78	34	62	43	90	2	57	28	80	38	67	40
S17	G	A	50	38	59	33	30	49	80	4	73	27	61	32	49	42
S18	G	C	73	31	73	30	51	56	93	4	74	28	65	38	67	34
S19	G	C	90	28	68	33	43	50	102	4	54	29	73	28	58	48
S20	C	G	66	28	65	34	44	39	101	6	72	33	72	28	35	52
S21	C	T	106	0	98	0	115	0	118	0	95	0	78	0	58	43
S22	G	C	95	0	94	0	90	0	102	0	101	0	116	0	50	43
S23	A	C	104	0	102	0	115	0	109	0	98	0	111	0	63	37
S24	C	G	122	0	114	0	86	0	109	0	98	0	102	0	46	47
S25	T	C	103	0	109	0	83	0	94	0	93	0	117	0	46	47
S26	G	A	120	0	100	0	76	0	90	0	88	0	90	0	63	39
S27	T	C	91	0	93	0	94	0	91	0	91	0	102	0	52	41
S28	G	T	101	0	97	0	104	0	124	0	104	0	89	0	63	36
S29	T	A	105	0	99	0	119	0	99	0	96	0	94	0	62	38
S30	C	T	88	0	107	0	106	0	104	0	113	0	80	0	59	38
S31	C	T	75	32	70	37	57	40	79	4	92	22	58	30	80	0
S32	T	A	64	34	91	28	47	43	89	9	68	27	57	37	105	0
S33	G	T	72	29	79	30	53	34	116	2	84	29	49	33	86	0
S34	C	T	66	33	66	34	73	33	92	9	72	30	82	28	104	0
S35	A	C	69	34	58	36	54	44	92	7	66	31	69	31	104	0
S36	A	T	82	31	74	35	62	46	91	3	93	29	75	32	99	0
S37	G	T	66	38	70	31	50	38	113	4	73	33	70	27	117	0
S38	T	G	82	29	88	25	46	51	107	5	62	24	72	28	100	0
S39	C	G	72	28	71	33	75	36	104	3	55	21	67	30	95	0
S40	C	A	68	30	85	0	101	0	97	0	91	18	82	13	94	0
S41	C	G	88	13	116	0	104	0	103	0	95	18	90	7	101	0
S42	C	A	83	18	110	0	108	0	99	0	91	26	97	12	98	0
S43	A	C	61	29	79	0	100	0	107	0	74	24	105	10	102	0
S44	C	T	88	20	102	0	93	0	97	0	81	20	102	10	101	0
S45	A	C	90	15	108	0	95	0	107	0	90	20	74	11	118	0
S46	A	C	93	18	89	0	88	0	102	0	83	18	86	8	105	0
S47	C	G	69	27	96	0	102	0	102	0	84	15	79	8	101	0
S48	G	C	99	16	90	0	98	0	123	0	82	20	66	13	100	0
S49	A	C	87	16	98	0	91	0	84	0	106	0	98	0	101	0
S50	A	G	89	21	89	0	101	0	105	0	87	0	91	0	101	0
S51	G	T	77	22	94	0	108	0	96	0	100	0	75	0	91	0
S52	A	T	87	18	73	0	100	0	101	0	85	0	86	0	97	0
S53	C	A	86	14	97	0	105	0	111	0	91	0	109	0	93	0
S54	A	T	87	18	122	0	91	0	102	0	100	0	83	0	107	0
S55	G	A	71	15	101	0	102	0	93	0	118	0	100	0	90	0
S56	A	C	75	28	113	0	83	0	113	0	100	0	94	0	97	0
S57	T	C	67	18	91	0	107	0	94	0	88	0	105	0	103	0
S58	G	A	97	0	100	0	97	0	99	0	62	24	99	10	84	0
S59	G	C	112	0	78	0	87	0	107	0	81	19	83	11	94	0
S60	C	A	104	0	115	0	103	0	91	0	84	22	114	4	87	0
S61	T	G	103	0	93	0	100	0	102	0	70	27	84	10	115	0
S62	A	T	120	0	98	0	105	0	92	0	77	21	88	13	105	0
S63	A	C	93	0	111	0	112	0	88	0	76	19	84	9	105	0
