SNVID	Wild	Mut	R2:ref	R2:alt	R3:ref	R3:alt	R4:ref	R4:alt	R6:ref	R6:alt	R1:ref	R1:alt	R5:ref	R5:alt	R7:ref	R7:alt
S1	G	A	56	38	50	25	64	44	72	48	73	31	76	29	62	42
S2	G	A	74	36	65	30	54	51	24	57	69	24	63	29	48	44
S3	C	A	53	30	60	33	39	58	60	52	76	28	77	34	37	39
S4	G	A	46	36	62	31	46	50	38	44	84	26	62	30	29	50
S5	T	A	69	31	83	34	49	48	43	44	79	25	59	39	69	36
S6	G	A	70	38	87	25	51	48	58	53	66	21	73	27	67	42
S7	A	T	87	31	55	40	57	52	61	47	77	31	58	35	54	40
S8	T	A	81	28	59	32	58	48	33	54	51	31	75	26	63	41
S9	C	A	71	29	70	29	60	46	46	59	61	32	74	28	57	39
S10	G	C	89	0	103	0	94	0	74	26	112	0	95	0	94	0
S11	T	A	105	0	85	0	109	0	60	31	84	0	109	0	93	0
S12	T	A	107	0	98	0	111	0	71	31	112	0	99	0	84	0
S13	G	C	93	0	89	0	92	0	67	29	119	0	96	0	106	0
S14	C	A	65	29	64	36	56	52	94	5	63	29	62	34	52	42
S15	T	G	71	32	70	26	60	41	102	3	74	27	66	30	56	33
S16	T	A	98	27	50	36	59	47	93	4	66	29	68	32	68	41
S17	T	C	64	30	56	23	53	49	76	2	73	31	61	34	61	44
S18	G	T	68	25	88	27	41	48	107	4	78	34	76	29	74	41
S19	G	C	91	23	47	34	32	54	109	3	69	36	57	31	43	43
S20	G	A	76	29	56	36	44	56	116	2	75	25	76	26	64	37
S21	C	T	119	0	121	0	95	0	94	0	107	0	112	0	58	42
S22	C	A	93	0	87	0	120	0	96	0	94	0	91	0	58	44
S23	C	T	78	0	101	0	103	0	93	0	81	0	111	0	50	43
S24	C	A	103	0	109	0	97	0	114	0	103	0	94	0	62	49
S25	T	C	93	0	117	0	102	0	87	0	84	0	100	0	46	42
S26	T	C	85	0	79	0	117	0	85	0	106	0	112	0	37	44
S27	T	G	109	0	89	0	95	0	96	0	83	0	101	0	51	35
S28	T	G	88	0	95	0	100	0	110	0	111	0	100	0	44	44
S29	A	T	97	0	107	0	98	0	102	0	102	0	100	0	84	32
S30	T	A	78	30	44	40	31	49	85	5	63	35	74	29	85	0
S31	G	C	64	30	80	25	62	48	89	3	66	30	72	26	107	0
S32	C	A	86	29	77	20	66	40	86	6	83	30	57	32	111	0
S33	A	T	101	15	105	0	101	0	114	0	74	24	79	8	103	0
S34	G	T	80	21	107	0	112	0	112	0	85	15	108	9	94	0
S35	G	C	79	25	111	0	92	0	108	0	82	22	99	8	84	0
S36	C	A	52	28	108	0	83	0	95	0	61	21	92	9	105	0
S37	T	A	75	18	107	0	94	0	109	0	101	15	99	6	118	0
S38	A	T	86	18	97	0	95	0	79	0	95	0	92	0	92	0
S39	C	A	80	13	101	0	102	0	96	0	109	0	97	0	96	0
S40	G	T	88	12	82	0	107	0	101	0	95	0	109	0	86	0
S41	A	C	106	0	118	0	83	0	105	0	71	20	95	10	99	0
S42	T	A	98	0	95	0	98	0	103	0	82	17	95	13	119	0
S43	G	A	102	0	93	0	109	0	120	0	68	24	94	9	119	0
S44	A	G	105	0	93	0	87	0	100	0	75	20	95	10	93	0
S45	G	A	88	0	113	0	101	0	92	0	75	20	93	6	111	0
S46	C	G	99	0	104	0	106	0	104	0	70	28	73	9	96	0
S47	G	T	108	0	107	0	96	0	111	0	70	18	85	8	92	0
