SNVID	Wild	Mut	R2:ref	R2:alt	R3:ref	R3:alt	R4:ref	R4:alt	R6:ref	R6:alt	R1:ref	R1:alt	R5:ref	R5:alt	R7:ref	R7:alt
S1	C	T	63	32	80	30	38	46	54	51	59	39	62	26	75	40
S2	T	C	69	27	72	24	49	52	49	44	63	36	54	37	65	33
S3	C	G	75	27	69	29	27	50	41	47	54	30	91	25	53	39
S4	C	G	106	27	68	30	28	54	52	42	80	29	79	27	61	51
S5	T	A	73	31	53	34	34	54	63	53	77	27	67	32	67	35
S6	T	G	60	41	64	28	45	45	36	57	73	28	50	36	82	32
S7	C	A	57	29	53	35	70	58	34	63	61	29	65	33	70	46
S8	C	G	58	35	65	35	41	49	73	40	68	21	65	36	51	33
S9	C	A	66	28	58	36	24	57	49	46	84	27	76	25	66	40
S10	T	C	74	21	60	35	67	48	48	53	65	33	68	35	72	44
S11	G	T	79	0	90	0	75	0	85	23	88	0	94	0	104	0
S12	A	T	94	0	93	0	97	0	78	35	103	0	94	0	105	0
S13	C	T	105	0	90	0	124	0	69	23	107	0	106	0	100	0
S14	T	A	102	0	116	0	90	0	72	38	118	0	105	0	92	0
S15	G	A	105	0	89	0	100	0	75	23	106	0	130	0	125	0
S16	G	T	94	0	101	0	103	0	79	37	104	0	87	0	109	0
S17	C	T	105	0	96	0	93	0	69	29	106	0	91	0	105	0
S18	A	G	89	0	98	0	82	0	58	27	102	0	91	0	100	0
S19	C	G	112	0	108	0	92	0	80	25	96	0	105	0	97	0
S20	A	C	90	24	100	26	42	51	95	4	85	24	87	25	49	51
S21	C	T	60	27	79	23	61	53	84	7	58	36	68	30	77	44
S22	T	A	64	32	68	34	49	54	114	7	81	29	69	26	43	41
S23	C	T	74	25	90	29	32	56	93	7	67	36	65	32	60	42
S24	A	T	74	37	69	26	52	50	90	9	68	30	60	25	53	39
S25	T	C	58	28	86	25	35	57	84	5	74	31	80	25	46	38
S26	C	G	111	0	105	0	113	0	111	0	100	0	105	0	50	41
S27	T	C	93	0	94	0	96	0	107	0	109	0	114	0	66	31
S28	G	T	99	0	97	0	104	0	100	0	101	0	94	0	64	40
S29	G	C	108	0	91	0	114	0	95	0	104	0	97	0	54	38
S30	A	T	84	27	68	28	66	40	103	3	79	32	81	23	111	0
S31	A	G	72	25	64	30	47	36	99	2	70	33	69	33	92	0
S32	T	C	63	39	55	29	51	42	108	5	59	39	73	35	100	0
S33	C	G	72	26	66	25	35	48	99	9	80	17	105	25	110	0
S34	G	C	69	26	67	33	57	34	92	5	69	30	53	39	92	0
S35	A	C	75	29	84	26	62	32	92	4	69	27	72	28	103	0
S36	C	G	52	35	70	25	49	36	81	6	71	24	73	29	82	0
S37	A	T	104	23	93	0	116	0	113	0	69	18	76	12	110	0
S38	T	A	90	16	106	0	98	0	119	0	89	21	69	8	118	0
S39	C	G	90	16	93	0	103	0	106	0	68	18	75	13	101	0
S40	G	T	87	15	103	0	102	0	128	0	94	17	86	8	91	0
S41	G	T	83	23	86	0	97	0	105	0	91	0	96	0	101	0
S42	G	A	86	21	91	0	109	0	92	0	105	0	101	0	90	0
S43	C	A	84	26	89	0	82	0	92	0	81	0	89	0	102	0
S44	A	T	97	27	99	0	88	0	106	0	100	0	87	0	94	0
S45	C	G	94	14	91	0	96	0	114	0	110	0	109	0	97	0
S46	G	C	106	20	95	0	83	0	102	0	100	0	93	0	99	0
S47	G	T	65	27	94	0	99	0	92	0	101	0	95	0	105	0
S48	C	T	77	19	85	0	103	0	110	0	94	0	105	0	90	0
S49	A	C	93	0	103	0	113	0	119	0	69	14	81	12	103	0
S50	C	T	78	0	109	0	103	0	102	0	85	22	86	17	89	0
S51	A	G	107	0	87	0	103	0	94	0	109	22	100	7	82	0
