SNVID	Wild	Mut	R2:ref	R2:alt	R3:ref	R3:alt	R4:ref	R4:alt	R6:ref	R6:alt	R1:ref	R1:alt	R5:ref	R5:alt	R7:ref	R7:alt
S1	G	C	61	28	61	34	45	51	58	48	85	33	70	26	69	38
S2	A	C	59	36	75	28	52	47	53	53	73	27	50	42	49	34
S3	G	A	53	29	67	32	53	54	42	53	68	31	55	30	51	41
S4	G	T	78	30	62	35	46	52	56	46	81	31	77	28	63	38
S5	G	C	66	28	72	35	59	52	37	41	58	29	78	34	76	44
S6	C	A	90	32	61	34	38	58	39	54	74	41	64	35	86	30
S7	G	A	98	22	38	35	38	55	65	47	83	26	59	34	60	37
S8	G	A	73	29	79	30	60	58	44	42	78	29	73	32	56	37
S9	G	A	61	27	75	28	45	53	46	49	55	27	81	31	56	48
S10	T	C	102	0	106	0	102	0	70	27	102	0	107	0	84	0
S11	T	C	101	0	101	0	100	0	54	44	106	0	104	0	105	0
S12	T	A	88	0	105	0	97	0	80	24	101	0	100	0	87	0
S13	T	C	100	0	95	0	95	0	71	29	98	0	110	0	116	0
S14	G	T	94	0	112	0	90	0	54	32	102	0	104	0	106	0
S15	A	G	103	0	118	0	116	0	87	25	98	0	90	0	108	0
S16	T	C	94	0	97	0	96	0	75	28	116	0	87	0	86	0
S17	G	C	93	0	100	0	104	0	88	32	104	0	91	0	105	0
S18	G	T	93	0	102	0	102	0	50	35	88	0	106	0	90	0
S19	T	G	88	0	116	0	93	0	92	33	102	0	106	0	101	0
S20	G	C	67	34	76	33	45	50	107	4	49	31	83	31	61	39
S21	T	A	51	37	78	24	40	51	90	5	76	28	50	39	70	37
S22	C	T	90	30	75	32	62	49	104	2	109	29	71	32	80	35
S23	A	C	77	33	79	30	39	52	111	5	64	32	87	35	48	43
S24	G	A	104	0	126	0	94	0	93	0	116	0	102	0	56	34
S25	C	G	111	0	97	0	100	0	112	0	96	0	83	0	61	44
S26	T	C	96	0	104	0	105	0	94	0	92	0	102	0	52	42
S27	A	T	109	0	106	0	98	0	94	0	110	0	114	0	49	37
S28	C	G	69	29	49	30	58	44	88	12	74	30	82	26	93	0
S29	G	C	91	31	57	27	32	40	109	6	63	39	60	37	119	0
S30	A	C	85	21	83	36	55	35	85	1	74	36	72	26	104	0
S31	T	A	77	25	74	28	65	32	101	6	78	27	56	27	93	0
S32	G	T	71	38	88	31	58	37	106	1	73	32	52	36	97	0
S33	A	T	65	32	84	23	54	45	94	5	71	24	57	31	101	0
S34	C	T	65	28	56	27	61	44	103	4	75	26	68	34	96	0
S35	C	G	91	27	77	28	72	43	106	9	69	30	58	35	83	0
S36	G	C	91	15	111	0	95	0	106	0	86	17	92	15	99	0
S37	C	G	75	17	88	0	101	0	103	0	66	18	114	5	98	0
S38	A	C	68	21	116	0	114	0	103	0	66	22	89	6	117	0
S39	G	C	94	24	88	0	120	0	101	0	79	22	97	6	97	0
S40	T	G	68	22	111	0	104	0	97	0	106	0	88	0	107	0
S41	A	C	76	20	100	0	127	0	94	0	101	0	95	0	111	0
S42	T	A	82	19	91	0	102	0	85	0	98	0	106	0	91	0
S43	A	G	71	25	106	0	101	0	100	0	98	0	110	0	85	0
S44	C	G	81	25	102	0	103	0	120	0	94	0	94	0	109	0
S45	C	A	104	18	77	0	83	0	102	0	109	0	101	0	93	0
S46	T	A	104	0	103	0	100	0	88	0	99	15	112	7	107	0
S47	G	A	107	0	96	0	91	0	87	0	86	20	84	12	95	0
S48	G	A	98	0	110	0	94	0	102	0	87	16	73	11	97	0
S49	C	T	107	0	89	0	104	0	107	0	79	17	80	11	102	0
S50	A	C	102	0	103	0	96	0	107	0	74	16	93	11	94	0
