SNVID	Wild	Mut	R2:ref	R2:alt	R3:ref	R3:alt	R4:ref	R4:alt	R6:ref	R6:alt	R1:ref	R1:alt	R5:ref	R5:alt	R7:ref	R7:alt
S1	G	T	65	33	71	31	44	53	50	56	62	26	71	31	55	36
S2	C	T	70	37	59	33	48	45	71	51	77	34	67	35	60	42
S3	C	G	64	35	72	31	53	53	43	52	77	23	83	23	72	29
S4	G	A	83	22	81	28	55	44	44	53	69	30	54	32	73	25
S5	C	T	74	0	97	0	108	0	71	29	101	0	101	0	95	0
S6	T	G	95	0	103	0	106	0	69	27	97	0	94	0	96	0
S7	A	G	105	0	110	0	101	0	56	25	98	0	76	0	113	0
S8	C	T	96	0	87	0	93	0	83	26	108	0	119	0	97	0
S9	T	G	84	0	85	0	95	0	78	22	93	0	104	0	120	0
S10	A	C	83	35	65	28	41	44	97	6	70	32	77	24	77	38
S11	G	A	71	32	67	35	62	47	77	7	77	26	65	25	70	40
S12	C	A	59	32	69	34	56	43	94	5	44	41	68	34	61	39
S13	C	A	71	31	70	36	58	43	79	1	72	35	70	28	50	44
S14	C	T	65	28	80	27	42	47	88	2	70	36	79	29	48	46
S15	A	T	80	27	53	34	40	54	89	6	58	33	66	31	49	43
S16	T	G	71	21	70	26	64	42	91	6	65	31	93	27	49	42
S17	G	A	55	36	78	34	50	50	106	1	83	28	73	24	85	37
S18	A	T	79	31	55	30	52	53	94	4	77	37	77	32	54	44
S19	A	C	72	29	75	38	51	50	104	10	76	27	80	23	68	41
S20	A	G	99	0	83	0	91	0	97	0	81	0	111	0	63	43
S21	G	T	113	0	113	0	99	0	87	0	94	0	95	0	57	38
S22	T	A	104	0	110	0	108	0	89	0	103	0	86	0	55	35
S23	A	G	94	0	94	0	97	0	90	0	101	0	110	0	71	40
S24	G	T	96	0	90	0	89	0	130	0	109	0	106	0	63	41
S25	A	C	112	0	111	0	95	0	91	0	97	0	95	0	69	36
S26	C	G	121	0	117	0	88	0	111	0	99	0	92	0	35	48
S27	G	T	64	32	73	26	61	41	91	4	60	31	70	26	107	0
S28	C	T	81	26	54	32	38	47	82	5	57	35	85	27	98	0
S29	A	T	49	33	76	26	74	41	88	5	65	32	73	28	109	0
S30	C	A	67	31	79	27	51	42	88	5	86	19	72	30	97	0
S31	A	G	66	32	60	40	54	37	98	6	92	28	65	28	110	0
S32	G	A	56	31	51	35	57	43	94	9	57	28	64	24	105	0
S33	T	G	81	29	87	28	67	37	86	2	81	29	59	31	97	0
S34	A	G	86	19	92	0	110	0	103	0	76	26	78	8	104	0
S35	A	T	76	23	88	0	111	0	105	0	90	13	87	11	110	0
S36	G	T	82	23	107	0	92	0	95	0	78	20	111	10	100	0
S37	A	T	99	24	101	0	105	0	88	0	83	17	95	10	89	0
S38	C	T	89	25	97	0	105	0	92	0	89	16	96	5	112	0
S39	G	T	71	23	83	0	100	0	101	0	90	12	86	10	94	0
S40	G	C	75	18	111	0	82	0	99	0	72	24	72	11	106	0
S41	A	C	66	24	105	0	94	0	90	0	72	27	75	15	103	0
S42	C	A	103	9	99	0	96	0	106	0	83	20	88	13	100	0
S43	A	T	85	18	91	0	95	0	92	0	89	0	94	0	95	0
S44	A	T	95	16	91	0	98	0	79	0	117	0	97	0	111	0
S45	A	G	80	22	88	0	92	0	110	0	103	0	83	0	100	0
S46	A	G	86	19	85	0	93	0	118	0	97	0	112	0	107	0
S47	G	C	109	0	100	0	97	0	85	0	93	21	86	12	96	0
S48	C	G	101	0	77	0	112	0	91	0	86	24	91	8	96	0
S49	G	C	90	0	95	0	98	0	95	0	75	18	58	10	95	0
S50	T	G	103	0	81	0	102	0	102	0	94	13	98	5	92	0
S51	C	T	97	0	111	0	102	0	95	0	77	25	96	5	92	0
