SNVID	Wild	Mut	R2:ref	R2:alt	R3:ref	R3:alt	R4:ref	R4:alt	R6:ref	R6:alt	R1:ref	R1:alt	R5:ref	R5:alt	R7:ref	R7:alt
S1	A	T	73	27	65	25	49	53	62	60	46	33	86	29	59	38
S2	C	T	63	29	70	32	47	55	61	56	68	30	61	30	65	40
S3	T	C	67	35	80	26	38	60	12	62	79	28	77	25	48	41
S4	T	G	80	34	94	28	60	51	81	50	42	28	72	27	62	43
S5	T	C	73	30	61	33	47	53	60	54	85	31	60	37	75	30
S6	C	G	67	30	62	35	57	51	56	37	58	32	73	30	54	36
S7	C	G	72	31	94	24	49	48	47	43	59	33	67	31	48	43
S8	A	G	77	32	74	36	55	48	33	51	60	38	57	31	73	36
S9	T	G	64	25	63	28	53	46	40	57	74	30	69	27	50	44
S10	G	C	60	33	77	30	52	51	43	59	95	27	72	30	59	39
S11	G	A	100	0	96	0	87	0	69	25	91	0	105	0	109	0
S12	G	C	86	0	97	0	87	0	76	26	82	0	91	0	88	0
S13	G	T	98	0	100	0	100	0	75	19	91	0	106	0	86	0
S14	G	A	110	0	100	0	105	0	77	29	112	0	87	0	101	0
S15	A	G	95	0	95	0	101	0	72	34	107	0	106	0	89	0
S16	A	C	108	0	99	0	83	0	75	30	105	0	115	0	96	0
S17	T	G	86	0	91	0	88	0	67	37	106	0	117	0	115	0
S18	C	T	59	30	59	26	52	44	82	7	60	32	62	25	62	35
S19	G	A	53	33	59	34	58	46	70	6	70	33	62	25	44	45
S20	G	T	97	25	63	26	55	59	106	5	56	27	83	31	41	42
S21	G	A	65	29	65	44	39	50	92	5	73	32	95	27	69	37
S22	C	G	101	0	107	0	96	0	94	0	99	0	108	0	48	51
S23	G	T	79	0	90	0	93	0	129	0	103	0	111	0	53	39
S24	A	C	108	0	97	0	84	0	86	0	108	0	95	0	65	38
S25	C	A	87	0	112	0	98	0	92	0	105	0	91	0	65	39
S26	A	G	98	0	113	0	106	0	82	0	89	0	100	0	39	49
S27	A	G	99	0	120	0	126	0	83	0	104	0	89	0	49	39
S28	A	T	92	0	79	0	100	0	102	0	102	0	94	0	51	52
S29	A	G	115	0	93	0	97	0	98	0	91	0	83	0	48	45
S30	T	A	116	0	102	0	94	0	100	0	101	0	81	0	62	47
S31	A	C	80	27	64	28	55	38	89	11	67	24	81	31	109	0
S32	A	C	80	29	69	30	56	51	85	5	72	39	76	29	119	0
S33	G	T	61	26	73	34	62	40	80	9	69	28	64	26	93	0
S34	A	T	74	28	74	35	73	33	92	5	52	28	78	32	97	0
S35	G	C	52	39	71	28	67	39	101	5	60	32	76	33	106	0
S36	G	A	78	26	74	30	52	43	98	2	75	30	45	33	98	0
S37	A	C	91	29	53	32	49	37	97	2	75	32	89	28	105	0
S38	C	G	83	27	80	31	71	43	103	5	90	25	75	22	102	0
S39	A	T	77	25	101	0	108	0	102	0	72	23	104	12	85	0
S40	A	T	78	22	113	0	101	0	100	0	79	24	92	7	105	0
S41	A	G	74	19	92	0	93	0	105	0	76	19	83	6	109	0
S42	T	A	73	23	105	0	100	0	97	0	90	17	79	11	83	0
S43	C	T	74	17	92	0	94	0	90	0	88	16	113	7	91	0
S44	A	C	88	16	101	0	109	0	100	0	76	20	98	8	88	0
S45	G	A	77	22	101	0	105	0	96	0	70	27	81	7	91	0
S46	C	T	78	20	100	0	95	0	90	0	71	22	76	12	106	0
S47	G	C	75	14	98	0	97	0	89	0	78	23	99	5	95	0
S48	A	G	62	20	100	0	122	0	98	0	99	0	94	0	102	0
S49	T	A	73	21	94	0	99	0	99	0	102	0	102	0	99	0
S50	A	G	94	21	103	0	96	0	106	0	101	0	98	0	91	0
S51	G	T	89	20	98	0	101	0	105	0	107	0	96	0	103	0
S52	T	A	94	13	80	0	93	0	107	0	90	0	99	0	115	0
S53	T	C	86	0	90	0	90	0	116	0	97	22	76	18	92	0
S54	C	A	97	0	75	0	98	0	81	0	70	28	99	12	84	0
S55	C	A	95	0	99	0	98	0	84	0	79	22	93	9	88	0
S56	T	G	99	0	75	0	97	0	113	0	95	21	90	12	96	0
