SNVID	Wild	Mut	R2:ref	R2:alt	R3:ref	R3:alt	R4:ref	R4:alt	R6:ref	R6:alt	R1:ref	R1:alt	R5:ref	R5:alt	R7:ref	R7:alt
S1	A	G	91	34	79	28	37	56	29	57	62	28	63	27	60	49
S2	T	A	74	28	75	34	47	47	61	47	76	27	57	34	80	38
S3	G	A	54	34	82	28	63	46	53	46	81	26	57	32	56	40
S4	T	A	107	0	83	0	89	0	47	35	99	0	85	0	100	0
S5	A	G	120	0	95	0	92	0	64	28	108	0	84	0	108	0
S6	T	G	104	0	96	0	124	0	67	40	107	0	101	0	86	0
S7	C	G	114	0	99	0	79	0	73	28	95	0	111	0	101	0
S8	G	C	82	0	102	0	100	0	63	33	93	0	113	0	90	0
S9	A	G	94	0	88	0	101	0	69	23	108	0	93	0	80	0
S10	G	T	97	0	105	0	121	0	77	32	105	0	90	0	127	0
S11	T	G	105	0	95	0	101	0	69	29	98	0	103	0	90	0
S12	C	G	90	22	63	36	66	43	102	3	61	32	60	37	71	38
S13	G	C	89	27	53	29	60	61	89	2	67	31	82	19	52	48
S14	T	A	72	35	70	26	23	48	105	6	69	30	70	36	51	41
S15	C	G	65	27	74	25	50	45	91	4	70	31	67	24	51	35
S16	G	C	74	30	73	28	55	57	92	4	73	41	66	26	63	41
S17	A	G	102	0	128	0	111	0	110	0	105	0	95	0	49	47
S18	A	T	83	0	108	0	87	0	98	0	106	0	103	0	79	41
S19	A	C	97	0	105	0	96	0	81	0	103	0	94	0	49	42
S20	A	T	92	0	106	0	100	0	98	0	99	0	100	0	56	38
S21	T	C	91	0	115	0	96	0	84	0	108	0	98	0	63	41
S22	C	A	112	0	105	0	110	0	108	0	93	0	120	0	45	44
S23	T	C	111	0	99	0	110	0	92	0	98	0	95	0	62	31
S24	T	C	81	0	108	0	96	0	103	0	104	0	108	0	67	41
S25	A	T	57	42	78	27	48	41	117	4	53	32	64	30	99	0
S26	A	C	67	30	56	29	75	33	98	5	75	28	65	25	97	0
S27	G	T	72	30	65	39	60	45	84	4	64	34	84	27	110	0
S28	A	G	56	18	112	0	95	0	107	0	98	23	90	7	92	0
S29	A	G	79	25	93	0	84	0	97	0	96	18	74	6	100	0
S30	G	C	73	26	100	0	103	0	108	0	96	16	96	10	108	0
S31	G	T	79	18	105	0	109	0	111	0	93	0	100	0	107	0
S32	G	T	81	19	96	0	107	0	105	0	95	0	107	0	107	0
S33	T	G	89	19	104	0	104	0	96	0	111	0	104	0	89	0
S34	G	C	63	19	102	0	95	0	97	0	106	0	99	0	110	0
S35	C	A	97	16	116	0	96	0	88	0	91	0	91	0	112	0
S36	C	G	71	21	93	0	104	0	97	0	97	0	90	0	98	0
S37	C	G	77	15	94	0	104	0	112	0	114	0	101	0	99	0
S38	C	G	92	0	117	0	98	0	111	0	80	22	89	17	123	0
S39	T	A	108	0	107	0	104	0	100	0	75	15	92	7	104	0
S40	C	G	90	0	105	0	88	0	95	0	97	18	88	16	106	0
S41	G	T	79	0	115	0	90	0	83	0	91	14	102	8	100	0
S42	C	G	122	0	110	0	111	0	102	0	75	19	94	9	97	0
S43	T	C	75	0	95	0	99	0	107	0	84	15	86	14	91	0
S44	A	G	79	0	108	0	93	0	80	0	88	15	87	12	82	0
S45	C	A	103	0	104	0	103	0	112	0	69	20	76	11	113	0
S46	A	C	114	0	99	0	123	0	118	0	78	22	89	7	98	0
