SNVID	Wild	Mut	R2:ref	R2:alt	R3:ref	R3:alt	R4:ref	R4:alt	R6:ref	R6:alt	R1:ref	R1:alt	R5:ref	R5:alt	R7:ref	R7:alt
S1	T	G	70	33	63	29	35	51	29	54	85	26	72	27	61	42
S2	G	C	59	29	58	31	45	50	60	48	77	26	69	31	60	39
S3	A	T	78	38	54	34	54	35	43	59	41	36	68	33	74	33
S4	G	T	67	18	64	32	47	40	79	50	67	32	72	28	71	36
S5	C	G	66	32	67	29	43	53	66	57	68	35	62	28	56	43
S6	A	G	78	18	61	33	32	53	68	45	67	23	61	32	50	47
S7	C	G	54	39	61	33	58	51	56	48	90	28	62	24	55	36
S8	A	G	96	0	101	0	96	0	75	27	105	0	106	0	104	0
S9	G	T	89	0	99	0	114	0	80	31	90	0	109	0	90	0
S10	C	A	97	0	99	0	113	0	79	28	103	0	111	0	106	0
S11	G	A	94	0	97	0	95	0	94	23	103	0	93	0	93	0
S12	G	A	94	0	94	0	106	0	57	27	109	0	91	0	99	0
S13	C	A	80	0	103	0	94	0	62	26	84	0	110	0	111	0
S14	G	T	105	0	98	0	105	0	77	37	97	0	111	0	85	0
S15	T	C	106	0	107	0	99	0	68	26	101	0	97	0	94	0
S16	C	T	66	31	42	40	49	51	106	6	70	25	73	27	68	37
S17	T	A	68	33	80	24	60	45	90	4	55	35	68	34	71	34
S18	T	C	71	30	67	29	49	47	93	6	74	41	56	35	58	40
S19	C	A	60	34	103	23	65	47	98	3	64	38	70	27	51	50
S20	T	A	65	34	84	35	49	49	102	5	88	25	79	27	50	44
S21	C	T	63	32	53	29	56	45	108	8	57	32	72	26	72	38
S22	C	A	66	25	81	26	62	50	101	5	82	34	84	23	56	40
S23	A	C	117	0	105	0	110	0	91	0	106	0	86	0	46	41
S24	G	A	79	0	96	0	108	0	95	0	97	0	111	0	77	43
S25	G	T	97	0	93	0	99	0	98	0	116	0	109	0	71	41
S26	C	T	68	32	59	34	76	30	86	3	73	23	72	25	109	0
S27	A	T	60	37	90	18	49	42	90	6	74	28	85	27	109	0
S28	T	C	69	22	67	31	56	43	94	4	74	33	71	35	106	0
S29	A	T	72	26	60	32	64	35	91	4	53	31	75	29	84	0
S30	T	G	68	29	83	27	49	46	88	5	66	30	50	39	98	0
S31	A	C	68	25	71	30	60	37	102	7	58	33	87	32	99	0
S32	G	T	65	19	117	0	105	0	102	0	79	19	103	7	98	0
S33	G	C	78	20	98	0	100	0	99	0	101	16	80	13	101	0
S34	A	G	79	21	114	0	91	0	114	0	90	18	92	9	98	0
S35	G	C	83	20	98	0	117	0	107	0	82	22	93	15	100	0
S36	T	C	91	14	102	0	108	0	94	0	71	23	89	15	114	0
S37	C	A	78	15	109	0	102	0	104	0	67	19	102	12	102	0
S38	G	A	92	15	106	0	88	0	90	0	89	0	111	0	114	0
S39	T	A	77	15	109	0	114	0	92	0	119	0	110	0	105	0
S40	T	A	68	15	99	0	116	0	111	0	112	0	100	0	95	0
S41	A	G	76	25	103	0	100	0	100	0	94	0	109	0	105	0
S42	G	T	76	26	113	0	100	0	111	0	99	0	94	0	93	0
S43	T	C	76	20	109	0	96	0	99	0	105	0	100	0	104	0
S44	A	G	76	24	89	0	122	0	107	0	104	0	92	0	91	0
S45	T	G	88	20	108	0	92	0	103	0	112	0	100	0	100	0
S46	T	C	68	21	108	0	119	0	101	0	117	0	80	0	94	0
S47	T	A	95	0	105	0	95	0	103	0	94	21	88	7	101	0
S48	G	T	89	0	93	0	80	0	103	0	86	22	84	11	78	0
S49	C	A	90	0	112	0	108	0	89	0	74	24	87	16	101	0
