SNVID	Wild	Mut	R2:ref	R2:alt	R3:ref	R3:alt	R4:ref	R4:alt	R6:ref	R6:alt	R1:ref	R1:alt	R5:ref	R5:alt	R7:ref	R7:alt
S1	C	A	78	26	59	32	46	56	47	48	63	33	62	35	53	37
S2	T	C	85	24	69	30	42	50	53	42	71	31	74	27	48	43
S3	G	A	71	31	60	35	65	52	62	47	65	31	62	35	33	48
S4	C	T	58	39	65	26	27	55	49	51	65	36	64	23	42	35
S5	C	G	81	26	88	25	67	44	60	40	89	25	72	30	71	35
S6	T	G	62	35	79	28	67	40	40	51	67	27	57	35	58	46
S7	T	C	108	0	109	0	109	0	83	28	106	0	117	0	108	0
S8	C	A	89	0	108	0	99	0	72	27	95	0	114	0	94	0
S9	G	A	112	0	81	0	101	0	77	32	88	0	109	0	94	0
S10	T	A	114	0	110	0	95	0	78	33	92	0	102	0	92	0
S11	T	G	49	30	81	25	49	49	112	3	71	24	47	30	72	42
S12	C	G	75	26	86	27	60	42	96	5	74	29	59	34	71	40
S13	T	A	74	29	82	29	55	50	91	4	88	22	74	22	55	51
S14	G	A	62	32	70	31	56	49	87	3	71	24	66	35	58	43
S15	A	T	62	23	76	30	30	61	95	1	63	34	61	36	47	51
S16	A	G	77	32	70	27	45	51	102	6	70	25	69	30	65	30
S17	C	A	106	0	96	0	102	0	115	0	104	0	106	0	97	33
S18	G	C	102	0	86	0	94	0	101	0	99	0	92	0	67	33
S19	C	A	91	0	94	0	94	0	85	0	99	0	90	0	55	44
S20	T	A	91	0	98	0	87	0	113	0	92	0	103	0	73	37
S21	G	C	96	0	77	0	96	0	96	0	95	0	106	0	54	37
S22	T	A	82	0	91	0	84	0	102	0	110	0	101	0	72	30
S23	G	A	130	0	100	0	109	0	112	0	92	0	91	0	56	38
S24	G	T	90	0	108	0	119	0	102	0	101	0	90	0	65	38
S25	A	G	98	0	96	0	106	0	112	0	95	0	108	0	56	36
S26	T	A	127	0	86	0	110	0	102	0	99	0	103	0	51	39
S27	G	T	77	35	70	28	65	41	98	7	56	25	75	24	115	0
S28	C	A	62	33	67	36	57	32	118	5	68	37	84	28	85	0
S29	T	A	84	32	57	36	83	32	100	4	75	21	71	33	86	0
S30	G	C	53	29	80	32	72	35	104	7	79	26	77	27	85	0
S31	C	T	73	21	87	0	88	0	107	0	76	16	95	8	86	0
S32	T	C	72	23	103	0	95	0	98	0	80	18	81	8	95	0
S33	C	T	85	18	92	0	89	0	98	0	82	21	95	11	102	0
S34	C	G	56	18	87	0	110	0	98	0	86	16	76	17	114	0
S35	G	C	97	18	85	0	117	0	96	0	68	22	70	9	79	0
S36	C	A	84	17	96	0	109	0	83	0	104	13	87	8	98	0
S37	C	G	93	15	108	0	96	0	97	0	103	15	104	10	91	0
S38	T	A	75	22	118	0	107	0	95	0	88	17	100	7	116	0
S39	T	G	71	19	105	0	102	0	122	0	87	20	95	12	94	0
S40	A	C	85	19	105	0	98	0	98	0	87	22	83	10	94	0
S41	C	A	70	24	103	0	113	0	113	0	110	0	117	0	84	0
S42	A	T	84	28	92	0	110	0	103	0	97	0	104	0	93	0
S43	A	C	97	21	106	0	107	0	103	0	94	0	95	0	97	0
S44	A	G	101	17	102	0	114	0	105	0	105	0	85	0	90	0
S45	T	A	74	23	99	0	97	0	88	0	90	0	106	0	97	0
S46	A	G	81	0	90	0	83	0	101	0	100	16	93	4	91	0
S47	T	G	97	0	96	0	102	0	96	0	70	17	84	7	100	0
S48	A	G	110	0	92	0	108	0	97	0	83	24	105	4	104	0
S49	C	G	109	0	99	0	94	0	112	0	72	18	104	5	84	0
S50	G	T	99	0	113	0	102	0	116	0	106	11	87	7	92	0
S51	T	C	90	0	104	0	95	0	100	0	72	21	86	12	100	0
S52	A	T	95	0	86	0	78	0	104	0	72	20	94	12	106	0
S53	A	C	105	0	93	0	94	0	109	0	103	13	98	6	106	0
