SNVID	Wild	Mut	R2:ref	R2:alt	R3:ref	R3:alt	R4:ref	R4:alt	R6:ref	R6:alt	R1:ref	R1:alt	R5:ref	R5:alt	R7:ref	R7:alt
S1	G	C	90	26	71	28	46	48	64	46	81	24	69	29	57	37
S2	T	G	71	17	81	25	46	48	70	49	81	25	48	29	54	41
S3	C	A	69	29	74	34	38	49	83	42	64	30	77	26	54	35
S4	A	G	63	30	77	34	54	53	56	49	62	24	64	34	59	45
S5	A	G	89	29	77	26	26	49	55	38	57	32	79	25	38	45
S6	A	T	65	32	54	36	38	58	64	42	73	33	68	32	59	40
S7	A	T	56	28	67	25	40	56	52	47	82	36	73	29	83	35
S8	A	T	82	0	86	0	97	0	92	29	109	0	106	0	76	0
S9	T	G	98	0	88	0	107	0	81	25	113	0	90	0	85	0
S10	A	C	102	0	100	0	99	0	79	27	113	0	87	0	94	0
S11	C	G	103	0	97	0	100	0	49	37	95	0	98	0	106	0
S12	T	A	52	31	77	30	53	46	88	4	71	38	83	28	67	40
S13	T	G	70	24	67	28	50	54	102	4	69	34	44	31	56	38
S14	G	C	77	37	69	25	49	51	108	6	56	31	59	31	57	39
S15	T	C	82	26	49	31	35	55	101	6	69	31	79	32	52	40
S16	T	A	79	26	72	29	43	50	109	2	69	30	65	25	42	36
S17	A	G	65	35	63	32	39	52	90	6	71	26	61	36	73	33
S18	C	G	66	31	68	24	70	51	81	8	69	34	49	36	58	33
S19	T	C	99	0	99	0	97	0	97	0	116	0	105	0	64	40
S20	T	C	93	0	116	0	92	0	101	0	90	0	98	0	63	46
S21	T	G	92	0	87	0	104	0	122	0	108	0	97	0	74	40
S22	G	T	95	0	97	0	99	0	115	0	109	0	111	0	58	42
S23	G	T	109	0	107	0	110	0	105	0	97	0	88	0	82	45
S24	T	A	91	0	94	0	91	0	99	0	104	0	113	0	58	42
S25	A	G	71	29	80	34	41	43	83	5	70	23	84	25	99	0
S26	A	G	81	33	60	27	62	37	84	8	71	24	55	39	100	0
S27	C	A	77	28	60	34	45	44	93	10	88	25	56	33	82	0
S28	T	G	84	25	56	36	68	37	112	4	73	24	77	31	105	0
S29	T	C	84	33	80	37	61	36	101	4	72	32	61	29	112	0
S30	T	C	91	25	71	30	63	35	92	7	87	25	55	29	99	0
S31	C	T	83	30	64	35	53	39	103	3	72	26	69	36	107	0
S32	G	A	60	31	63	38	56	33	116	6	80	24	69	31	95	0
S33	G	T	74	18	113	0	97	0	86	0	71	25	90	12	95	0
S34	A	G	79	22	110	0	105	0	115	0	83	19	101	10	98	0
S35	G	C	94	17	112	0	93	0	111	0	76	22	98	9	98	0
S36	T	A	87	14	123	0	105	0	125	0	92	24	91	7	110	0
S37	G	A	77	18	86	0	122	0	107	0	69	19	99	11	80	0
S38	C	G	76	22	100	0	110	0	97	0	101	0	121	0	99	0
S39	G	C	88	25	88	0	100	0	94	0	111	0	109	0	109	0
S40	G	T	84	20	113	0	108	0	113	0	84	0	98	0	112	0
S41	G	C	109	0	98	0	92	0	108	0	53	22	86	6	80	0
S42	T	A	89	0	84	0	95	0	102	0	83	15	103	7	107	0
S43	T	G	104	0	97	0	88	0	76	0	71	23	85	11	78	0
S44	A	T	86	0	103	0	99	0	94	0	80	18	77	13	95	0
S45	T	C	104	0	91	0	119	0	87	0	103	29	90	9	123	0
S46	A	T	89	0	106	0	97	0	110	0	93	12	91	8	103	0
S47	A	G	91	0	105	0	105	0	90	0	85	20	104	9	103	0
S48	A	T	100	0	102	0	125	0	111	0	72	17	93	7	107	0
S49	G	C	81	0	107	0	82	0	108	0	86	23	94	7	86	0
