SNVID	Wild	Mut	R2:ref	R2:alt	R3:ref	R3:alt	R4:ref	R4:alt	R6:ref	R6:alt	R1:ref	R1:alt	R5:ref	R5:alt	R7:ref	R7:alt
S1	G	A	73	33	74	28	50	44	80	40	82	31	57	34	59	39
S2	G	A	74	22	69	29	52	54	36	56	63	28	57	31	62	39
S3	G	T	72	30	48	32	55	47	61	42	73	27	68	37	46	47
S4	C	T	101	0	105	0	83	0	67	28	96	0	88	0	106	0
S5	C	A	104	0	102	0	105	0	79	24	87	0	106	0	92	0
S6	A	C	89	0	94	0	105	0	69	27	83	0	105	0	100	0
S7	G	T	92	0	107	0	82	0	69	30	80	0	100	0	103	0
S8	A	T	104	0	105	0	112	0	69	28	100	0	97	0	104	0
S9	G	C	104	0	86	0	97	0	60	37	103	0	98	0	103	0
S10	C	T	82	31	73	33	38	54	81	6	89	21	81	36	76	40
S11	C	G	55	37	67	31	75	45	80	5	89	20	75	29	58	37
S12	T	G	64	30	83	18	41	55	100	2	62	32	79	27	60	40
S13	G	C	65	24	62	38	66	51	87	5	87	24	76	33	49	39
S14	C	T	115	0	87	0	113	0	94	0	116	0	99	0	50	38
S15	C	G	88	0	79	0	111	0	124	0	94	0	91	0	45	44
S16	T	A	99	0	118	0	107	0	93	0	84	0	98	0	58	43
S17	A	C	97	0	102	0	119	0	102	0	92	0	104	0	65	39
S18	G	T	114	0	101	0	84	0	100	0	89	0	113	0	65	46
S19	C	T	115	0	106	0	111	0	94	0	108	0	113	0	46	40
S20	C	T	96	0	98	0	103	0	108	0	84	0	108	0	42	41
S21	C	G	92	0	84	0	107	0	90	0	95	0	94	0	35	49
S22	A	G	106	0	101	0	98	0	97	0	94	0	107	0	75	45
S23	G	A	98	0	103	0	114	0	107	0	118	0	110	0	48	39
S24	C	G	71	31	55	25	70	39	87	6	69	22	54	42	90	0
S25	C	A	71	28	63	33	60	49	102	4	84	31	75	29	98	0
S26	C	G	47	38	81	32	76	35	95	8	83	19	90	29	115	0
S27	T	G	79	31	81	27	45	38	91	3	63	31	62	34	96	0
S28	C	G	73	29	86	27	69	40	87	8	74	33	54	32	95	0
S29	A	T	91	11	74	0	81	0	101	0	107	14	88	11	103	0
S30	T	G	80	24	102	0	100	0	103	0	82	20	84	5	101	0
S31	A	T	77	23	105	0	102	0	100	0	68	22	92	10	105	0
S32	T	G	79	20	89	0	86	0	106	0	84	21	92	10	86	0
S33	G	T	111	17	103	0	97	0	93	0	78	22	76	15	95	0
S34	G	C	74	25	96	0	88	0	95	0	78	25	91	8	106	0
S35	T	C	72	25	98	0	104	0	92	0	71	16	101	8	109	0
S36	T	A	75	24	105	0	90	0	96	0	108	0	107	0	99	0
S37	T	C	63	21	93	0	112	0	109	0	88	0	98	0	88	0
S38	C	T	83	19	119	0	93	0	109	0	92	0	103	0	99	0
S39	G	C	106	0	116	0	106	0	97	0	79	23	95	7	89	0
S40	G	C	119	0	95	0	94	0	88	0	74	23	103	8	86	0
S41	C	T	81	0	84	0	98	0	111	0	97	13	86	17	114	0
S42	T	C	96	0	102	0	114	0	96	0	83	21	95	14	101	0
S43	T	G	113	0	103	0	93	0	127	0	69	21	101	11	118	0
S44	A	G	99	0	82	0	86	0	120	0	86	12	92	10	91	0
S45	C	G	94	0	104	0	86	0	91	0	79	20	98	8	106	0
S46	G	A	104	0	89	0	112	0	94	0	61	22	73	10	99	0
S47	C	G	115	0	83	0	78	0	97	0	72	21	84	16	96	0
S48	A	G	72	0	115	0	91	0	90	0	88	20	93	11	90	0
