SNVID	Wild	Mut	R2:ref	R2:alt	R3:ref	R3:alt	R4:ref	R4:alt	R6:ref	R6:alt	R1:ref	R1:alt	R5:ref	R5:alt	R7:ref	R7:alt
S1	C	T	66	26	89	25	59	48	45	45	84	30	65	25	85	43
S2	T	C	55	30	57	30	49	56	52	57	79	29	72	28	44	40
S3	C	A	82	32	77	28	46	51	57	52	78	31	82	31	56	38
S4	T	C	74	25	79	30	38	57	43	51	79	35	57	29	74	36
S5	G	C	64	31	83	27	62	49	50	45	55	33	74	22	56	33
S6	C	G	59	42	64	31	65	47	54	52	81	29	75	32	73	38
S7	C	A	66	28	72	33	42	55	23	51	72	34	71	28	61	43
S8	C	T	53	33	74	26	56	47	33	58	68	27	57	31	53	43
S9	A	G	91	0	96	0	98	0	99	21	98	0	96	0	86	0
S10	T	C	94	0	105	0	91	0	63	29	102	0	102	0	89	0
S11	A	G	82	0	95	0	104	0	45	35	106	0	88	0	99	0
S12	G	A	94	0	91	0	103	0	72	30	88	0	100	0	119	0
S13	G	A	97	0	108	0	104	0	61	35	109	0	104	0	113	0
S14	A	T	98	0	89	0	111	0	82	26	103	0	99	0	92	0
S15	A	C	100	0	89	0	111	0	52	36	107	0	81	0	84	0
S16	G	C	88	0	115	0	104	0	64	37	97	0	107	0	109	0
S17	G	C	71	31	65	32	64	43	85	6	69	29	62	27	52	41
S18	T	G	88	32	57	32	74	44	114	4	66	30	71	32	63	41
S19	G	T	58	36	68	33	48	52	103	2	72	33	68	29	60	35
S20	G	T	120	0	119	0	91	0	98	0	99	0	100	0	44	43
S21	A	C	105	0	115	0	85	0	107	0	106	0	102	0	66	39
S22	C	T	91	0	115	0	96	0	89	0	105	0	78	0	74	41
S23	C	T	95	0	106	0	103	0	88	0	104	0	95	0	64	41
S24	T	A	93	0	87	0	105	0	92	0	113	0	80	0	60	36
S25	G	A	93	0	112	0	93	0	98	0	109	0	91	0	75	37
S26	A	C	87	0	86	0	130	0	87	0	106	0	99	0	87	34
S27	C	G	99	0	98	0	109	0	106	0	105	0	105	0	58	38
S28	G	A	69	32	67	28	62	42	92	4	85	28	81	29	93	0
S29	T	G	41	40	76	22	48	44	94	3	63	27	74	23	126	0
S30	C	T	62	33	67	26	57	46	105	2	63	22	51	35	112	0
S31	C	T	65	32	85	33	44	49	79	9	90	30	57	31	100	0
S32	C	T	80	29	77	21	45	49	84	7	78	22	60	29	84	0
S33	A	G	85	28	62	31	65	39	103	5	66	33	64	34	114	0
S34	G	C	65	28	83	27	58	37	88	7	69	34	62	29	110	0
S35	G	A	85	36	60	28	68	36	76	5	84	28	72	26	98	0
S36	G	A	66	32	61	29	42	41	83	6	69	32	85	27	96	0
S37	T	A	69	31	68	28	73	37	109	5	72	31	51	28	92	0
S38	C	G	89	25	96	0	88	0	94	0	68	15	88	16	113	0
S39	G	C	83	23	101	0	99	0	119	0	69	15	75	14	109	0
S40	A	C	78	20	88	0	123	0	98	0	84	23	80	12	96	0
S41	C	T	66	18	116	0	90	0	92	0	73	25	81	14	103	0
S42	T	A	56	24	86	0	99	0	90	0	71	20	83	13	112	0
S43	G	A	83	11	103	0	102	0	95	0	84	18	79	10	96	0
S44	T	G	71	23	76	0	103	0	110	0	96	18	101	10	98	0
S45	T	C	80	28	99	0	123	0	98	0	75	22	72	17	112	0
S46	T	A	103	14	103	0	119	0	91	0	74	20	78	13	88	0
S47	G	T	104	20	100	0	110	0	105	0	67	20	76	13	100	0
S48	A	G	84	18	115	0	98	0	90	0	102	0	94	0	93	0
S49	G	A	82	22	99	0	107	0	99	0	114	0	116	0	99	0
S50	G	T	84	17	97	0	103	0	112	0	102	0	99	0	105	0
S51	T	C	84	22	122	0	104	0	93	0	81	0	111	0	89	0
S52	T	A	68	24	109	0	101	0	106	0	99	0	97	0	102	0
S53	C	G	84	12	87	0	98	0	85	0	113	0	92	0	88	0
S54	G	A	81	25	97	0	124	0	113	0	95	0	104	0	100	0
S55	C	G	80	19	95	0	113	0	118	0	89	0	111	0	102	0
S56	A	T	59	21	95	0	104	0	76	0	88	0	91	0	94	0
S57	G	A	90	0	103	0	99	0	124	0	80	24	78	12	112	0
S58	T	A	89	0	83	0	99	0	104	0	75	22	100	6	92	0
S59	T	C	111	0	94	0	107	0	94	0	70	20	78	10	95	0
S60	T	A	115	0	82	0	99	0	99	0	89	23	95	12	110	0
S61	A	T	103	0	110	0	115	0	106	0	88	23	90	12	106	0
S62	A	G	96	0	96	0	109	0	99	0	84	10	103	8	92	0
S63	G	T	96	0	106	0	108	0	97	0	81	23	86	9	107	0
S64	T	A	102	0	74	0	95	0	114	0	85	20	94	7	101	0
S65	C	G	105	0	86	0	95	0	80	0	79	14	91	6	102	0
