SNVID	Wild	Mut	R2:ref	R2:alt	R3:ref	R3:alt	R4:ref	R4:alt	R6:ref	R6:alt	R1:ref	R1:alt	R5:ref	R5:alt	R7:ref	R7:alt
S1	A	G	75	28	71	33	52	50	45	41	70	39	61	26	74	30
S2	C	A	86	31	66	28	38	59	51	49	63	35	77	37	63	42
S3	G	A	81	25	80	26	66	48	53	48	70	34	62	27	62	43
S4	T	C	57	36	70	28	66	43	33	57	54	42	75	28	84	41
S5	A	T	95	0	106	0	97	0	66	30	108	0	109	0	101	0
S6	C	G	92	0	105	0	86	0	84	31	100	0	94	0	97	0
S7	T	G	104	0	105	0	94	0	57	23	91	0	96	0	108	0
S8	G	A	108	0	109	0	122	0	78	18	95	0	100	0	94	0
S9	A	T	60	29	61	29	58	43	113	7	70	32	67	27	53	39
S10	A	T	63	26	65	29	32	52	112	5	50	38	80	25	63	38
S11	T	C	63	33	56	34	36	62	85	3	93	27	60	28	73	37
S12	G	C	85	25	62	27	36	49	102	6	66	34	63	32	59	38
S13	A	T	120	0	106	0	117	0	108	0	118	0	104	0	71	32
S14	C	T	108	0	97	0	105	0	93	0	102	0	90	0	71	38
S15	G	A	103	0	98	0	105	0	98	0	93	0	97	0	66	35
S16	T	A	100	0	110	0	99	0	107	0	106	0	93	0	48	39
S17	G	A	105	0	94	0	103	0	85	0	92	0	106	0	47	52
S18	A	C	103	0	96	0	88	0	98	0	120	0	101	0	36	52
S19	T	A	79	30	84	27	62	39	92	5	76	28	79	26	99	0
S20	A	G	67	31	62	38	44	39	91	4	72	28	72	28	89	0
S21	A	G	62	34	51	35	39	54	105	7	52	34	77	26	83	0
S22	C	A	73	34	71	30	39	42	72	8	55	33	61	34	98	0
S23	G	A	78	27	57	27	57	38	91	7	90	29	63	24	94	0
S24	C	G	81	21	128	0	96	0	105	0	81	20	85	9	93	0
S25	T	G	90	19	91	0	113	0	107	0	71	19	96	6	83	0
S26	A	C	86	16	106	0	86	0	113	0	88	15	106	11	108	0
S27	C	T	80	26	95	0	94	0	106	0	87	18	76	11	108	0
S28	G	A	71	14	89	0	91	0	106	0	87	0	75	0	101	0
S29	G	A	86	13	102	0	99	0	104	0	100	0	102	0	104	0
S30	G	C	84	23	108	0	100	0	103	0	111	0	107	0	126	0
S31	C	A	91	17	101	0	96	0	101	0	103	0	95	0	112	0
S32	T	C	67	20	97	0	107	0	104	0	95	0	107	0	92	0
S33	A	T	103	0	86	0	94	0	113	0	54	29	98	8	100	0
S34	C	A	112	0	87	0	90	0	105	0	70	26	85	11	103	0
S35	C	T	107	0	93	0	82	0	86	0	76	21	99	14	91	0
