SNVID	Wild	Mut	R2:ref	R2:alt	R3:ref	R3:alt	R4:ref	R4:alt	R6:ref	R6:alt	R1:ref	R1:alt	R5:ref	R5:alt	R7:ref	R7:alt
S1	A	T	64	36	74	29	39	58	46	59	69	28	46	34	60	42
S2	A	T	67	29	88	25	69	38	55	46	63	34	82	32	66	37
S3	T	G	83	24	46	36	72	45	54	50	61	30	79	25	33	52
S4	A	G	76	23	73	27	49	53	40	52	74	22	66	28	58	41
S5	C	T	70	26	67	28	56	54	51	52	58	30	53	31	52	35
S6	C	A	76	30	67	28	47	60	46	52	75	25	53	39	53	45
S7	T	C	67	27	76	27	38	46	50	46	83	34	71	33	70	41
S8	C	A	76	31	78	31	61	49	54	49	54	33	56	29	50	40
S9	C	T	100	0	96	0	93	0	83	33	109	0	100	0	99	0
S10	G	T	98	0	107	0	105	0	61	33	104	0	91	0	118	0
S11	A	G	94	0	110	0	92	0	76	30	97	0	85	0	103	0
S12	C	T	104	0	95	0	102	0	68	28	92	0	114	0	92	0
S13	T	G	100	0	98	0	103	0	80	34	104	0	115	0	88	0
S14	G	C	91	0	93	0	82	0	85	29	109	0	100	0	109	0
S15	C	G	102	0	92	0	93	0	70	32	114	0	108	0	104	0
S16	G	C	61	32	77	25	39	53	105	5	78	21	72	28	68	34
S17	C	T	45	30	70	37	43	51	91	4	69	35	56	32	54	32
S18	A	C	57	30	56	38	57	41	109	3	78	33	63	39	70	42
S19	C	A	81	32	77	27	47	48	113	3	83	28	82	36	75	39
S20	A	T	61	28	58	29	36	46	107	5	101	18	95	29	67	38
S21	G	C	93	0	102	0	105	0	114	0	103	0	93	0	44	38
S22	T	G	101	0	95	0	96	0	94	0	100	0	103	0	63	44
S23	G	C	84	0	96	0	110	0	93	0	109	0	80	0	81	36
S24	A	C	58	37	85	27	70	37	84	6	85	27	77	26	103	0
S25	A	C	55	35	55	35	76	40	113	6	78	38	87	30	104	0
S26	G	A	60	24	56	34	50	39	100	3	69	36	69	31	103	0
S27	A	T	70	30	65	34	45	41	98	1	73	21	78	26	117	0
S28	G	C	77	25	100	0	113	0	111	0	88	17	84	12	94	0
S29	A	T	64	20	105	0	95	0	102	0	78	21	79	9	107	0
S30	C	A	84	16	120	0	115	0	106	0	68	17	96	10	87	0
S31	T	A	90	24	109	0	111	0	104	0	111	0	110	0	97	0
S32	A	G	64	18	110	0	109	0	104	0	100	0	99	0	87	0
S33	G	T	77	19	99	0	113	0	97	0	82	0	95	0	108	0
S34	G	A	77	20	87	0	85	0	96	0	116	0	103	0	100	0
S35	T	G	85	21	89	0	98	0	98	0	103	0	109	0	97	0
S36	C	A	86	19	103	0	95	0	112	0	100	0	87	0	96	0
S37	G	T	73	23	100	0	92	0	91	0	101	0	102	0	94	0
S38	T	C	72	28	96	0	113	0	88	0	96	0	100	0	109	0
S39	A	G	90	19	99	0	103	0	92	0	92	0	99	0	106	0
S40	A	C	89	16	107	0	90	0	99	0	99	0	97	0	121	0
S41	G	A	105	0	95	0	106	0	115	0	80	19	77	13	91	0
S42	T	A	115	0	93	0	94	0	109	0	86	25	87	13	107	0
S43	T	C	102	0	107	0	105	0	88	0	62	26	71	9	100	0
S44	A	C	107	0	106	0	75	0	115	0	88	30	91	11	96	0
S45	G	C	106	0	87	0	88	0	86	0	96	17	87	8	92	0
