SNVID	Wild	Mut	R2:ref	R2:alt	R3:ref	R3:alt	R4:ref	R4:alt	R6:ref	R6:alt	R1:ref	R1:alt	R5:ref	R5:alt	R7:ref	R7:alt
S1	A	T	78	23	69	24	53	54	66	50	70	30	63	23	54	35
S2	A	C	70	26	79	25	51	49	41	47	61	34	70	24	66	35
S3	C	G	69	28	61	26	57	44	50	49	95	25	67	33	58	38
S4	A	G	63	39	64	23	59	52	76	49	58	35	56	32	51	50
S5	A	C	58	28	64	29	47	47	33	50	88	28	65	27	56	40
S6	A	T	60	38	70	32	38	55	42	51	72	26	82	28	65	43
S7	G	A	81	28	70	25	35	53	56	51	68	31	78	24	58	38
S8	C	A	74	33	60	36	43	52	52	57	74	30	73	22	64	45
S9	C	G	110	0	111	0	101	0	71	42	89	0	105	0	105	0
S10	G	T	85	0	94	0	93	0	71	28	111	0	86	0	90	0
S11	G	T	110	0	92	0	97	0	64	29	106	0	103	0	100	0
S12	C	A	105	0	129	0	98	0	62	34	116	0	93	0	99	0
S13	A	T	115	0	94	0	89	0	66	26	89	0	112	0	95	0
S14	G	C	89	0	97	0	106	0	71	34	82	0	102	0	111	0
S15	G	C	91	0	90	0	119	0	68	30	105	0	107	0	88	0
S16	A	T	82	22	70	34	54	42	94	5	71	22	59	34	55	38
S17	A	G	78	26	93	26	54	56	96	5	66	28	68	30	46	36
S18	A	G	58	40	62	38	54	53	76	6	80	24	66	30	49	33
S19	A	T	67	32	89	28	44	50	85	7	72	36	59	37	46	52
S20	G	A	89	24	84	24	44	50	100	6	62	32	87	27	57	41
S21	A	T	72	27	83	24	43	44	97	4	80	29	66	21	82	30
S22	T	A	60	37	71	32	61	46	86	3	65	24	72	27	49	37
S23	C	G	108	0	118	0	104	0	95	0	89	0	100	0	88	40
S24	G	C	100	0	92	0	106	0	106	0	100	0	101	0	38	39
S25	T	A	99	0	119	0	97	0	102	0	115	0	118	0	45	44
S26	A	C	96	0	93	0	94	0	94	0	104	0	119	0	63	40
S27	C	T	108	0	121	0	86	0	103	0	78	0	93	0	83	33
S28	C	G	90	0	95	0	109	0	83	0	101	0	99	0	74	37
S29	A	G	109	0	94	0	110	0	106	0	78	0	98	0	35	43
S30	T	G	105	0	94	0	117	0	105	0	98	0	103	0	63	38
S31	T	A	83	23	85	25	65	40	130	6	49	26	70	32	93	0
S32	G	C	80	24	86	25	55	42	105	11	72	28	73	27	87	0
S33	T	G	60	33	53	35	42	45	103	6	57	41	71	29	106	0
S34	G	C	65	27	58	30	84	35	111	2	65	30	85	42	102	0
S35	G	T	87	23	103	0	123	0	94	0	56	23	83	10	82	0
S36	T	G	82	19	115	0	89	0	120	0	77	25	89	9	109	0
S37	G	T	80	19	120	0	96	0	107	0	79	23	91	15	83	0
S38	G	T	78	21	94	0	115	0	108	0	92	15	117	13	96	0
S39	C	A	81	25	91	0	103	0	118	0	84	18	78	7	115	0
S40	T	A	82	19	92	0	85	0	98	0	99	21	105	8	99	0
S41	A	G	80	29	84	0	95	0	99	0	87	22	78	10	103	0
S42	T	A	82	23	98	0	105	0	93	0	80	20	95	6	103	0
S43	A	C	80	15	97	0	102	0	105	0	106	17	78	7	102	0
S44	G	C	81	21	91	0	114	0	99	0	83	0	95	0	102	0
S45	T	G	73	18	108	0	92	0	107	0	99	0	99	0	102	0
S46	T	C	89	15	110	0	99	0	93	0	109	0	71	0	107	0
S47	A	C	69	18	84	0	109	0	120	0	99	0	104	0	96	0
S48	T	G	75	15	95	0	81	0	108	0	120	0	109	0	106	0
S49	A	C	71	20	86	0	83	0	91	0	94	0	76	0	91	0
S50	A	G	100	24	103	0	93	0	87	0	78	0	104	0	90	0
S51	G	T	88	17	92	0	117	0	105	0	93	0	118	0	101	0
S52	G	T	82	15	108	0	101	0	101	0	100	0	107	0	106	0
S53	G	T	97	0	88	0	94	0	107	0	81	22	67	8	103	0
S54	A	C	108	0	93	0	91	0	107	0	90	15	99	9	101	0
S55	G	A	106	0	97	0	97	0	106	0	64	24	92	10	112	0
S56	T	A	95	0	97	0	102	0	102	0	90	24	98	15	101	0
S57	A	T	91	0	111	0	104	0	89	0	74	25	108	10	114	0
