SNVID	Wild	Mut	R2:ref	R2:alt	R3:ref	R3:alt	R4:ref	R4:alt	R6:ref	R6:alt	R1:ref	R1:alt	R5:ref	R5:alt	R7:ref	R7:alt
S1	G	T	57	33	78	26	43	45	40	40	65	28	65	28	73	33
S2	T	C	67	35	58	24	52	50	55	45	45	35	47	31	64	39
S3	A	T	71	30	66	26	60	52	47	52	73	31	76	31	47	36
S4	C	T	77	28	65	34	52	57	50	43	55	41	70	34	61	37
S5	C	T	87	0	113	0	103	0	71	25	106	0	113	0	97	0
S6	A	G	99	0	92	0	92	0	79	27	96	0	86	0	87	0
S7	C	G	108	0	118	0	82	0	68	24	94	0	94	0	94	0
S8	C	T	110	0	106	0	101	0	86	32	90	0	100	0	109	0
S9	T	A	110	0	81	0	92	0	64	32	108	0	105	0	106	0
S10	T	A	66	30	67	30	47	51	84	9	55	31	70	28	37	42
S11	A	C	82	28	56	29	32	52	109	6	70	29	61	31	60	32
S12	C	A	82	27	72	32	70	51	102	8	77	29	68	30	49	47
S13	T	C	70	28	84	31	45	51	88	10	105	20	73	33	49	41
S14	A	C	49	36	78	31	62	50	102	5	83	26	57	28	74	43
S15	T	C	54	27	74	23	40	56	94	10	76	29	45	38	59	46
S16	G	A	53	27	63	22	46	45	91	6	68	34	72	23	58	41
S17	G	A	122	0	84	0	119	0	97	0	132	0	95	0	73	25
S18	T	G	95	0	88	0	106	0	103	0	94	0	106	0	60	44
S19	G	T	109	0	94	0	97	0	93	0	89	0	108	0	80	36
S20	G	T	117	0	89	0	101	0	90	0	100	0	119	0	61	35
S21	G	A	65	35	64	30	47	38	93	4	78	22	61	30	83	0
S22	A	T	73	34	66	30	53	46	98	4	70	34	76	31	94	0
S23	G	A	91	24	78	32	70	38	88	5	49	32	72	36	87	0
S24	A	G	64	29	64	26	70	40	98	9	74	27	75	31	97	0
S25	A	C	60	34	65	32	66	44	97	6	82	24	65	30	104	0
S26	A	C	72	30	75	30	65	35	92	6	63	24	71	30	91	0
S27	A	G	75	35	77	28	70	37	87	3	60	29	79	28	89	0
S28	C	T	64	30	64	28	44	50	97	7	57	34	65	41	109	0
S29	A	C	71	34	59	28	47	40	112	2	85	28	58	33	105	0
S30	G	T	71	24	78	24	65	34	82	4	69	35	49	39	93	0
S31	G	C	91	23	94	0	104	0	99	0	101	17	110	6	92	0
S32	C	G	74	14	106	0	109	0	107	0	85	22	73	7	94	0
S33	A	C	86	18	98	0	93	0	101	0	75	19	95	10	112	0
S34	T	G	93	17	110	0	95	0	91	0	82	14	94	3	101	0
S35	G	A	63	23	103	0	96	0	96	0	77	14	70	13	104	0
S36	A	T	65	22	98	0	90	0	99	0	92	17	98	8	96	0
S37	T	C	85	16	113	0	91	0	106	0	85	16	99	6	93	0
S38	A	T	81	26	93	0	116	0	98	0	75	16	90	11	97	0
S39	A	T	80	14	110	0	112	0	99	0	96	0	109	0	92	0
S40	G	C	76	23	108	0	102	0	82	0	105	0	110	0	93	0
S41	G	T	80	21	72	0	90	0	96	0	79	0	101	0	89	0
S42	A	G	92	13	89	0	91	0	93	0	108	0	112	0	113	0
S43	T	A	106	0	89	0	100	0	92	0	79	22	87	11	116	0
S44	G	T	95	0	83	0	93	0	115	0	90	20	93	13	107	0
S45	T	C	100	0	100	0	77	0	115	0	66	19	96	10	106	0
S46	G	T	96	0	104	0	107	0	110	0	72	17	90	10	100	0
S47	A	T	97	0	104	0	100	0	94	0	75	22	90	8	96	0
S48	G	A	88	0	79	0	89	0	104	0	86	20	98	17	99	0
S49	T	C	87	0	81	0	83	0	84	0	86	22	81	9	98	0
S50	A	G	107	0	95	0	103	0	96	0	73	21	89	12	95	0
S51	T	A	99	0	95	0	101	0	118	0	50	24	99	11	98	0
S52	C	T	75	0	75	0	105	0	97	0	88	18	84	8	109	0
