SNVID	Wild	Mut	R2:ref	R2:alt	R3:ref	R3:alt	R4:ref	R4:alt	R6:ref	R6:alt	R1:ref	R1:alt	R5:ref	R5:alt	R7:ref	R7:alt
S1	C	T	72	27	58	38	55	53	43	52	60	27	77	30	54	45
S2	C	A	69	30	85	35	54	53	57	48	81	30	63	29	60	43
S3	A	C	85	27	69	28	54	39	70	48	69	37	84	28	61	40
S4	A	G	84	24	63	43	69	50	71	37	81	30	76	28	55	49
S5	T	C	78	34	68	29	71	45	50	52	65	33	70	34	57	42
S6	A	T	80	35	77	33	41	52	42	55	66	29	67	34	55	41
S7	G	T	107	28	68	27	67	47	49	50	77	21	74	30	61	34
S8	T	G	82	28	77	35	27	49	47	60	61	30	57	39	62	33
S9	C	G	62	31	62	30	65	42	55	47	63	32	62	33	69	36
S10	T	C	72	28	96	26	59	45	38	55	57	32	82	22	61	40
S11	C	A	88	0	105	0	105	0	77	25	117	0	112	0	101	0
S12	A	C	93	0	79	0	91	0	49	32	114	0	91	0	92	0
S13	A	T	86	0	92	0	112	0	68	30	96	0	107	0	91	0
S14	C	G	111	0	102	0	95	0	68	26	95	0	88	0	95	0
S15	A	C	102	0	105	0	95	0	74	31	107	0	111	0	101	0
S16	T	A	94	0	97	0	95	0	60	30	100	0	93	0	118	0
S17	C	A	101	0	106	0	86	0	81	26	93	0	97	0	114	0
S18	C	T	92	0	88	0	95	0	71	32	94	0	87	0	102	0
S19	C	T	108	0	96	0	110	0	47	31	91	0	93	0	99	0
S20	G	C	115	0	85	0	113	0	85	22	83	0	85	0	105	0
S21	T	A	72	35	91	35	61	47	95	8	80	36	62	34	66	37
S22	A	G	70	30	55	42	55	41	99	8	64	29	55	37	51	51
S23	C	T	57	28	85	24	63	47	86	7	46	29	70	22	68	41
S24	G	A	89	0	98	0	99	0	106	0	116	0	102	0	71	40
S25	C	A	88	0	104	0	79	0	86	0	89	0	108	0	51	39
S26	T	G	101	0	107	0	94	0	104	0	110	0	89	0	54	39
S27	G	C	106	0	110	0	97	0	104	0	96	0	102	0	68	38
S28	C	G	99	0	89	0	83	0	90	0	96	0	101	0	59	43
S29	G	C	90	0	106	0	97	0	92	0	91	0	111	0	56	35
S30	A	C	90	0	103	0	92	0	89	0	107	0	93	0	68	46
S31	G	A	111	0	97	0	99	0	106	0	112	0	98	0	51	49
S32	C	T	70	38	67	28	57	41	91	4	80	27	58	29	96	0
S33	A	T	56	36	74	29	78	32	93	6	60	36	47	39	116	0
S34	T	G	82	26	72	26	43	48	96	3	64	37	62	31	121	0
S35	G	T	59	40	85	27	75	44	100	8	67	29	69	28	104	0
S36	G	T	61	36	61	39	64	40	77	11	59	30	79	31	92	0
S37	T	C	85	24	57	30	74	39	86	6	73	27	76	36	92	0
S38	C	T	60	22	104	0	107	0	88	0	73	23	91	11	89	0
S39	A	G	90	19	96	0	91	0	93	0	76	23	92	12	98	0
S40	T	C	78	18	98	0	108	0	105	0	95	23	97	11	92	0
S41	G	A	80	22	110	0	103	0	116	0	83	26	91	9	104	0
S42	G	T	81	17	96	0	95	0	101	0	75	15	101	7	82	0
S43	G	C	82	19	102	0	97	0	112	0	80	25	72	8	88	0
S44	G	A	68	23	109	0	96	0	114	0	81	17	93	12	103	0
S45	T	A	74	20	109	0	109	0	103	0	90	0	94	0	82	0
S46	G	C	71	17	107	0	114	0	90	0	94	0	111	0	97	0
S47	C	T	86	26	112	0	107	0	103	0	100	0	126	0	79	0
S48	T	C	79	20	92	0	104	0	114	0	99	0	98	0	103	0
S49	C	G	72	20	109	0	105	0	92	0	92	0	118	0	100	0
S50	G	T	82	25	78	0	115	0	94	0	100	0	102	0	90	0
S51	G	A	91	0	100	0	125	0	94	0	80	20	87	10	104	0
S52	G	C	83	0	82	0	101	0	112	0	76	24	97	7	101	0
S53	T	G	91	0	100	0	96	0	99	0	82	22	108	14	93	0
S54	A	C	85	0	100	0	97	0	89	0	83	23	82	4	97	0
