SNVID	Wild	Mut	R2:ref	R2:alt	R3:ref	R3:alt	R4:ref	R4:alt	R6:ref	R6:alt	R1:ref	R1:alt	R5:ref	R5:alt	R7:ref	R7:alt
S1	C	G	88	26	73	29	54	56	61	43	57	26	75	26	64	33
S2	T	G	70	35	89	24	36	49	58	50	58	30	73	29	44	36
S3	G	C	57	38	81	29	86	47	47	54	66	31	60	33	50	41
S4	G	T	81	32	46	34	59	42	33	61	56	33	56	29	69	39
S5	A	C	56	34	50	41	77	36	38	46	77	27	70	37	50	39
S6	G	T	74	25	55	27	44	53	46	46	87	26	72	33	65	45
S7	G	C	95	0	92	0	108	0	72	28	106	0	93	0	88	0
S8	T	A	83	0	104	0	114	0	75	22	87	0	87	0	105	0
S9	T	A	98	0	117	0	91	0	65	19	96	0	111	0	90	0
S10	C	G	82	0	136	0	91	0	66	32	109	0	82	0	96	0
S11	A	G	100	0	105	0	114	0	76	26	99	0	114	0	89	0
S12	A	C	91	0	97	0	99	0	81	34	95	0	88	0	97	0
S13	G	A	108	0	102	0	114	0	64	37	101	0	101	0	104	0
S14	T	C	63	33	72	29	60	49	97	5	81	28	92	27	59	42
S15	T	C	69	32	70	27	50	48	122	1	69	28	57	40	72	39
S16	G	A	58	33	56	29	53	53	102	5	70	34	76	29	43	35
S17	C	A	85	30	66	36	56	55	87	5	80	24	76	28	60	39
S18	T	A	83	0	88	0	94	0	118	0	95	0	83	0	55	38
S19	A	G	100	0	92	0	95	0	104	0	100	0	82	0	71	37
S20	C	A	95	0	105	0	108	0	103	0	97	0	99	0	71	42
S21	A	C	106	0	122	0	102	0	97	0	112	0	110	0	52	42
S22	A	C	90	0	90	0	87	0	113	0	109	0	96	0	68	39
S23	C	G	92	0	95	0	102	0	94	0	103	0	109	0	53	39
S24	A	G	98	0	102	0	90	0	92	0	114	0	105	0	59	46
S25	T	C	105	0	106	0	98	0	83	0	102	0	88	0	64	48
S26	G	C	101	0	118	0	107	0	96	0	81	0	112	0	55	43
S27	T	A	63	33	67	28	61	39	83	6	75	22	62	32	80	0
S28	C	T	83	27	56	26	45	38	93	4	66	28	65	37	109	0
S29	G	C	77	29	60	34	63	47	112	3	51	40	88	25	106	0
S30	A	C	74	24	67	35	51	44	101	4	91	26	86	26	89	0
S31	C	T	75	17	93	0	108	0	111	0	67	21	90	14	101	0
S32	T	C	98	27	83	0	100	0	107	0	87	27	115	6	91	0
S33	A	T	74	20	96	0	98	0	106	0	79	17	79	11	106	0
S34	T	A	61	24	102	0	116	0	109	0	71	19	83	5	89	0
S35	G	T	82	19	93	0	103	0	107	0	79	15	102	8	119	0
S36	C	A	83	22	93	0	102	0	120	0	82	15	94	5	114	0
S37	T	A	67	26	94	0	103	0	103	0	82	24	92	7	96	0
S38	T	A	60	19	106	0	118	0	98	0	108	11	84	8	102	0
S39	T	G	84	15	92	0	123	0	94	0	59	26	75	8	99	0
S40	A	T	93	23	80	0	94	0	109	0	80	29	83	9	92	0
S41	T	G	77	17	119	0	99	0	109	0	83	0	111	0	90	0
S42	A	T	70	26	110	0	104	0	117	0	103	0	96	0	116	0
S43	A	G	73	21	99	0	102	0	108	0	96	0	93	0	85	0
S44	A	G	82	18	102	0	109	0	71	0	109	0	104	0	101	0
S45	A	G	94	17	92	0	107	0	103	0	109	0	99	0	123	0
S46	A	G	96	24	98	0	102	0	100	0	109	0	111	0	89	0
S47	C	A	83	15	98	0	105	0	97	0	113	0	108	0	77	0
S48	T	C	85	0	88	0	91	0	101	0	66	18	82	10	100	0
S49	C	T	114	0	79	0	100	0	76	0	93	14	100	13	84	0
S50	C	T	109	0	104	0	104	0	98	0	82	14	87	10	85	0
S51	A	T	86	0	106	0	101	0	102	0	96	16	87	15	82	0
S52	G	A	101	0	87	0	122	0	89	0	91	12	96	11	106	0
S53	C	G	97	0	101	0	113	0	116	0	80	19	103	11	100	0
S54	G	T	108	0	101	0	82	0	96	0	70	28	87	9	103	0
S55	A	G	88	0	122	0	103	0	98	0	73	21	94	10	96	0
S56	T	C	106	0	95	0	98	0	94	0	84	13	94	10	95	0
