SNVID	Wild	Mut	R2:ref	R2:alt	R3:ref	R3:alt	R4:ref	R4:alt	R6:ref	R6:alt	R1:ref	R1:alt	R5:ref	R5:alt	R7:ref	R7:alt
S1	T	A	81	26	60	31	46	53	41	52	58	39	100	32	75	35
S2	A	C	83	25	66	37	39	51	65	50	81	34	87	23	84	37
S3	A	G	58	30	84	31	50	53	38	53	63	32	73	22	41	47
S4	T	G	104	0	105	0	86	0	54	31	98	0	96	0	101	0
S5	A	C	97	0	92	0	108	0	73	27	104	0	96	0	121	0
S6	C	A	103	0	98	0	104	0	69	36	102	0	89	0	100	0
S7	C	T	109	0	97	0	90	0	92	24	98	0	112	0	102	0
S8	A	C	69	30	67	28	53	53	113	4	90	29	88	27	62	33
S9	T	A	70	31	80	30	70	52	92	6	80	30	72	33	43	49
S10	C	G	76	26	69	37	43	54	93	5	84	27	80	30	48	37
S11	T	C	81	31	73	27	77	37	106	10	79	27	66	29	57	41
S12	T	A	73	40	93	27	43	55	94	4	61	32	79	27	65	34
S13	G	A	54	30	69	30	43	51	93	3	66	29	70	28	67	47
S14	C	G	67	27	84	23	37	53	100	5	91	33	73	33	45	50
S15	T	A	57	28	75	33	59	49	109	5	69	32	65	30	69	43
S16	T	C	54	31	60	37	50	52	86	4	90	30	87	26	63	41
S17	C	A	71	29	72	32	55	56	100	4	84	31	74	28	45	45
S18	A	C	117	0	113	0	89	0	94	0	105	0	88	0	63	38
S19	G	A	104	0	95	0	82	0	120	0	98	0	85	0	49	49
S20	C	T	91	0	91	0	115	0	91	0	96	0	110	0	70	33
S21	G	T	105	0	106	0	89	0	104	0	91	0	88	0	44	34
S22	G	A	111	0	100	0	85	0	90	0	105	0	109	0	55	40
S23	G	A	90	0	109	0	101	0	101	0	90	0	96	0	64	33
S24	C	G	91	0	83	0	106	0	109	0	85	0	105	0	74	37
S25	G	C	87	0	77	0	84	0	93	0	106	0	92	0	70	40
S26	T	A	88	0	110	0	115	0	99	0	110	0	88	0	59	37
S27	A	C	78	29	78	28	51	31	102	9	82	30	61	33	133	0
S28	A	G	95	31	67	28	50	52	90	8	62	28	83	27	80	0
S29	G	T	64	29	60	36	63	36	99	4	51	30	67	26	94	0
S30	A	C	75	25	76	29	55	38	80	6	85	24	75	22	92	0
S31	G	A	79	32	76	34	35	40	99	5	89	20	72	27	101	0
S32	A	T	71	32	86	24	63	39	96	4	63	32	73	39	113	0
S33	T	G	56	25	67	28	51	37	89	8	68	36	73	32	108	0
S34	T	G	84	23	112	0	97	0	113	0	87	16	68	10	91	0
S35	T	G	75	15	115	0	95	0	86	0	86	15	98	11	92	0
S36	A	C	70	21	106	0	96	0	95	0	67	16	89	16	82	0
S37	A	G	75	24	119	0	107	0	87	0	85	19	76	7	98	0
S38	A	T	92	15	112	0	96	0	116	0	84	13	98	8	106	0
S39	T	G	83	15	103	0	107	0	101	0	81	21	101	10	90	0
S40	T	G	83	14	89	0	119	0	104	0	68	17	78	10	88	0
S41	A	C	83	20	88	0	82	0	103	0	68	18	69	8	98	0
S42	A	T	93	19	95	0	100	0	110	0	74	25	79	12	93	0
S43	G	T	96	24	90	0	114	0	103	0	65	23	92	8	106	0
S44	A	G	78	17	104	0	98	0	87	0	98	0	105	0	86	0
S45	C	G	98	13	97	0	107	0	106	0	121	0	103	0	124	0
S46	G	T	80	18	101	0	103	0	120	0	99	0	84	0	120	0
S47	T	A	87	20	102	0	101	0	107	0	100	0	87	0	111	0
S48	T	G	93	13	110	0	96	0	105	0	89	0	93	0	120	0
S49	C	G	74	23	111	0	101	0	100	0	100	0	81	0	89	0
S50	C	G	76	20	105	0	107	0	119	0	97	0	89	0	107	0
S51	A	C	81	18	95	0	91	0	107	0	107	0	102	0	114	0
S52	T	C	81	18	98	0	99	0	106	0	130	0	94	0	97	0
S53	A	T	82	16	95	0	110	0	100	0	96	0	95	0	98	0
S54	G	C	107	0	100	0	94	0	100	0	70	23	92	5	112	0
S55	G	C	111	0	91	0	94	0	97	0	76	11	110	9	102	0
S56	G	A	105	0	83	0	99	0	101	0	75	16	78	9	91	0
S57	G	C	104	0	117	0	90	0	107	0	64	20	76	15	88	0
S58	A	G	103	0	106	0	73	0	86	0	88	18	72	13	102	0
S59	T	C	96	0	100	0	104	0	103	0	81	20	94	11	97	0
S60	C	T	93	0	96	0	83	0	103	0	87	23	82	7	114	0
S61	G	C	92	0	102	0	100	0	74	0	104	18	75	10	96	0
