SNVID	Wild	Mut	R2:ref	R2:alt	R3:ref	R3:alt	R4:ref	R4:alt	R6:ref	R6:alt	R1:ref	R1:alt	R5:ref	R5:alt	R7:ref	R7:alt
S1	T	G	73	27	68	27	62	47	39	41	63	37	71	37	69	41
S2	T	C	75	32	61	24	47	59	50	53	72	32	78	26	78	43
S3	C	T	48	36	76	28	36	57	66	42	63	26	60	25	67	38
S4	T	C	83	17	68	30	64	50	54	56	86	31	69	28	52	43
S5	G	C	71	31	71	39	49	49	49	40	57	34	55	33	57	42
S6	G	T	58	34	84	22	58	48	36	45	49	37	50	32	62	33
S7	T	A	106	0	101	0	101	0	75	30	103	0	98	0	85	0
S8	G	T	82	0	85	0	95	0	79	34	109	0	78	0	98	0
S9	A	G	95	0	109	0	106	0	51	32	106	0	106	0	93	0
S10	A	G	110	0	121	0	105	0	88	28	101	0	123	0	83	0
S11	A	G	76	24	68	41	40	54	105	2	82	24	69	29	59	35
S12	C	T	62	36	58	29	57	42	86	8	93	25	52	35	66	43
S13	A	G	56	30	88	32	34	52	99	4	71	26	60	28	52	41
S14	C	T	119	0	105	0	92	0	105	0	122	0	90	0	45	42
S15	C	G	104	0	93	0	106	0	89	0	97	0	108	0	78	35
S16	T	A	82	0	106	0	108	0	83	0	105	0	98	0	66	39
S17	C	T	99	0	87	0	88	0	86	0	95	0	97	0	51	42
S18	G	C	94	0	100	0	107	0	104	0	96	0	112	0	56	39
S19	G	T	93	0	93	0	90	0	101	0	91	0	116	0	53	37
S20	T	A	118	0	93	0	95	0	93	0	118	0	96	0	63	42
S21	C	T	93	0	115	0	83	0	104	0	96	0	95	0	40	39
S22	C	T	92	27	71	29	81	36	86	10	62	26	71	32	101	0
S23	A	C	66	28	87	31	76	39	105	6	61	30	56	35	101	0
S24	C	T	86	23	87	27	51	41	103	4	89	22	55	38	108	0
S25	C	G	57	30	101	21	68	30	82	5	88	20	79	39	99	0
S26	G	A	67	29	75	27	48	46	83	6	72	31	66	27	104	0
S27	G	T	74	28	48	28	54	39	89	5	60	27	70	22	108	0
S28	T	G	89	32	84	22	54	42	71	8	70	26	75	30	95	0
S29	C	A	52	33	84	28	74	40	110	4	66	26	47	30	102	0
S30	G	T	87	27	70	27	80	39	111	1	88	21	65	34	101	0
S31	C	T	86	14	112	0	96	0	99	0	77	23	99	9	96	0
S32	A	G	66	26	109	0	111	0	98	0	76	25	92	6	117	0
S33	G	C	76	21	115	0	102	0	98	0	97	10	88	8	108	0
S34	C	A	59	25	113	0	112	0	125	0	78	23	101	8	88	0
S35	A	T	70	21	92	0	96	0	97	0	99	0	82	0	98	0
S36	G	A	67	23	126	0	105	0	92	0	111	0	119	0	77	0
S37	T	C	78	17	94	0	115	0	104	0	86	0	112	0	100	0
S38	C	A	82	23	109	0	101	0	110	0	85	0	128	0	96	0
S39	T	C	104	0	93	0	94	0	88	0	86	17	102	10	114	0
S40	G	T	103	0	86	0	107	0	114	0	69	30	87	12	89	0
S41	G	A	100	0	91	0	106	0	98	0	70	15	95	9	102	0
S42	A	T	100	0	115	0	95	0	88	0	77	16	83	14	104	0
S43	C	T	101	0	85	0	97	0	88	0	76	16	90	11	106	0
S44	T	C	106	0	89	0	92	0	94	0	91	20	84	8	100	0
S45	T	G	91	0	102	0	87	0	103	0	81	19	84	9	105	0
S46	A	C	91	0	85	0	108	0	121	0	90	24	93	9	79	0
S47	A	G	87	0	92	0	101	0	102	0	68	24	91	9	82	0
