SNVID	Wild	Mut	R2:ref	R2:alt	R3:ref	R3:alt	R4:ref	R4:alt	R6:ref	R6:alt	R1:ref	R1:alt	R5:ref	R5:alt	R7:ref	R7:alt
S1	A	G	70	24	87	28	42	50	64	47	57	40	53	29	46	39
S2	C	T	66	28	80	32	63	50	62	50	72	29	84	29	71	40
S3	G	C	81	29	54	37	73	37	54	47	46	28	76	35	48	45
S4	C	G	88	33	88	37	66	48	61	52	80	31	71	28	74	31
S5	C	G	88	23	72	29	41	50	50	46	66	31	65	27	55	43
S6	T	A	86	35	77	32	48	54	65	45	64	39	65	37	67	36
S7	A	T	71	27	88	30	40	56	53	53	68	31	74	27	85	35
S8	C	T	69	24	78	25	50	59	38	53	75	33	79	30	65	41
S9	A	T	69	37	77	27	60	42	59	56	74	25	60	24	62	35
S10	C	T	120	0	102	0	87	0	70	30	84	0	93	0	102	0
S11	A	C	96	0	108	0	108	0	88	27	101	0	99	0	98	0
S12	C	G	93	0	102	0	105	0	76	25	125	0	114	0	89	0
S13	C	A	106	0	115	0	87	0	88	22	89	0	109	0	106	0
S14	T	C	97	0	107	0	84	0	70	28	83	0	111	0	100	0
S15	T	A	75	32	96	25	41	47	100	1	70	29	78	21	60	40
S16	G	T	83	24	65	20	38	48	88	4	68	37	66	26	67	45
S17	G	T	79	32	67	28	46	44	99	9	73	31	49	38	70	30
S18	G	C	62	36	60	29	63	39	96	6	85	27	65	28	77	35
S19	C	G	75	28	62	29	62	51	108	6	67	34	74	30	45	40
S20	C	T	66	22	60	35	49	55	106	7	68	38	83	26	50	38
S21	C	T	96	23	52	35	37	53	99	8	92	28	61	34	59	46
S22	A	C	65	33	76	22	37	52	110	7	73	21	61	25	81	32
S23	A	G	79	30	52	34	42	49	81	7	75	32	67	21	48	40
S24	G	A	62	33	70	27	43	50	101	3	78	29	59	34	55	38
S25	A	G	100	0	101	0	102	0	119	0	102	0	109	0	61	41
S26	T	A	86	0	101	0	97	0	87	0	104	0	87	0	35	44
S27	T	C	109	0	96	0	114	0	105	0	95	0	74	0	58	40
S28	G	C	68	31	79	32	57	37	92	7	70	36	61	37	73	0
S29	C	A	96	26	69	32	59	43	105	5	79	30	85	27	107	0
S30	A	G	79	26	75	24	52	37	98	5	55	30	64	30	133	0
S31	C	A	59	36	78	31	70	37	110	7	45	25	62	33	108	0
S32	C	G	98	19	105	0	93	0	93	0	83	18	96	14	100	0
S33	A	G	88	16	101	0	89	0	110	0	72	22	94	8	108	0
S34	A	G	78	19	95	0	97	0	103	0	75	34	76	6	104	0
S35	C	T	80	26	93	0	102	0	119	0	95	23	118	4	99	0
S36	A	G	76	20	106	0	94	0	102	0	82	21	93	12	110	0
S37	C	T	80	24	130	0	100	0	115	0	56	22	92	9	99	0
S38	C	T	87	18	98	0	97	0	110	0	91	21	103	6	105	0
S39	G	A	77	19	85	0	96	0	88	0	105	0	105	0	95	0
S40	C	T	77	22	102	0	97	0	97	0	90	0	111	0	95	0
S41	T	A	76	19	101	0	106	0	86	0	97	0	87	0	104	0
S42	T	G	76	23	101	0	98	0	111	0	91	0	104	0	88	0
S43	T	G	73	23	93	0	91	0	104	0	96	0	88	0	108	0
S44	C	G	81	13	93	0	100	0	79	0	92	0	117	0	106	0
S45	C	A	98	0	102	0	111	0	92	0	88	19	89	9	106	0
S46	C	G	90	0	104	0	94	0	104	0	69	18	76	16	89	0
S47	G	A	94	0	93	0	95	0	94	0	88	19	94	10	98	0
S48	A	G	95	0	98	0	105	0	93	0	78	22	73	10	109	0
