SNVID	Wild	Mut	R2:ref	R2:alt	R3:ref	R3:alt	R4:ref	R4:alt	R6:ref	R6:alt	R1:ref	R1:alt	R5:ref	R5:alt	R7:ref	R7:alt
S1	G	T	65	35	66	30	61	48	40	50	55	36	62	26	65	38
S2	C	A	59	35	68	26	47	45	45	48	58	35	82	26	51	38
S3	G	C	64	26	46	41	14	59	28	50	79	23	57	31	75	35
S4	T	C	89	28	79	29	40	44	59	50	58	26	80	29	62	36
S5	T	A	66	32	55	37	39	42	54	47	74	31	76	28	63	42
S6	T	C	101	0	103	0	95	0	67	39	113	0	93	0	79	0
S7	G	T	118	0	103	0	94	0	75	32	113	0	111	0	90	0
S8	A	T	103	0	86	0	106	0	79	39	97	0	104	0	107	0
S9	C	G	92	0	91	0	88	0	72	21	93	0	92	0	107	0
S10	T	C	110	0	105	0	94	0	76	29	118	0	109	0	98	0
S11	C	A	88	0	112	0	95	0	65	36	102	0	122	0	105	0
S12	G	C	78	23	89	23	44	63	80	6	73	39	82	31	57	41
S13	G	T	76	34	60	29	47	49	86	5	55	34	77	30	76	42
S14	G	T	72	29	48	40	45	52	107	5	76	34	55	29	42	52
S15	G	T	53	25	70	34	56	41	84	5	84	24	78	31	56	34
S16	A	T	55	41	71	29	51	54	94	4	60	29	60	32	55	40
S17	G	A	94	0	106	0	83	0	94	0	93	0	99	0	67	32
S18	A	C	127	0	106	0	107	0	116	0	102	0	118	0	74	39
S19	A	T	117	0	82	0	103	0	94	0	105	0	102	0	55	41
S20	A	G	97	0	105	0	95	0	89	0	105	0	103	0	57	41
S21	T	G	74	29	79	19	53	35	88	6	87	30	91	28	98	0
S22	C	T	67	27	71	28	72	38	80	11	76	26	62	32	104	0
S23	A	G	68	40	58	29	75	34	96	4	75	30	66	34	108	0
S24	T	G	65	35	74	40	57	41	94	9	68	34	64	32	80	0
S25	A	C	76	19	100	0	102	0	95	0	83	13	78	12	108	0
S26	C	A	98	18	100	0	89	0	112	0	79	24	79	17	105	0
S27	C	G	84	25	111	0	102	0	105	0	69	23	78	12	101	0
S28	T	G	81	17	81	0	103	0	119	0	102	0	109	0	108	0
S29	A	T	75	15	93	0	93	0	97	0	90	0	110	0	116	0
S30	A	C	95	20	81	0	124	0	112	0	87	0	96	0	74	0
S31	G	T	74	17	95	0	110	0	82	0	80	0	94	0	88	0
S32	C	A	75	16	102	0	94	0	102	0	98	0	101	0	82	0
S33	C	G	73	24	101	0	97	0	94	0	97	0	110	0	91	0
S34	A	G	100	0	113	0	105	0	98	0	83	15	96	8	111	0
S35	T	C	95	0	99	0	106	0	100	0	80	16	99	4	89	0
S36	T	C	112	0	108	0	111	0	104	0	75	28	106	9	101	0
S37	T	C	107	0	83	0	94	0	91	0	59	27	93	6	85	0
