SNVID	Wild	Mut	R2:ref	R2:alt	R3:ref	R3:alt	R4:ref	R4:alt	R6:ref	R6:alt	R1:ref	R1:alt	R5:ref	R5:alt	R7:ref	R7:alt
S1	G	A	57	33	67	31	45	56	18	57	67	36	72	37	43	41
S2	G	T	43	32	77	31	65	55	38	52	59	27	68	32	45	44
S3	A	C	65	32	54	26	38	53	55	51	71	31	70	33	73	36
S4	C	T	88	0	104	0	115	0	86	29	120	0	108	0	110	0
S5	G	T	104	0	109	0	104	0	95	22	106	0	102	0	98	0
S6	A	C	105	0	97	0	100	0	90	26	73	0	111	0	81	0
S7	C	A	97	0	95	0	104	0	81	27	89	0	120	0	111	0
S8	G	T	104	0	104	0	128	0	95	19	116	0	93	0	84	0
S9	G	T	112	0	103	0	89	0	65	25	108	0	98	0	103	0
S10	G	A	118	0	89	0	93	0	59	34	99	0	92	0	105	0
S11	G	A	86	26	62	30	56	49	76	6	84	29	78	21	55	40
S12	G	A	81	22	69	29	65	55	86	5	73	30	74	25	42	45
S13	G	T	69	25	63	25	42	50	83	5	53	23	57	27	63	35
S14	G	A	88	0	112	0	93	0	96	0	104	0	87	0	59	38
S15	G	C	104	0	102	0	94	0	108	0	98	0	96	0	53	38
S16	G	C	114	0	105	0	106	0	107	0	111	0	102	0	42	47
S17	T	C	99	0	106	0	101	0	99	0	95	0	102	0	70	32
S18	G	C	63	26	86	30	59	43	96	8	76	23	69	30	108	0
S19	G	T	47	37	78	25	40	39	101	1	67	35	71	28	99	0
S20	A	C	58	26	97	22	42	40	92	9	71	22	67	32	105	0
S21	G	A	80	19	106	0	102	0	103	0	62	23	76	9	102	0
S22	C	A	73	18	86	0	110	0	94	0	59	22	85	15	103	0
S23	T	G	83	18	99	0	106	0	96	0	65	24	86	9	96	0
S24	T	A	82	24	103	0	113	0	106	0	76	24	76	11	106	0
S25	T	C	85	20	102	0	91	0	130	0	69	24	93	9	100	0
S26	G	C	88	19	95	0	102	0	83	0	71	14	109	9	112	0
S27	G	T	74	22	95	0	117	0	88	0	87	15	97	5	96	0
S28	A	G	81	19	105	0	96	0	109	0	91	18	87	13	102	0
S29	G	C	72	18	97	0	92	0	96	0	93	15	103	10	107	0
S30	T	A	80	16	105	0	96	0	113	0	79	21	92	7	86	0
S31	T	C	60	30	91	0	105	0	101	0	99	0	134	0	108	0
S32	T	G	89	19	92	0	111	0	107	0	123	0	89	0	106	0
S33	T	G	71	22	107	0	98	0	93	0	112	0	92	0	87	0
S34	T	A	85	21	124	0	97	0	103	0	95	0	104	0	99	0
S35	C	G	88	11	116	0	95	0	93	0	92	0	92	0	105	0
S36	C	A	73	20	100	0	118	0	106	0	90	0	109	0	106	0
S37	T	G	90	20	101	0	96	0	88	0	111	0	110	0	84	0
S38	T	A	91	15	88	0	86	0	103	0	97	0	106	0	106	0
S39	A	C	79	24	86	0	106	0	101	0	97	0	92	0	101	0
S40	T	C	90	0	97	0	85	0	107	0	85	18	76	10	87	0
S41	G	A	103	0	93	0	107	0	119	0	58	17	74	12	95	0
S42	G	A	96	0	92	0	102	0	101	0	87	25	88	8	98	0
S43	C	G	104	0	105	0	90	0	96	0	73	24	78	14	103	0
S44	A	T	121	0	104	0	118	0	104	0	78	24	85	5	114	0
S45	C	A	107	0	95	0	113	0	88	0	97	15	94	11	77	0
S46	A	G	94	0	100	0	105	0	102	0	85	18	88	11	81	0
S47	G	C	86	0	104	0	99	0	104	0	72	17	69	12	103	0
S48	A	C	88	0	111	0	106	0	103	0	71	15	90	14	97	0
