SNVID	Wild	Mut	R2:ref	R2:alt	R3:ref	R3:alt	R4:ref	R4:alt	R6:ref	R6:alt	R1:ref	R1:alt	R5:ref	R5:alt	R7:ref	R7:alt
S1	A	C	72	29	63	28	56	44	52	50	77	29	82	31	47	35
S2	A	T	69	27	85	32	47	44	34	52	56	41	83	30	59	39
S3	T	G	54	30	79	29	37	57	55	52	82	25	69	30	62	46
S4	A	C	64	23	76	28	43	57	30	64	73	32	63	39	63	41
S5	G	C	108	0	100	0	108	0	60	36	92	0	108	0	98	0
S6	T	C	93	0	96	0	92	0	73	16	87	0	85	0	113	0
S7	T	A	106	0	96	0	90	0	79	31	114	0	105	0	109	0
S8	C	A	105	0	104	0	91	0	74	29	98	0	77	0	113	0
S9	T	A	121	0	98	0	89	0	67	38	97	0	106	0	118	0
S10	A	G	102	0	102	0	84	0	62	32	113	0	101	0	98	0
S11	G	A	107	0	104	0	105	0	78	28	107	0	113	0	101	0
S12	C	G	60	33	78	31	25	56	104	6	51	30	40	36	56	42
S13	A	C	60	34	56	33	33	50	104	2	55	38	65	27	58	40
S14	T	C	66	31	63	32	46	49	91	3	61	25	77	27	65	43
S15	G	T	74	30	72	38	43	52	85	4	57	33	69	32	61	44
S16	T	G	60	30	69	34	35	53	87	5	68	26	47	35	68	40
S17	T	A	55	33	59	24	46	44	107	4	56	37	79	26	68	44
S18	A	T	62	26	59	36	47	52	87	2	62	27	69	29	62	37
S19	G	T	90	0	107	0	98	0	127	0	86	0	96	0	67	43
S20	C	G	103	0	108	0	94	0	102	0	94	0	99	0	54	40
S21	C	G	93	0	94	0	104	0	117	0	101	0	108	0	62	43
S22	G	T	102	0	122	0	98	0	99	0	95	0	84	0	60	37
S23	C	A	108	0	99	0	103	0	92	0	105	0	104	0	55	44
S24	T	C	58	31	79	34	86	34	87	3	71	29	67	29	99	0
S25	T	C	56	30	63	32	69	27	90	4	72	27	71	28	99	0
S26	G	A	95	23	88	30	66	36	93	6	83	24	102	28	108	0
S27	C	G	64	38	69	24	64	35	100	9	63	30	65	30	109	0
S28	G	T	64	34	77	25	63	38	108	3	79	24	72	26	112	0
S29	T	A	70	38	49	38	46	42	102	4	59	38	89	27	116	0
S30	T	A	69	30	54	34	66	44	96	7	78	25	106	29	96	0
S31	G	C	66	29	80	31	66	43	96	9	53	31	71	33	100	0
S32	C	A	71	24	91	0	124	0	102	0	80	19	86	9	95	0
S33	C	G	91	21	107	0	112	0	97	0	74	25	99	6	100	0
S34	G	A	67	18	99	0	114	0	105	0	88	25	91	5	103	0
S35	G	T	90	20	89	0	91	0	114	0	83	26	96	7	99	0
S36	G	T	70	21	107	0	102	0	110	0	100	0	84	0	107	0
S37	C	A	76	18	115	0	119	0	112	0	94	0	107	0	99	0
S38	T	C	88	25	102	0	116	0	101	0	94	0	92	0	101	0
S39	G	C	91	13	89	0	83	0	101	0	98	0	103	0	94	0
S40	T	G	86	20	96	0	87	0	105	0	107	0	98	0	87	0
S41	A	C	87	13	92	0	92	0	109	0	87	0	85	0	95	0
S42	G	T	102	19	88	0	96	0	110	0	88	0	106	0	118	0
S43	C	T	118	0	86	0	97	0	108	0	91	21	102	8	105	0
S44	G	A	98	0	90	0	110	0	101	0	73	20	94	12	79	0
S45	T	A	104	0	86	0	90	0	88	0	70	21	102	8	106	0
S46	A	T	99	0	73	0	88	0	102	0	72	16	84	9	88	0
