SNVID	Wild	Mut	R2:ref	R2:alt	R3:ref	R3:alt	R4:ref	R4:alt	R6:ref	R6:alt	R1:ref	R1:alt	R5:ref	R5:alt	R7:ref	R7:alt
S1	A	C	62	37	63	31	40	59	52	52	73	28	62	37	46	48
S2	A	T	73	28	82	20	63	43	42	58	71	31	85	24	55	37
S3	A	G	62	30	64	32	45	51	47	49	89	21	79	18	57	31
S4	G	A	80	25	68	43	36	54	38	52	66	37	71	23	53	32
S5	C	G	83	28	69	29	63	39	42	51	86	24	86	24	42	52
S6	G	A	68	29	71	31	55	50	55	52	55	33	62	33	50	35
S7	G	A	87	19	67	35	62	40	55	47	75	22	68	33	78	34
S8	A	G	82	30	60	25	45	38	26	53	60	34	71	25	59	41
S9	G	T	80	28	69	29	49	55	53	54	84	26	86	25	64	37
S10	C	T	90	0	98	0	113	0	63	31	93	0	92	0	98	0
S11	C	G	106	0	93	0	95	0	67	31	80	0	111	0	98	0
S12	G	C	90	0	94	0	98	0	70	30	97	0	89	0	109	0
S13	A	G	118	0	91	0	114	0	83	27	98	0	94	0	101	0
S14	T	A	99	0	100	0	106	0	76	34	99	0	83	0	94	0
S15	T	A	106	0	87	0	99	0	57	39	78	0	93	0	99	0
S16	C	A	86	0	107	0	92	0	76	33	97	0	90	0	119	0
S17	C	A	101	0	85	0	103	0	51	34	89	0	87	0	93	0
S18	A	G	104	0	86	0	114	0	90	31	98	0	91	0	94	0
S19	G	A	114	0	89	0	114	0	75	21	104	0	85	0	107	0
S20	A	G	70	28	81	23	46	51	113	2	65	34	59	31	65	33
S21	C	T	71	35	65	30	58	50	86	3	71	42	65	42	51	42
S22	T	A	68	34	63	34	46	53	96	4	72	30	67	31	42	43
S23	A	T	72	28	71	32	65	43	112	2	65	28	75	34	66	46
S24	A	G	59	32	66	30	72	48	101	3	66	32	75	36	68	40
S25	T	G	105	0	105	0	93	0	100	0	93	0	102	0	48	46
S26	A	G	98	0	105	0	107	0	100	0	103	0	94	0	62	38
S27	T	C	101	0	90	0	90	0	120	0	115	0	87	0	43	43
S28	C	G	74	30	66	29	60	50	102	5	44	30	78	24	88	0
S29	A	G	73	30	56	38	68	36	89	5	68	27	75	25	95	0
S30	C	A	62	34	80	30	60	42	89	2	71	36	56	31	109	0
S31	C	A	61	33	74	26	80	38	70	7	71	32	79	30	91	0
S32	T	C	85	23	92	0	106	0	91	0	70	21	74	8	93	0
S33	A	C	74	22	106	0	104	0	98	0	86	19	94	13	106	0
S34	C	G	65	17	91	0	98	0	109	0	83	24	89	12	119	0
S35	T	A	77	23	105	0	89	0	118	0	97	0	110	0	91	0
S36	T	C	91	19	103	0	109	0	93	0	105	0	101	0	99	0
S37	A	G	87	17	105	0	108	0	92	0	112	0	98	0	109	0
S38	T	C	69	22	101	0	93	0	99	0	100	0	102	0	87	0
S39	G	C	84	25	104	0	86	0	88	0	85	0	101	0	100	0
S40	G	T	74	21	121	0	99	0	92	0	102	0	104	0	100	0
S41	A	T	83	15	109	0	101	0	105	0	99	0	113	0	120	0
S42	C	T	79	17	104	0	116	0	99	0	92	0	91	0	85	0
S43	T	G	68	19	98	0	121	0	100	0	99	0	116	0	116	0
S44	G	C	77	14	97	0	104	0	101	0	86	0	103	0	119	0
S45	C	G	107	0	87	0	98	0	121	0	81	22	92	11	100	0
S46	A	G	99	0	89	0	92	0	105	0	90	23	87	13	100	0
S47	G	C	100	0	107	0	94	0	101	0	83	24	77	6	98	0
S48	G	C	99	0	94	0	107	0	114	0	85	13	86	9	108	0
S49	T	A	105	0	105	0	108	0	101	0	80	17	106	7	96	0
S50	G	A	102	0	77	0	100	0	94	0	73	16	105	15	99	0
S51	C	T	104	0	105	0	110	0	124	0	94	15	92	9	96	0
S52	G	A	111	0	89	0	96	0	91	0	79	13	85	17	118	0
S53	T	G	102	0	107	0	118	0	102	0	89	17	78	11	121	0
