SNVID	Wild	Mut	R2:ref	R2:alt	R3:ref	R3:alt	R4:ref	R4:alt	R6:ref	R6:alt	R1:ref	R1:alt	R5:ref	R5:alt	R7:ref	R7:alt
S1	G	T	67	35	63	35	44	54	59	47	70	32	68	31	46	37
S2	G	A	56	34	76	27	72	33	46	56	92	19	75	26	53	38
S3	G	C	60	28	72	28	71	60	40	51	59	35	66	40	68	35
S4	G	T	68	28	86	18	46	43	61	49	64	29	78	30	74	36
S5	C	G	85	0	104	0	110	0	90	26	87	0	109	0	91	0
S6	A	C	99	0	94	0	90	0	53	28	115	0	102	0	113	0
S7	G	C	87	0	96	0	104	0	73	26	104	0	91	0	96	0
S8	G	A	88	0	88	0	119	0	71	27	106	0	103	0	90	0
S9	C	A	63	32	92	23	48	50	76	8	63	29	79	22	48	40
S10	C	G	72	34	70	21	48	54	85	3	60	28	64	26	40	47
S11	G	C	71	31	55	28	42	48	105	6	64	35	77	31	53	48
S12	A	G	61	34	58	27	49	53	107	12	93	24	90	35	71	35
S13	A	C	78	24	65	33	59	42	92	2	72	31	65	43	63	42
S14	C	A	69	27	78	27	54	54	76	7	65	33	65	28	53	35
S15	C	G	127	0	116	0	101	0	100	0	93	0	92	0	62	37
S16	A	T	124	0	114	0	93	0	99	0	86	0	98	0	55	40
S17	G	T	100	0	112	0	96	0	101	0	89	0	97	0	62	38
S18	C	T	82	0	103	0	97	0	92	0	95	0	105	0	45	42
S19	T	C	88	0	108	0	88	0	99	0	123	0	95	0	50	53
S20	A	C	101	0	113	0	86	0	105	0	90	0	94	0	58	47
S21	C	G	101	0	106	0	114	0	104	0	92	0	105	0	61	40
S22	G	A	99	0	113	0	102	0	121	0	117	0	81	0	75	38
S23	A	C	111	0	101	0	101	0	111	0	93	0	106	0	53	45
S24	G	T	68	31	64	32	62	42	94	6	81	25	63	26	89	0
S25	G	C	73	32	67	34	54	41	97	4	88	31	60	39	84	0
S26	G	T	50	40	65	29	75	41	99	5	50	32	57	31	118	0
S27	G	A	64	29	68	24	63	35	89	4	68	29	78	29	112	0
S28	T	A	74	34	56	35	61	43	88	7	63	30	70	38	107	0
S29	A	T	65	25	58	23	72	37	87	6	69	32	47	32	101	0
S30	A	T	54	40	85	25	72	35	97	6	80	29	65	32	92	0
S31	A	C	80	18	50	38	44	42	87	5	48	29	66	28	112	0
S32	G	A	89	20	105	0	100	0	106	0	76	19	98	8	110	0
S33	C	A	85	22	96	0	86	0	84	0	85	17	93	8	98	0
S34	C	A	87	15	85	0	100	0	88	0	97	20	94	10	127	0
S35	C	A	75	22	87	0	94	0	106	0	82	20	83	10	110	0
S36	T	C	86	22	110	0	102	0	92	0	84	25	76	10	103	0
S37	G	C	83	22	112	0	86	0	109	0	95	15	79	12	122	0
S38	C	A	78	17	111	0	111	0	94	0	108	0	98	0	106	0
S39	G	C	63	28	103	0	85	0	121	0	104	0	111	0	91	0
S40	T	A	78	23	96	0	93	0	95	0	97	0	111	0	101	0
S41	G	T	82	20	97	0	88	0	99	0	91	0	106	0	103	0
S42	T	A	72	22	116	0	86	0	88	0	104	0	120	0	105	0
S43	A	G	57	26	100	0	98	0	106	0	113	0	88	0	100	0
S44	G	A	80	30	96	0	86	0	105	0	94	0	87	0	106	0
S45	T	A	90	0	101	0	98	0	122	0	64	23	100	6	85	0
S46	G	C	94	0	97	0	93	0	92	0	74	24	93	9	85	0
S47	A	G	103	0	98	0	102	0	93	0	65	21	82	11	84	0
S48	T	C	103	0	102	0	104	0	88	0	80	20	81	6	105	0
S49	A	T	110	0	104	0	103	0	111	0	90	16	83	7	97	0
