SNVID	Wild	Mut	R2:ref	R2:alt	R3:ref	R3:alt	R4:ref	R4:alt	R6:ref	R6:alt	R1:ref	R1:alt	R5:ref	R5:alt	R7:ref	R7:alt
S1	A	G	64	27	72	23	43	58	56	49	59	28	63	25	62	41
S2	C	G	74	29	91	26	74	49	35	54	87	30	52	41	50	45
S3	A	G	59	35	84	28	45	60	37	52	74	29	64	24	52	43
S4	C	A	70	29	78	33	52	46	49	49	46	34	61	38	61	45
S5	T	G	76	34	71	27	69	49	56	45	62	30	65	23	84	29
S6	C	G	127	0	102	0	108	0	69	24	113	0	107	0	100	0
S7	G	A	105	0	98	0	104	0	99	28	110	0	90	0	94	0
S8	T	G	91	0	101	0	105	0	84	32	110	0	90	0	93	0
S9	C	G	114	0	87	0	102	0	69	40	70	0	99	0	102	0
S10	G	C	97	0	91	0	114	0	74	31	95	0	133	0	92	0
S11	G	T	77	0	94	0	102	0	84	25	100	0	102	0	105	0
S12	A	G	105	0	108	0	109	0	84	28	97	0	79	0	110	0
S13	A	T	120	0	106	0	92	0	65	25	112	0	115	0	88	0
S14	A	T	91	0	94	0	108	0	59	36	101	0	98	0	87	0
S15	G	C	113	0	105	0	109	0	92	26	93	0	93	0	105	0
S16	C	A	74	30	86	28	42	58	87	6	70	26	82	27	63	50
S17	A	G	82	32	80	21	55	49	104	2	69	34	73	40	66	41
S18	T	A	55	31	90	35	46	49	76	5	67	30	75	32	55	43
S19	G	T	66	31	67	32	36	66	104	3	70	34	65	30	58	32
S20	A	G	80	31	79	30	30	62	86	5	56	23	76	29	53	42
S21	T	A	87	26	71	26	47	42	67	12	74	21	77	30	65	37
S22	T	G	107	0	100	0	94	0	85	0	109	0	94	0	77	43
S23	T	C	100	0	88	0	111	0	102	0	114	0	87	0	72	34
S24	T	G	105	0	104	0	101	0	102	0	85	0	98	0	67	48
S25	T	C	115	0	100	0	93	0	97	0	95	0	113	0	59	37
S26	A	G	93	0	87	0	83	0	92	0	84	0	97	0	39	44
S27	C	T	100	32	78	29	62	44	100	3	78	27	52	30	111	0
S28	C	A	58	40	79	30	61	42	85	5	64	37	90	28	119	0
S29	A	G	77	30	61	31	57	43	74	5	70	29	80	30	99	0
S30	C	T	82	29	68	38	60	32	85	8	52	30	66	35	105	0
S31	T	G	76	28	67	29	59	37	113	4	68	35	55	32	87	0
S32	G	T	76	23	67	32	67	32	105	5	64	29	76	25	106	0
S33	A	G	76	19	100	0	99	0	100	0	67	30	89	6	100	0
S34	A	G	64	19	96	0	116	0	112	0	81	19	71	14	107	0
S35	T	G	56	23	90	0	111	0	108	0	97	14	113	9	90	0
S36	G	T	96	20	81	0	95	0	105	0	76	17	89	14	92	0
S37	A	T	76	15	93	0	105	0	98	0	94	12	98	9	98	0
S38	C	T	74	21	95	0	106	0	97	0	85	21	85	13	76	0
S39	T	C	87	24	107	0	111	0	102	0	104	0	93	0	92	0
S40	T	C	110	17	112	0	94	0	91	0	109	0	99	0	102	0
S41	G	A	84	13	102	0	106	0	100	0	99	0	76	0	104	0
S42	A	T	96	15	96	0	104	0	96	0	92	0	81	0	96	0
S43	T	A	84	16	103	0	81	0	110	0	105	0	98	0	89	0
S44	G	A	80	0	89	0	113	0	107	0	93	17	76	11	96	0
S45	G	A	106	0	119	0	91	0	115	0	78	18	96	12	116	0
S46	G	C	107	0	99	0	96	0	114	0	65	22	99	5	114	0
S47	A	C	108	0	114	0	96	0	94	0	81	24	94	7	96	0
S48	T	C	127	0	96	0	97	0	101	0	73	19	84	14	103	0
S49	A	T	101	0	98	0	103	0	122	0	65	18	83	11	93	0
S50	A	T	99	0	94	0	91	0	116	0	75	28	99	1	112	0
S51	G	T	108	0	93	0	82	0	110	0	88	20	83	9	112	0
