SNVID	Wild	Mut	R2:ref	R2:alt	R3:ref	R3:alt	R4:ref	R4:alt	R6:ref	R6:alt	R1:ref	R1:alt	R5:ref	R5:alt	R7:ref	R7:alt
S1	A	T	82	26	63	32	55	59	39	52	84	34	68	32	51	41
S2	T	C	59	29	58	37	62	46	54	48	63	29	68	27	54	27
S3	G	A	87	22	76	28	44	57	39	49	77	31	70	31	63	38
S4	A	C	69	35	60	39	68	43	75	42	84	21	90	27	64	40
S5	G	T	92	0	102	0	109	0	74	24	108	0	103	0	85	0
S6	G	A	111	0	104	0	101	0	63	28	116	0	101	0	99	0
S7	T	C	101	0	103	0	119	0	72	30	92	0	109	0	77	0
S8	A	T	97	0	93	0	111	0	64	26	89	0	102	0	107	0
S9	G	A	61	28	80	23	59	48	111	5	74	33	78	32	66	48
S10	G	A	73	28	97	28	55	53	94	1	72	27	78	26	46	39
S11	G	T	68	28	92	30	46	47	97	5	68	30	61	32	61	38
S12	C	A	61	28	74	29	34	54	85	2	54	32	68	35	60	36
S13	T	A	91	0	112	0	100	0	102	0	98	0	95	0	71	36
S14	C	T	102	0	94	0	101	0	109	0	118	0	111	0	74	40
S15	A	G	104	0	105	0	81	0	106	0	88	0	109	0	37	42
S16	C	G	107	0	125	0	85	0	87	0	94	0	96	0	71	36
S17	T	G	106	0	74	0	115	0	89	0	106	0	100	0	65	41
S18	A	C	116	0	103	0	85	0	114	0	112	0	94	0	49	41
S19	C	G	99	0	98	0	78	0	111	0	104	0	119	0	76	40
S20	T	C	106	0	110	0	96	0	113	0	80	0	102	0	59	44
S21	C	A	112	0	99	0	116	0	102	0	108	0	99	0	58	48
S22	C	G	59	30	63	33	60	44	104	5	75	23	97	23	113	0
S23	C	T	75	26	83	23	60	46	96	5	70	21	68	25	108	0
S24	T	A	84	31	52	34	57	43	110	4	77	32	66	29	87	0
S25	T	C	69	31	76	27	48	43	95	4	78	28	76	31	90	0
S26	G	T	77	25	62	28	75	31	78	7	86	27	62	30	95	0
S27	A	C	59	33	64	37	79	37	85	11	67	25	72	30	91	0
S28	G	C	58	35	78	35	65	34	106	3	80	30	81	31	123	0
S29	A	G	91	25	72	25	79	34	99	3	73	30	71	31	82	0
S30	A	C	74	31	63	28	86	33	113	5	84	25	79	25	107	0
S31	A	G	76	28	73	28	65	37	96	9	74	32	57	28	101	0
S32	C	G	68	26	102	0	102	0	88	0	69	20	106	8	109	0
S33	G	C	60	26	96	0	99	0	108	0	76	19	93	6	80	0
S34	A	G	77	17	103	0	87	0	95	0	89	17	86	12	101	0
S35	A	C	86	15	81	0	113	0	92	0	74	19	84	6	109	0
S36	C	G	82	20	90	0	100	0	101	0	83	28	84	9	106	0
S37	C	G	86	10	102	0	85	0	109	0	73	26	79	11	83	0
S38	A	G	74	20	101	0	94	0	87	0	82	20	89	12	107	0
S39	A	C	86	17	108	0	101	0	74	0	81	22	88	8	83	0
S40	T	C	87	13	99	0	94	0	75	0	91	0	100	0	96	0
S41	G	T	76	24	117	0	102	0	84	0	102	0	93	0	99	0
S42	A	G	63	21	112	0	103	0	102	0	105	0	113	0	110	0
S43	T	G	85	23	106	0	110	0	99	0	112	0	93	0	101	0
S44	C	T	95	0	108	0	122	0	108	0	81	28	74	11	88	0
S45	C	G	98	0	108	0	104	0	113	0	76	29	90	7	91	0
S46	T	G	93	0	121	0	100	0	106	0	67	19	97	13	102	0
