SNVID	Wild	Mut	R2:ref	R2:alt	R3:ref	R3:alt	R4:ref	R4:alt	R6:ref	R6:alt	R1:ref	R1:alt	R5:ref	R5:alt	R7:ref	R7:alt
S1	A	G	56	32	59	32	36	61	48	50	68	28	68	36	70	34
S2	A	T	64	30	69	30	72	45	43	55	68	30	52	30	62	37
S3	C	A	84	26	75	34	53	48	36	52	85	27	86	31	44	41
S4	G	C	121	0	107	0	94	0	47	36	99	0	108	0	92	0
S5	C	T	104	0	86	0	90	0	63	33	103	0	90	0	104	0
S6	C	T	94	0	99	0	117	0	69	34	92	0	100	0	105	0
S7	G	A	64	31	66	36	34	58	113	5	78	24	77	31	36	36
S8	C	A	67	27	59	40	53	54	90	5	68	26	69	31	80	39
S9	C	G	77	34	70	33	60	51	96	5	61	33	54	33	40	50
S10	G	T	65	26	69	38	38	52	93	10	78	27	73	29	58	37
S11	T	G	87	20	62	36	51	49	98	1	73	26	77	31	47	43
S12	A	T	55	26	58	40	37	50	85	4	58	33	61	23	87	34
S13	G	A	79	27	65	35	36	49	96	5	60	32	64	29	47	41
S14	A	G	81	31	50	31	61	52	111	3	68	27	63	35	66	34
S15	C	A	49	33	66	25	75	39	87	1	79	22	49	28	45	41
S16	C	G	90	0	104	0	98	0	97	0	98	0	95	0	67	43
S17	C	A	107	0	105	0	108	0	92	0	116	0	95	0	62	30
S18	G	T	103	0	108	0	105	0	99	0	86	0	84	0	76	38
S19	G	T	89	0	87	0	113	0	97	0	99	0	110	0	68	41
S20	G	C	95	0	103	0	93	0	97	0	104	0	94	0	59	26
S21	T	C	105	0	108	0	98	0	102	0	67	0	116	0	39	47
S22	A	C	99	0	93	0	100	0	100	0	121	0	100	0	61	45
S23	G	T	91	0	105	0	85	0	92	0	89	0	116	0	71	32
S24	A	T	63	24	81	29	69	39	111	3	54	36	96	16	113	0
S25	C	G	69	33	54	42	57	42	82	3	68	40	70	30	101	0
S26	T	C	66	27	81	29	79	33	85	6	72	39	64	40	101	0
S27	A	C	81	29	54	35	46	40	109	3	70	25	91	23	107	0
S28	T	G	64	31	81	27	74	42	95	7	74	22	86	32	113	0
S29	G	T	62	36	62	34	56	39	84	4	66	32	75	33	100	0
S30	C	T	52	37	77	40	44	45	98	6	83	27	81	32	109	0
S31	G	A	68	30	94	0	91	0	86	0	89	21	95	12	94	0
S32	A	T	71	21	105	0	101	0	94	0	68	24	86	6	108	0
S33	A	G	82	14	101	0	112	0	103	0	58	27	67	20	92	0
S34	G	C	80	22	114	0	121	0	78	0	84	25	67	12	95	0
S35	G	A	78	19	105	0	106	0	95	0	85	20	84	10	78	0
S36	C	T	62	30	94	0	111	0	113	0	99	0	83	0	99	0
S37	A	G	97	23	94	0	124	0	97	0	93	0	90	0	95	0
S38	T	C	58	24	92	0	107	0	112	0	93	0	89	0	80	0
S39	A	C	76	24	95	0	108	0	101	0	100	0	105	0	103	0
S40	C	A	67	23	112	0	100	0	92	0	96	0	105	0	117	0
S41	C	T	78	13	96	0	116	0	98	0	94	0	88	0	96	0
S42	G	T	82	14	97	0	120	0	91	0	116	0	113	0	91	0
S43	T	A	93	0	95	0	92	0	108	0	78	15	95	13	95	0
S44	C	G	92	0	103	0	108	0	102	0	93	15	105	13	90	0
S45	G	T	96	0	86	0	78	0	73	0	85	21	101	6	104	0
S46	T	A	92	0	101	0	91	0	97	0	93	13	108	10	120	0
S47	C	G	112	0	110	0	114	0	101	0	75	19	85	8	79	0
S48	T	A	104	0	107	0	94	0	104	0	72	25	88	5	103	0
S49	G	A	87	0	85	0	75	0	82	0	74	16	81	7	100	0
S50	T	G	94	0	112	0	96	0	97	0	75	18	102	7	100	0
