SNVID	Wild	Mut	R2:ref	R2:alt	R3:ref	R3:alt	R4:ref	R4:alt	R6:ref	R6:alt	R1:ref	R1:alt	R5:ref	R5:alt	R7:ref	R7:alt
S1	G	C	88	24	59	31	54	46	51	45	74	36	45	30	54	43
S2	G	C	74	22	85	24	47	49	51	52	62	36	93	37	60	35
S3	T	A	78	22	37	42	53	49	42	55	80	26	87	27	59	40
S4	C	T	74	32	70	30	51	50	47	55	103	21	77	28	33	44
S5	G	T	70	27	56	38	52	44	68	44	69	33	59	32	87	27
S6	C	A	71	33	67	37	56	48	55	54	60	28	84	25	50	33
S7	G	A	69	26	78	29	49	45	60	57	79	24	58	33	54	40
S8	G	A	78	33	60	28	51	48	64	48	56	37	79	28	58	44
S9	C	G	73	39	57	31	51	52	55	53	93	28	59	28	57	39
S10	A	C	112	0	96	0	97	0	67	25	101	0	127	0	95	0
S11	T	C	109	0	102	0	94	0	89	21	100	0	104	0	107	0
S12	A	T	83	0	95	0	76	0	75	23	112	0	98	0	97	0
S13	A	T	99	0	97	0	103	0	54	36	113	0	105	0	123	0
S14	G	T	71	29	79	33	59	41	106	7	80	21	65	27	81	27
S15	A	T	65	30	68	27	43	46	107	2	82	26	70	27	53	46
S16	T	G	83	26	65	31	44	54	111	2	55	33	55	28	47	47
S17	A	G	78	28	64	31	57	45	101	7	65	34	69	33	63	31
S18	T	C	87	29	80	30	49	50	95	6	61	23	63	31	52	42
S19	C	G	102	0	105	0	113	0	94	0	87	0	103	0	37	45
S20	T	A	93	0	115	0	74	0	116	0	107	0	110	0	53	45
S21	T	C	101	0	109	0	83	0	103	0	117	0	88	0	68	34
S22	G	T	103	0	113	0	100	0	103	0	90	0	100	0	54	42
S23	T	A	104	0	92	0	101	0	87	0	99	0	93	0	64	35
S24	G	T	76	31	82	31	55	43	109	9	63	29	78	28	88	0
S25	C	G	90	33	73	35	60	44	89	4	60	36	67	25	82	0
S26	A	T	73	20	51	27	80	39	95	4	63	35	67	24	109	0
S27	G	C	82	22	67	29	36	51	85	7	57	33	87	27	99	0
S28	C	A	63	29	55	32	65	34	122	6	64	27	76	29	107	0
S29	G	C	75	23	59	31	84	35	100	5	64	30	77	30	96	0
S30	G	A	87	32	68	29	77	39	93	3	71	28	57	32	93	0
S31	A	T	68	32	76	34	54	44	103	7	73	33	81	23	111	0
S32	T	C	59	29	70	34	68	34	98	4	80	25	67	31	99	0
S33	G	A	71	27	79	21	51	42	91	5	74	35	76	31	96	0
S34	A	G	67	17	97	0	95	0	107	0	98	21	93	9	113	0
S35	C	G	64	24	115	0	119	0	99	0	83	25	83	12	106	0
S36	G	A	81	21	103	0	102	0	89	0	78	26	129	8	97	0
S37	A	C	78	14	88	0	103	0	109	0	95	19	95	10	98	0
S38	G	T	87	18	113	0	87	0	100	0	84	14	81	11	112	0
S39	C	T	78	20	109	0	100	0	101	0	82	21	93	9	97	0
S40	A	T	82	28	88	0	100	0	99	0	68	18	103	11	82	0
S41	G	C	78	23	105	0	88	0	102	0	91	18	98	11	89	0
S42	G	C	80	20	91	0	99	0	91	0	76	26	93	11	105	0
S43	A	T	93	20	118	0	98	0	101	0	81	26	92	6	94	0
S44	A	C	70	26	114	0	92	0	98	0	92	0	92	0	104	0
S45	C	A	80	17	116	0	92	0	100	0	105	0	90	0	86	0
S46	G	A	77	20	94	0	100	0	104	0	112	0	110	0	80	0
S47	A	G	100	0	98	0	100	0	94	0	70	27	72	14	102	0
S48	G	T	79	0	110	0	105	0	97	0	100	15	76	10	107	0
S49	C	T	104	0	116	0	107	0	111	0	74	20	88	14	93	0
S50	T	A	97	0	89	0	93	0	109	0	68	33	87	13	114	0
S51	G	C	97	0	86	0	93	0	76	0	96	19	97	11	90	0
S52	A	C	100	0	110	0	105	0	114	0	79	15	71	11	94	0
