SNVID	Wild	Mut	R2:ref	R2:alt	R3:ref	R3:alt	R4:ref	R4:alt	R6:ref	R6:alt	R1:ref	R1:alt	R5:ref	R5:alt	R7:ref	R7:alt
S1	T	A	55	36	75	32	54	42	37	56	77	28	54	34	46	48
S2	G	T	61	32	86	23	43	52	67	47	81	26	84	30	77	38
S3	T	G	79	31	60	34	67	45	49	54	76	34	93	30	38	42
S4	T	G	72	32	90	26	38	55	43	46	77	32	79	29	67	33
S5	C	A	67	27	72	29	72	38	39	55	61	32	79	26	79	37
S6	A	G	55	36	77	39	56	52	59	47	69	25	59	36	64	35
S7	T	A	75	29	80	35	47	56	37	56	92	30	62	33	60	42
S8	A	C	79	27	69	33	61	55	51	52	83	26	76	33	71	31
S9	A	G	75	37	58	34	37	51	48	44	63	41	68	32	64	47
S10	C	A	61	33	83	29	61	48	48	52	52	29	69	35	43	43
S11	A	T	91	0	99	0	115	0	67	31	105	0	98	0	118	0
S12	C	T	110	0	88	0	105	0	71	30	115	0	94	0	94	0
S13	G	A	110	0	114	0	112	0	74	28	98	0	98	0	93	0
S14	C	G	83	0	114	0	94	0	75	31	105	0	106	0	83	0
S15	G	C	101	0	113	0	93	0	72	32	90	0	92	0	97	0
S16	A	C	86	0	98	0	114	0	85	31	78	0	103	0	101	0
S17	T	G	79	0	89	0	104	0	74	30	102	0	118	0	92	0
S18	G	T	86	24	71	30	56	54	88	5	80	23	76	26	51	43
S19	T	C	78	25	81	31	61	56	91	7	81	32	70	30	48	46
S20	C	G	71	25	96	34	59	49	92	2	75	25	52	38	56	41
S21	C	A	48	34	83	28	50	44	89	5	63	27	74	38	58	35
S22	A	G	107	0	87	0	92	0	96	0	113	0	101	0	76	46
S23	T	C	95	0	98	0	112	0	98	0	95	0	107	0	60	35
S24	G	T	90	0	96	0	101	0	94	0	98	0	98	0	56	46
S25	C	G	92	0	114	0	92	0	113	0	87	0	101	0	49	40
S26	G	C	107	0	82	0	81	0	94	0	96	0	97	0	59	36
S27	T	A	102	0	87	0	103	0	130	0	122	0	115	0	48	36
S28	C	G	95	0	108	0	115	0	111	0	104	0	124	0	63	34
S29	T	A	87	0	103	0	103	0	108	0	107	0	92	0	62	41
S30	C	A	81	25	85	25	64	35	82	9	52	33	55	36	100	0
S31	G	A	71	28	64	39	53	43	62	7	74	31	74	34	105	0
S32	C	G	79	21	78	24	53	38	89	7	88	21	65	29	92	0
S33	C	G	87	22	69	35	54	47	90	6	63	28	67	27	103	0
S34	T	A	74	32	56	27	62	44	86	10	53	31	80	30	115	0
S35	A	C	77	31	79	33	58	39	104	4	66	35	46	37	115	0
S36	C	G	85	28	104	0	103	0	99	0	89	22	97	10	84	0
S37	A	T	69	26	111	0	111	0	114	0	75	20	102	9	111	0
S38	G	A	77	27	105	0	105	0	91	0	86	21	81	15	94	0
S39	C	G	71	22	95	0	94	0	98	0	82	24	85	7	101	0
S40	T	C	107	15	108	0	107	0	103	0	92	11	85	8	111	0
S41	T	G	98	19	84	0	97	0	96	0	88	25	97	14	108	0
S42	T	A	76	20	116	0	106	0	105	0	68	22	92	8	104	0
S43	G	T	87	18	89	0	103	0	120	0	87	21	99	8	91	0
S44	C	G	89	17	100	0	125	0	103	0	73	17	91	10	101	0
S45	C	G	83	18	124	0	126	0	103	0	95	19	100	12	93	0
S46	A	C	91	14	75	0	93	0	87	0	112	0	108	0	112	0
S47	A	T	70	22	96	0	82	0	93	0	102	0	99	0	89	0
S48	G	A	71	17	94	0	118	0	102	0	97	0	102	0	98	0
S49	T	G	68	26	93	0	95	0	100	0	98	0	101	0	110	0
S50	T	A	85	21	92	0	100	0	85	0	116	0	102	0	109	0
S51	A	G	109	20	106	0	109	0	99	0	93	0	114	0	104	0
S52	G	A	76	22	92	0	104	0	85	0	86	0	88	0	78	0
S53	C	G	78	19	98	0	101	0	116	0	103	0	116	0	117	0
S54	G	C	79	17	89	0	88	0	95	0	105	0	86	0	88	0
S55	T	C	78	16	115	0	114	0	80	0	93	0	96	0	106	0
S56	T	G	107	0	86	0	101	0	115	0	103	24	95	8	100	0
S57	T	C	97	0	110	0	103	0	91	0	63	23	89	11	117	0
S58	T	G	104	0	84	0	94	0	111	0	92	19	75	12	102	0
S59	T	G	100	0	92	0	89	0	108	0	72	24	91	11	79	0
S60	A	T	100	0	93	0	110	0	102	0	91	13	96	11	102	0
S61	A	T	102	0	119	0	104	0	100	0	71	17	95	7	79	0
