SNVID	Wild	Mut	R2:ref	R2:alt	R3:ref	R3:alt	R4:ref	R4:alt	R6:ref	R6:alt	R1:ref	R1:alt	R5:ref	R5:alt	R7:ref	R7:alt
S1	T	C	70	27	57	33	81	43	76	50	76	26	89	24	46	45
S2	A	T	72	24	69	34	58	56	72	41	77	28	68	32	66	43
S3	C	T	59	28	67	30	65	39	50	57	66	31	82	23	65	39
S4	T	C	60	37	59	28	53	48	73	46	73	29	62	41	57	30
S5	G	A	70	24	88	31	54	44	35	52	62	32	61	25	76	38
S6	C	T	62	35	57	34	63	52	75	46	70	31	67	37	35	52
S7	G	C	83	0	99	0	103	0	60	30	113	0	105	0	79	0
S8	G	T	95	0	106	0	91	0	56	26	104	0	95	0	97	0
S9	T	C	89	0	92	0	104	0	78	30	101	0	93	0	96	0
S10	A	T	110	0	97	0	108	0	55	35	79	0	94	0	104	0
S11	A	T	109	0	86	0	99	0	71	25	89	0	93	0	116	0
S12	T	G	95	0	79	0	99	0	51	37	103	0	81	0	90	0
S13	G	T	109	0	111	0	83	0	73	28	105	0	110	0	107	0
S14	G	C	104	0	103	0	94	0	51	37	116	0	112	0	105	0
S15	T	A	83	31	54	37	52	42	89	3	81	27	89	26	48	46
S16	C	A	52	29	66	28	36	51	127	3	56	29	68	32	64	27
S17	A	T	55	34	66	36	11	60	94	6	70	29	69	36	62	38
S18	A	C	81	28	52	30	57	60	87	12	65	29	66	28	65	43
S19	T	C	64	25	39	35	59	51	100	6	69	32	79	25	74	38
S20	C	A	85	25	56	36	42	45	96	9	86	26	78	27	69	41
S21	C	T	103	22	76	25	66	42	119	6	72	31	82	32	49	37
S22	T	A	65	31	68	30	54	54	91	7	65	29	58	34	42	46
S23	C	A	83	36	64	28	71	49	91	3	72	31	61	27	55	42
S24	A	T	84	0	108	0	106	0	96	0	102	0	97	0	62	43
S25	A	C	82	0	98	0	86	0	103	0	114	0	87	0	83	43
S26	G	A	93	0	119	0	101	0	91	0	93	0	86	0	67	42
S27	C	T	96	0	85	0	112	0	98	0	96	0	94	0	57	43
S28	C	A	85	32	74	34	65	41	96	8	69	23	55	37	95	0
S29	T	A	83	22	77	25	65	42	95	5	63	30	62	27	114	0
S30	C	T	67	26	66	30	68	39	85	9	74	29	61	37	86	0
S31	T	G	66	33	108	19	45	49	91	1	64	35	75	29	99	0
S32	T	G	86	22	91	0	101	0	93	0	78	24	118	9	115	0
S33	T	C	55	21	104	0	107	0	96	0	80	22	91	10	106	0
S34	G	C	87	16	107	0	99	0	94	0	76	19	99	15	102	0
S35	T	G	98	24	110	0	103	0	90	0	83	25	85	10	109	0
S36	T	A	79	21	109	0	102	0	114	0	72	21	101	8	100	0
S37	T	C	100	18	97	0	86	0	92	0	73	17	77	16	99	0
S38	G	A	96	16	95	0	103	0	124	0	91	16	121	3	102	0
S39	T	C	75	23	87	0	99	0	109	0	72	16	99	8	105	0
S40	T	C	82	14	106	0	97	0	108	0	94	0	99	0	101	0
S41	C	A	98	19	82	0	90	0	115	0	116	0	101	0	100	0
S42	A	T	83	14	95	0	109	0	101	0	83	0	104	0	101	0
S43	G	A	65	26	105	0	102	0	87	0	104	0	115	0	83	0
S44	A	G	71	19	108	0	99	0	89	0	104	0	96	0	91	0
S45	T	C	85	21	99	0	106	0	101	0	98	0	91	0	106	0
S46	C	A	71	23	81	0	86	0	96	0	93	0	93	0	102	0
S47	T	A	95	18	101	0	95	0	110	0	92	0	108	0	91	0
S48	A	C	108	17	100	0	99	0	89	0	94	0	102	0	111	0
S49	T	G	73	20	114	0	96	0	100	0	91	0	107	0	94	0
S50	T	A	108	0	94	0	102	0	108	0	101	19	81	16	94	0
S51	C	G	97	0	118	0	118	0	79	0	61	24	89	9	105	0
S52	C	A	96	0	95	0	107	0	93	0	77	18	90	8	102	0
S53	C	T	94	0	110	0	108	0	106	0	91	23	93	14	91	0
S54	G	T	115	0	106	0	111	0	89	0	79	23	103	13	102	0
