SNVID	Wild	Mut	R2:ref	R2:alt	R3:ref	R3:alt	R4:ref	R4:alt	R6:ref	R6:alt	R1:ref	R1:alt	R5:ref	R5:alt	R7:ref	R7:alt
S1	T	G	69	30	71	28	61	36	45	49	56	39	70	24	55	40
S2	G	A	78	20	70	28	59	43	84	48	92	21	63	32	79	35
S3	G	T	66	35	67	31	54	55	54	49	79	32	80	24	55	32
S4	G	C	82	22	89	21	43	49	50	55	91	28	69	23	73	38
S5	A	G	64	32	62	35	45	57	40	52	73	25	79	33	70	38
S6	A	C	75	30	65	32	63	44	56	50	71	32	74	30	69	40
S7	T	A	59	28	67	33	54	51	42	47	67	30	87	24	67	38
S8	T	G	68	32	68	31	65	45	40	48	61	37	80	38	59	39
S9	G	C	66	25	84	28	37	53	57	53	51	34	73	30	71	40
S10	G	A	109	0	97	0	99	0	58	26	99	0	88	0	104	0
S11	C	G	124	0	108	0	111	0	90	21	98	0	105	0	119	0
S12	G	A	102	0	112	0	109	0	44	31	93	0	107	0	106	0
S13	T	A	89	0	90	0	105	0	90	26	100	0	88	0	100	0
S14	A	C	93	0	93	0	104	0	58	34	96	0	105	0	92	0
S15	G	T	98	0	99	0	101	0	88	26	97	0	98	0	119	0
S16	T	G	114	0	99	0	82	0	69	36	82	0	113	0	96	0
S17	T	G	67	30	69	32	50	45	93	9	88	22	60	32	59	37
S18	T	A	79	21	77	31	56	43	91	4	77	29	71	34	46	48
S19	T	A	54	35	74	34	67	49	93	4	60	33	78	28	60	41
S20	A	C	64	28	85	25	37	55	93	6	74	26	88	23	63	37
S21	A	G	93	0	79	0	106	0	97	0	96	0	100	0	80	37
S22	T	A	108	0	104	0	85	0	87	0	93	0	102	0	56	35
S23	C	T	98	0	102	0	104	0	88	0	104	0	93	0	61	41
S24	C	T	99	0	97	0	121	0	92	0	88	0	112	0	69	42
S25	G	T	72	0	109	0	103	0	75	0	92	0	94	0	62	43
S26	A	C	91	0	86	0	96	0	101	0	83	0	93	0	57	43
S27	A	G	99	0	115	0	90	0	102	0	100	0	114	0	48	33
S28	A	C	54	37	81	26	58	39	108	6	70	23	61	28	92	0
S29	T	A	78	26	74	27	56	36	77	9	87	28	71	32	106	0
S30	T	A	84	28	52	35	57	42	102	6	56	33	59	29	101	0
S31	G	C	58	34	74	31	62	42	81	3	69	31	65	32	108	0
S32	C	G	63	34	61	29	47	43	82	8	83	28	57	31	100	0
S33	C	G	84	27	80	29	49	44	102	6	65	29	82	26	104	0
S34	G	T	74	31	71	26	50	40	103	2	67	30	60	29	90	0
S35	G	C	79	21	82	25	61	40	83	10	61	34	37	33	111	0
S36	A	T	61	31	91	25	65	39	91	6	82	29	73	37	93	0
S37	G	A	98	16	96	0	95	0	104	0	93	17	106	5	101	0
S38	A	T	71	17	94	0	119	0	94	0	99	14	75	15	95	0
S39	C	A	84	25	106	0	84	0	87	0	75	23	90	13	100	0
S40	T	C	77	19	110	0	102	0	96	0	78	20	84	7	96	0
S41	G	T	64	25	90	0	88	0	109	0	86	17	77	14	84	0
S42	C	T	77	22	101	0	97	0	110	0	58	23	80	7	91	0
S43	C	G	75	26	93	0	97	0	92	0	77	16	88	14	99	0
S44	T	C	66	21	91	0	104	0	114	0	75	16	84	8	104	0
S45	G	A	83	28	115	0	101	0	100	0	73	19	91	8	99	0
S46	G	C	71	26	103	0	100	0	122	0	99	0	99	0	113	0
S47	C	A	77	18	105	0	90	0	111	0	101	0	104	0	90	0
S48	T	C	86	17	77	0	88	0	111	0	92	0	101	0	107	0
S49	G	T	68	21	122	0	92	0	113	0	102	0	109	0	111	0
S50	A	G	74	18	99	0	94	0	117	0	111	0	104	0	91	0
S51	C	A	106	0	97	0	95	0	104	0	77	16	90	11	103	0
S52	T	C	105	0	94	0	98	0	88	0	68	27	83	13	106	0
S53	A	T	101	0	92	0	95	0	113	0	60	23	113	9	91	0
S54	A	G	96	0	87	0	94	0	87	0	96	22	89	10	87	0
