SNVID	Wild	Mut	R2:ref	R2:alt	R3:ref	R3:alt	R4:ref	R4:alt	R6:ref	R6:alt	R1:ref	R1:alt	R5:ref	R5:alt	R7:ref	R7:alt
S1	T	A	69	30	63	28	57	47	26	62	61	33	90	23	53	49
S2	A	G	86	33	65	26	39	58	63	43	68	34	72	30	54	40
S3	C	A	87	33	78	36	48	56	46	51	64	32	72	28	79	37
S4	A	C	101	0	85	0	98	0	70	24	96	0	102	0	113	0
S5	G	C	76	0	108	0	102	0	72	29	113	0	93	0	91	0
S6	G	T	87	0	85	0	112	0	61	28	116	0	82	0	113	0
S7	C	T	60	33	82	26	40	53	100	6	71	29	76	26	53	38
S8	A	G	64	38	60	27	72	44	100	3	67	34	50	25	56	42
S9	G	C	76	31	81	29	38	59	100	6	48	30	74	27	61	47
S10	G	A	75	21	51	43	47	45	108	4	66	23	55	27	51	45
S11	T	C	81	28	75	29	36	56	74	7	66	30	76	28	70	47
S12	C	A	69	34	62	34	62	46	82	4	63	36	78	30	72	42
S13	A	T	86	31	82	29	50	46	83	4	72	27	49	31	47	47
S14	G	A	71	29	54	36	61	46	100	6	77	27	63	35	56	50
S15	C	T	90	0	90	0	103	0	97	0	99	0	103	0	70	41
S16	A	G	103	0	89	0	82	0	116	0	76	0	110	0	64	48
S17	G	T	100	0	92	0	103	0	91	0	99	0	87	0	53	35
S18	A	G	80	36	60	33	64	37	109	3	72	28	64	34	86	0
S19	G	T	72	23	77	24	47	38	104	5	63	25	44	34	94	0
S20	T	G	69	32	68	28	54	37	83	4	69	29	49	46	94	0
S21	T	C	66	27	63	32	64	44	99	3	71	24	62	29	95	0
S22	G	C	75	34	90	25	53	45	84	5	76	34	51	37	107	0
S23	C	T	65	35	71	38	63	46	106	2	69	31	70	38	102	0
S24	C	T	83	24	73	29	77	38	103	5	66	31	78	24	106	0
S25	T	A	72	30	59	31	62	37	91	8	60	31	80	27	96	0
S26	C	A	58	36	72	26	71	34	97	7	84	23	53	38	117	0
S27	G	A	64	36	54	37	39	43	101	7	53	33	68	30	98	0
S28	G	A	84	15	107	0	102	0	113	0	83	17	85	11	92	0
S29	C	A	87	26	107	0	87	0	100	0	97	17	85	13	93	0
S30	A	C	76	30	105	0	89	0	108	0	76	19	87	9	87	0
S31	G	A	73	20	125	0	95	0	98	0	85	20	86	14	81	0
S32	C	G	69	20	97	0	88	0	113	0	69	19	81	9	93	0
S33	T	C	85	20	121	0	107	0	108	0	104	0	101	0	106	0
S34	G	C	69	30	112	0	132	0	91	0	106	0	105	0	99	0
S35	T	A	89	22	114	0	89	0	98	0	101	0	89	0	112	0
S36	T	G	69	28	93	0	94	0	92	0	89	0	114	0	122	0
S37	G	A	86	23	120	0	103	0	89	0	87	0	100	0	104	0
S38	G	C	77	28	93	0	97	0	101	0	107	0	97	0	114	0
S39	A	G	81	14	121	0	80	0	102	0	118	0	109	0	116	0
S40	G	A	87	18	118	0	97	0	89	0	96	0	99	0	89	0
S41	A	G	78	17	100	0	108	0	96	0	91	0	98	0	100	0
S42	A	C	99	0	105	0	103	0	112	0	80	15	91	9	102	0
S43	C	A	113	0	90	0	101	0	87	0	84	22	91	15	106	0
S44	A	C	97	0	100	0	99	0	114	0	73	20	94	10	95	0
S45	T	C	100	0	95	0	102	0	120	0	86	23	89	10	90	0
S46	C	A	100	0	101	0	85	0	94	0	79	19	81	8	102	0
S47	G	C	106	0	108	0	124	0	94	0	112	15	81	11	102	0
