SNVID	Wild	Mut	R2:ref	R2:alt	R3:ref	R3:alt	R4:ref	R4:alt	R6:ref	R6:alt	R1:ref	R1:alt	R5:ref	R5:alt	R7:ref	R7:alt
S1	C	T	67	32	70	28	57	41	46	47	42	37	54	25	74	27
S2	G	A	78	30	71	28	49	51	65	50	65	26	69	41	55	36
S3	A	G	83	21	69	29	49	45	77	48	69	33	55	28	77	40
S4	G	A	66	29	79	28	72	49	48	48	74	33	86	31	67	32
S5	G	A	102	0	110	0	100	0	63	27	96	0	111	0	107	0
S6	A	G	110	0	123	0	93	0	85	30	91	0	107	0	101	0
S7	T	A	110	0	104	0	114	0	73	24	112	0	110	0	93	0
S8	T	A	96	0	103	0	98	0	74	31	95	0	91	0	97	0
S9	T	A	86	17	67	30	47	55	91	9	78	29	68	39	48	46
S10	G	A	83	29	69	25	68	45	98	5	78	32	72	20	70	35
S11	C	T	83	30	66	33	66	45	87	4	61	35	74	27	66	34
S12	A	G	72	21	75	25	64	45	83	5	60	33	63	32	68	38
S13	G	A	71	24	60	26	60	56	76	9	50	35	84	29	36	43
S14	G	T	105	0	94	0	113	0	110	0	102	0	97	0	66	37
S15	T	G	86	0	88	0	113	0	123	0	97	0	106	0	61	39
S16	G	C	122	0	116	0	109	0	97	0	84	0	107	0	60	41
S17	C	T	117	0	100	0	116	0	97	0	101	0	87	0	67	33
S18	T	A	91	0	116	0	103	0	92	0	98	0	101	0	40	47
S19	G	T	88	0	89	0	97	0	116	0	104	0	104	0	55	42
S20	C	A	110	0	109	0	100	0	86	0	105	0	92	0	63	40
S21	A	G	105	0	112	0	96	0	98	0	108	0	90	0	62	51
S22	G	A	99	0	108	0	91	0	92	0	103	0	116	0	75	41
S23	T	A	67	26	65	33	60	33	94	5	67	24	78	28	86	0
S24	G	T	79	28	69	27	64	36	80	8	61	38	72	32	104	0
S25	A	G	68	31	81	23	67	41	116	6	72	30	58	21	108	0
S26	C	G	98	21	87	0	105	0	93	0	82	19	91	6	98	0
S27	G	A	65	20	114	0	101	0	89	0	78	19	91	9	92	0
S28	G	A	74	24	89	0	106	0	101	0	83	25	93	8	88	0
S29	T	G	64	27	95	0	100	0	83	0	78	18	81	7	98	0
S30	A	C	83	16	109	0	81	0	94	0	84	20	82	11	113	0
S31	T	G	95	20	102	0	98	0	90	0	91	0	105	0	103	0
S32	C	G	85	21	107	0	108	0	112	0	103	0	86	0	95	0
S33	G	A	87	16	85	0	87	0	107	0	117	0	93	0	98	0
S34	A	G	80	21	106	0	101	0	98	0	101	0	104	0	102	0
S35	T	C	99	17	110	0	87	0	87	0	100	0	109	0	101	0
S36	C	G	55	31	110	0	107	0	108	0	111	0	112	0	115	0
S37	C	G	97	20	108	0	96	0	114	0	90	0	101	0	95	0
S38	G	C	85	23	81	0	98	0	103	0	107	0	96	0	89	0
S39	G	A	102	17	94	0	103	0	103	0	103	0	90	0	93	0
S40	G	C	107	0	100	0	109	0	88	0	83	23	100	12	92	0
S41	C	A	95	0	75	0	101	0	93	0	58	16	72	13	89	0
S42	A	T	94	0	115	0	90	0	86	0	72	18	80	11	98	0
S43	C	G	92	0	86	0	102	0	101	0	81	16	72	13	102	0
S44	T	A	103	0	101	0	98	0	85	0	87	17	99	6	93	0
S45	C	G	95	0	107	0	111	0	111	0	77	23	73	14	95	0
S46	C	T	97	0	109	0	91	0	106	0	87	17	85	10	98	0
