SNVID	Wild	Mut	R2:ref	R2:alt	R3:ref	R3:alt	R4:ref	R4:alt	R6:ref	R6:alt	R1:ref	R1:alt	R5:ref	R5:alt	R7:ref	R7:alt
S1	T	A	67	30	54	31	39	44	54	52	72	26	64	28	53	44
S2	A	G	70	31	64	29	46	53	53	53	48	35	75	32	76	34
S3	T	A	76	34	66	32	65	50	55	49	60	28	54	35	42	46
S4	G	T	77	33	64	31	60	43	33	55	67	34	102	27	82	33
S5	G	T	73	33	85	24	35	49	46	41	72	29	57	34	49	40
S6	T	A	71	21	96	24	44	50	44	50	72	25	96	27	83	39
S7	A	T	67	26	73	37	70	47	45	55	78	31	67	27	60	39
S8	G	T	75	27	64	30	88	43	32	53	78	25	77	24	76	39
S9	A	C	70	32	73	30	47	49	60	52	76	25	63	32	67	32
S10	G	A	59	26	74	26	36	53	53	50	72	30	65	24	74	33
S11	G	A	101	0	87	0	87	0	61	27	102	0	110	0	90	0
S12	C	T	108	0	110	0	108	0	77	32	120	0	91	0	82	0
S13	C	T	101	0	118	0	91	0	62	30	110	0	90	0	107	0
S14	A	G	100	0	106	0	109	0	69	26	115	0	90	0	100	0
S15	A	T	110	0	88	0	102	0	50	21	97	0	114	0	98	0
S16	C	G	119	0	113	0	96	0	69	27	94	0	101	0	102	0
S17	C	T	94	0	105	0	99	0	88	22	111	0	84	0	98	0
S18	G	C	88	0	100	0	97	0	70	28	121	0	93	0	92	0
S19	G	A	106	0	97	0	119	0	71	31	89	0	77	0	102	0
S20	C	A	62	32	78	29	38	60	116	4	72	28	67	31	39	38
S21	A	C	73	33	99	22	49	58	110	2	56	35	66	30	73	34
S22	C	A	55	30	83	35	38	51	97	6	65	38	61	31	57	38
S23	A	T	65	26	65	26	52	48	90	6	58	33	68	34	51	44
S24	G	A	72	31	55	20	48	56	111	5	71	34	69	30	54	37
S25	G	C	97	0	96	0	106	0	96	0	108	0	96	0	44	40
S26	T	A	108	0	110	0	108	0	102	0	88	0	86	0	51	39
S27	G	A	97	0	90	0	106	0	85	0	93	0	107	0	51	42
S28	G	T	101	0	109	0	89	0	96	0	109	0	110	0	54	38
S29	T	G	91	0	98	0	91	0	110	0	96	0	99	0	67	42
S30	G	A	78	29	78	30	50	43	93	8	66	34	88	28	93	0
S31	G	A	67	22	87	31	56	33	78	8	82	24	82	28	84	0
S32	A	C	86	21	87	30	66	47	103	5	70	31	58	29	87	0
S33	A	T	67	35	77	28	73	36	102	5	47	29	76	35	94	0
S34	G	A	81	18	113	0	119	0	112	0	82	19	96	4	96	0
S35	T	A	95	19	89	0	82	0	96	0	77	26	125	8	106	0
S36	G	T	61	23	115	0	82	0	95	0	85	24	91	9	99	0
S37	G	C	83	21	108	0	100	0	85	0	85	28	92	7	101	0
S38	T	C	85	17	108	0	108	0	98	0	86	23	82	5	114	0
S39	C	T	85	20	88	0	106	0	107	0	99	0	103	0	100	0
S40	T	A	88	15	103	0	109	0	91	0	111	0	73	0	89	0
S41	C	T	82	18	86	0	82	0	100	0	97	0	75	0	99	0
S42	G	C	70	22	98	0	94	0	104	0	99	0	100	0	89	0
S43	C	G	86	17	118	0	103	0	94	0	107	0	126	0	94	0
S44	A	C	79	20	112	0	115	0	90	0	97	0	99	0	108	0
S45	C	T	65	23	74	0	102	0	94	0	94	0	88	0	86	0
S46	G	T	78	22	120	0	88	0	104	0	91	0	106	0	131	0
S47	G	A	75	13	101	0	94	0	108	0	109	0	93	0	95	0
S48	A	C	87	0	89	0	99	0	113	0	84	21	94	16	96	0
S49	C	A	97	0	115	0	117	0	105	0	107	15	100	7	93	0
S50	C	G	96	0	114	0	95	0	112	0	57	24	70	10	92	0
S51	G	A	109	0	90	0	90	0	89	0	72	20	85	10	115	0
S52	T	A	106	0	92	0	98	0	107	0	89	15	93	6	110	0
S53	C	G	90	0	105	0	92	0	92	0	63	23	106	13	87	0
S54	T	G	96	0	90	0	85	0	97	0	52	20	94	8	93	0
