SNVID	Wild	Mut	R2:ref	R2:alt	R3:ref	R3:alt	R4:ref	R4:alt	R6:ref	R6:alt	R1:ref	R1:alt	R5:ref	R5:alt	R7:ref	R7:alt
S1	G	A	57	23	61	38	45	50	41	60	73	33	68	31	60	40
S2	A	C	92	21	73	27	33	49	51	42	52	34	81	25	62	39
S3	A	C	60	34	58	29	54	50	54	55	62	32	91	29	55	50
S4	T	G	93	23	53	34	58	56	54	46	59	43	75	25	64	39
S5	C	G	82	25	72	20	39	55	48	47	57	32	64	29	46	41
S6	C	G	65	31	90	31	43	49	56	45	63	30	58	30	63	36
S7	C	T	50	41	42	42	29	55	33	54	54	32	57	34	46	43
S8	A	C	59	39	77	31	50	43	54	57	62	33	77	28	77	38
S9	G	C	83	29	57	32	41	47	66	44	74	27	74	27	69	45
S10	C	G	56	38	77	32	40	53	52	42	74	34	65	33	59	40
S11	A	T	91	0	118	0	106	0	77	26	85	0	124	0	89	0
S12	A	C	88	0	111	0	106	0	71	27	114	0	99	0	77	0
S13	T	A	113	0	121	0	91	0	55	32	97	0	106	0	105	0
S14	C	T	103	0	108	0	102	0	68	34	111	0	109	0	104	0
S15	C	T	90	0	106	0	93	0	74	30	93	0	100	0	104	0
S16	A	G	83	0	84	0	94	0	72	25	92	0	112	0	98	0
S17	T	G	110	0	91	0	99	0	77	36	92	0	120	0	98	0
S18	T	C	100	0	111	0	89	0	72	31	127	0	85	0	102	0
S19	G	T	73	32	50	36	52	48	106	2	71	26	43	30	94	37
S20	A	T	48	39	59	30	60	52	80	6	65	29	82	32	50	38
S21	A	T	87	28	82	30	40	55	85	9	81	27	84	32	55	34
S22	G	C	77	30	85	25	40	54	92	4	67	31	79	31	58	46
S23	T	G	72	32	47	35	58	47	85	7	63	29	71	26	66	37
S24	T	G	65	30	75	32	60	55	77	6	76	25	61	31	42	39
S25	T	C	90	25	82	24	43	48	97	2	68	33	58	33	77	30
S26	A	T	69	33	71	28	39	61	83	8	53	33	65	35	64	30
S27	C	A	73	31	58	21	56	49	113	6	62	30	51	31	62	37
S28	G	C	59	29	86	29	50	45	77	3	70	40	67	31	45	46
S29	G	A	102	0	91	0	111	0	95	0	97	0	106	0	60	44
S30	C	A	102	0	101	0	108	0	103	0	104	0	108	0	69	39
S31	T	A	101	0	94	0	92	0	104	0	111	0	111	0	58	27
S32	A	C	94	0	97	0	119	0	99	0	98	0	96	0	55	35
S33	G	A	121	0	110	0	101	0	94	0	79	0	119	0	48	46
S34	T	A	89	0	102	0	92	0	103	0	107	0	92	0	34	38
S35	G	A	106	0	99	0	121	0	103	0	109	0	99	0	42	38
S36	T	A	109	0	105	0	115	0	98	0	100	0	108	0	70	37
S37	G	A	65	29	76	28	68	42	93	3	65	37	46	31	97	0
S38	A	G	68	38	59	35	39	46	85	6	64	21	81	22	83	0
S39	A	G	71	32	65	21	66	34	92	7	73	26	81	21	98	0
S40	C	G	78	29	83	26	79	34	105	6	72	29	65	20	101	0
S41	C	A	94	22	82	33	86	28	109	2	66	36	56	38	76	0
S42	C	T	99	20	113	0	108	0	89	0	94	18	71	10	106	0
S43	G	C	87	13	95	0	93	0	107	0	83	20	82	12	104	0
S44	C	G	79	21	99	0	78	0	113	0	76	23	110	6	100	0
S45	T	G	83	24	97	0	104	0	100	0	87	22	74	6	82	0
S46	G	T	81	22	98	0	109	0	92	0	65	23	102	5	97	0
S47	G	A	90	18	94	0	129	0	116	0	91	15	102	6	113	0
S48	C	G	76	23	99	0	103	0	106	0	53	26	97	8	85	0
S49	C	A	72	28	116	0	123	0	95	0	114	0	106	0	121	0
S50	C	G	86	18	85	0	95	0	105	0	96	0	73	0	111	0
S51	T	A	67	23	81	0	106	0	112	0	86	0	133	0	91	0
S52	A	G	70	23	99	0	98	0	86	0	89	0	94	0	114	0
S53	T	C	88	0	112	0	108	0	97	0	86	20	105	12	110	0
S54	T	G	112	0	102	0	95	0	100	0	57	20	80	17	109	0
S55	A	G	103	0	87	0	92	0	111	0	86	18	92	10	116	0
S56	T	A	98	0	107	0	114	0	99	0	96	18	72	13	105	0
S57	T	G	87	0	111	0	106	0	90	0	84	18	84	9	101	0
S58	G	T	96	0	100	0	118	0	112	0	87	13	114	13	89	0
S59	A	G	92	0	108	0	95	0	95	0	85	18	85	13	97	0
S60	A	G	98	0	103	0	109	0	124	0	72	27	93	7	97	0
