SNVID	Wild	Mut	R2:ref	R2:alt	R3:ref	R3:alt	R4:ref	R4:alt	R6:ref	R6:alt	R1:ref	R1:alt	R5:ref	R5:alt	R7:ref	R7:alt
S1	C	G	76	27	75	35	56	45	57	47	60	27	62	35	67	35
S2	C	T	70	37	81	21	38	52	71	41	67	30	74	23	49	39
S3	C	T	63	30	77	31	41	48	48	53	71	32	64	34	50	40
S4	T	C	60	35	80	27	65	52	65	49	61	26	76	29	52	49
S5	C	G	66	36	57	29	56	51	28	49	72	21	72	26	56	38
S6	A	T	123	0	114	0	117	0	70	29	98	0	108	0	104	0
S7	C	T	81	0	93	0	110	0	74	19	86	0	98	0	99	0
S8	A	G	111	0	124	0	97	0	70	31	108	0	101	0	103	0
S9	G	C	110	0	103	0	105	0	72	28	105	0	107	0	99	0
S10	G	C	90	0	106	0	97	0	83	28	102	0	89	0	111	0
S11	A	G	91	0	119	0	105	0	75	26	101	0	112	0	116	0
S12	G	T	58	34	58	36	48	59	112	5	70	24	60	34	53	40
S13	C	A	83	33	68	31	39	53	88	5	64	31	70	34	74	37
S14	G	A	93	25	79	28	50	44	96	9	60	30	66	33	57	41
S15	G	C	74	36	67	34	47	57	89	4	68	34	66	31	58	37
S16	G	T	76	20	49	44	34	57	102	4	70	30	48	31	74	48
S17	T	A	85	24	65	33	49	50	90	2	68	32	81	32	56	44
S18	G	C	73	30	111	21	46	50	90	2	72	32	43	42	70	43
S19	A	G	116	0	95	0	93	0	111	0	95	0	112	0	58	43
S20	C	T	119	0	95	0	93	0	105	0	99	0	101	0	75	39
S21	T	G	99	0	109	0	98	0	113	0	92	0	99	0	69	38
S22	G	C	108	0	95	0	103	0	103	0	118	0	103	0	54	44
S23	A	T	102	0	103	0	103	0	118	0	118	0	99	0	66	39
S24	A	C	108	0	102	0	109	0	113	0	86	0	89	0	81	34
S25	C	G	69	32	85	19	65	34	87	8	76	28	48	45	100	0
S26	A	T	68	26	80	32	46	43	97	2	74	31	66	38	100	0
S27	A	T	65	32	73	32	67	40	94	4	59	29	70	26	106	0
S28	A	G	58	20	105	0	97	0	84	0	75	23	76	9	79	0
S29	T	C	69	19	106	0	87	0	105	0	90	15	91	8	102	0
S30	C	T	96	19	98	0	95	0	95	0	59	20	87	17	108	0
S31	A	G	68	18	99	0	96	0	107	0	89	24	82	16	96	0
S32	T	G	79	19	111	0	112	0	107	0	68	20	88	12	115	0
S33	A	T	75	20	105	0	80	0	97	0	98	20	88	8	98	0
S34	C	G	79	22	107	0	90	0	97	0	90	19	93	11	102	0
S35	C	T	60	21	114	0	89	0	101	0	91	20	90	13	101	0
S36	T	G	85	19	82	0	102	0	92	0	66	26	92	6	103	0
S37	T	G	88	14	124	0	104	0	90	0	82	24	93	8	92	0
S38	T	A	64	20	87	0	96	0	92	0	129	0	94	0	99	0
S39	G	A	85	25	105	0	86	0	102	0	96	0	86	0	102	0
S40	C	G	85	22	105	0	104	0	106	0	90	0	91	0	105	0
S41	A	G	98	0	89	0	104	0	91	0	93	19	96	9	84	0
S42	A	G	96	0	99	0	100	0	95	0	68	28	98	9	115	0
S43	A	G	115	0	96	0	103	0	96	0	79	20	92	6	112	0
S44	A	G	97	0	104	0	100	0	99	0	91	17	83	14	99	0
S45	A	C	95	0	99	0	98	0	92	0	81	22	96	10	100	0
S46	G	T	89	0	88	0	95	0	105	0	77	15	82	10	100	0
S47	A	C	90	0	90	0	91	0	103	0	69	17	66	12	120	0
