SNVID	Wild	Mut	R2:ref	R2:alt	R3:ref	R3:alt	R4:ref	R4:alt	R6:ref	R6:alt	R1:ref	R1:alt	R5:ref	R5:alt	R7:ref	R7:alt
S1	A	C	67	31	63	39	24	53	47	51	86	38	72	26	62	35
S2	G	T	63	33	55	43	72	50	58	47	83	28	86	26	65	39
S3	T	A	78	29	74	29	56	53	48	48	77	25	82	37	48	43
S4	G	T	76	35	72	21	62	51	47	47	70	34	80	32	48	34
S5	A	T	80	24	63	28	52	53	40	56	73	31	66	37	59	36
S6	A	C	80	34	74	26	56	53	53	57	71	26	70	32	57	35
S7	G	C	77	23	61	26	40	53	50	50	52	33	63	27	56	46
S8	G	A	96	21	65	33	43	56	33	46	72	28	70	23	64	41
S9	A	C	88	0	101	0	93	0	58	32	101	0	100	0	106	0
S10	T	G	112	0	117	0	114	0	66	25	88	0	112	0	112	0
S11	T	G	113	0	88	0	95	0	81	22	102	0	96	0	96	0
S12	T	G	103	0	111	0	98	0	75	27	100	0	92	0	100	0
S13	C	A	100	0	107	0	99	0	60	32	94	0	85	0	96	0
S14	G	A	83	34	65	31	53	52	77	3	61	41	50	30	64	38
S15	T	G	80	24	53	36	65	52	93	5	54	33	81	26	63	49
S16	G	T	61	23	75	28	55	52	88	5	78	30	64	31	85	36
S17	C	G	89	30	56	35	40	46	87	4	96	26	68	33	48	54
S18	C	A	77	35	63	32	49	49	91	7	71	33	67	29	70	28
S19	G	T	83	28	75	27	38	48	89	2	52	36	76	32	50	47
S20	C	T	51	34	85	33	49	49	96	4	62	36	65	32	60	38
S21	G	A	73	28	68	27	43	55	100	3	69	34	76	24	47	38
S22	C	A	101	0	111	0	96	0	123	0	92	0	95	0	46	41
S23	T	A	104	0	97	0	103	0	99	0	106	0	103	0	80	34
S24	A	G	109	0	109	0	100	0	99	0	118	0	110	0	82	43
S25	A	T	100	0	84	0	95	0	113	0	97	0	107	0	65	36
S26	C	G	70	31	78	27	52	41	96	7	59	31	71	35	98	0
S27	A	T	79	29	70	30	73	46	87	2	76	34	47	38	94	0
S28	G	A	59	40	68	30	58	38	99	7	71	24	82	22	114	0
S29	C	T	60	34	56	30	44	49	90	3	74	35	69	36	96	0
S30	G	A	61	29	72	36	68	35	85	4	91	32	70	27	102	0
S31	T	C	70	29	84	28	74	47	76	9	71	33	60	32	98	0
S32	G	C	79	19	93	0	93	0	87	0	60	22	80	8	86	0
S33	A	G	71	25	109	0	104	0	124	0	81	19	89	7	97	0
S34	T	G	72	24	114	0	87	0	92	0	80	17	78	15	100	0
S35	G	A	84	21	94	0	110	0	95	0	66	23	94	15	100	0
S36	G	C	73	22	93	0	115	0	104	0	76	17	103	10	94	0
S37	A	T	75	22	98	0	96	0	110	0	67	26	88	11	101	0
S38	A	T	63	28	114	0	117	0	98	0	67	21	75	14	102	0
S39	C	A	68	21	109	0	105	0	101	0	82	22	95	15	93	0
S40	T	A	78	20	110	0	88	0	79	0	110	0	108	0	91	0
S41	T	C	87	24	90	0	100	0	92	0	76	0	102	0	110	0
S42	A	C	82	23	100	0	104	0	89	0	75	0	100	0	85	0
S43	A	G	58	25	101	0	113	0	94	0	98	0	98	0	95	0
S44	C	T	79	30	92	0	93	0	101	0	90	0	101	0	93	0
S45	T	A	75	13	91	0	110	0	103	0	98	0	76	0	103	0
S46	A	C	60	27	88	0	108	0	107	0	116	0	126	0	111	0
S47	G	T	70	28	112	0	94	0	120	0	103	0	100	0	95	0
S48	G	T	82	16	111	0	106	0	112	0	100	0	90	0	85	0
S49	T	A	76	17	107	0	97	0	100	0	90	0	112	0	87	0
S50	C	A	88	0	84	0	96	0	98	0	97	17	82	17	93	0
S51	C	G	84	0	99	0	86	0	111	0	92	15	95	8	108	0
S52	A	G	122	0	105	0	98	0	81	0	91	15	97	9	99	0
S53	G	T	99	0	100	0	101	0	111	0	82	24	71	10	100	0
