SNVID	Wild	Mut	R2:ref	R2:alt	R3:ref	R3:alt	R4:ref	R4:alt	R6:ref	R6:alt	R1:ref	R1:alt	R5:ref	R5:alt	R7:ref	R7:alt
S1	C	G	55	33	66	36	38	54	44	54	75	27	66	25	47	44
S2	A	C	65	25	68	22	47	50	54	41	68	31	80	26	64	40
S3	T	G	69	27	69	27	55	50	58	48	80	23	71	30	85	36
S4	C	T	81	22	55	24	31	55	60	46	63	27	60	30	75	36
S5	C	G	70	37	73	34	45	44	49	50	81	22	83	17	61	36
S6	T	G	78	28	54	29	45	50	40	49	75	28	68	34	67	40
S7	C	T	74	24	70	33	65	52	72	49	63	35	62	32	67	31
S8	C	G	71	32	87	28	69	51	36	53	70	26	67	29	55	31
S9	C	A	80	36	71	33	51	43	33	53	61	42	92	24	58	34
S10	G	A	91	0	101	0	103	0	71	22	94	0	94	0	109	0
S11	C	T	98	0	110	0	108	0	75	28	119	0	93	0	94	0
S12	T	G	104	0	100	0	100	0	73	31	100	0	93	0	102	0
S13	A	G	99	0	112	0	117	0	67	31	82	0	102	0	117	0
S14	C	A	98	0	108	0	104	0	77	28	109	0	89	0	106	0
S15	G	C	99	0	104	0	104	0	85	32	102	0	102	0	89	0
S16	G	A	94	0	94	0	112	0	91	33	96	0	104	0	98	0
S17	G	A	120	0	95	0	102	0	67	32	93	0	104	0	100	0
S18	A	G	81	32	67	24	39	51	109	6	38	30	47	29	66	42
S19	C	A	65	42	69	32	68	50	99	7	76	32	63	27	82	42
S20	C	G	86	33	81	25	56	51	117	4	83	25	82	36	59	47
S21	C	T	70	33	84	20	64	40	101	2	81	26	77	23	53	43
S22	T	A	71	26	65	23	41	49	96	5	69	25	67	31	65	38
S23	G	C	68	32	73	31	48	57	89	3	69	32	74	29	50	41
S24	T	A	61	28	79	31	43	47	98	3	69	28	50	44	66	32
S25	T	G	98	0	104	0	79	0	85	0	97	0	87	0	68	40
S26	G	A	100	0	101	0	116	0	113	0	116	0	93	0	62	43
S27	G	T	81	0	99	0	104	0	87	0	109	0	107	0	67	38
S28	T	G	100	0	124	0	112	0	94	0	109	0	104	0	52	36
S29	A	T	100	0	100	0	89	0	91	0	100	0	101	0	66	38
S30	G	C	125	0	99	0	124	0	99	0	117	0	107	0	55	45
S31	G	T	94	0	96	0	113	0	107	0	117	0	93	0	60	44
S32	A	G	96	0	107	0	94	0	83	0	111	0	98	0	75	40
S33	C	A	94	0	94	0	107	0	96	0	117	0	104	0	60	38
S34	C	G	101	0	79	0	93	0	103	0	106	0	76	0	29	42
S35	C	G	51	35	83	27	44	45	96	4	89	23	56	34	107	0
S36	G	A	74	25	70	34	45	48	88	8	86	30	74	33	119	0
S37	G	C	71	30	76	25	62	34	81	5	58	34	57	30	100	0
S38	G	A	75	30	67	32	44	45	83	4	62	37	67	32	95	0
S39	A	G	63	37	51	28	37	50	88	3	64	38	64	29	95	0
S40	T	C	78	26	97	27	51	45	100	1	86	24	74	29	88	0
S41	A	G	89	15	90	0	89	0	107	0	67	20	76	12	92	0
S42	A	T	83	26	104	0	112	0	99	0	85	13	97	13	81	0
S43	T	C	78	20	90	0	89	0	94	0	89	11	96	8	110	0
S44	A	G	89	20	99	0	113	0	111	0	68	18	92	6	88	0
S45	A	G	82	20	93	0	110	0	109	0	78	24	99	11	109	0
S46	C	T	86	21	108	0	90	0	94	0	79	16	90	7	100	0
S47	C	A	69	22	93	0	102	0	105	0	70	22	86	14	89	0
S48	T	G	85	17	94	0	112	0	90	0	101	0	108	0	100	0
S49	A	C	84	20	100	0	97	0	84	0	116	0	91	0	89	0
S50	C	A	84	16	101	0	93	0	91	0	99	0	95	0	94	0
S51	A	C	66	22	92	0	87	0	103	0	99	0	99	0	108	0
S52	A	G	105	23	109	0	98	0	110	0	93	0	116	0	103	0
S53	C	T	76	22	90	0	108	0	97	0	110	0	83	0	94	0
S54	G	C	91	0	104	0	100	0	102	0	78	18	83	9	109	0
S55	C	T	87	0	101	0	80	0	106	0	85	12	92	10	92	0
S56	G	C	106	0	106	0	108	0	111	0	77	14	74	9	105	0
S57	A	G	95	0	89	0	88	0	110	0	64	25	92	8	81	0
S58	C	A	94	0	102	0	80	0	98	0	69	21	95	7	114	0
S59	G	C	101	0	96	0	82	0	100	0	80	17	77	9	110	0
S60	C	A	97	0	90	0	104	0	96	0	80	20	98	11	101	0
