SNVID	Wild	Mut	R2:ref	R2:alt	R3:ref	R3:alt	R4:ref	R4:alt	R6:ref	R6:alt	R1:ref	R1:alt	R5:ref	R5:alt	R7:ref	R7:alt
S1	T	A	74	25	49	40	51	55	71	47	47	37	74	31	69	41
S2	G	T	74	28	81	26	33	50	61	47	77	31	53	37	72	45
S3	T	G	77	30	85	24	53	56	67	48	59	40	61	29	65	42
S4	A	G	109	0	104	0	94	0	87	29	120	0	84	0	102	0
S5	T	G	118	0	98	0	111	0	92	30	93	0	90	0	96	0
S6	G	C	109	0	102	0	86	0	71	31	109	0	102	0	85	0
S7	G	C	89	0	107	0	95	0	78	28	110	0	97	0	114	0
S8	C	T	109	0	110	0	104	0	73	35	102	0	93	0	107	0
S9	C	G	104	0	112	0	94	0	82	32	96	0	118	0	95	0
S10	T	G	77	23	58	32	52	56	81	8	68	25	77	33	56	44
S11	G	A	69	36	52	29	61	46	96	4	75	32	78	33	64	42
S12	C	G	68	29	81	25	51	40	95	9	47	29	83	31	44	53
S13	T	A	67	31	68	32	58	52	100	2	57	29	79	22	34	44
S14	C	T	80	29	58	34	39	57	122	5	80	27	95	24	68	42
S15	A	T	104	0	95	0	102	0	115	0	110	0	99	0	61	42
S16	C	A	127	0	97	0	91	0	94	0	95	0	93	0	83	35
S17	T	C	96	0	122	0	85	0	99	0	84	0	95	0	64	35
S18	T	A	95	0	87	0	91	0	111	0	100	0	102	0	58	40
S19	A	C	94	0	97	0	118	0	106	0	102	0	101	0	43	49
S20	T	C	95	0	93	0	114	0	105	0	109	0	102	0	52	39
S21	C	A	95	0	117	0	81	0	106	0	119	0	105	0	78	34
S22	G	C	88	0	100	0	105	0	81	0	90	0	107	0	76	33
S23	C	A	68	0	99	0	112	0	103	0	79	0	89	0	41	47
S24	T	C	114	0	110	0	82	0	103	0	107	0	124	0	66	39
S25	G	A	71	33	79	25	63	41	89	4	41	32	62	26	104	0
S26	A	G	87	22	57	24	54	42	98	3	69	33	65	32	111	0
S27	C	T	70	29	87	29	53	51	91	3	59	28	63	31	86	0
S28	T	A	92	20	66	27	61	43	76	11	64	33	64	34	94	0
S29	A	G	73	27	54	33	42	35	96	4	60	33	56	34	112	0
S30	A	T	76	34	52	26	61	36	107	5	68	37	68	31	100	0
S31	A	T	77	31	57	25	64	39	97	4	62	25	73	30	109	0
S32	G	C	88	19	105	0	90	0	97	0	95	21	97	12	102	0
S33	C	T	82	22	98	0	85	0	109	0	100	20	83	10	96	0
S34	A	C	92	24	115	0	115	0	102	0	82	15	92	10	107	0
S35	C	T	75	19	109	0	91	0	99	0	104	0	97	0	94	0
S36	T	C	78	28	111	0	77	0	99	0	100	0	91	0	119	0
S37	C	G	69	31	99	0	101	0	90	0	99	0	93	0	107	0
S38	A	T	78	20	98	0	110	0	90	0	103	0	98	0	83	0
S39	G	C	88	18	93	0	88	0	99	0	107	0	105	0	92	0
S40	A	G	79	26	104	0	114	0	98	0	115	0	103	0	95	0
S41	A	C	86	20	101	0	116	0	96	0	96	0	90	0	112	0
S42	T	G	97	20	102	0	96	0	97	0	109	0	87	0	114	0
S43	A	G	83	23	108	0	98	0	112	0	111	0	89	0	100	0
S44	A	C	73	20	108	0	98	0	93	0	106	0	116	0	117	0
S45	A	C	85	0	96	0	95	0	88	0	71	17	83	11	97	0
S46	C	T	111	0	116	0	101	0	115	0	84	24	100	8	94	0
S47	A	G	88	0	102	0	96	0	102	0	90	21	68	12	96	0
S48	A	G	85	0	96	0	86	0	101	0	81	16	87	11	106	0
S49	G	T	104	0	87	0	95	0	92	0	76	20	82	8	87	0
S50	A	G	85	0	94	0	104	0	81	0	72	23	74	12	110	0
S51	C	A	125	0	104	0	98	0	93	0	71	22	91	10	105	0
S52	C	T	108	0	117	0	83	0	84	0	94	15	88	8	109	0
S53	A	C	94	0	104	0	110	0	96	0	77	21	82	19	85	0
