SNVID	Wild	Mut	R2:ref	R2:alt	R3:ref	R3:alt	R4:ref	R4:alt	R6:ref	R6:alt	R1:ref	R1:alt	R5:ref	R5:alt	R7:ref	R7:alt
S1	A	T	74	30	59	32	51	41	50	51	71	31	59	34	86	38
S2	A	T	71	25	82	31	49	53	49	55	96	25	66	31	62	48
S3	G	T	79	30	64	31	50	55	55	42	73	23	73	28	57	44
S4	C	G	69	34	69	31	61	54	53	51	76	26	55	37	66	38
S5	G	T	62	33	69	35	69	47	30	57	81	24	70	21	48	47
S6	C	A	79	20	60	35	28	53	49	49	62	19	89	30	54	40
S7	A	T	84	28	85	24	48	53	59	49	77	22	62	33	72	40
S8	T	C	67	27	53	29	52	46	41	59	66	24	86	30	75	36
S9	G	T	58	31	74	32	43	47	42	47	62	33	79	29	52	32
S10	C	G	121	0	108	0	96	0	58	33	101	0	100	0	90	0
S11	A	T	110	0	85	0	93	0	79	21	112	0	92	0	98	0
S12	G	C	110	0	99	0	97	0	58	34	83	0	103	0	86	0
S13	C	A	110	0	96	0	106	0	76	35	94	0	106	0	97	0
S14	C	G	79	27	56	31	60	41	92	4	48	38	66	33	63	35
S15	A	C	85	30	72	27	60	55	90	7	80	22	80	29	51	48
S16	A	C	60	26	73	24	59	44	96	8	85	24	71	31	85	40
S17	G	T	69	22	74	25	42	58	104	3	65	31	77	32	57	33
S18	A	C	69	27	74	28	63	55	93	7	71	33	74	28	74	34
S19	A	C	102	30	71	30	63	40	93	4	65	30	71	28	70	40
S20	A	G	84	24	78	17	43	50	103	8	75	30	83	25	62	46
S21	A	C	101	0	105	0	102	0	93	0	105	0	90	0	60	35
S22	G	A	105	0	104	0	105	0	96	0	110	0	96	0	54	37
S23	G	T	106	0	99	0	97	0	79	0	94	0	102	0	55	41
S24	A	G	93	0	82	0	111	0	108	0	90	0	84	0	70	35
S25	T	A	99	0	105	0	109	0	103	0	96	0	82	0	57	40
S26	G	C	108	0	91	0	109	0	114	0	100	0	105	0	55	40
S27	G	A	97	0	93	0	83	0	100	0	92	0	112	0	58	38
S28	C	A	106	0	99	0	104	0	109	0	99	0	92	0	60	42
S29	C	G	100	0	96	0	80	0	92	0	84	0	98	0	60	38
S30	A	C	108	0	104	0	117	0	91	0	97	0	116	0	65	38
S31	T	A	81	32	77	27	67	44	98	3	77	29	56	35	99	0
S32	T	G	57	34	60	35	54	38	106	4	77	34	79	28	101	0
S33	T	C	92	19	77	27	69	39	100	9	94	31	65	34	94	0
S34	C	A	62	26	60	29	66	36	118	4	64	34	58	32	97	0
S35	G	T	71	30	89	29	47	48	86	3	76	34	74	24	93	0
S36	T	C	75	31	75	32	51	41	77	4	64	29	58	29	104	0
S37	G	A	88	30	93	27	50	39	92	4	63	27	74	31	103	0
S38	A	G	66	31	51	36	58	38	79	2	84	28	86	27	86	0
S39	A	G	61	33	81	32	70	46	80	7	62	28	81	23	102	0
S40	C	G	68	36	85	23	58	36	84	8	87	29	83	28	101	0
S41	T	A	54	29	101	0	95	0	86	0	88	29	101	12	120	0
S42	G	T	92	16	88	0	109	0	93	0	81	18	80	8	103	0
S43	G	A	79	15	89	0	120	0	87	0	77	19	94	9	84	0
S44	A	T	100	14	117	0	89	0	107	0	84	22	99	10	113	0
S45	T	G	77	25	95	0	95	0	110	0	57	22	100	7	101	0
S46	G	T	76	20	100	0	92	0	82	0	91	19	85	8	113	0
S47	A	C	92	24	101	0	98	0	87	0	83	16	87	10	120	0
S48	T	C	83	17	91	0	122	0	97	0	105	0	101	0	102	0
S49	A	T	83	23	111	0	85	0	103	0	104	0	100	0	115	0
S50	T	A	69	21	125	0	84	0	110	0	92	0	91	0	101	0
S51	A	T	97	20	105	0	99	0	114	0	86	0	111	0	94	0
S52	A	C	69	14	97	0	106	0	93	0	100	0	110	0	93	0
S53	A	T	67	16	85	0	101	0	86	0	99	0	99	0	110	0
S54	G	A	81	17	88	0	103	0	98	0	105	0	111	0	90	0
S55	C	T	103	0	110	0	93	0	93	0	71	24	85	13	92	0
S56	T	C	89	0	93	0	106	0	104	0	80	23	86	4	101	0
S57	T	A	112	0	89	0	103	0	101	0	93	20	103	10	86	0
S58	T	G	111	0	122	0	87	0	106	0	91	15	84	9	112	0
S59	T	G	100	0	89	0	109	0	101	0	78	19	104	8	96	0
S60	A	T	102	0	102	0	97	0	103	0	103	19	88	9	84	0
S61	C	G	107	0	97	0	90	0	96	0	73	19	93	9	100	0
S62	A	T	109	0	88	0	92	0	94	0	81	16	88	12	91	0
S63	G	T	94	0	106	0	129	0	102	0	96	20	80	6	115	0
S64	G	C	115	0	119	0	105	0	71	0	82	19	107	10	110	0
