SNVID	Wild	Mut	R2:ref	R2:alt	R3:ref	R3:alt	R4:ref	R4:alt	R6:ref	R6:alt	R1:ref	R1:alt	R5:ref	R5:alt	R7:ref	R7:alt
S1	C	T	67	26	78	28	56	36	37	48	82	29	76	34	74	47
S2	C	T	45	34	60	25	35	60	50	53	69	28	63	27	42	45
S3	C	A	89	23	60	34	51	51	44	51	64	28	82	26	59	43
S4	G	C	56	36	59	32	48	57	55	56	71	38	64	27	51	39
S5	A	G	62	35	90	26	35	57	70	42	61	36	66	29	58	33
S6	A	T	76	32	69	27	56	52	53	54	80	25	83	28	65	39
S7	T	C	76	29	64	28	43	47	68	50	72	26	50	33	56	51
S8	G	T	70	29	65	29	53	51	46	49	76	25	55	29	64	41
S9	C	T	66	33	78	28	35	54	49	48	47	30	74	25	61	45
S10	T	A	77	0	101	0	93	0	65	28	94	0	98	0	92	0
S11	T	A	114	0	93	0	90	0	65	28	109	0	88	0	94	0
S12	C	A	84	0	105	0	98	0	84	29	92	0	100	0	93	0
S13	G	C	83	0	113	0	111	0	96	24	83	0	86	0	105	0
S14	C	T	123	0	104	0	95	0	75	27	127	0	81	0	98	0
S15	T	G	101	0	106	0	110	0	68	32	83	0	88	0	108	0
S16	G	A	106	0	96	0	86	0	80	27	111	0	92	0	108	0
S17	C	G	101	0	113	0	87	0	71	33	98	0	88	0	111	0
S18	C	G	73	33	79	35	53	50	67	7	65	33	57	26	56	39
S19	G	A	57	24	62	26	51	35	82	3	101	28	76	28	45	41
S20	G	T	71	32	65	28	37	50	108	4	58	34	76	29	66	31
S21	G	T	81	28	57	38	71	49	95	4	78	20	48	31	63	39
S22	G	T	76	31	101	27	60	50	95	4	61	38	38	37	43	44
S23	A	C	84	25	72	34	25	52	95	3	77	24	75	27	42	43
S24	T	G	75	30	93	23	54	50	100	5	69	35	89	25	66	39
S25	T	C	64	30	82	32	39	47	82	8	70	29	63	26	69	40
S26	A	G	51	40	74	22	46	54	107	4	63	28	64	24	48	40
S27	C	T	97	0	97	0	107	0	82	0	98	0	92	0	95	36
S28	G	C	90	0	93	0	90	0	87	0	103	0	102	0	69	34
S29	C	A	117	0	90	0	116	0	103	0	102	0	99	0	63	39
S30	A	C	91	0	108	0	94	0	99	0	97	0	113	0	59	36
S31	C	A	100	0	102	0	109	0	83	0	96	0	87	0	57	32
S32	A	T	107	0	84	0	110	0	110	0	90	0	98	0	50	40
S33	G	C	103	0	84	0	80	0	91	0	97	0	101	0	51	45
S34	A	T	114	0	110	0	75	0	92	0	106	0	100	0	45	52
S35	C	T	102	0	99	0	111	0	85	0	99	0	107	0	70	30
S36	G	A	113	0	108	0	107	0	80	0	103	0	90	0	59	41
S37	T	A	53	35	90	27	54	40	98	9	64	28	61	31	97	0
S38	C	A	75	25	72	23	85	24	92	1	69	29	67	28	96	0
S39	T	G	61	32	88	20	64	40	106	3	54	25	51	37	96	0
S40	A	G	62	40	61	37	68	39	87	5	79	30	65	33	102	0
S41	C	T	70	29	68	32	65	34	97	5	69	42	86	29	87	0
S42	A	G	86	22	70	25	48	43	94	1	74	27	76	25	106	0
S43	C	G	47	35	69	29	72	41	86	9	54	34	78	32	98	0
S44	G	A	74	22	78	25	55	46	109	6	74	27	65	34	94	0
S45	C	A	83	28	61	34	68	42	87	3	47	32	57	31	117	0
S46	A	T	100	19	92	0	98	0	106	0	85	18	103	10	96	0
S47	C	A	73	19	98	0	91	0	103	0	63	22	98	5	90	0
S48	T	G	86	16	107	0	75	0	95	0	83	22	76	12	95	0
S49	A	T	99	17	91	0	98	0	105	0	77	19	83	14	99	0
S50	C	A	62	29	107	0	91	0	97	0	91	0	111	0	111	0
S51	C	T	75	24	125	0	90	0	106	0	113	0	90	0	101	0
S52	T	A	85	25	96	0	99	0	111	0	112	0	93	0	101	0
S53	C	A	84	26	102	0	83	0	95	0	88	0	103	0	122	0
S54	C	T	73	22	79	0	94	0	105	0	96	0	107	0	105	0
S55	C	G	70	23	95	0	89	0	110	0	102	0	87	0	109	0
S56	G	A	81	20	91	0	121	0	110	0	122	0	106	0	94	0
S57	C	A	93	0	94	0	115	0	111	0	76	25	85	12	90	0
S58	T	G	107	0	111	0	91	0	106	0	73	23	96	12	89	0
S59	C	T	104	0	108	0	105	0	95	0	83	19	110	6	118	0
