SNVID	Wild	Mut	R2:ref	R2:alt	R3:ref	R3:alt	R4:ref	R4:alt	R6:ref	R6:alt	R1:ref	R1:alt	R5:ref	R5:alt	R7:ref	R7:alt
S1	A	T	80	24	83	28	27	53	48	51	50	35	62	28	46	41
S2	A	T	55	34	57	34	50	50	50	44	63	36	74	28	67	38
S3	C	A	75	29	78	29	61	54	49	51	62	31	68	36	65	45
S4	G	C	59	32	70	31	77	54	59	39	56	32	72	21	44	48
S5	T	C	61	26	100	30	39	47	33	54	71	33	58	36	44	37
S6	G	A	61	29	63	26	35	58	63	48	68	34	68	35	79	37
S7	T	G	61	34	63	36	47	52	35	57	56	32	79	27	73	33
S8	T	C	81	23	78	29	36	50	63	47	73	33	69	26	60	36
S9	A	G	70	35	84	24	33	53	48	50	70	30	81	28	63	30
S10	A	C	82	30	75	23	48	46	49	50	66	32	65	29	60	24
S11	A	G	116	0	98	0	94	0	65	28	101	0	108	0	104	0
S12	G	A	98	0	109	0	115	0	62	31	97	0	95	0	93	0
S13	T	A	119	0	106	0	100	0	67	28	91	0	104	0	97	0
S14	G	C	106	0	91	0	106	0	78	21	97	0	96	0	106	0
S15	C	A	111	0	86	0	98	0	80	32	114	0	81	0	112	0
S16	T	A	106	0	88	0	99	0	70	36	103	0	114	0	107	0
S17	G	T	102	0	97	0	99	0	59	24	89	0	83	0	90	0
S18	G	A	112	0	111	0	95	0	70	30	96	0	92	0	105	0
S19	A	C	112	0	113	0	99	0	87	31	106	0	121	0	93	0
S20	C	T	71	29	57	29	42	58	79	9	69	30	68	34	71	37
S21	A	G	72	33	69	30	53	44	97	3	65	36	53	32	54	44
S22	A	C	74	38	69	34	63	50	91	3	64	31	70	28	59	39
S23	C	G	69	32	64	29	60	47	77	4	65	30	81	33	57	41
S24	C	G	77	36	72	26	39	44	108	4	73	30	69	26	45	42
S25	A	G	81	21	88	33	49	55	102	9	76	35	61	35	65	45
S26	C	T	54	32	56	44	60	45	105	8	78	37	55	35	79	38
S27	C	T	72	30	55	27	63	47	82	5	90	27	66	28	74	33
S28	T	A	112	0	93	0	91	0	115	0	90	0	93	0	35	51
S29	C	G	96	0	104	0	100	0	118	0	92	0	114	0	63	38
S30	A	G	104	0	98	0	125	0	101	0	85	0	92	0	55	41
S31	T	A	122	0	101	0	105	0	117	0	102	0	106	0	57	44
S32	C	T	108	0	85	0	88	0	97	0	87	0	89	0	68	40
S33	T	G	112	0	99	0	95	0	113	0	89	0	101	0	56	34
S34	G	T	84	25	87	22	68	42	96	4	76	31	64	34	89	0
S35	C	G	61	31	73	28	59	32	104	12	58	31	60	24	101	0
S36	T	C	61	41	70	39	42	52	108	3	81	29	81	29	112	0
S37	G	A	83	23	83	34	67	33	118	4	76	37	61	25	88	0
S38	T	A	77	27	84	33	74	33	91	2	74	27	76	23	94	0
S39	C	A	67	28	81	32	52	44	113	5	75	27	94	24	95	0
S40	C	A	80	28	78	35	52	45	96	3	67	27	66	30	91	0
S41	G	T	87	19	110	0	105	0	86	0	76	17	85	12	114	0
S42	T	A	71	20	110	0	103	0	101	0	105	13	104	4	102	0
S43	T	A	90	17	115	0	78	0	110	0	78	21	94	8	114	0
S44	T	A	75	26	104	0	92	0	92	0	113	0	111	0	87	0
S45	T	C	64	26	100	0	95	0	113	0	112	0	90	0	96	0
S46	C	G	75	19	87	0	99	0	101	0	93	0	87	0	95	0
S47	A	G	78	19	95	0	116	0	101	0	103	0	104	0	112	0
S48	T	A	50	25	121	0	99	0	108	0	105	0	99	0	116	0
S49	G	C	89	18	91	0	120	0	86	0	112	0	84	0	103	0
S50	C	A	96	18	107	0	102	0	112	0	103	0	97	0	92	0
S51	T	C	85	13	124	0	96	0	104	0	112	0	97	0	94	0
S52	G	C	89	22	105	0	113	0	92	0	86	0	97	0	117	0
S53	C	T	76	24	83	0	91	0	85	0	95	0	111	0	92	0
S54	A	T	94	0	94	0	90	0	99	0	76	9	88	13	104	0
S55	G	C	103	0	124	0	97	0	98	0	79	18	91	8	89	0
S56	T	G	106	0	83	0	92	0	92	0	53	22	117	12	114	0
S57	C	G	103	0	102	0	105	0	96	0	94	17	90	9	109	0
S58	A	C	102	0	112	0	105	0	83	0	81	25	83	13	94	0
S59	G	C	99	0	98	0	106	0	96	0	81	15	98	12	102	0
