SNVID	Wild	Mut	R2:ref	R2:alt	R3:ref	R3:alt	R4:ref	R4:alt	R6:ref	R6:alt	R1:ref	R1:alt	R5:ref	R5:alt	R7:ref	R7:alt
S1	G	C	62	30	66	33	49	42	45	48	80	31	55	26	57	44
S2	T	A	54	33	75	35	53	44	64	47	54	32	63	29	59	43
S3	G	T	60	30	55	31	56	52	41	48	72	33	77	29	57	50
S4	G	A	66	26	98	26	56	52	40	55	73	23	80	28	54	38
S5	G	C	69	28	62	36	51	45	52	46	65	27	64	34	61	39
S6	T	G	61	36	66	34	50	59	53	44	74	37	60	26	80	36
S7	G	C	67	31	74	22	47	49	52	40	73	26	90	25	61	38
S8	C	T	75	32	69	22	55	41	66	45	47	25	65	36	47	32
S9	T	A	81	29	80	29	62	49	67	51	73	27	73	30	69	38
S10	A	C	100	0	102	0	111	0	70	32	98	0	107	0	122	0
S11	G	A	103	0	106	0	101	0	71	27	102	0	107	0	85	0
S12	C	A	92	0	96	0	90	0	67	31	103	0	103	0	100	0
S13	A	T	111	0	132	0	104	0	63	27	103	0	85	0	95	0
S14	A	G	59	36	67	23	59	45	84	3	71	31	84	23	40	46
S15	G	C	66	31	63	26	36	48	87	2	89	19	63	29	52	41
S16	C	A	49	31	65	28	68	53	83	7	80	24	92	19	61	37
S17	A	C	57	40	61	28	39	52	99	1	71	28	80	26	71	47
S18	T	A	72	32	75	30	67	45	103	2	69	32	70	31	49	45
S19	A	T	66	24	65	25	48	48	74	7	74	35	78	22	36	49
S20	A	T	79	32	76	28	38	55	95	9	69	30	60	36	55	35
S21	G	A	108	0	108	0	85	0	112	0	101	0	76	0	69	38
S22	T	C	124	0	104	0	94	0	84	0	106	0	118	0	69	40
S23	A	G	106	0	112	0	107	0	86	0	125	0	87	0	61	41
S24	G	T	66	37	64	29	46	45	100	2	72	36	48	32	110	0
S25	T	C	73	35	72	32	36	45	79	4	71	25	81	28	108	0
S26	C	A	50	37	74	28	51	44	80	5	58	28	73	29	104	0
S27	T	C	42	32	85	22	47	32	98	8	63	31	79	21	97	0
S28	T	C	69	22	110	0	98	0	93	0	97	16	81	10	114	0
S29	A	G	100	19	104	0	95	0	102	0	85	18	101	7	96	0
S30	C	A	76	18	107	0	121	0	110	0	93	17	94	11	116	0
S31	G	A	67	16	100	0	95	0	81	0	85	21	90	9	116	0
S32	C	T	65	24	96	0	108	0	92	0	66	22	85	5	116	0
S33	A	T	78	14	98	0	105	0	86	0	86	20	77	8	90	0
S34	C	G	109	20	97	0	100	0	109	0	65	24	91	12	100	0
S35	C	G	75	20	114	0	107	0	99	0	81	21	101	8	90	0
S36	T	C	81	24	108	0	93	0	101	0	81	15	76	13	97	0
S37	G	T	88	15	100	0	104	0	98	0	109	0	118	0	113	0
S38	A	C	73	19	103	0	104	0	109	0	104	0	97	0	99	0
S39	T	C	69	25	89	0	105	0	105	0	114	0	104	0	100	0
S40	T	C	110	0	111	0	85	0	100	0	50	18	99	7	98	0
S41	G	A	112	0	76	0	102	0	101	0	78	18	65	8	101	0
S42	C	G	82	0	98	0	120	0	96	0	81	18	95	9	99	0
S43	G	T	102	0	102	0	101	0	86	0	81	17	71	10	116	0
