SNVID	Wild	Mut	R2:ref	R2:alt	R3:ref	R3:alt	R4:ref	R4:alt	R6:ref	R6:alt	R1:ref	R1:alt	R5:ref	R5:alt	R7:ref	R7:alt
S1	T	G	83	24	77	38	62	57	48	48	75	36	62	35	65	32
S2	T	C	71	26	63	22	36	54	54	41	71	28	65	35	76	38
S3	C	T	63	35	80	27	41	58	52	50	96	29	66	30	82	31
S4	G	A	89	0	87	0	110	0	60	29	96	0	110	0	91	0
S5	T	A	87	0	95	0	107	0	74	28	96	0	88	0	97	0
S6	G	T	107	0	86	0	123	0	70	33	97	0	82	0	98	0
S7	C	G	93	0	93	0	119	0	75	30	98	0	81	0	92	0
S8	A	C	115	0	103	0	126	0	80	28	93	0	92	0	71	0
S9	C	G	103	0	114	0	83	0	77	29	102	0	107	0	104	0
S10	A	T	101	0	97	0	104	0	94	20	106	0	105	0	97	0
S11	C	A	89	0	96	0	85	0	61	31	97	0	110	0	88	0
S12	G	A	72	29	76	33	36	57	97	4	66	28	54	36	66	40
S13	G	C	71	23	82	30	57	51	93	3	80	30	93	21	55	50
S14	T	A	69	30	95	26	37	60	78	5	92	22	70	36	76	40
S15	C	A	68	35	63	27	49	48	93	5	66	29	70	32	80	35
S16	C	G	73	30	58	36	56	55	86	4	70	32	82	34	56	47
S17	G	A	65	31	53	36	31	55	103	4	64	29	68	35	58	48
S18	C	T	99	0	99	0	86	0	85	0	101	0	93	0	60	43
S19	T	A	118	0	111	0	123	0	110	0	80	0	115	0	63	32
S20	T	G	94	0	88	0	112	0	99	0	100	0	98	0	65	41
S21	C	T	91	0	103	0	103	0	109	0	97	0	97	0	71	38
S22	C	G	106	0	91	0	99	0	95	0	99	0	94	0	61	44
S23	G	T	72	23	70	28	55	41	118	3	75	30	61	34	82	0
S24	G	A	80	30	67	24	67	40	96	3	65	30	60	28	87	0
S25	A	T	63	28	71	36	68	40	109	5	62	34	60	22	99	0
S26	G	C	76	24	100	0	94	0	98	0	79	21	94	10	109	0
S27	C	G	74	24	97	0	94	0	112	0	92	20	83	13	119	0
S28	C	A	87	25	105	0	79	0	112	0	62	18	72	13	100	0
S29	G	T	77	20	97	0	92	0	97	0	89	0	103	0	110	0
S30	T	A	81	19	110	0	99	0	105	0	103	0	83	0	112	0
S31	T	G	89	17	81	0	107	0	109	0	106	0	121	0	105	0
S32	G	T	106	0	109	0	102	0	90	0	90	15	94	13	82	0
S33	T	G	108	0	94	0	105	0	124	0	70	20	81	12	95	0
S34	T	A	92	0	102	0	106	0	102	0	54	26	97	6	94	0
S35	A	T	91	0	97	0	94	0	105	0	84	14	94	14	106	0
S36	C	A	90	0	96	0	91	0	105	0	76	14	94	11	82	0
S37	G	A	103	0	94	0	105	0	103	0	88	18	78	10	118	0
S38	T	C	105	0	94	0	101	0	96	0	92	11	84	13	102	0
S39	C	T	115	0	125	0	108	0	91	0	88	24	76	8	80	0
S40	A	C	101	0	95	0	94	0	97	0	78	22	80	10	92	0
