SNVID	Wild	Mut	R2:ref	R2:alt	R3:ref	R3:alt	R4:ref	R4:alt	R6:ref	R6:alt	R1:ref	R1:alt	R5:ref	R5:alt	R7:ref	R7:alt
S1	G	A	62	35	65	30	49	53	72	52	76	31	70	27	57	46
S2	A	G	70	23	80	21	35	53	46	51	80	23	78	33	67	43
S3	C	G	60	30	57	28	54	48	55	45	73	28	65	37	47	42
S4	A	G	74	29	66	20	54	51	49	38	75	23	65	33	38	45
S5	C	A	56	35	64	28	57	57	63	51	76	29	55	43	74	34
S6	G	T	128	0	92	0	112	0	76	29	104	0	81	0	108	0
S7	C	G	80	0	97	0	101	0	59	39	100	0	91	0	99	0
S8	G	C	104	0	77	0	95	0	83	29	102	0	116	0	91	0
S9	G	T	101	0	99	0	78	0	61	34	96	0	102	0	120	0
S10	C	G	99	0	103	0	88	0	67	33	111	0	112	0	128	0
S11	T	C	95	0	81	0	104	0	82	26	90	0	103	0	112	0
S12	T	G	106	0	98	0	100	0	78	36	92	0	96	0	111	0
S13	C	T	103	0	99	0	99	0	78	29	89	0	109	0	85	0
S14	A	G	103	0	92	0	93	0	66	36	98	0	79	0	108	0
S15	A	T	112	0	81	0	101	0	78	28	99	0	90	0	90	0
S16	T	C	63	30	85	28	46	53	89	7	62	31	52	31	73	45
S17	G	A	82	31	69	24	40	55	91	6	53	36	86	30	66	34
S18	A	C	77	31	55	34	48	44	92	3	76	35	74	27	57	38
S19	T	C	67	30	66	28	40	53	92	6	61	26	68	36	68	39
S20	T	G	75	33	71	37	54	57	92	7	76	30	67	33	60	35
S21	C	A	66	29	45	38	50	48	86	7	79	21	61	29	72	37
S22	A	T	74	30	82	35	53	50	106	4	63	24	95	28	44	45
S23	C	A	88	26	72	36	50	41	104	3	42	39	68	26	47	44
S24	A	C	74	27	70	39	44	51	98	10	67	29	69	35	46	40
S25	A	G	108	0	88	0	98	0	93	0	100	0	120	0	53	36
S26	C	G	103	0	105	0	89	0	93	0	120	0	105	0	61	40
S27	C	A	105	0	90	0	83	0	105	0	87	0	115	0	53	52
S28	A	T	97	0	114	0	109	0	107	0	100	0	88	0	67	32
S29	A	C	79	0	107	0	94	0	97	0	107	0	98	0	67	37
S30	T	C	98	0	90	0	94	0	93	0	120	0	120	0	76	41
S31	C	A	122	0	106	0	122	0	102	0	97	0	100	0	59	43
S32	A	T	98	0	113	0	93	0	112	0	90	0	92	0	56	43
S33	T	G	107	0	107	0	90	0	92	0	93	0	111	0	62	37
S34	T	A	89	0	80	0	109	0	87	0	104	0	92	0	65	36
S35	C	G	60	26	67	32	60	36	93	8	73	29	92	23	97	0
S36	T	G	61	34	62	29	59	39	110	6	66	33	71	30	101	0
S37	T	G	78	26	76	35	67	42	90	7	102	27	72	28	119	0
S38	A	T	64	31	66	31	72	41	91	6	63	33	59	37	110	0
S39	A	T	73	25	83	33	48	41	94	4	71	27	73	26	113	0
S40	A	T	81	17	100	0	102	0	85	0	76	21	63	12	93	0
S41	T	A	79	17	87	0	109	0	106	0	90	21	86	12	85	0
S42	A	T	73	23	103	0	89	0	99	0	84	17	86	10	118	0
S43	A	G	75	15	107	0	94	0	99	0	93	0	97	0	100	0
S44	T	G	85	15	91	0	112	0	91	0	98	0	100	0	107	0
S45	G	C	72	19	109	0	99	0	98	0	94	0	104	0	104	0
S46	T	C	83	23	110	0	131	0	93	0	88	0	106	0	110	0
S47	C	T	82	0	98	0	98	0	102	0	91	16	88	9	108	0
S48	T	G	101	0	109	0	98	0	92	0	73	25	84	17	107	0
S49	A	G	104	0	97	0	107	0	95	0	84	19	73	10	105	0
S50	G	T	104	0	99	0	93	0	95	0	94	23	82	14	78	0
