SNVID	Wild	Mut	R2:ref	R2:alt	R3:ref	R3:alt	R4:ref	R4:alt	R6:ref	R6:alt	R1:ref	R1:alt	R5:ref	R5:alt	R7:ref	R7:alt
S1	T	C	87	33	51	28	49	48	47	45	73	30	65	24	67	43
S2	G	A	80	38	83	23	52	54	54	49	81	21	76	33	59	35
S3	C	G	65	28	71	26	51	49	50	49	73	21	55	36	68	31
S4	G	T	61	35	62	33	36	62	49	56	82	33	65	26	62	41
S5	C	T	106	0	87	0	103	0	78	35	125	0	111	0	112	0
S6	G	C	91	0	108	0	104	0	69	34	92	0	95	0	107	0
S7	T	A	120	0	100	0	97	0	72	29	94	0	97	0	80	0
S8	A	G	97	0	97	0	102	0	73	27	111	0	79	0	97	0
S9	T	G	76	0	113	0	97	0	65	24	105	0	115	0	98	0
S10	C	A	91	0	97	0	110	0	80	29	111	0	100	0	102	0
S11	T	G	90	28	62	33	59	53	84	7	76	28	66	34	66	42
S12	C	G	85	24	72	30	23	55	96	4	53	27	67	30	78	40
S13	A	G	75	30	66	29	62	52	114	2	60	38	72	29	73	40
S14	A	C	84	31	64	34	41	43	105	7	60	31	78	34	54	42
S15	C	T	91	0	113	0	100	0	126	0	110	0	102	0	73	37
S16	C	G	87	0	97	0	95	0	108	0	93	0	97	0	70	40
S17	T	G	105	0	101	0	95	0	95	0	92	0	99	0	58	33
S18	A	T	88	0	101	0	107	0	89	0	98	0	93	0	68	38
S19	C	G	85	33	71	27	52	39	95	3	85	29	68	37	102	0
S20	A	C	48	38	86	22	69	36	111	5	58	37	40	31	91	0
S21	A	G	63	38	67	25	59	46	87	4	62	27	73	28	87	0
S22	A	T	73	31	67	23	64	47	114	5	54	33	81	25	85	0
S23	A	C	61	33	80	30	56	38	96	2	59	28	75	25	129	0
S24	C	G	54	21	88	0	100	0	70	0	87	22	88	10	76	0
S25	A	G	83	18	92	0	93	0	120	0	56	30	92	10	114	0
S26	G	A	68	19	92	0	95	0	109	0	85	15	100	8	102	0
S27	T	C	82	21	107	0	104	0	99	0	91	18	100	6	97	0
S28	T	G	64	18	96	0	118	0	112	0	78	18	83	11	97	0
S29	C	A	72	18	99	0	110	0	114	0	76	17	93	16	84	0
S30	C	T	76	17	107	0	94	0	101	0	93	26	92	11	91	0
S31	C	A	103	16	100	0	88	0	98	0	70	23	81	15	89	0
S32	A	G	101	22	102	0	108	0	73	0	79	21	73	14	87	0
S33	C	T	76	20	106	0	82	0	85	0	88	0	113	0	100	0
S34	A	C	89	18	85	0	109	0	111	0	101	0	98	0	111	0
S35	C	G	75	21	110	0	110	0	96	0	105	0	96	0	99	0
S36	A	C	72	21	117	0	107	0	95	0	103	0	81	0	91	0
S37	A	C	88	24	94	0	110	0	93	0	94	0	110	0	112	0
S38	C	T	108	0	100	0	101	0	106	0	83	24	111	8	96	0
S39	T	G	100	0	99	0	92	0	105	0	77	16	111	4	109	0
S40	T	A	106	0	95	0	105	0	99	0	63	20	86	12	105	0
S41	C	A	77	0	101	0	96	0	116	0	97	20	84	8	83	0
S42	G	T	97	0	105	0	105	0	106	0	72	23	113	11	107	0
S43	T	A	85	0	98	0	78	0	100	0	73	23	94	10	100	0
