SNVID	Wild	Mut	R2:ref	R2:alt	R3:ref	R3:alt	R4:ref	R4:alt	R6:ref	R6:alt	R1:ref	R1:alt	R5:ref	R5:alt	R7:ref	R7:alt
S1	A	T	71	36	55	30	61	44	59	52	72	24	67	33	57	41
S2	G	T	64	34	86	26	45	47	77	45	51	29	59	28	55	40
S3	T	G	74	33	75	30	74	51	61	48	59	33	80	31	56	39
S4	C	T	66	32	76	34	50	45	48	55	60	38	57	28	65	36
S5	G	A	70	32	85	21	50	53	58	50	73	25	57	31	50	39
S6	G	A	98	0	103	0	105	0	69	32	96	0	112	0	112	0
S7	C	T	107	0	90	0	95	0	54	27	89	0	102	0	86	0
S8	T	C	111	0	93	0	98	0	69	34	107	0	93	0	94	0
S9	T	C	109	0	107	0	88	0	82	23	95	0	116	0	106	0
S10	A	T	93	0	100	0	98	0	73	28	95	0	101	0	112	0
S11	C	T	111	0	100	0	106	0	75	22	103	0	104	0	101	0
S12	A	G	103	0	115	0	99	0	55	36	99	0	96	0	95	0
S13	A	C	100	0	96	0	122	0	72	35	109	0	87	0	115	0
S14	T	C	87	0	94	0	78	0	74	28	113	0	101	0	86	0
S15	A	G	57	31	59	37	62	46	90	3	65	30	65	24	78	40
S16	A	G	64	33	54	35	41	52	99	3	85	31	80	24	66	44
S17	C	A	61	36	55	34	47	53	101	3	65	37	73	25	76	37
S18	T	A	68	35	83	34	53	54	80	5	67	26	70	24	61	42
S19	A	G	83	31	60	34	30	56	100	6	64	32	64	34	49	42
S20	G	A	50	34	76	25	31	58	115	7	74	24	43	34	52	43
S21	A	T	68	30	67	37	46	56	99	4	77	27	77	31	51	37
S22	T	A	72	39	67	32	39	55	87	7	72	22	61	31	42	36
S23	G	T	57	31	96	35	56	52	96	6	67	20	58	33	54	39
S24	A	C	56	29	88	32	61	41	100	11	72	30	80	31	71	38
S25	T	C	101	0	108	0	89	0	95	0	93	0	108	0	63	35
S26	G	A	117	0	97	0	102	0	86	0	99	0	97	0	66	34
S27	C	A	99	0	97	0	114	0	122	0	90	0	119	0	69	42
S28	G	T	90	38	53	34	63	39	100	7	67	37	62	31	98	0
S29	T	C	78	31	93	17	71	35	85	4	75	21	70	25	110	0
S30	T	A	67	21	58	27	47	43	96	7	77	27	50	25	100	0
S31	G	C	81	29	71	33	64	36	108	4	63	36	68	39	110	0
S32	G	T	61	29	81	27	66	38	91	6	62	30	59	37	99	0
S33	C	T	72	25	62	40	59	33	96	4	62	28	76	26	103	0
S34	G	T	83	31	65	23	87	37	99	6	58	38	56	34	87	0
S35	T	C	72	31	63	34	51	41	85	14	65	23	82	26	106	0
S36	C	G	60	26	76	32	61	41	96	4	72	34	72	20	96	0
S37	T	G	55	33	78	30	76	40	95	4	63	29	61	30	96	0
S38	G	C	78	22	120	0	101	0	91	0	79	22	85	4	114	0
S39	T	G	81	15	104	0	100	0	112	0	66	15	97	7	109	0
S40	G	C	73	19	103	0	118	0	89	0	71	26	88	8	119	0
S41	A	C	86	22	102	0	114	0	104	0	77	17	99	15	113	0
S42	A	G	95	24	104	0	100	0	113	0	87	20	79	13	115	0
S43	T	C	95	14	105	0	85	0	99	0	74	18	86	8	100	0
S44	G	A	66	29	102	0	101	0	103	0	72	20	94	9	110	0
S45	T	G	75	19	108	0	98	0	116	0	65	20	98	11	111	0
S46	C	T	74	27	94	0	115	0	84	0	95	0	121	0	120	0
S47	C	T	76	17	108	0	98	0	106	0	100	0	103	0	114	0
S48	G	T	96	22	109	0	103	0	108	0	120	0	97	0	103	0
S49	T	A	50	28	90	0	102	0	91	0	103	0	103	0	108	0
S50	C	T	87	16	91	0	99	0	92	0	84	0	96	0	90	0
S51	T	A	74	21	94	0	100	0	78	0	106	0	109	0	69	0
S52	A	T	83	15	116	0	98	0	95	0	98	0	104	0	99	0
S53	G	T	73	20	106	0	109	0	87	0	109	0	97	0	95	0
S54	T	C	100	0	91	0	101	0	111	0	71	18	84	11	110	0
S55	C	G	83	0	110	0	111	0	91	0	81	24	95	8	105	0
S56	C	A	100	0	95	0	106	0	124	0	75	22	69	16	101	0
S57	A	G	112	0	116	0	93	0	100	0	93	18	82	8	104	0
S58	T	A	100	0	105	0	94	0	107	0	94	16	102	8	79	0
S59	G	A	105	0	94	0	90	0	105	0	92	24	80	9	104	0
S60	A	C	89	0	110	0	101	0	84	0	87	24	90	6	100	0
S61	A	G	103	0	121	0	110	0	104	0	92	24	95	12	89	0
