SNVID	Wild	Mut	R2:ref	R2:alt	R3:ref	R3:alt	R4:ref	R4:alt	R6:ref	R6:alt	R1:ref	R1:alt	R5:ref	R5:alt	R7:ref	R7:alt
S1	C	A	70	32	72	30	26	58	48	50	73	26	68	31	65	37
S2	C	G	72	35	95	25	48	49	57	37	72	31	76	34	41	50
S3	A	G	41	38	56	36	47	52	47	45	68	30	68	27	46	46
S4	T	A	55	25	61	31	57	42	53	51	79	37	68	38	49	45
S5	G	T	95	0	105	0	94	0	77	33	96	0	111	0	108	0
S6	C	G	110	0	90	0	90	0	56	32	110	0	114	0	91	0
S7	C	T	90	0	102	0	107	0	78	29	85	0	85	0	97	0
S8	T	A	82	23	83	26	46	45	71	9	84	28	65	30	78	37
S9	A	T	65	34	65	20	58	54	79	3	77	38	75	31	73	44
S10	C	G	67	29	78	23	56	43	84	6	63	23	48	40	63	37
S11	G	C	51	27	56	27	46	54	100	6	61	37	81	22	67	46
S12	T	G	76	27	64	29	60	49	80	8	69	27	77	34	57	36
S13	T	G	94	0	102	0	93	0	107	0	117	0	100	0	67	40
S14	T	G	98	0	103	0	100	0	96	0	98	0	115	0	58	32
S15	C	T	94	0	100	0	109	0	115	0	97	0	104	0	53	34
S16	G	A	75	30	67	28	68	41	82	7	63	33	79	29	101	0
S17	A	T	62	29	66	33	79	29	109	4	89	21	83	31	94	0
S18	T	G	72	38	61	31	42	49	94	5	86	33	66	30	85	0
S19	G	A	72	25	85	26	62	43	105	5	89	27	71	31	112	0
S20	C	T	83	23	44	32	46	45	99	6	83	29	68	27	83	0
S21	C	T	88	24	56	27	59	41	114	6	89	28	81	31	95	0
S22	C	A	56	28	77	23	61	31	74	3	79	33	65	38	95	0
S23	T	G	82	28	82	33	66	38	99	5	49	35	82	31	84	0
S24	G	A	71	25	113	0	120	0	93	0	80	18	89	11	117	0
S25	C	A	72	26	86	0	103	0	106	0	90	23	93	11	90	0
S26	A	T	72	26	105	0	106	0	101	0	97	16	89	13	99	0
S27	G	T	70	15	89	0	83	0	93	0	101	0	97	0	98	0
S28	C	A	77	21	89	0	108	0	88	0	110	0	106	0	112	0
S29	G	T	84	15	92	0	102	0	103	0	97	0	79	0	111	0
S30	A	C	97	19	93	0	95	0	98	0	116	0	92	0	100	0
S31	T	C	94	11	97	0	101	0	96	0	90	0	94	0	87	0
S32	T	C	75	19	103	0	99	0	111	0	109	0	99	0	98	0
S33	C	G	97	12	106	0	92	0	106	0	109	0	108	0	116	0
S34	A	C	95	0	98	0	94	0	88	0	50	28	78	7	100	0
S35	C	T	101	0	101	0	94	0	107	0	92	21	90	12	95	0
S36	G	T	103	0	108	0	119	0	120	0	88	26	99	5	119	0
S37	G	A	98	0	120	0	103	0	105	0	101	17	78	12	99	0
S38	T	A	87	0	121	0	101	0	121	0	76	17	103	8	98	0
