SNVID	Wild	Mut	R2:ref	R2:alt	R3:ref	R3:alt	R4:ref	R4:alt	R6:ref	R6:alt	R1:ref	R1:alt	R5:ref	R5:alt	R7:ref	R7:alt
S1	T	A	89	16	69	33	49	51	51	49	70	29	79	25	58	36
S2	A	T	74	31	58	21	34	55	49	50	73	31	66	30	47	53
S3	C	T	57	36	54	26	63	51	51	43	69	28	58	25	55	38
S4	C	G	72	30	66	28	55	44	49	45	71	31	62	33	68	34
S5	A	G	94	26	76	25	72	43	35	60	55	28	67	35	63	41
S6	A	C	76	21	84	25	46	51	45	55	75	36	53	29	46	45
S7	T	A	62	36	82	29	59	44	56	49	76	24	70	34	53	46
S8	G	A	67	26	50	28	37	51	42	52	65	24	76	27	57	39
S9	A	G	76	28	82	31	61	50	40	48	76	31	65	25	59	41
S10	G	T	90	21	72	30	52	51	40	51	86	30	79	30	62	39
S11	T	G	92	0	95	0	105	0	72	29	88	0	74	0	100	0
S12	G	T	102	0	88	0	127	0	69	28	107	0	101	0	96	0
S13	A	T	97	0	99	0	103	0	68	32	102	0	102	0	86	0
S14	G	A	101	0	98	0	96	0	73	30	93	0	104	0	113	0
S15	G	C	95	0	101	0	100	0	60	33	94	0	95	0	94	0
S16	C	T	87	0	93	0	101	0	63	30	104	0	105	0	92	0
S17	T	C	94	0	95	0	101	0	73	28	93	0	107	0	105	0
S18	A	C	88	24	55	32	54	53	85	11	83	24	88	21	67	34
S19	A	G	70	27	69	23	62	44	93	3	81	29	64	19	70	35
S20	C	G	81	21	63	33	45	51	110	6	75	31	75	28	64	45
S21	A	T	62	34	74	34	47	52	91	7	59	29	66	30	52	37
S22	A	G	83	26	84	30	57	52	102	3	75	21	85	26	56	45
S23	A	G	73	26	63	30	49	47	102	4	75	25	71	27	63	35
S24	A	G	66	38	88	29	61	54	84	5	67	23	56	20	54	42
S25	T	G	54	31	65	32	60	39	103	3	69	31	62	35	62	42
S26	T	G	81	0	95	0	102	0	99	0	103	0	114	0	57	42
S27	A	G	100	0	88	0	102	0	93	0	107	0	86	0	49	36
S28	T	A	81	0	110	0	96	0	122	0	110	0	111	0	44	36
S29	A	G	115	0	95	0	106	0	119	0	82	0	79	0	61	30
S30	T	G	98	0	107	0	122	0	96	0	122	0	104	0	47	29
S31	C	A	101	0	103	0	80	0	99	0	95	0	107	0	40	42
S32	A	G	104	0	89	0	90	0	82	0	97	0	91	0	49	50
S33	C	G	123	0	103	0	100	0	90	0	109	0	92	0	54	37
S34	C	A	89	0	98	0	97	0	108	0	113	0	80	0	87	41
S35	T	G	86	29	57	41	70	36	92	6	67	31	51	38	125	0
S36	C	A	66	37	98	18	51	42	96	4	65	32	69	20	103	0
S37	G	C	57	29	83	32	46	47	94	5	89	22	64	30	104	0
S38	C	T	62	30	82	35	47	39	98	7	75	30	59	35	100	0
S39	T	C	90	23	72	25	73	33	110	4	56	21	72	33	103	0
S40	A	T	62	34	64	38	62	40	90	4	77	25	94	29	94	0
S41	T	A	68	33	82	28	46	35	90	10	70	28	88	24	96	0
S42	C	A	88	11	101	0	99	0	83	0	62	24	104	13	102	0
S43	T	G	77	17	103	0	106	0	97	0	91	17	73	12	84	0
S44	T	G	88	16	105	0	107	0	88	0	91	22	79	6	100	0
S45	G	T	90	12	104	0	98	0	122	0	109	0	92	0	114	0
S46	C	A	84	18	101	0	107	0	94	0	104	0	101	0	114	0
S47	A	C	77	20	96	0	96	0	97	0	91	0	107	0	109	0
S48	A	C	88	17	106	0	89	0	107	0	115	0	103	0	76	0
S49	A	T	61	24	112	0	117	0	104	0	99	0	86	0	89	0
S50	C	T	79	20	107	0	110	0	95	0	106	0	101	0	116	0
S51	T	G	64	19	107	0	90	0	81	0	108	0	111	0	90	0
S52	T	A	75	21	101	0	101	0	105	0	109	0	104	0	85	0
S53	C	A	80	28	102	0	101	0	109	0	97	0	80	0	98	0
S54	G	C	118	0	87	0	101	0	92	0	84	27	111	2	83	0
S55	A	T	104	0	81	0	115	0	95	0	77	14	65	17	103	0
S56	G	A	96	0	101	0	98	0	100	0	98	19	88	12	105	0
S57	C	T	103	0	99	0	97	0	94	0	85	26	89	14	110	0
S58	C	G	110	0	108	0	88	0	104	0	93	14	84	12	88	0
S59	C	G	108	0	103	0	105	0	98	0	87	20	91	10	98	0
S60	A	G	104	0	75	0	98	0	97	0	79	17	87	11	91	0
S61	G	C	117	0	91	0	108	0	88	0	73	28	93	13	99	0
