SNVID	Wild	Mut	R2:ref	R2:alt	R3:ref	R3:alt	R4:ref	R4:alt	R6:ref	R6:alt	R1:ref	R1:alt	R5:ref	R5:alt	R7:ref	R7:alt
S1	A	C	66	38	70	33	29	47	50	46	72	33	74	35	61	42
S2	C	G	59	29	78	27	35	55	59	49	69	32	60	29	56	37
S3	C	G	54	25	65	34	59	43	78	51	97	19	68	39	78	33
S4	T	C	83	0	98	0	103	0	77	34	109	0	98	0	100	0
S5	A	C	99	0	108	0	106	0	59	32	94	0	97	0	99	0
S6	C	A	85	0	100	0	107	0	110	23	102	0	101	0	89	0
S7	C	G	101	18	64	34	52	51	76	7	64	30	81	27	63	43
S8	G	T	65	27	85	26	60	50	89	8	79	37	74	33	69	33
S9	G	A	62	35	73	34	54	51	93	6	78	35	56	27	48	44
S10	T	C	63	38	65	39	47	49	93	5	83	26	87	37	61	35
S11	A	T	78	24	78	36	45	53	106	5	75	23	77	22	51	33
S12	T	C	79	34	50	30	33	50	115	2	59	35	77	23	69	39
S13	A	C	83	22	74	29	60	56	75	5	61	33	59	35	63	36
S14	T	C	65	25	77	30	54	42	83	8	95	24	78	25	75	41
S15	G	A	106	0	100	0	84	0	111	0	93	0	105	0	57	48
S16	A	C	80	0	83	0	104	0	93	0	102	0	89	0	31	46
S17	T	C	97	0	101	0	110	0	110	0	98	0	95	0	82	41
S18	C	G	85	0	116	0	94	0	98	0	110	0	101	0	50	43
S19	T	C	114	0	104	0	101	0	86	0	91	0	113	0	42	33
S20	A	C	58	33	65	36	54	35	87	5	73	36	75	29	117	0
S21	A	T	78	31	70	25	41	31	104	6	54	31	78	38	84	0
S22	A	C	68	32	67	33	54	46	93	4	63	38	72	28	99	0
S23	C	T	74	34	64	31	61	43	86	6	85	28	70	26	104	0
S24	A	G	68	27	74	28	56	32	99	9	73	33	61	31	110	0
S25	A	C	50	35	66	26	63	40	100	3	76	27	73	38	95	0
S26	T	G	65	34	67	28	64	37	89	5	58	27	70	28	113	0
S27	C	A	69	27	74	33	68	35	93	2	74	29	55	31	98	0
S28	A	G	85	18	114	0	106	0	94	0	81	23	103	10	98	0
S29	G	C	81	16	97	0	100	0	99	0	70	19	99	11	85	0
S30	T	C	84	20	104	0	94	0	101	0	69	19	103	8	97	0
S31	T	A	66	21	106	0	107	0	96	0	86	17	77	9	103	0
S32	C	T	66	23	91	0	95	0	110	0	71	23	90	4	101	0
S33	C	T	83	17	105	0	104	0	111	0	81	0	119	0	103	0
S34	C	G	81	18	125	0	111	0	96	0	89	0	116	0	91	0
S35	C	A	73	16	106	0	108	0	108	0	103	0	110	0	103	0
S36	G	C	65	21	103	0	104	0	97	0	102	0	102	0	102	0
S37	C	A	66	15	91	0	86	0	108	0	101	0	93	0	95	0
S38	T	C	75	22	93	0	111	0	93	0	120	0	89	0	109	0
S39	G	T	82	17	121	0	93	0	102	0	93	0	116	0	89	0
S40	A	G	51	29	84	0	111	0	99	0	96	0	98	0	99	0
S41	C	A	105	0	109	0	90	0	103	0	77	22	89	13	97	0
S42	G	C	109	0	87	0	93	0	114	0	65	29	92	8	116	0
S43	T	G	93	0	95	0	91	0	96	0	95	19	102	13	108	0
S44	G	A	95	0	89	0	118	0	111	0	69	21	92	12	88	0
