SNVID	Wild	Mut	R2:ref	R2:alt	R3:ref	R3:alt	R4:ref	R4:alt	R6:ref	R6:alt	R1:ref	R1:alt	R5:ref	R5:alt	R7:ref	R7:alt
S1	C	T	53	33	65	30	57	51	49	53	64	29	78	23	62	33
S2	G	T	73	26	54	31	45	53	60	47	87	29	74	30	40	48
S3	A	G	61	25	94	21	61	46	35	42	70	32	83	22	48	37
S4	T	C	60	26	93	19	46	46	41	66	84	21	75	36	44	47
S5	C	T	99	0	109	0	91	0	69	30	107	0	105	0	103	0
S6	T	A	97	0	91	0	110	0	76	25	98	0	113	0	109	0
S7	T	G	101	0	90	0	102	0	63	35	96	0	86	0	123	0
S8	T	G	99	0	93	0	95	0	34	40	103	0	98	0	108	0
S9	T	G	102	0	113	0	119	0	82	23	94	0	117	0	106	0
S10	A	C	97	0	101	0	110	0	63	36	104	0	97	0	92	0
S11	T	G	103	0	102	0	95	0	78	26	109	0	89	0	96	0
S12	G	T	103	0	104	0	93	0	71	34	92	0	107	0	93	0
S13	C	G	104	0	98	0	110	0	79	26	103	0	112	0	101	0
S14	A	G	90	0	101	0	98	0	71	37	95	0	107	0	86	0
S15	G	A	71	40	44	30	66	47	83	11	69	40	65	30	43	44
S16	G	C	73	26	69	31	44	53	97	6	63	27	88	26	45	47
S17	T	G	81	24	64	35	60	56	84	4	63	31	56	38	53	42
S18	T	G	63	37	73	33	46	53	95	7	71	34	75	28	67	40
S19	G	A	55	36	70	26	70	53	96	3	88	32	56	34	38	39
S20	G	A	102	0	87	0	118	0	108	0	103	0	107	0	61	42
S21	A	G	104	0	110	0	116	0	116	0	98	0	95	0	52	45
S22	A	T	100	0	120	0	102	0	105	0	107	0	81	0	67	47
S23	T	A	89	0	92	0	113	0	98	0	87	0	96	0	43	45
S24	G	A	92	0	117	0	103	0	88	0	113	0	84	0	80	41
S25	C	A	99	0	97	0	98	0	107	0	90	0	103	0	55	42
S26	T	A	78	28	56	35	54	44	96	4	78	22	89	25	94	0
S27	A	C	67	37	85	29	49	40	84	3	57	31	57	27	109	0
S28	C	T	71	40	89	35	64	33	107	6	88	27	61	41	102	0
S29	A	C	75	29	52	29	39	44	103	7	70	33	71	33	95	0
S30	A	T	107	20	88	0	116	0	94	0	75	17	80	10	106	0
S31	G	T	68	25	98	0	94	0	99	0	84	19	87	7	88	0
S32	A	G	81	25	76	0	102	0	114	0	93	16	94	8	123	0
S33	A	C	77	22	97	0	107	0	100	0	83	17	95	6	112	0
S34	G	C	79	29	96	0	104	0	84	0	79	23	102	12	83	0
S35	C	G	86	23	86	0	96	0	127	0	90	22	76	8	100	0
S36	C	A	76	14	109	0	101	0	95	0	79	23	109	8	103	0
S37	G	A	59	23	111	0	93	0	98	0	98	15	75	17	118	0
S38	C	T	83	29	91	0	107	0	110	0	80	22	90	10	107	0
S39	A	T	91	14	99	0	84	0	111	0	77	22	74	10	104	0
S40	T	G	84	18	103	0	100	0	109	0	114	0	97	0	109	0
S41	T	A	84	16	94	0	103	0	99	0	110	0	112	0	87	0
S42	A	G	88	23	119	0	96	0	89	0	102	0	86	0	81	0
S43	A	G	48	30	88	0	89	0	97	0	107	0	125	0	87	0
S44	A	G	67	19	87	0	88	0	93	0	104	0	101	0	108	0
S45	C	G	66	22	117	0	86	0	125	0	92	0	95	0	104	0
S46	A	T	89	0	105	0	93	0	90	0	98	16	78	11	97	0
S47	G	C	105	0	126	0	87	0	97	0	73	19	89	9	103	0
S48	C	G	99	0	108	0	92	0	115	0	73	21	76	12	127	0
S49	G	A	101	0	103	0	85	0	108	0	72	18	81	14	96	0
S50	A	T	93	0	98	0	96	0	101	0	59	21	80	13	70	0
S51	G	C	97	0	84	0	92	0	94	0	72	19	89	10	92	0
S52	A	T	105	0	111	0	83	0	102	0	82	18	90	9	95	0
S53	A	C	91	0	111	0	130	0	100	0	83	22	93	13	94	0
S54	A	T	97	0	91	0	89	0	90	0	81	12	99	11	102	0
