SNVID	Wild	Mut	R2:ref	R2:alt	R3:ref	R3:alt	R4:ref	R4:alt	R6:ref	R6:alt	R1:ref	R1:alt	R5:ref	R5:alt	R7:ref	R7:alt
S1	T	A	67	36	66	29	49	46	24	59	77	23	68	28	67	34
S2	A	G	59	33	59	27	74	49	57	55	63	27	82	26	70	38
S3	C	T	47	29	71	21	36	52	50	52	67	33	70	32	63	42
S4	C	A	60	34	54	41	42	56	52	48	66	35	65	37	79	37
S5	T	A	66	31	64	28	59	54	41	54	65	38	62	37	64	40
S6	T	C	73	21	62	30	45	50	54	52	62	23	61	34	73	37
S7	C	T	47	32	53	37	59	44	34	49	70	24	72	31	68	35
S8	G	T	74	28	87	29	50	49	47	48	71	30	88	30	57	38
S9	C	A	70	26	88	31	39	58	56	40	62	30	77	25	81	36
S10	C	T	85	33	71	34	37	50	64	42	53	31	76	36	46	43
S11	A	C	84	0	95	0	89	0	64	37	92	0	114	0	115	0
S12	G	C	95	0	93	0	97	0	79	20	110	0	89	0	99	0
S13	G	C	95	0	100	0	87	0	72	31	94	0	108	0	104	0
S14	T	C	85	0	98	0	106	0	78	27	91	0	92	0	80	0
S15	T	C	98	0	99	0	102	0	61	37	103	0	100	0	107	0
S16	G	C	103	0	93	0	110	0	86	31	122	0	84	0	89	0
S17	C	T	101	0	104	0	107	0	81	32	106	0	120	0	91	0
S18	T	G	99	0	93	0	112	0	69	32	98	0	102	0	126	0
S19	T	G	94	0	97	0	106	0	74	28	106	0	103	0	91	0
S20	T	A	101	0	110	0	101	0	76	28	88	0	99	0	93	0
S21	A	C	66	34	60	32	51	50	78	6	64	24	78	30	55	46
S22	C	T	106	21	65	33	45	52	109	3	81	26	58	29	74	30
S23	C	G	48	30	73	29	44	47	108	7	63	28	59	36	58	42
S24	G	C	64	30	76	24	51	46	86	6	73	27	56	32	46	37
S25	G	A	80	28	81	24	62	46	93	6	65	35	69	31	42	46
S26	G	T	70	34	75	33	54	44	118	1	69	30	71	33	64	48
S27	T	A	69	23	66	34	44	59	91	2	77	27	55	31	58	40
S28	G	C	76	28	62	30	46	47	111	6	56	30	74	32	62	43
S29	T	G	61	39	76	36	54	44	92	7	63	26	64	34	69	28
S30	A	T	105	0	93	0	94	0	105	0	110	0	100	0	71	34
S31	C	G	94	0	98	0	97	0	94	0	98	0	95	0	77	37
S32	G	A	91	0	102	0	96	0	90	0	100	0	104	0	51	40
S33	A	T	100	0	97	0	92	0	99	0	120	0	112	0	77	38
S34	C	A	103	0	94	0	113	0	97	0	98	0	106	0	61	40
S35	G	A	93	0	109	0	115	0	103	0	107	0	97	0	70	44
S36	A	G	58	32	67	34	75	33	110	1	67	31	50	31	100	0
S37	G	C	60	21	58	28	41	49	109	7	95	22	91	27	84	0
S38	T	G	72	30	69	26	69	36	99	4	86	29	83	31	100	0
S39	C	G	62	35	62	27	67	43	98	6	67	35	58	30	108	0
S40	T	G	68	16	92	0	77	0	105	0	94	21	103	6	103	0
S41	G	T	79	15	100	0	71	0	93	0	82	22	100	6	97	0
S42	A	C	96	18	98	0	106	0	106	0	104	14	90	11	100	0
S43	T	C	107	21	114	0	112	0	110	0	71	9	76	7	105	0
S44	T	G	80	27	105	0	104	0	108	0	79	22	87	7	95	0
S45	T	A	70	21	101	0	105	0	119	0	86	21	82	10	91	0
S46	C	A	82	18	88	0	100	0	111	0	96	0	95	0	95	0
S47	C	G	60	21	109	0	103	0	96	0	90	0	89	0	97	0
S48	C	A	83	19	104	0	111	0	97	0	104	0	77	0	103	0
S49	A	T	72	20	103	0	107	0	101	0	87	0	95	0	101	0
S50	G	T	83	20	91	0	82	0	92	0	92	0	91	0	99	0
S51	G	A	69	23	127	0	106	0	105	0	115	0	93	0	103	0
S52	G	A	91	20	104	0	105	0	83	0	90	0	106	0	82	0
S53	T	C	89	0	107	0	101	0	92	0	59	32	80	12	94	0
S54	G	T	104	0	128	0	77	0	91	0	78	19	92	10	97	0
S55	G	A	97	0	108	0	88	0	109	0	67	25	81	9	113	0
S56	C	T	107	0	113	0	85	0	82	0	76	23	68	14	94	0
S57	G	C	93	0	92	0	106	0	110	0	79	18	96	15	93	0
