SNVID	Wild	Mut	R2:ref	R2:alt	R3:ref	R3:alt	R4:ref	R4:alt	R6:ref	R6:alt	R1:ref	R1:alt	R5:ref	R5:alt	R7:ref	R7:alt
S1	G	A	100	27	60	36	58	43	50	45	83	32	63	35	58	53
S2	C	G	74	28	68	30	43	49	63	43	67	31	80	33	61	39
S3	G	A	82	26	54	32	33	51	56	46	50	29	65	37	46	43
S4	C	A	66	35	77	31	48	47	36	49	75	31	86	31	57	44
S5	G	C	50	36	71	26	28	58	69	53	81	24	83	24	72	35
S6	C	G	63	33	73	32	48	46	53	44	72	29	77	27	45	39
S7	G	C	64	24	90	30	63	41	48	54	96	31	88	24	79	36
S8	A	C	99	0	91	0	110	0	73	20	100	0	111	0	86	0
S9	C	T	100	0	85	0	118	0	73	27	87	0	125	0	112	0
S10	G	A	78	0	109	0	124	0	59	25	85	0	113	0	106	0
S11	A	G	102	0	104	0	103	0	69	28	107	0	89	0	108	0
S12	A	T	120	0	123	0	99	0	58	34	88	0	96	0	98	0
S13	G	C	112	0	91	0	90	0	66	29	93	0	89	0	91	0
S14	T	G	98	0	88	0	99	0	75	28	87	0	116	0	113	0
S15	A	G	76	29	71	32	43	51	108	5	78	30	81	32	67	40
S16	C	A	77	32	63	35	65	47	88	7	85	28	78	32	62	40
S17	G	T	61	30	74	25	59	50	103	6	53	29	59	36	66	38
S18	A	T	55	30	57	36	54	50	88	6	85	20	62	35	61	39
S19	T	C	65	28	78	33	32	42	98	5	62	34	75	31	70	40
S20	G	C	58	32	85	34	59	44	98	7	59	27	70	34	45	40
S21	T	C	65	32	82	20	47	58	105	5	83	23	83	25	74	37
S22	A	T	64	21	69	37	75	35	85	4	73	32	69	28	61	39
S23	C	T	68	40	79	31	35	52	97	9	64	29	82	28	75	37
S24	T	A	76	27	78	37	53	44	102	4	61	40	88	29	70	34
S25	T	G	93	0	103	0	123	0	84	0	90	0	107	0	46	43
S26	A	T	110	0	115	0	93	0	115	0	105	0	103	0	53	46
S27	G	A	90	0	114	0	105	0	116	0	94	0	85	0	69	38
S28	A	C	100	0	95	0	115	0	100	0	94	0	107	0	59	41
S29	C	A	116	0	90	0	82	0	94	0	88	0	69	0	67	37
S30	A	T	92	0	99	0	110	0	110	0	119	0	108	0	68	31
S31	C	T	93	0	96	0	126	0	96	0	104	0	104	0	56	43
S32	A	T	69	36	76	32	69	41	99	6	71	29	61	31	95	0
S33	C	T	82	30	47	37	51	40	116	4	73	26	79	29	100	0
S34	C	A	71	28	64	35	61	36	94	3	71	29	57	34	106	0
S35	C	A	70	37	68	37	59	45	91	2	62	27	62	26	104	0
S36	C	G	86	17	116	0	99	0	124	0	101	11	86	11	82	0
S37	T	G	76	16	123	0	96	0	113	0	77	22	86	8	111	0
S38	T	C	86	19	98	0	111	0	100	0	85	19	62	7	92	0
S39	G	A	69	21	96	0	104	0	85	0	64	25	98	10	94	0
S40	A	T	71	21	101	0	93	0	81	0	67	31	85	11	95	0
S41	C	T	81	23	108	0	113	0	95	0	70	20	80	9	98	0
S42	A	C	77	23	105	0	108	0	94	0	70	26	99	10	89	0
S43	C	A	92	15	104	0	100	0	101	0	81	17	106	10	121	0
S44	A	C	78	23	106	0	98	0	108	0	87	19	94	6	103	0
S45	G	A	90	12	93	0	111	0	108	0	67	30	86	11	113	0
S46	A	C	66	17	101	0	89	0	109	0	94	0	81	0	106	0
S47	C	G	75	18	98	0	93	0	98	0	95	0	100	0	86	0
S48	T	G	71	20	111	0	89	0	100	0	101	0	75	0	107	0
S49	C	A	70	24	91	0	88	0	106	0	89	0	105	0	99	0
S50	G	C	86	11	91	0	98	0	121	0	92	0	109	0	120	0
S51	T	A	79	16	100	0	105	0	94	0	114	0	98	0	98	0
S52	G	A	82	16	99	0	109	0	112	0	118	0	98	0	82	0
S53	C	G	83	20	90	0	125	0	111	0	106	0	107	0	96	0
S54	A	T	87	21	130	0	92	0	85	0	95	0	99	0	91	0
S55	T	A	102	0	96	0	113	0	101	0	84	21	96	14	106	0
S56	G	T	101	0	100	0	102	0	113	0	84	18	99	7	99	0
S57	C	T	98	0	96	0	111	0	107	0	110	13	87	10	103	0
