SNVID	Wild	Mut	R2:ref	R2:alt	R3:ref	R3:alt	R4:ref	R4:alt	R6:ref	R6:alt	R1:ref	R1:alt	R5:ref	R5:alt	R7:ref	R7:alt
S1	G	T	55	37	73	26	37	50	34	56	80	34	80	30	64	37
S2	G	C	79	25	52	38	53	51	70	37	59	35	46	32	55	45
S3	T	C	71	27	91	39	46	44	43	47	71	34	61	30	57	45
S4	A	T	88	0	90	0	89	0	74	35	107	0	98	0	96	0
S5	A	T	92	0	93	0	88	0	62	35	105	0	97	0	101	0
S6	A	G	77	0	115	0	86	0	82	26	105	0	120	0	102	0
S7	C	A	85	0	84	0	83	0	69	24	108	0	75	0	103	0
S8	C	T	104	0	113	0	90	0	77	27	96	0	101	0	93	0
S9	A	G	87	0	94	0	109	0	73	25	101	0	92	0	111	0
S10	T	G	97	0	96	0	105	0	71	27	99	0	78	0	99	0
S11	T	A	94	0	102	0	107	0	91	24	94	0	100	0	106	0
S12	A	C	122	0	91	0	87	0	56	34	108	0	93	0	92	0
S13	T	C	61	33	82	23	58	51	96	3	76	30	69	27	69	33
S14	C	A	68	31	73	31	28	61	99	4	72	30	70	32	72	44
S15	C	A	54	35	88	26	40	49	94	2	53	28	68	31	46	54
S16	C	G	76	33	58	31	42	50	116	4	73	27	75	27	53	43
S17	T	A	103	0	90	0	99	0	120	0	117	0	99	0	55	43
S18	C	A	87	0	101	0	110	0	98	0	99	0	92	0	61	42
S19	C	T	105	0	81	0	103	0	91	0	103	0	102	0	70	39
S20	T	A	116	0	95	0	104	0	99	0	104	0	101	0	61	38
S21	T	C	124	0	84	0	102	0	101	0	97	0	99	0	57	39
S22	T	G	97	0	96	0	113	0	81	0	97	0	115	0	52	34
S23	C	T	64	28	65	24	56	27	84	4	79	25	58	39	84	0
S24	C	A	68	36	74	24	54	50	101	3	58	30	51	31	86	0
S25	T	G	69	32	50	32	75	33	90	8	83	27	90	28	95	0
S26	A	T	74	32	56	32	41	45	98	7	69	36	81	26	81	0
S27	T	C	78	22	102	0	116	0	111	0	89	20	106	11	112	0
S28	A	C	69	23	90	0	120	0	100	0	96	18	85	9	114	0
S29	A	G	75	15	106	0	98	0	81	0	90	21	123	4	89	0
S30	T	A	81	18	82	0	93	0	89	0	78	25	98	8	109	0
S31	G	A	80	13	105	0	113	0	111	0	71	18	80	14	119	0
S32	A	T	57	27	84	0	99	0	86	0	72	21	87	12	112	0
S33	C	A	94	21	103	0	94	0	112	0	79	19	82	7	98	0
S34	T	A	84	17	108	0	108	0	95	0	104	0	89	0	118	0
S35	T	G	90	22	111	0	80	0	87	0	109	0	95	0	83	0
S36	C	G	84	23	101	0	112	0	99	0	93	0	107	0	107	0
S37	A	C	83	14	107	0	111	0	97	0	111	0	91	0	102	0
S38	C	A	79	20	86	0	99	0	94	0	95	0	105	0	105	0
S39	C	A	68	22	98	0	107	0	106	0	98	0	111	0	100	0
S40	C	A	81	22	88	0	101	0	113	0	88	0	88	0	107	0
S41	A	C	82	28	91	0	88	0	91	0	96	0	120	0	97	0
S42	G	A	74	19	84	0	90	0	82	0	93	0	112	0	101	0
S43	C	T	84	18	95	0	95	0	83	0	106	0	105	0	103	0
S44	G	T	103	0	112	0	85	0	100	0	105	17	88	11	101	0
S45	A	G	85	0	91	0	101	0	84	0	64	17	88	6	108	0
S46	C	G	106	0	88	0	120	0	116	0	67	20	77	15	94	0
S47	T	A	102	0	96	0	92	0	114	0	77	23	80	11	102	0
S48	A	C	88	0	98	0	103	0	111	0	78	18	78	14	102	0
S49	A	G	107	0	86	0	100	0	110	0	85	16	76	8	115	0
S50	T	C	87	0	109	0	102	0	93	0	85	19	74	12	100	0
