SNVID	Wild	Mut	R2:ref	R2:alt	R3:ref	R3:alt	R4:ref	R4:alt	R6:ref	R6:alt	R1:ref	R1:alt	R5:ref	R5:alt	R7:ref	R7:alt
S1	G	C	77	30	59	25	48	52	33	57	74	28	58	29	77	33
S2	C	G	93	18	70	29	58	52	38	50	96	28	94	24	34	42
S3	A	G	74	29	67	35	58	56	56	55	82	27	69	38	52	39
S4	A	T	74	27	76	29	60	41	70	52	66	26	58	32	51	42
S5	A	C	64	30	80	35	43	48	33	61	81	27	54	34	50	43
S6	C	A	78	32	65	28	62	43	38	53	81	30	89	26	70	34
S7	T	A	64	38	72	28	49	52	58	55	76	25	81	24	74	41
S8	G	A	105	0	97	0	94	0	93	31	111	0	86	0	94	0
S9	C	T	91	0	93	0	93	0	69	34	88	0	91	0	100	0
S10	G	T	100	0	111	0	81	0	62	30	88	0	86	0	85	0
S11	G	C	107	0	89	0	86	0	56	34	102	0	94	0	113	0
S12	C	T	96	0	91	0	107	0	84	28	105	0	113	0	85	0
S13	A	G	76	30	69	30	32	63	97	3	115	22	63	28	48	50
S14	A	C	63	28	79	29	47	53	93	4	52	37	93	18	63	54
S15	A	G	78	32	54	32	41	53	92	2	63	31	75	32	54	48
S16	G	A	63	31	63	38	54	47	93	3	49	37	49	29	56	54
S17	A	G	61	33	66	30	55	55	110	3	58	34	77	35	60	36
S18	A	G	111	0	103	0	109	0	112	0	94	0	98	0	72	41
S19	C	G	96	0	105	0	87	0	107	0	98	0	103	0	51	41
S20	T	A	100	0	108	0	95	0	100	0	110	0	93	0	76	37
S21	C	G	103	0	86	0	99	0	94	0	79	0	83	0	63	45
S22	A	C	98	0	102	0	90	0	90	0	80	0	98	0	63	37
S23	G	T	101	0	104	0	108	0	104	0	95	0	122	0	61	39
S24	A	C	108	0	88	0	107	0	94	0	90	0	96	0	51	42
S25	C	T	103	0	94	0	117	0	97	0	101	0	103	0	71	42
S26	A	T	58	31	62	36	79	29	82	7	70	33	77	22	91	0
S27	T	G	75	33	87	33	73	39	98	2	55	32	64	35	103	0
S28	A	T	78	33	74	26	72	33	96	9	64	29	72	39	107	0
S29	C	A	62	33	66	24	49	43	90	5	85	29	65	31	119	0
S30	T	C	78	23	69	29	69	41	108	5	65	31	76	29	129	0
S31	C	T	74	30	84	25	56	32	87	5	62	30	63	23	113	0
S32	G	T	87	25	68	25	40	50	89	3	78	29	56	37	84	0
S33	A	C	57	40	65	32	72	35	100	8	63	32	73	30	105	0
S34	A	T	69	32	64	39	46	47	105	5	81	26	54	33	98	0
S35	C	A	68	28	79	29	63	36	82	3	68	33	73	31	92	0
S36	A	T	65	23	92	0	94	0	92	0	87	21	81	7	92	0
S37	C	A	90	18	113	0	81	0	90	0	95	14	89	12	93	0
S38	A	G	79	21	100	0	105	0	98	0	92	20	81	12	104	0
S39	T	A	67	21	110	0	88	0	107	0	74	17	82	4	83	0
S40	C	G	95	16	109	0	96	0	115	0	74	24	75	10	104	0
S41	T	C	88	13	89	0	91	0	86	0	72	24	101	8	103	0
S42	C	T	76	27	112	0	103	0	117	0	90	0	97	0	120	0
S43	T	G	95	16	103	0	98	0	101	0	106	0	120	0	97	0
S44	T	A	81	15	110	0	94	0	81	0	111	0	97	0	87	0
S45	T	G	86	22	111	0	89	0	93	0	109	0	90	0	110	0
S46	C	G	72	15	112	0	100	0	99	0	106	0	113	0	98	0
S47	T	G	93	22	98	0	113	0	97	0	96	0	91	0	100	0
S48	G	A	75	17	95	0	105	0	109	0	112	0	98	0	104	0
S49	T	C	78	23	101	0	95	0	97	0	98	0	123	0	93	0
S50	C	A	51	28	101	0	109	0	92	0	99	0	96	0	109	0
S51	C	G	93	20	104	0	73	0	106	0	103	0	109	0	88	0
S52	C	T	110	0	99	0	96	0	100	0	76	18	84	13	96	0
S53	G	C	95	0	94	0	89	0	98	0	89	22	70	10	106	0
S54	C	A	105	0	83	0	99	0	108	0	76	19	98	10	105	0
S55	T	C	76	0	107	0	113	0	85	0	82	18	98	10	94	0
S56	C	T	101	0	88	0	100	0	106	0	78	16	99	7	92	0
S57	A	G	115	0	90	0	101	0	111	0	85	18	83	12	114	0
S58	A	G	104	0	93	0	94	0	91	0	83	16	90	10	111	0
S59	G	A	108	0	89	0	106	0	93	0	83	14	100	9	116	0
