SNVID	Wild	Mut	R2:ref	R2:alt	R3:ref	R3:alt	R4:ref	R4:alt	R6:ref	R6:alt	R1:ref	R1:alt	R5:ref	R5:alt	R7:ref	R7:alt
S1	T	A	67	30	68	27	63	50	42	55	82	32	70	30	53	42
S2	G	C	54	32	74	24	45	54	56	52	74	31	67	28	33	48
S3	T	G	77	32	59	24	40	48	38	50	80	28	85	29	43	45
S4	C	A	66	31	69	29	39	50	40	49	73	24	67	25	51	34
S5	G	T	98	0	98	0	92	0	56	34	110	0	109	0	95	0
S6	A	G	103	0	101	0	101	0	77	25	92	0	98	0	97	0
S7	C	A	96	0	92	0	109	0	64	28	111	0	102	0	102	0
S8	G	A	63	34	78	26	51	49	113	5	88	32	63	28	58	40
S9	G	T	89	26	55	35	60	53	84	5	66	29	71	22	56	42
S10	T	A	77	17	69	26	40	41	91	9	70	27	64	32	47	43
S11	C	G	60	29	70	36	37	53	114	3	75	21	60	41	56	42
S12	T	C	59	28	67	34	50	50	89	6	63	33	84	25	63	44
S13	A	C	77	28	77	24	53	53	96	5	67	33	67	25	71	42
S14	C	T	54	34	69	20	31	58	97	1	78	27	76	28	58	38
S15	G	A	109	0	108	0	118	0	107	0	95	0	97	0	52	44
S16	C	T	103	0	99	0	94	0	92	0	110	0	95	0	53	34
S17	C	A	89	0	100	0	88	0	73	0	105	0	97	0	62	41
S18	C	T	89	0	118	0	106	0	108	0	97	0	96	0	55	41
S19	T	A	83	0	111	0	89	0	90	0	99	0	105	0	69	32
S20	A	G	127	0	107	0	104	0	90	0	81	0	77	0	73	41
S21	A	C	56	37	65	30	78	34	102	8	82	32	76	31	90	0
S22	A	C	75	29	84	20	58	44	80	7	76	25	71	28	97	0
S23	A	T	79	24	83	29	59	41	93	7	68	35	77	27	107	0
S24	G	T	79	30	76	38	70	36	109	5	72	34	64	27	89	0
S25	G	C	68	35	64	34	83	43	104	5	87	31	76	32	91	0
S26	T	A	80	23	65	25	67	35	90	2	62	30	60	31	96	0
S27	C	A	74	26	66	33	46	46	88	9	48	30	73	35	101	0
S28	T	A	70	27	62	31	60	43	99	4	60	28	60	32	88	0
S29	A	C	92	26	87	21	65	43	100	6	59	37	61	34	106	0
S30	G	C	71	28	63	26	25	43	105	4	77	29	79	32	114	0
S31	T	G	90	18	100	0	110	0	111	0	91	17	108	5	112	0
S32	C	A	90	13	112	0	101	0	90	0	59	29	74	8	83	0
S33	C	G	86	19	98	0	95	0	108	0	81	19	100	4	102	0
S34	T	C	65	25	88	0	103	0	107	0	65	19	90	9	92	0
S35	G	T	75	20	111	0	110	0	95	0	100	17	91	12	93	0
S36	T	A	91	22	100	0	85	0	98	0	93	0	87	0	97	0
S37	A	T	66	20	96	0	101	0	86	0	98	0	89	0	101	0
S38	A	G	71	26	102	0	129	0	111	0	109	0	102	0	96	0
S39	G	T	85	21	114	0	103	0	97	0	113	0	94	0	111	0
S40	C	G	77	20	98	0	108	0	114	0	95	0	100	0	86	0
S41	T	A	95	19	120	0	110	0	105	0	96	0	103	0	89	0
S42	G	A	82	15	86	0	97	0	109	0	98	0	101	0	94	0
S43	G	T	110	0	110	0	101	0	108	0	92	19	104	10	108	0
S44	G	T	97	0	85	0	97	0	100	0	83	18	81	15	95	0
S45	C	T	98	0	96	0	102	0	94	0	59	21	104	13	98	0
S46	G	T	85	0	97	0	113	0	75	0	67	19	78	12	100	0
S47	C	A	104	0	99	0	104	0	96	0	73	24	86	14	117	0
S48	A	T	82	0	96	0	99	0	83	0	73	27	95	8	111	0
S49	G	A	112	0	105	0	97	0	88	0	62	19	80	10	98	0
S50	A	G	93	0	93	0	106	0	104	0	90	24	84	5	97	0
S51	C	A	85	0	106	0	114	0	88	0	83	20	89	11	112	0
