SNVID	Wild	Mut	R2:ref	R2:alt	R3:ref	R3:alt	R4:ref	R4:alt	R6:ref	R6:alt	R1:ref	R1:alt	R5:ref	R5:alt	R7:ref	R7:alt
S1	T	G	97	24	56	33	47	53	53	58	70	37	101	27	52	39
S2	T	A	60	37	76	31	61	53	64	54	52	32	67	30	48	39
S3	A	G	69	28	76	26	38	51	51	48	70	27	89	21	48	30
S4	T	C	72	30	73	25	36	58	33	65	48	38	87	24	33	47
S5	T	G	79	31	71	30	58	52	39	54	69	29	71	31	64	43
S6	A	T	72	31	66	35	48	52	49	45	70	32	78	28	38	49
S7	C	G	105	0	100	0	79	0	67	29	90	0	110	0	100	0
S8	G	A	100	0	104	0	99	0	61	42	101	0	94	0	102	0
S9	C	T	82	0	72	0	82	0	82	26	113	0	102	0	107	0
S10	T	A	90	0	103	0	80	0	68	35	103	0	105	0	93	0
S11	T	C	111	0	110	0	102	0	84	31	92	0	112	0	89	0
S12	G	T	103	0	111	0	99	0	69	29	99	0	107	0	88	0
S13	C	A	92	0	98	0	102	0	80	27	110	0	110	0	106	0
S14	A	G	88	0	83	0	106	0	61	34	100	0	104	0	108	0
S15	G	C	94	0	75	0	88	0	70	27	119	0	117	0	81	0
S16	G	T	103	0	95	0	90	0	69	25	94	0	117	0	104	0
S17	G	T	72	33	71	31	40	52	92	6	65	30	61	35	73	34
S18	G	T	62	30	47	30	53	51	95	8	63	24	63	29	44	46
S19	A	T	72	28	78	29	27	53	94	5	91	27	66	32	57	48
S20	G	T	73	35	78	30	28	52	111	4	82	28	76	37	53	42
S21	T	G	63	36	107	29	33	60	104	1	58	32	77	28	43	48
S22	A	C	83	26	83	19	46	50	93	4	93	30	82	29	63	40
S23	A	G	71	25	86	27	59	44	98	5	58	34	80	30	60	41
S24	G	C	110	0	105	0	105	0	94	0	109	0	107	0	51	41
S25	T	A	114	0	101	0	96	0	97	0	122	0	102	0	72	42
S26	A	G	97	0	101	0	118	0	106	0	94	0	99	0	77	32
S27	G	T	113	0	89	0	110	0	93	0	86	0	108	0	52	42
S28	G	T	118	0	93	0	87	0	88	0	92	0	96	0	42	39
S29	A	T	114	0	107	0	116	0	87	0	97	0	105	0	62	42
S30	A	C	98	0	104	0	109	0	105	0	104	0	93	0	57	43
S31	T	A	70	28	73	26	56	38	96	8	48	36	51	38	96	0
S32	C	A	68	40	59	31	67	29	105	5	65	29	73	27	93	0
S33	A	C	75	33	60	39	63	42	103	1	61	26	56	27	114	0
S34	G	A	80	23	52	27	60	39	79	4	71	29	63	30	99	0
S35	T	A	60	31	68	38	61	44	104	2	96	39	95	25	93	0
S36	G	A	70	35	64	26	71	34	98	2	59	22	73	30	88	0
S37	A	T	56	36	77	24	70	29	82	1	65	33	68	24	83	0
S38	G	T	100	18	97	0	97	0	95	0	84	23	101	5	102	0
S39	T	C	92	18	97	0	107	0	107	0	60	30	80	10	100	0
S40	C	A	75	18	91	0	97	0	125	0	88	15	85	4	118	0
S41	A	C	75	23	100	0	108	0	102	0	113	0	81	0	87	0
S42	T	A	75	24	95	0	96	0	91	0	98	0	79	0	89	0
S43	T	G	104	18	108	0	109	0	128	0	95	0	102	0	117	0
S44	T	A	89	14	98	0	109	0	89	0	108	0	109	0	106	0
S45	G	C	78	23	104	0	88	0	91	0	98	0	108	0	105	0
S46	T	A	98	15	94	0	87	0	99	0	105	0	104	0	95	0
S47	C	G	76	23	94	0	84	0	96	0	93	0	107	0	111	0
S48	G	T	77	18	103	0	109	0	112	0	89	0	111	0	122	0
S49	C	T	101	0	90	0	89	0	87	0	90	16	84	10	111	0
S50	T	G	105	0	107	0	101	0	108	0	100	14	93	9	125	0
S51	C	T	100	0	101	0	88	0	106	0	78	25	84	8	111	0
S52	C	G	108	0	108	0	109	0	74	0	91	16	106	9	89	0
S53	C	G	91	0	106	0	115	0	79	0	83	20	92	9	95	0
S54	A	G	100	0	99	0	121	0	115	0	59	21	96	10	104	0
S55	A	G	105	0	76	0	122	0	95	0	86	28	86	12	118	0
S56	C	T	120	0	106	0	89	0	94	0	87	19	83	9	97	0
S57	T	A	120	0	106	0	89	0	102	0	65	21	99	9	87	0
