SNVID	Wild	Mut	R2:ref	R2:alt	R3:ref	R3:alt	R4:ref	R4:alt	R6:ref	R6:alt	R1:ref	R1:alt	R5:ref	R5:alt	R7:ref	R7:alt
S1	G	C	68	30	75	35	62	45	32	51	69	27	65	38	58	43
S2	A	C	71	32	56	30	34	56	36	58	75	33	78	23	58	37
S3	G	C	97	34	59	30	59	50	62	52	72	26	54	36	57	44
S4	G	C	85	29	88	31	39	58	48	45	82	27	71	32	61	49
S5	A	C	68	38	66	34	43	48	36	51	87	33	70	31	61	46
S6	T	C	101	0	101	0	95	0	55	34	106	0	90	0	98	0
S7	G	C	88	0	113	0	120	0	70	27	103	0	90	0	94	0
S8	T	G	94	0	105	0	100	0	71	29	105	0	110	0	104	0
S9	G	C	98	0	95	0	106	0	54	40	107	0	91	0	107	0
S10	G	T	99	0	104	0	97	0	77	34	107	0	114	0	88	0
S11	T	C	109	0	103	0	104	0	52	30	96	0	109	0	109	0
S12	C	A	87	0	101	0	103	0	76	26	98	0	100	0	88	0
S13	C	G	75	24	77	27	49	46	88	6	77	36	83	23	59	33
S14	A	G	70	28	77	29	63	42	84	8	73	21	71	27	27	54
S15	C	T	69	29	92	21	40	52	93	4	75	29	80	31	64	36
S16	G	C	80	18	76	32	69	41	97	3	66	35	51	32	53	48
S17	A	G	60	33	73	34	69	46	100	8	49	29	64	33	60	41
S18	A	T	49	36	70	29	63	43	98	4	70	25	60	32	64	41
S19	T	G	67	27	71	25	51	48	79	5	75	28	50	34	70	44
S20	T	A	120	0	85	0	105	0	95	0	101	0	88	0	68	39
S21	A	G	93	0	109	0	119	0	105	0	92	0	107	0	63	31
S22	A	T	89	0	89	0	105	0	104	0	115	0	93	0	34	48
S23	G	T	87	0	109	0	95	0	100	0	98	0	104	0	65	32
S24	T	G	95	0	86	0	97	0	100	0	100	0	89	0	67	36
S25	A	C	60	26	80	26	58	46	110	2	61	27	67	36	102	0
S26	C	G	68	22	63	31	55	30	108	3	91	25	66	31	98	0
S27	T	G	75	23	55	27	71	43	84	6	76	25	70	31	86	0
S28	T	C	60	28	73	28	59	38	97	3	74	26	90	28	96	0
S29	T	A	75	30	92	32	41	49	80	6	69	31	82	28	84	0
S30	A	C	59	37	80	26	49	43	85	5	76	28	89	30	96	0
S31	G	T	73	30	75	25	56	49	125	7	56	33	40	35	87	0
S32	A	T	80	19	100	0	96	0	113	0	82	20	85	10	94	0
S33	G	A	69	20	115	0	83	0	103	0	68	22	86	7	88	0
S34	C	G	69	24	109	0	96	0	97	0	84	23	88	4	118	0
S35	C	T	102	19	106	0	101	0	106	0	84	22	91	11	93	0
S36	T	G	70	31	95	0	93	0	103	0	84	18	100	4	99	0
S37	G	T	80	14	96	0	101	0	108	0	88	16	84	9	104	0
S38	G	T	89	18	105	0	90	0	106	0	104	0	116	0	91	0
S39	A	C	75	14	111	0	106	0	111	0	91	0	116	0	100	0
S40	A	T	89	16	111	0	101	0	101	0	98	0	101	0	89	0
S41	G	T	75	25	95	0	95	0	100	0	96	0	106	0	93	0
S42	G	T	82	18	100	0	96	0	83	0	105	0	108	0	114	0
S43	A	G	78	19	113	0	119	0	112	0	98	0	98	0	100	0
S44	T	C	76	19	97	0	86	0	92	0	120	0	112	0	94	0
S45	A	G	79	23	112	0	99	0	110	0	82	0	96	0	89	0
S46	C	G	80	18	89	0	91	0	103	0	101	0	85	0	110	0
S47	G	T	83	18	102	0	114	0	110	0	99	0	107	0	115	0
S48	C	T	88	0	97	0	88	0	75	0	99	25	96	10	120	0
S49	G	T	106	0	88	0	109	0	91	0	84	15	108	11	103	0
S50	A	G	100	0	101	0	109	0	103	0	84	18	101	9	100	0
S51	T	G	94	0	104	0	90	0	117	0	68	18	89	9	99	0
S52	T	G	98	0	98	0	108	0	99	0	74	25	75	6	93	0
S53	A	G	96	0	88	0	93	0	101	0	70	21	91	5	90	0
S54	A	C	97	0	97	0	98	0	83	0	80	25	105	6	91	0
S55	G	A	109	0	103	0	101	0	107	0	62	19	92	12	92	0
S56	G	T	102	0	72	0	102	0	94	0	87	18	89	11	102	0
S57	T	G	131	0	102	0	84	0	107	0	78	25	101	10	102	0
