SNVID	Wild	Mut	R2:ref	R2:alt	R3:ref	R3:alt	R4:ref	R4:alt	R6:ref	R6:alt	R1:ref	R1:alt	R5:ref	R5:alt	R7:ref	R7:alt	
S1	T	A	70	30	70	30	50	50	50	50	70	30	70	30	60	40
S2	C	A	70	30	70	30	50	50	50	50	70	30	70	30	60	40
S3	A	T	70	30	70	30	50	50	50	50	70	30	70	30	60	40
S4	A	T	70	30	70	30	50	50	50	50	70	30	70	30	60	40
S5	C	T	70	30	70	30	50	50	50	50	70	30	70	30	60	40
S6	T	C	70	30	70	30	50	50	50	50	70	30	70	30	60	40
S7	A	G	70	30	70	30	50	50	50	50	70	30	70	30	60	40
S8	C	T	70	30	70	30	50	50	50	50	70	30	70	30	60	40
S9	T	G	100	0	100	0	100	0	70	30	100	0	100	0	100	0
S10	A	G	100	0	100	0	100	0	70	30	100	0	100	0	100	0
S11	A	C	100	0	100	0	100	0	70	30	100	0	100	0	100	0
S12	T	A	100	0	100	0	100	0	70	30	100	0	100	0	100	0
S13	C	G	100	0	100	0	100	0	70	30	100	0	100	0	100	0
S14	C	T	100	0	100	0	100	0	70	30	100	0	100	0	100	0
S15	A	G	100	0	100	0	100	0	70	30	100	0	100	0	100	0
S16	C	A	100	0	100	0	100	0	70	30	100	0	100	0	100	0
S17	C	T	70	30	70	30	50	50	95	5	70	30	70	30	60	40
S18	T	G	70	30	70	30	50	50	95	5	70	30	70	30	60	40
S19	G	A	70	30	70	30	50	50	95	5	70	30	70	30	60	40
S20	G	A	70	30	70	30	50	50	95	5	70	30	70	30	60	40
S21	G	C	100	0	100	0	100	0	100	0	100	0	100	0	60	40
S22	G	T	100	0	100	0	100	0	100	0	100	0	100	0	60	40
S23	A	C	100	0	100	0	100	0	100	0	100	0	100	0	60	40
S24	G	C	100	0	100	0	100	0	100	0	100	0	100	0	60	40
S25	A	T	70	30	70	30	60	40	95	5	70	30	70	30	100	0
S26	A	T	70	30	70	30	60	40	95	5	70	30	70	30	100	0
S27	G	A	70	30	70	30	60	40	95	5	70	30	70	30	100	0
S28	A	T	70	30	70	30	60	40	95	5	70	30	70	30	100	0
S29	G	C	70	30	70	30	60	40	95	5	70	30	70	30	100	0
S30	G	T	70	30	70	30	60	40	95	5	70	30	70	30	100	0
S31	G	A	70	30	70	30	60	40	95	5	70	30	70	30	100	0
S32	T	C	70	30	70	30	60	40	95	5	70	30	70	30	100	0
S33	A	T	70	30	70	30	60	40	95	5	70	30	70	30	100	0
S34	T	G	70	30	70	30	60	40	95	5	70	30	70	30	100	0
S35	C	A	80	20	100	0	100	0	100	0	80	20	90	10	100	0
S36	A	C	80	20	100	0	100	0	100	0	80	20	90	10	100	0
S37	G	T	80	20	100	0	100	0	100	0	80	20	90	10	100	0
S38	A	C	80	20	100	0	100	0	100	0	80	20	90	10	100	0
S39	C	A	80	20	100	0	100	0	100	0	80	20	90	10	100	0
S40	C	T	80	20	100	0	100	0	100	0	80	20	90	10	100	0
S41	C	G	80	20	100	0	100	0	100	0	80	20	90	10	100	0
S42	G	T	80	20	100	0	100	0	100	0	100	0	100	0	100	0
S43	G	T	80	20	100	0	100	0	100	0	100	0	100	0	100	0
S44	A	T	80	20	100	0	100	0	100	0	100	0	100	0	100	0
S45	T	A	80	20	100	0	100	0	100	0	100	0	100	0	100	0
S46	C	T	80	20	100	0	100	0	100	0	100	0	100	0	100	0
S47	T	C	80	20	100	0	100	0	100	0	100	0	100	0	100	0
S48	G	A	100	0	100	0	100	0	100	0	80	20	90	10	100	0
S49	C	T	100	0	100	0	100	0	100	0	80	20	90	10	100	0
S50	T	G	100	0	100	0	100	0	100	0	80	20	90	10	100	0
S51	G	T	100	0	100	0	100	0	100	0	80	20	90	10	100	0
S52	A	C	100	0	100	0	100	0	100	0	80	20	90	10	100	0
