Tumor	Clo16	Clo17	Clo11	Clo20	Clo12	Clo39	Clo22	Clo35	Clo29	Clo37	Clo14	Clo32	Clo19	Clo27	Clo7	Clo24	Clo33	Clo9	Clo31	Clo26
M1	0	0	0	0	0	0	0	0	0	0	0	1.0	0	0	0	0	0	0	0	0
M2	0	0	0	0	0	0	0	0	0.17	0	0	0	0	0.11	0	0	0	0	0.73	0
M3	0	0	0	0	0	0	0	0	0	0	0	0	0	0	0	0.59	0	0	0	0.41
M4	0	0	0	0.2	0	0	0.8	0	0	0	0	0	0	0	0	0	0	0	0	0
M5	0	0.48	0	0	0	0	0	0	0	0	0	0	0.52	0	0	0	0	0	0	0
M6	0.68	0	0	0	0.14	0	0	0	0	0	0.18	0	0	0	0	0	0	0	0	0
M7	0	0	0.52	0	0	0	0	0	0	0	0	0	0	0	0.12	0	0	0.36	0	0
PSec1	0	0	0	0	0	0.23	0	0.34	0	0	0	0	0	0	0	0	0.43	0	0	0
PSec2	0	0	0	0	0	0.15	0	0	0	0.64	0	0	0	0	0	0	0.22	0	0	0
