Tumor	Clo17	Clo14	Clo15	Clo27	Clo13	Clo10	Clo11	Clo34	Clo22	Clo28	Clo30	Clo32	Clo18	Clo7	Clo20	Clo24	Clo25	Clo8
M1	0	0	0	0.27	0	0	0	0	0	0	0	0	0	0	0	0	0.73	0
M2	0	0	0	0	0	0	0	0	0.39	0	0	0	0.4	0	0.11	0.11	0	0
M3	0.79	0	0.21	0	0	0	0	0	0	0	0	0	0	0	0	0	0	0
M4	0	1.0	0	0	0	0	0	0	0	0	0	0	0	0	0	0	0	0
M5	0	0	0	0	0.56	0	0.44	0	0	0	0	0	0	0	0	0	0	0
M6	0	0	0	0	0	0.86	0	0	0	0	0	0	0	0	0	0	0	0.14
M7	0	0	0	0	0	0	0	0	0	0	0	0	0	1.0	0	0	0	0
PSec1	0	0	0	0	0	0	0	0	0	0	0.15	0.85	0	0	0	0	0	0
PSec2	0	0	0	0	0	0	0	0.19	0	0.21	0	0.6	0	0	0	0	0	0
