Tumor	Clo16	Clo17	Clo21	Clo28	Clo12	Clo39	Clo10	Clo22	Clo34	Clo35	Clo29	Clo37	Clo14	Clo18	Clo19	Clo32	Clo24	Clo31	Clo9	Clo26
M1	0	0	0	0	0	0	0	0	0.36	0	0	0	0	0	0	0.64	0	0	0	0
M2	0	0	0	0	0	0	0	0	0	0	0.12	0	0	0	0	0	0	0.88	0	0
M3	0	0	0	0.36	0	0	0	0.22	0	0	0	0	0	0	0	0	0.11	0	0	0.31
M4	0	0	0.19	0	0	0	0	0	0	0	0	0	0	0	0.81	0	0	0	0	0
M5	0	0.2	0	0	0	0	0	0	0	0	0	0	0	0.8	0	0	0	0	0	0
M6	0.15	0	0	0	0.21	0	0.43	0	0	0	0	0	0.2	0	0	0	0	0	0	0
M7	0	0	0	0	0	0	0	0	0	0	0	0	0	0	0	0	0	0	1.0	0
PSec1	0	0	0	0	0	0.25	0	0	0	0.59	0	0.16	0	0	0	0	0	0	0	0
PSec2	0	0	0	0	0	0	0	0	0	0	0	1.0	0	0	0	0	0	0	0	0
