Tumor	Clo16	Clo22	Clo21	Clo20	Clo13	Clo25	Clo11	Clo34	Clo36	Clo37	Clo30	Clo14	Clo18	Clo19	Clo28	Clo23	Clo32	Clo33	Clo26
M1	0	0	0	0	0	0	0	0.17	0.83	0	0	0	0	0	0	0	0	0	0
M2	0	0	0	0	0	0	0	0	0	0	0.56	0	0	0	0	0	0.29	0.16	0
M3	0	0	0	0	0	0.33	0	0	0	0	0	0	0	0	0.23	0.15	0	0	0.29
M4	0	0.35	0.65	0	0	0	0	0	0	0	0	0	0	0	0	0	0	0	0
M5	0	0	0	0.25	0	0	0	0	0	0	0	0	0	0.75	0	0	0	0	0
M6	0.38	0	0	0	0	0	0	0	0	0	0	0.27	0.34	0	0	0	0	0	0
M7	0	0	0	0	0.14	0	0.86	0	0	0	0	0	0	0	0	0	0	0	0
PSec1	0	0	0	0	0	0	0	0	0	1.0	0	0	0	0	0	0	0	0	0
PSec2	0	0	0	0	0	0	0	0	0	1.0	0	0	0	0	0	0	0	0	0
