Tumor	Clo16	Clo22	Clo14	Clo20	Clo12	Clo25	Clo10	Clo24	Clo34	Clo7	Clo29	Clo37	Clo31	Clo32	Clo15	Clo18	Clo27	Clo9
M1	0	0	0	0	0	0	0	0	0	0	0	0	1.0	0	0	0	0	0
M2	0	0	0	0	0	0.13	0	0	0	0	0.34	0	0	0	0	0	0.53	0
M3	0	0.56	0	0	0	0	0	0.44	0	0	0	0	0	0	0	0	0	0
M4	0.15	0	0	0.13	0	0	0	0	0	0	0	0	0	0	0	0.71	0	0
M5	0	0	0	0	0	0	0	0	0	0	0	0	0	0	1.0	0	0	0
M6	0	0	0.19	0	0.26	0	0.55	0	0	0	0	0	0	0	0	0	0	0
M7	0	0	0	0	0	0	0	0	0	0.18	0	0	0	0	0	0	0	0.82
PSec1	0	0	0	0	0	0	0	0	0.21	0	0	0	0	0.79	0	0	0	0
PSec2	0	0	0	0	0	0	0	0	0.84	0	0	0.16	0	0	0	0	0	0
