Tumor	Clo16	Clo22	Clo11	Clo20	Clo27	Clo39	Clo25	Clo23	Clo41	Clo34	Clo29	Clo37	Clo30	Clo44	Clo18	Clo31	Clo14	Clo15	Clo33	Clo9	Clo13
M1	0	0	0	0	0	0	0	0	0	1.0	0	0	0	0	0	0	0	0	0	0	0
M2	0	0	0	0	0	0	0	0	0	0	0	0	0.71	0	0	0.17	0	0	0.12	0	0
M3	0	0	0	0	0.69	0	0	0	0	0	0.31	0	0	0	0	0	0	0	0	0	0
M4	0	0	0	0	0	0	0.81	0.19	0	0	0	0	0	0	0	0	0	0	0	0	0
M5	0.33	0.34	0	0.19	0	0	0	0	0	0	0	0	0	0	0.14	0	0	0	0	0	0
M6	0	0	0	0	0	0	0	0	0	0	0	0	0	0	0	0	0.57	0.43	0	0	0
M7	0	0	0.24	0	0	0	0	0	0	0	0	0	0	0	0	0	0	0	0	0.16	0.6
PSec1	0	0	0	0	0	0	0	0	0.49	0	0	0.16	0	0.35	0	0	0	0	0	0	0
PSec2	0	0	0	0	0	0.71	0	0	0.17	0	0	0.12	0	0	0	0	0	0	0	0	0
