Tumor	Clo16	Clo17	Clo14	Clo15	Clo12	Clo26	Clo11	Clo35	Clo29	Clo24	Clo31	Clo33	Clo22	Clo28	Clo20	Clo23	Clo9	Clo21
M1	0	0	0	0	0	0.41	0	0	0	0.27	0	0	0	0.32	0	0	0	0
M2	0	0	0	0	0	0	0	0	0	0	0	0	0.85	0	0	0.15	0	0
M3	0	0	0	0	0	0	0	0	0	0	0	0	0	0	0	0	0	1.0
M4	0	0.17	0	0	0	0	0	0	0	0	0	0	0	0	0.83	0	0	0
M5	0.37	0	0	0.63	0	0	0	0	0	0	0	0	0	0	0	0	0	0
M6	0	0	0.2	0	0.8	0	0	0	0	0	0	0	0	0	0	0	0	0
M7	0	0	0	0	0	0	0.84	0	0	0	0	0	0	0	0	0	0.16	0
PSec1	0	0	0	0	0	0	0	0.21	0.29	0	0.5	0	0	0	0	0	0	0
PSec2	0	0	0	0	0	0	0	0	0	0	0.85	0.15	0	0	0	0	0	0
