Tumor	Clo16	Clo23	Clo14	Clo37	Clo7	Clo26	Clo10	Clo22	Clo35	Clo28	Clo30	Clo32	Clo19	Clo15	Clo18	Clo12	Clo25	Clo8	Clo20
M1	0	0.58	0	0	0	0	0	0	0	0	0	0	0	0	0	0	0.42	0	0
M2	0	0	0	0	0	0	0	0.62	0	0	0	0	0	0	0	0	0	0	0.38
M3	0	0	0	0	0	0	0	0	0	0	0	0	1.0	0	0	0	0	0	0
M4	0.26	0	0	0	0	0	0	0	0	0	0	0	0	0	0.74	0	0	0	0
M5	0	0	0	0	0	0	0	0	0	0	0	0	0	1.0	0	0	0	0	0
M6	0	0	0.16	0	0	0	0.12	0	0	0	0	0	0	0	0	0.38	0	0.34	0
M7	0	0	0	0	1.0	0	0	0	0	0	0	0	0	0	0	0	0	0	0
PSec1	0	0	0	0	0	0.79	0	0	0.21	0	0	0	0	0	0	0	0	0	0
PSec2	0	0	0	0.19	0	0	0	0	0	0.25	0.37	0.19	0	0	0	0	0	0	0
