Tumor	Clo16	Clo23	Clo21	Clo15	Clo12	Clo13	Clo10	Clo22	Clo34	Clo28	Clo30	Clo24	Clo18	Clo19	Clo27	Clo25	Clo9
M1	0	0	0	0	0	0	0	0	0	0	0	0	0	0	0.84	0.16	0
M2	0	0.41	0	0	0	0	0	0.48	0	0	0	0.11	0	0	0	0	0
M3	0	0	0.69	0	0	0	0	0	0	0	0	0	0	0.31	0	0	0
M4	0.4	0	0	0	0	0	0	0	0	0	0	0	0.6	0	0	0	0
M5	0	0	0	0.35	0	0.65	0	0	0	0	0	0	0	0	0	0	0
M6	0	0	0	0	0.81	0	0.19	0	0	0	0	0	0	0	0	0	0
M7	0	0	0	0	0	0	0	0	0	0	0	0	0	0	0	0	1.0
PSec1	0	0	0	0	0	0	0	0	0.24	0.49	0.27	0	0	0	0	0	0
PSec2	0	0	0	0	0	0	0	0	0.65	0.22	0.12	0	0	0	0	0	0
