Tumor	Clo22	Clo21	Clo20	Clo27	Clo26	Clo24	Clo40	Clo29	Clo42	Clo44	Clo16	Clo17	Clo14	Clo15	Clo12	Clo39	Clo10	Clo34	Clo36	Clo31	Clo32	Clo19
M1	0	0	0	0	0	0	0	0	0	0	0	0	0	0	0	0.29	0	0.26	0.14	0	0.32	0
M2	0	0	0	0.45	0	0	0	0.12	0	0	0	0	0	0	0	0	0	0	0	0.42	0	0
M3	0.18	0	0	0	0.21	0.61	0	0	0	0	0	0	0	0	0	0	0	0	0	0	0	0
M4	0	0.86	0.14	0	0	0	0	0	0	0	0	0	0	0	0	0	0	0	0	0	0	0
M5	0	0	0	0	0	0	0	0	0	0	0.58	0.15	0	0	0	0	0	0	0	0	0	0.27
M6	0	0	0	0	0	0	0	0	0	0	0	0	0	1.0	0	0	0	0	0	0	0	0
M7	0	0	0	0	0	0	0	0	0	0	0	0	0.22	0	0.35	0	0.43	0	0	0	0	0
PSec1	0	0	0	0	0	0	0.37	0	0.43	0.2	0	0	0	0	0	0	0	0	0	0	0	0
PSec2	0	0	0	0	0	0	0.54	0	0.2	0.26	0	0	0	0	0	0	0	0	0	0	0	0
