Tumor	Clo23	Clo17	Clo14	Clo15	Clo27	Clo13	Clo10	Clo11	Clo34	Clo22	Clo29	Clo37	Clo31	Clo18	Clo20	Clo25	Clo9	Clo26
M1	0	0	0	0	0.65	0	0	0	0	0	0.16	0	0.19	0	0	0	0	0
M2	0.46	0	0	0	0	0	0	0	0	0	0	0	0	0	0	0.17	0	0.37
M3	0	0	0	0	0	0	0	0	0	0.54	0	0	0	0.33	0.13	0	0	0
M4	0	0.45	0	0.55	0	0	0	0	0	0	0	0	0	0	0	0	0	0
M5	0	0	1.0	0	0	0	0	0	0	0	0	0	0	0	0	0	0	0
M6	0	0	0	0	0	0.74	0	0.26	0	0	0	0	0	0	0	0	0	0
M7	0	0	0	0	0	0	0.66	0	0	0	0	0	0	0	0	0	0.34	0
PSec1	0	0	0	0	0	0	0	0	0.17	0	0	0.83	0	0	0	0	0	0
PSec2	0	0	0	0	0	0	0	0	0	0	0	1.0	0	0	0	0	0	0
