Tumor	Clo17	Clo14	Clo15	Clo38	Clo22	Clo25	Clo11	Clo36	Clo28	Clo30	Clo24	Clo18	Clo33	Clo20	Clo12	Clo19	Clo9	Clo27
M1	0	0	0	0	0	0.6	0	0	0	0	0	0	0	0	0	0	0	0.4
M2	0	0	0	0	0	0	0	0	0	0	1.0	0	0	0	0	0	0	0
M3	0	0	0	0	0.3	0	0	0	0	0	0	0	0	0.58	0	0.11	0	0
M4	0	0	0	0	0	0	0	0	0	0	0	1.0	0	0	0	0	0	0
M5	0.82	0	0.18	0	0	0	0	0	0	0	0	0	0	0	0	0	0	0
M6	0	0.3	0	0	0	0	0	0	0	0	0	0	0	0	0.7	0	0	0
M7	0	0	0	0	0	0	0.87	0	0	0	0	0	0	0	0	0	0.13	0
PSec1	0	0	0	0.22	0	0	0	0.14	0.29	0	0	0	0.35	0	0	0	0	0
PSec2	0	0	0	0	0	0	0	0.8	0	0.2	0	0	0	0	0	0	0	0
