Tumor	Clo23	Clo36Clo19	Clo21	Clo20	Clo38	Clo11	Clo25	Clo17	Clo40	Clo29	Clo42	Clo14	Clo33	Clo35	Clo44Clo16	Clo27	Clo31	Clo26	Clo13
M1	0	0.33	0	0	0.67	0	0	0	0	0	0	0	0	0	0	0	0	0	0
M2	0	0	0	0	0	0	0	0	0	0	0	0	0.41	0.47	0	0	0.12	0	0
M3	0	0	0	0	0	0	0	0	0	0.5	0	0	0	0	0	0.32	0	0.18	0
M4	0.2	0	0.14	0	0	0	0.66	0	0	0	0	0	0	0	0	0	0	0	0
M5	0	0.49	0	0.34	0	0	0	0.17	0	0	0	0	0	0	0	0	0	0	0
M6	0	0	0	0	0	0	0	0	0	0	0	0.27	0	0	0.73	0	0	0	0
M7	0	0	0	0	0	0.68	0	0	0	0	0	0	0	0	0	0	0	0	0.32
PSec1	0	0	0	0	0	0	0	0	0.41	0	0	0	0	0	0.59	0	0	0	0
PSec2	0	0	0	0	0	0	0	0	0.12	0	0.32	0	0	0	0.56	0	0	0	0
