Tumor	Clo16	Clo17	Clo14	Clo15	Clo26	Clo25	Clo11	Clo22	Clo36	Clo28	Clo31	Clo18	Clo33	Clo21	Clo24	Clo19	Clo9	Clo13
M1	0	0	0	0	0	0.24	0	0.32	0	0	0	0	0	0	0.44	0	0	0
M2	0	0	0	0	0	0	0	0	0	0	0	0	0	0.76	0	0.24	0	0
M3	0	0	0	0	0	0	0	0	0	0	0	1.0	0	0	0	0	0	0
M4	0.73	0.27	0	0	0	0	0	0	0	0	0	0	0	0	0	0	0	0
M5	0	0	0	1.0	0	0	0	0	0	0	0	0	0	0	0	0	0	0
M6	0	0	1.0	0	0	0	0	0	0	0	0	0	0	0	0	0	0	0
M7	0	0	0	0	0	0	0.4	0	0	0	0	0	0	0	0	0	0.38	0.22
PSec1	0	0	0	0	0.35	0	0	0	0.39	0	0.25	0	0	0	0	0	0	0
PSec2	0	0	0	0	0.11	0	0	0	0.34	0.39	0	0	0.16	0	0	0	0	0
