Tumor	Clo16	Clo17	Clo14	Clo20	Clo12	Clo26	Clo10	Clo11	Clo35	Clo29	Clo18	Clo33	Clo22	Clo23	Clo25	Clo19	Clo28Clo31
M1	0	0	0	0	0	0.38	0	0	0	0	0	0	0	0	0	0	0.62
M2	0	0	0	0	0	0	0	0	0	0	0	0	0	0.15	0.85	0	0
M3	0	0	0	0.2	0	0	0	0	0	0	0	0	0.47	0	0	0.32	0
M4	0	0	0	0	0	0	0	0	0	0	1.0	0	0	0	0	0	0
M5	0	1.0	0	0	0	0	0	0	0	0	0	0	0	0	0	0	0
M6	0.22	0	0.22	0	0.56	0	0	0	0	0	0	0	0	0	0	0	0
M7	0	0	0	0	0	0	0.42	0.58	0	0	0	0	0	0	0	0	0
PSec1	0	0	0	0	0	0	0	0	0.25	0.15	0	0.14	0	0	0	0	0.45
PSec2	0	0	0	0	0	0	0	0	0.5	0	0	0.33	0	0	0	0	0.18
