Tumor	Clo32	Clo19	Clo23	Clo48	Clo21	Clo26	Clo24	Clo41	Clo43	Clo28	Clo46	Clo9	Clo13	Clo17	Clo15	Clo38	Clo39	Clo11	Clo52	Clo35	Clo50	Clo37	Clo30	Clo18	Clo33
M1	0	0	0	0	0	0	0	0	0	0	0	0	0	0	0	0.3	0	0	0	0.13	0	0.13	0	0	0.44
M2	0.51	0	0	0	0	0	0	0	0	0.24	0	0	0	0	0	0	0	0	0	0	0	0	0.25	0	0
M3	0	0	0	0	0	0.56	0.44	0	0	0	0	0	0	0	0	0	0	0	0	0	0	0	0	0	0
M4	0	0.18	0.3	0	0.51	0	0	0	0	0	0	0	0	0	0	0	0	0	0	0	0	0	0	0	0
M5	0	0	0	0	0	0	0	0	0	0	0	0	0	0	0	0	0	0	0	0	0	0	0	1.0	0
M6	0	0	0	0	0	0	0	0	0	0	0	0	0	0.56	0.44	0	0	0	0	0	0	0	0	0	0
M7	0	0	0	0	0	0	0	0	0	0	0	0.6	0.12	0	0	0	0	0.28	0	0	0	0	0	0	0
PSec1	0	0	0	0.43	0	0	0	0	0	0	0	0	0	0	0	0	0	0	0.34	0	0.23	0	0	0	0
PSec2	0	0	0	0	0	0	0	0.13	0.14	0	0.38	0	0	0	0	0	0.12	0	0.23	0	0	0	0	0	0
