Tumor	Clo28	Clo32	Clo33	Clo23	Clo48	Clo21	Clo26	Clo24	Clo41	Clo40	Clo42	Clo44	Clo17	Clo14	Clo15	Clo13	Clo10	Clo11	Clo52	Clo35	Clo50	Clo37	Clo30	Clo18	Clo19
M1	0	0	0.14	0	0	0	0	0	0.11	0.42	0	0	0	0	0	0	0	0	0	0.18	0	0.15	0	0	0
M2	0.31	0.48	0	0	0	0	0	0	0	0	0	0	0	0	0	0	0	0	0	0	0	0	0.22	0	0
M3	0	0	0	0	0	0	0.2	0.8	0	0	0	0	0	0	0	0	0	0	0	0	0	0	0	0	0
M4	0	0	0	0.14	0	0.32	0	0	0	0	0	0	0	0	0	0	0	0	0	0	0	0	0	0	0.54
M5	0	0	0	0	0	0	0	0	0	0	0	0	0.16	0	0.47	0	0	0	0	0	0	0	0	0.38	0
M6	0	0	0	0	0	0	0	0	0	0	0	0	0	1.0	0	0	0	0	0	0	0	0	0	0	0
M7	0	0	0	0	0	0	0	0	0	0	0	0	0	0	0	0.18	0.28	0.54	0	0	0	0	0	0	0
PSec1	0	0	0	0	0.14	0	0	0	0	0	0.26	0.12	0	0	0	0	0	0	0	0	0.48	0	0	0	0
PSec2	0	0	0	0	0	0	0	0	0	0	0	0.46	0	0	0	0	0	0	0.54	0	0	0	0	0	0
