Tumor	Clo16	Clo17	Clo15	Clo38	Clo13	Clo25	Clo11	Clo34	Clo40	Clo36	Clo28	Clo31	Clo27Clo14	Clo23	Clo22	Clo20	Clo18	Clo12	Clo29
M1	0	0	0	0	0	0	0	0	0	0	0.6	0.15	0	0	0	0	0	0	0.25
M2	0	0	0	0	0	0.25	0	0	0	0	0	0	0.36	0.39	0	0	0	0	0
M3	0	0	0	0	0	0	0	0	0	0	0	0	0	0	0.26	0.42	0.32	0	0
M4	0	1.0	0	0	0	0	0	0	0	0	0	0	0	0	0	0	0	0	0
M5	0.76	0	0.24	0	0	0	0	0	0	0	0	0	0	0	0	0	0	0	0
M6	0	0	0	0	0.38	0	0	0	0	0	0	0	0.62	0	0	0	0	0	0
M7	0	0	0	0	0	0	0.54	0	0	0	0	0	0	0	0	0	0	0.46	0
PSec1	0	0	0	0.43	0	0	0	0	0.24	0.33	0	0	0	0	0	0	0	0	0
PSec2	0	0	0	0.49	0	0	0	0.25	0.26	0	0	0	0	0	0	0	0	0	0
