Tumor	Clo16	Clo23	Clo14	Clo27	Clo13	Clo10	Clo11	Clo34	Clo29	Clo24	Clo21	Clo32	Clo9	Clo18	Clo19	Clo8	Clo36	Clo26
M1	0	0	0	0	0	0	0	0	0	0.16	0	0	0	0	0	0	0	0.84
M2	0	0.71	0	0	0	0	0	0	0	0	0.12	0	0	0	0.18	0	0	0
M3	0.53	0	0.13	0	0	0	0	0	0	0	0	0	0	0.34	0	0	0	0
M4	0	0	0	0	0.15	0	0.85	0	0	0	0	0	0	0	0	0	0	0
M5	0	0	0	0	0	1.0	0	0	0	0	0	0	0	0	0	0	0	0
M6	0	0	0	0	0	0	0	0	0	0	0	0	1.0	0	0	0	0	0
M7	0	0	0	0	0	0	0	0	0	0	0	0	0	0	0	1.0	0	0
PSec1	0	0	0	0.13	0	0	0	0	0.19	0	0	0.45	0	0	0	0	0.23	0
PSec2	0	0	0	0	0	0	0	0.15	0	0	0	0	0	0	0	0	0.85	0
