Tumor	Clo23	Clo48	Clo21	Clo20	Clo27	Clo26	Clo24	Clo41	Clo40	Clo43	Clo28	Clo45	Clo9	Clo38	Clo17	Clo14	Clo15	Clo12	Clo11	Clo34	Clo36	Clo30	Clo32	Clo19
M1	0	0	0	0	0	0	0	0	0.24	0	0	0	0	0.25	0	0	0	0	0	0.14	0.14	0	0.23	0
M2	0	0	0	0	0.19	0	0	0	0	0	0.51	0	0	0	0	0	0	0	0	0	0	0.3	0	0
M3	0	0	0	0	0	0.58	0.42	0	0	0	0	0	0	0	0	0	0	0	0	0	0	0	0	0
M4	0.46	0	0.3	0.24	0	0	0	0	0	0	0	0	0	0	0	0	0	0	0	0	0	0	0	0
M5	0	0	0	0	0	0	0	0	0	0	0	0	0	0	0.47	0	0.16	0	0	0	0	0	0	0.37
M6	0	0	0	0	0	0	0	0	0	0	0	0	0	0	0	0.68	0	0.32	0	0	0	0	0	0
M7	0	0	0	0	0	0	0	0	0	0	0	0	0.15	0	0	0	0	0	0.85	0	0	0	0	0
PSec1	0	0.63	0	0	0	0	0	0.12	0	0.26	0	0	0	0	0	0	0	0	0	0	0	0	0	0
PSec2	0	0.59	0	0	0	0	0	0	0	0	0	0.41	0	0	0	0	0	0	0	0	0	0	0	0
