Tumor	Clo16	Clo17	Clo21	Clo28	Clo27	Clo11	Clo10	Clo22	Clo35	Clo37	Clo30	Clo31	Clo19	Clo14	Clo25	Clo24	Clo33	Clo8	Clo13
M1	0	0	0	0	0	0	0	0	0	0	1.0	0	0	0	0	0	0	0	0
M2	0	0	0	1.0	0	0	0	0	0	0	0	0	0	0	0	0	0	0	0
M3	0	0	0	0	0.79	0	0	0	0	0	0	0	0	0	0.21	0	0	0	0
M4	0	0	0	0	0	0	0	0.58	0	0	0	0	0	0	0	0.42	0	0	0
M5	0	0.12	0.57	0	0	0	0	0	0	0	0	0	0.31	0	0	0	0	0	0
M6	0.24	0	0	0	0	0.45	0	0	0	0	0	0	0	0.15	0	0	0	0	0.16
M7	0	0	0	0	0	0	0.78	0	0	0	0	0	0	0	0	0	0	0.22	0
PSec1	0	0	0	0	0	0	0	0	0.66	0	0	0	0	0	0	0	0.34	0	0
PSec2	0	0	0	0	0	0	0	0	0.27	0.2	0	0.52	0	0	0	0	0	0	0
