Tumor	Clo23	Clo22	Clo20	Clo38	Clo26	Clo10	Clo24	Clo34	Clo40	Clo36	Clo27	Clo31	Clo18	Clo15	Clo32	Clo35	Clo12	Clo8	Clo29	Clo17	Clo13
M1	0	0	0	0	0	0	0	0	0	0	0	0	0	0	0	1.0	0	0	0	0	0
M2	0	0	0	0	0	0	0	0.31	0	0	0	0	0	0	0.69	0	0	0	0	0	0
M3	0	0	0	0	0	0	0	0	0	0	0.25	0.18	0	0	0	0	0	0	0.57	0	0
M4	0.12	0	0	0	0.73	0	0.15	0	0	0	0	0	0	0	0	0	0	0	0	0	0
M5	0	0.49	0.14	0	0	0	0	0	0	0	0	0	0.37	0	0	0	0	0	0	0	0
M6	0	0	0	0	0	0	0	0	0	0	0	0	0	0.22	0	0	0	0	0	0.6	0.18
M7	0	0	0	0	0	0.34	0	0	0	0	0	0	0	0	0	0	0.15	0.5	0	0	0
PSec1	0	0	0	0	0	0	0	0	0.41	0.59	0	0	0	0	0	0	0	0	0	0	0
PSec2	0	0	0	0.18	0	0	0	0	0	0.82	0	0	0	0	0	0	0	0	0	0	0
