Tumor	Clo23	Clo17	Clo21	Clo20	Clo38	Clo13	Clo10	Clo11	Clo34	Clo22	Clo36	Clo30	Clo18	Clo15	Clo32	Clo27	Clo25	Clo8	Clo29
M1	0	0	0	0	0	0	0	0	0	0	0	1.0	0	0	0	0	0	0	0
M2	0	0	0	0	0	0	0	0	0	0	0	0	0	0	0	0.27	0.14	0	0.59
M3	0.69	0	0	0	0	0	0	0	0	0.31	0	0	0	0	0	0	0	0	0
M4	0	0	1.0	0	0	0	0	0	0	0	0	0	0	0	0	0	0	0	0
M5	0	0	0	0.59	0	0	0	0	0	0	0	0	0.41	0	0	0	0	0	0
M6	0	0.61	0	0	0	0.12	0	0.16	0	0	0	0	0	0.11	0	0	0	0	0
M7	0	0	0	0	0	0	0.7	0	0	0	0	0	0	0	0	0	0	0.3	0
PSec1	0	0	0	0	0.77	0	0	0	0	0	0	0	0	0	0.23	0	0	0	0
PSec2	0	0	0	0	0	0	0	0	0.37	0	0.63	0	0	0	0	0	0	0	0
