Tumor	Clo33	Clo49	Clo21	Clo27	Clo26	Clo25	Clo40	Clo29	Clo42	Clo45	Clo47	Clo9	Clo23	Clo38	Clo16	Clo15	Clo12	Clo13	Clo11	Clo34	Clo36	Clo31	Clo18	Clo19
M1	0	0	0	0	0	0	0.37	0	0	0	0	0	0	0.19	0	0	0	0	0	0.21	0.23	0	0	0
M2	0.37	0	0	0.24	0	0	0	0.12	0	0	0	0	0	0	0	0	0	0	0	0	0	0.28	0	0
M3	0	0	0	0	0.48	0.19	0	0	0	0	0	0	0.33	0	0	0	0	0	0	0	0	0	0	0
M4	0	0	0.28	0	0	0	0	0	0	0	0	0	0	0	0.31	0	0	0	0	0	0	0	0.28	0.13
M5	0	0	0	0	0	0	0	0	0	0	0	0	0	0	0	0.89	0	0.11	0	0	0	0	0	0
M6	0	0	0	0	0	0	0	0	0	0	0	0	0	0	0	0	1.0	0	0	0	0	0	0	0
M7	0	0	0	0	0	0	0	0	0	0	0	0.81	0	0	0	0	0	0	0.19	0	0	0	0	0
PSec1	0	0.16	0	0	0	0	0	0	0	0	0.84	0	0	0	0	0	0	0	0	0	0	0	0	0
PSec2	0	0	0	0	0	0	0	0	0.31	0.18	0.5	0	0	0	0	0	0	0	0	0	0	0	0	0
