chr	posStart	posEnd	length	chrIdxStart	chrIdxEnd	numProbe	log2ratio.Mean	log2ratio.SD	log2ratio.Median	log2ratio.MAD	log2mBAF.Mean	log2mBAF.SD	log2mBAF.Median	log2mBAF.MAD	Sample_ID	remark	log2ratio.base.Mean	log2ratio.base.Median	log2ratio.Sigma	log2mBAF.base.Mean	log2mBAF.base.Median	log2mBAF.Sigma	log2ratio.Mean.adj	log2ratio.Median.adj	log2mBAF.Mean.adj	log2mBAF.Median.adj	log2ratio.p.value	log2mBAF.p.value	p.value	CNV
chr1	881627	6527596	5645970	1	75	75	0.913194741256302	0.490418049985028	0.946680213000835	0.479900648309818	0.260738375254713	0.161078514574033	0.266728889391535	0.158323853991287	ATP456_PrimT	0	0.172590365515232	0.107464560586678	0.369978719159626	0.015331415532527	0.00728007090659112	0.12213096820993	0.740604375741069	0.839215652414157	0.245406959722186	0.259448818484944	0.035	0	0	gain
chr1	6579607	248814126	242234520	76	2161	2086	-0.00980711063735387	0.57827311118371	-0.0582825952430012	0.579301267860736	0.26709497638363	0.177433685720902	0.284732465662915	0.184529924795699	ATP456_PrimT	0	0.172590365515232	0.107464560586678	0.369978719159626	0.015331415532527	0.00728007090659112	0.12213096820993	-0.182397476152586	-0.165747155829679	0.251763560851103	0.277452394756324	0.393	0	0	LOH
chr2	224970	242690675	242465706	1	1460	1460	0.124533646934253	0.592162558993682	0.0534140736303562	0.5480834579574	0.0164850432625195	0.114619476547706	0.00915499263656906	0.112668985722702	ATP456_PrimT	0	0.172590365515232	0.107464560586678	0.369978719159626	0.015331415532527	0.00728007090659112	0.12213096820993	-0.0480567185809795	-0.0540504869563219	0.00115362772999247	0.00187492172997794	0.776	0.853	0.84	normal
chr3	2924986	197765432	194840447	1	1209	1209	-0.0258342959024241	0.568406492639075	-0.0956983892697171	0.531951310800718	0.151007290046963	0.200288549849072	0.116634923814191	0.211488956897186	ATP456_PrimT	0	0.172590365515232	0.107464560586678	0.369978719159626	0.015331415532527	0.00728007090659112	0.12213096820993	-0.198424661417657	-0.203162949856395	0.135675874514436	0.1093548529076	0.323	0	0.082	undecided
chr4	266124	190878597	190612474	1	921	921	-0.09598574186495	0.553378097028473	-0.164680895946869	0.494822983999284	0.150886495829496	0.186706459042111	0.131244533278253	0.201074620939315	ATP456_PrimT	0	0.172590365515232	0.107464560586678	0.369978719159626	0.015331415532527	0.00728007090659112	0.12213096820993	-0.268576107380182	-0.272145456533547	0.135555080296969	0.123964462371662	0.259	0	0.06	undecided
chr5	163266	180687212	180523947	1	990	990	0.11406443079537	0.628966905638527	0.0677344964904575	0.630194653384977	0.0226262624919969	0.120576363190248	0.0138695203522538	0.115492214772113	ATP456_PrimT	0	0.172590365515232	0.107464560586678	0.369978719159626	0.015331415532527	0.00728007090659112	0.12213096820993	-0.058525934719862	-0.0397300640962205	0.00729484695946995	0.00658944944566267	0.845	0.615	0.897	normal
chr6	348051	66204945	65856895	1	639	639	0.172636832802691	0.563445948494447	0.118740958787138	0.529483222563569	0.015828686078673	0.121173260366219	0.0100903515904184	0.117387800194787	ATP456_PrimT	0	0.172590365515232	0.107464560586678	0.369978719159626	0.015331415532527	0.00728007090659112	0.12213096820993	4.64672874584682e-05	0.0112763982004602	0.000497270546146018	0.00281028068382724	0.954	0.802	0.988	normal
chr6	69666684	170862336	101195653	640	1135	496	-0.379084578732334	0.471451788263138	-0.43688509713213	0.44128799056772	0.325515757775674	0.142379396129866	0.340811088425449	0.12760728853417	ATP456_PrimT	0	0.172590365515232	0.107464560586678	0.369978719159626	0.015331415532527	0.00728007090659112	0.12213096820993	-0.551674944247566	-0.544349657718808	0.310184342243147	0.333531017518858	0.042	0	0	loss
chr7	299850	158727276	158427427	1	992	992	0.260473599559611	0.658719300327769	0.187108452732866	0.603107412692563	0.0549361449089177	0.13336306040788	0.0469319281424455	0.135399998024833	ATP456_PrimT	0	0.172590365515232	0.107464560586678	0.369978719159626	0.015331415532527	0.00728007090659112	0.12213096820993	0.0878832340443784	0.0796438921461884	0.0396047293763907	0.0396518572358544	0.653	0	0.446	undecided
chr8	382957	141461074	141078118	1	622	622	-0.0557597219249451	0.493025597281875	-0.0666697986494863	0.502461597846608	0.217634985446637	0.160787270907617	0.218812308433323	0.159552856575367	ATP456_PrimT	0	0.172590365515232	0.107464560586678	0.369978719159626	0.015331415532527	0.00728007090659112	0.12213096820993	-0.228350087440178	-0.174134359236164	0.20230356991411	0.211532237526732	0.367	0	0.014	LOH
chr8	141461185	146171437	4710253	623	716	94	1.44426828048429	0.681120054386072	1.55634404152896	0.775691060835623	0.123509329244694	0.154415334722753	0.128560129330673	0.155582950116434	ATP456_PrimT	0	0.172590365515232	0.107464560586678	0.369978719159626	0.015331415532527	0.00728007090659112	0.12213096820993	1.27167791496906	1.44887948094228	0.108177913712167	0.121280058424082	0	0	0	gain
chr9	271638	33568763	33297126	1	156	156	-0.458282473644261	0.434727579733055	-0.464376661915825	0.337709612924715	0.300307138095643	0.171604646474905	0.32159508840898	0.173252015475805	ATP456_PrimT	0	0.172590365515232	0.107464560586678	0.369978719159626	0.015331415532527	0.00728007090659112	0.12213096820993	-0.630872839159493	-0.571841222502503	0.284975722563116	0.314315017502389	0.047	0	0	loss
chr9	33924136	140777306	106853171	157	824	668	0.453924775800619	0.672674379546613	0.387160410586412	0.723240184184654	0.0220455170509849	0.121562330199171	0.0158750300189597	0.11424985793394	ATP456_PrimT	0	0.172590365515232	0.107464560586678	0.369978719159626	0.015331415532527	0.00728007090659112	0.12213096820993	0.281334410285386	0.279695849999734	0.00671410151845795	0.00859495911236854	0.24	0.462	0.227	normal
chr10	94026	135351228	135257203	1	864	864	0.200283844153405	0.540012778041439	0.149084833827658	0.507623356244448	0.00698335558526624	0.117198275086741	0	0.112249436399534	ATP456_PrimT	0	0.172590365515232	0.107464560586678	0.369978719159626	0.015331415532527	0.00728007090659112	0.12213096820993	0.0276934786381724	0.0416202732409795	-0.00834805994726074	-0.00728007090659112	0.828	0.557	0.863	normal
chr11	193865	3129027	2935163	1	91	91	1.02913476784194	0.61742965743999	1.09723988957622	0.523045058268682	0.255869132207881	0.157662187538379	0.251965536719795	0.16820999472481	ATP456_PrimT	0	0.172590365515232	0.107464560586678	0.369978719159626	0.015331415532527	0.00728007090659112	0.12213096820993	0.856544402326708	0.989775328989538	0.240537716675354	0.244685465813204	0.005	0	0	gain
chr11	3381843	49168512	45786670	92	488	397	-0.167953499768927	0.517951657456118	-0.261660864594027	0.459582619540335	0.285720709839883	0.156669660057911	0.299560281858908	0.159724897717204	ATP456_PrimT	0	0.172590365515232	0.107464560586678	0.369978719159626	0.015331415532527	0.00728007090659112	0.12213096820993	-0.340543865284159	-0.369125425180705	0.270389294307356	0.292280210952317	0.1	0	0	LOH
chr11	55032799	134241094	79208296	489	1169	681	0.287618063297219	0.66083640879688	0.202659861300678	0.681731612781965	0.00961846645570992	0.122065740568857	0	0.108287665604671	ATP456_PrimT	0	0.172590365515232	0.107464560586678	0.369978719159626	0.015331415532527	0.00728007090659112	0.12213096820993	0.115027697781986	0.095195300714	-0.00571294907681706	-0.00728007090659112	0.583	0.558	0.641	normal
chr12	336712	133780851	133444140	1	879	879	0.0485645742590342	0.619097514021906	-0.00118216366399004	0.618318576705415	0.204354081646283	0.18397247650732	0.20163386116965	0.206571404577083	ATP456_PrimT	0	0.172590365515232	0.107464560586678	0.369978719159626	0.015331415532527	0.00728007090659112	0.12213096820993	-0.124025791256198	-0.108646724250668	0.189022666113756	0.194353790263059	0.55	0	0.022	LOH
chr13	19751544	115037613	95286070	1	395	395	0.0223096590250914	0.499920196439439	0.00524410549544296	0.489997354710335	0.464857339992757	0.14168953089813	0.475338009546658	0.125048195914872	ATP456_PrimT	0	0.172590365515232	0.107464560586678	0.369978719159626	0.015331415532527	0.00728007090659112	0.12213096820993	-0.150280706490141	-0.102220455091235	0.44952592446023	0.468057938640067	0.586	0	0	LOH
chr14	19553764	107099190	87545427	1	757	757	0.206689129281803	0.609928884341439	0.15082092978106	0.590021405524847	0.0178139667360859	0.12083547076117	0.0108883161427358	0.119461325155191	ATP456_PrimT	0	0.172590365515232	0.107464560586678	0.369978719159626	0.015331415532527	0.00728007090659112	0.12213096820993	0.0340987637665705	0.043356369194382	0.00248255120355895	0.00360824523614472	0.806	0.727	0.896	normal
chr15	20170150	102261453	82091304	1	630	630	0.387821552417917	0.576414508644359	0.347218142584563	0.543378519496944	0.124686932233998	0.144704448844309	0.127266498277077	0.151431793401519	ATP456_PrimT	0	0.172590365515232	0.107464560586678	0.369978719159626	0.015331415532527	0.00728007090659112	0.12213096820993	0.215231186902685	0.239753581997885	0.109355516701471	0.119986427370486	0.284	0	0.063	undecided
chr16	334580	90141355	89806776	1	693	693	0.663444891891651	0.647308643191404	0.620502645112115	0.605849260852435	0.0141573218642856	0.116010655175755	0.0100976443077134	0.114474274230483	ATP456_PrimT	0	0.172590365515232	0.107464560586678	0.369978719159626	0.015331415532527	0.00728007090659112	0.12213096820993	0.490854526376419	0.513038084525437	-0.00117409366824134	0.00281757340112226	0.039	0.782	0.051	normal
chr17	11830	81043175	81031346	1	1109	1109	0.472138385580307	0.611314400942006	0.472749024668422	0.624862183086589	0.130482280473145	0.193654998922787	0.09858621972205	0.211154678964415	ATP456_PrimT	0	0.172590365515232	0.107464560586678	0.369978719159626	0.015331415532527	0.00728007090659112	0.12213096820993	0.299548020065075	0.365284464081744	0.115150864940618	0.0913061488154589	0.099	0	0.061	undecided
chr18	49515	77805949	77756435	1	350	350	-0.156063187364981	0.507836776527903	-0.196879790175338	0.48280601766104	0.194722554906794	0.201419693068354	0.207348734117455	0.23923741670242	ATP456_PrimT	0	0.172590365515232	0.107464560586678	0.369978719159626	0.015331415532527	0.00728007090659112	0.12213096820993	-0.328653552880214	-0.304344350762016	0.179391139374267	0.200068663210864	0.199	0	0.005	LOH
chr19	281360	59082605	58801246	1	1384	1384	0.595617957743351	0.57827128303592	0.605199320692072	0.537167323103262	0.12951162321396	0.191912073386939	0.100584971590072	0.209959779043453	ATP456_PrimT	0	0.172590365515232	0.107464560586678	0.369978719159626	0.015331415532527	0.00728007090659112	0.12213096820993	0.423027592228119	0.497734760105394	0.114180207681433	0.0933049006834805	0.048	0	0.028	gain
chr20	76962	60768573	60691612	1	453	453	0.389250848025662	0.542411298974717	0.407653996446538	0.549664742726688	0.0142688829343574	0.119605115751374	0.0171054770026574	0.121870469045906	ATP456_PrimT	0	0.172590365515232	0.107464560586678	0.369978719159626	0.015331415532527	0.00728007090659112	0.12213096820993	0.21666048251043	0.300189435859859	-0.00106253259816958	0.00982540609606631	0.173	0.43	0.195	normal
chr20	60773041	62859179	2086139	454	510	57	1.42496571152345	0.516908594166935	1.47274902466842	0.362677123864144	-0.00987377025088152	0.130622551222081	-0.0188115709581293	0.14353655939561	ATP456_PrimT	0	0.172590365515232	0.107464560586678	0.369978719159626	0.015331415532527	0.00728007090659112	0.12213096820993	1.25237534600821	1.36528446408174	-0.0252051857834085	-0.0260916418647204	0	0.232	0	gain
chr21	10916293	42824733	31908441	1	130	130	-0.125591900217575	0.448114963139043	-0.164862170925946	0.488907582980015	0.0428009252210714	0.120765929038015	0.0404332877449731	0.125654474507284	ATP456_PrimT	0	0.172590365515232	0.107464560586678	0.369978719159626	0.015331415532527	0.00728007090659112	0.12213096820993	-0.298182265732807	-0.272326731512624	0.0274695096885444	0.033153216838382	0.282	0.015	0.219	undecided
chr21	42843962	47987547	5143586	131	269	139	0.786892391747922	0.517201525701786	0.810917760562996	0.550921909916718	0.0332419449575983	0.129359540215647	0.016119665363277	0.140877383085171	ATP456_PrimT	0	0.172590365515232	0.107464560586678	0.369978719159626	0.015331415532527	0.00728007090659112	0.12213096820993	0.614302026232689	0.703453199976318	0.0179105294250713	0.00883959445668587	0.03	0.548	0.032	gain
chr22	17586471	51117580	33531110	1	401	401	0.356567676416997	0.571904029433859	0.332050161758681	0.594758815363177	0.284268510237182	0.168915488314637	0.291110502897575	0.155716836573225	ATP456_PrimT	0	0.172590365515232	0.107464560586678	0.369978719159626	0.015331415532527	0.00728007090659112	0.12213096820993	0.183977310901764	0.224585601172003	0.268937094704655	0.283830431990984	0.293	0	0	LOH
