SNVID	Wild	Mut	R1:ref	R1:alt	R2:ref	R2:alt	R3:ref	R3:alt	R4:ref	R4:alt	R5:ref	R5:alt	R6:ref	R6:alt	R7:ref	R7:alt	R8:ref	R8:alt	R9:ref	R9:alt	R10:ref	R10:alt	R11:ref	R11:alt	
S1	T	A	81	26	69	17	71	24	71	23	93	11	58	15	101	10	96	24	71	19	78	22	87	20
S2	C	T	86	27	86	13	77	22	102	16	73	15	97	14	86	14	70	15	76	20	85	16	60	29
S3	G	A	87	21	77	17	77	20	114	10	85	18	75	10	82	8	101	13	92	18	97	20	84	24
S4	T	G	75	28	88	18	52	25	76	17	96	16	77	17	92	9	81	18	92	8	80	22	54	26
S5	A	T	72	18	99	14	78	18	93	10	94	9	72	14	91	16	74	11	103	16	91	15	85	21
S6	C	G	86	17	77	23	87	18	75	23	83	21	98	6	86	7	90	23	102	18	86	16	69	20
S7	G	T	51	25	89	17	79	17	89	17	84	12	96	14	106	6	66	22	85	16	89	15	84	18
S8	C	G	91	11	104	18	84	25	97	11	78	15	102	11	90	11	93	15	82	9	101	17	102	20
S9	A	T	69	17	81	23	76	17	95	16	79	17	95	12	72	15	78	13	87	9	99	13	66	25
S10	G	T	79	25	75	16	66	31	80	16	73	3	91	0	90	0	89	0	89	16	87	10	72	25
S11	G	T	93	0	106	0	111	0	73	0	85	8	98	18	106	7	89	16	104	0	87	0	100	0
S12	A	T	106	0	110	0	100	0	111	0	86	0	117	0	99	0	88	14	107	0	115	0	109	0
S13	C	G	109	0	87	0	97	0	95	0	121	0	110	0	105	0	78	19	99	0	85	0	98	0
S14	T	G	106	0	114	0	110	0	106	0	109	0	127	0	107	0	113	12	102	0	97	0	91	0
S15	G	C	83	0	102	0	85	0	83	0	99	0	104	0	107	0	88	14	96	0	101	0	106	0
S16	C	A	105	0	99	0	94	0	116	0	94	0	92	0	92	0	81	15	97	0	99	0	101	0
S17	A	C	97	0	119	0	102	0	112	0	88	0	92	0	85	0	98	10	103	0	89	0	121	0
S18	A	C	106	0	104	0	122	0	93	0	104	0	106	0	89	0	90	10	103	0	83	0	101	0
S19	G	C	119	0	119	0	87	0	108	0	99	0	117	0	94	0	100	9	92	0	93	0	99	0
S20	C	T	108	0	119	0	104	0	97	0	116	0	78	11	122	0	105	0	104	0	110	0	111	0
S21	C	A	96	17	99	14	79	18	78	15	91	0	76	0	90	0	97	0	97	0	87	0	106	0
S22	T	C	66	19	82	18	80	17	71	18	91	0	94	0	81	0	90	0	108	0	102	0	97	0
S23	G	C	79	24	89	18	93	14	78	11	111	0	86	0	98	0	87	0	100	0	105	0	90	0
S24	G	C	75	20	102	19	94	16	93	14	111	0	103	0	91	0	113	0	88	0	111	0	103	0
S25	G	T	82	16	80	18	70	16	93	18	113	0	98	0	84	0	92	0	109	0	99	0	100	0
S26	A	C	113	0	100	0	99	0	91	0	102	0	101	0	101	0	86	0	115	0	104	0	83	18
S27	G	T	108	0	107	0	93	0	116	0	102	0	104	0	80	0	116	0	105	0	116	0	96	18
S28	T	A	106	0	108	0	116	0	110	0	122	0	94	0	104	0	103	0	104	0	107	0	65	18
S29	A	T	85	0	106	0	115	0	95	0	87	0	85	0	96	0	97	0	108	0	87	0	64	21
S30	G	A	96	0	83	0	90	0	105	0	88	0	115	0	102	0	91	0	107	0	104	0	85	19
S31	A	T	123	0	76	0	104	0	103	0	94	0	89	0	120	0	93	0	105	0	97	0	87	19
S32	G	C	98	0	102	0	100	0	84	0	92	0	119	0	100	0	113	0	103	0	107	0	75	25
S33	T	A	102	0	98	0	97	0	87	0	93	9	91	0	109	0	106	0	89	13	79	12	128	0
S34	A	G	102	0	110	0	100	0	80	0	88	4	99	0	91	0	114	0	82	21	83	17	108	0
S35	C	T	100	0	110	0	91	0	94	0	93	3	99	0	91	0	96	0	88	14	101	16	116	0
S36	T	A	116	0	96	0	95	0	89	0	96	2	103	0	118	0	106	0	82	9	77	20	95	0
S37	G	T	96	0	102	0	85	0	98	0	96	7	101	0	96	0	101	0	92	16	78	20	75	0
S38	A	C	83	0	83	0	88	0	98	0	76	8	97	0	89	0	119	0	86	13	68	25	97	0
S39	A	G	100	0	106	0	84	0	92	0	98	5	97	0	94	0	100	0	109	0	98	0	116	0
S40	A	C	97	0	107	0	92	0	84	0	110	4	112	0	100	0	87	0	100	0	88	0	101	0
S41	T	A	115	0	114	0	104	0	108	0	98	5	107	0	85	0	95	0	108	0	106	0	93	0
S42	C	G	104	0	93	0	110	0	105	0	87	2	96	0	93	0	94	0	98	0	103	0	100	0
S43	G	T	115	0	104	0	107	0	100	0	92	5	111	0	92	0	111	0	113	0	90	0	114	0
S44	T	A	99	0	96	0	103	0	109	0	108	6	103	0	98	0	132	0	115	0	113	0	89	0
S45	C	T	110	0	111	0	90	0	111	0	77	5	81	0	109	0	93	0	107	0	101	0	100	0
S46	T	A	105	0	97	0	92	0	103	0	83	6	107	0	97	0	92	0	98	0	102	0	102	0
S47	G	T	106	0	87	0	85	0	113	0	82	1	78	0	109	0	110	0	93	0	96	0	89	0
S48	T	A	101	0	105	0	99	0	95	0	95	0	90	0	106	0	104	0	88	12	78	26	104	0
S49	G	A	85	0	102	0	107	0	118	0	123	0	110	0	93	0	97	0	100	23	80	24	98	0
S50	C	T	99	0	79	0	113	0	89	0	89	0	79	0	86	0	104	0	72	16	73	20	90	0
S51	A	G	96	0	93	0	96	0	97	0	102	0	86	0	102	0	104	0	83	15	66	14	95	0
S52	T	G	109	0	107	0	103	0	79	0	81	0	104	0	90	0	97	0	63	23	89	15	117	0
S53	T	C	100	0	97	0	103	0	107	0	102	0	99	0	121	0	107	0	75	14	81	16	89	0
S54	G	C	94	0	104	0	79	0	106	0	101	0	104	0	97	0	82	0	91	18	87	14	99	0
S55	C	A	85	0	90	0	110	0	105	0	102	0	108	0	84	0	106	0	98	12	73	19	87	0
S56	C	A	115	0	110	0	115	0	119	0	104	0	103	0	114	0	114	0	61	16	84	21	93	0
S57	A	T	90	0	101	0	101	0	113	0	77	0	90	0	103	0	112	0	90	9	101	0	104	0
S58	A	C	101	0	84	0	87	0	103	0	110	0	108	0	104	0	112	0	102	9	100	0	93	0
S59	A	C	117	0	105	0	100	0	94	0	109	0	104	0	85	0	81	0	94	8	84	0	109	0
S60	C	T	105	0	113	0	97	0	89	0	100	0	99	0	93	0	109	0	100	7	107	0	95	0
S61	C	G	104	0	109	0	102	0	89	0	104	0	82	0	89	0	96	0	73	8	111	0	89	0
S62	C	A	108	0	106	0	102	0	98	0	105	0	97	0	100	0	103	0	83	14	90	0	98	0
S63	C	G	101	0	105	0	107	0	95	0	107	0	111	0	100	0	110	0	84	11	111	0	111	0
S64	T	C	107	0	101	0	101	0	95	0	93	0	118	0	93	0	87	0	91	8	111	0	107	0
S65	A	G	73	0	92	0	87	0	82	0	111	0	78	0	91	0	88	0	88	8	83	0	121	0
S66	C	T	112	0	103	0	109	0	110	0	104	0	89	0	106	0	110	0	104	0	94	5	106	0
S67	A	T	91	0	89	0	94	0	112	0	74	0	105	0	113	0	89	0	97	0	95	4	111	0
S68	A	G	94	0	106	0	67	24	92	12	100	0	118	0	87	0	80	0	102	0	105	0	102	0
S69	A	C	106	0	104	0	64	21	83	16	94	0	110	0	92	0	100	0	104	0	97	0	96	0
S70	G	A	105	8	85	16	91	0	105	0	100	0	83	0	98	0	94	0	100	0	105	0	95	0
S71	C	T	84	5	88	12	91	0	102	0	110	0	79	0	87	0	98	0	94	0	94	0	100	0
S72	T	C	100	6	77	13	92	0	94	0	107	0	87	0	88	0	111	0	112	0	95	0	85	0
S73	T	A	100	7	72	23	97	0	89	0	116	0	109	0	100	0	122	0	109	0	102	0	100	0
S74	A	T	85	6	78	16	98	0	88	0	99	0	90	0	93	0	101	0	92	0	105	0	92	0
S75	G	C	92	4	79	19	116	0	113	0	88	0	115	0	104	0	90	0	110	0	114	0	84	0
S76	T	C	96	7	88	17	105	0	108	0	117	0	122	0	98	0	109	0	103	0	100	0	105	0
S77	G	A	96	6	88	13	96	0	99	0	99	0	104	0	120	0	96	0	96	0	98	0	90	0
S78	A	G	95	6	85	26	92	0	104	0	93	0	106	0	96	0	101	0	113	0	94	0	76	0
