SNVID	Wild	Mut	R1:ref	R1:alt	R2:ref	R2:alt	R3:ref	R3:alt	R4:ref	R4:alt	R5:ref	R5:alt	R6:ref	R6:alt	R7:ref	R7:alt	R8:ref	R8:alt	R9:ref	R9:alt	R10:ref	R10:alt	R11:ref	R11:alt	
S1	A	G	94	22	90	17	70	14	90	12	80	15	88	13	101	9	81	17	99	14	80	20	77	27
S2	T	A	83	20	86	19	91	17	90	21	85	19	104	10	99	11	96	11	70	15	91	15	78	21
S3	G	A	88	21	84	18	71	22	81	17	91	19	90	8	88	12	107	13	86	16	72	23	86	18
S4	A	G	94	12	78	17	70	24	71	15	69	13	73	18	105	4	77	20	90	10	99	16	65	27
S5	G	C	75	22	95	17	87	18	80	23	73	20	79	9	77	10	73	16	85	16	76	13	106	15
S6	G	C	68	22	65	17	85	16	86	20	71	21	94	13	113	9	81	12	83	12	68	24	75	22
S7	C	G	66	19	76	24	87	21	101	14	90	5	95	0	85	0	97	0	98	9	83	19	72	22
S8	G	T	111	0	110	0	91	0	105	0	80	11	92	9	101	10	65	20	96	0	100	0	89	0
S9	T	C	100	0	116	0	121	0	107	0	115	0	100	0	88	0	97	18	94	0	97	0	96	0
S10	C	A	69	0	96	0	79	0	109	0	102	0	120	0	112	0	77	17	99	0	114	0	98	0
S11	G	T	115	0	97	0	106	0	84	0	89	0	106	0	78	0	79	14	112	0	95	0	103	0
S12	A	G	92	0	96	0	89	0	97	0	124	0	93	0	101	0	88	18	98	0	122	0	102	0
S13	A	C	107	0	88	0	90	0	105	0	103	0	89	0	103	0	81	8	92	0	90	0	88	0
S14	C	A	87	0	113	0	82	0	101	0	90	0	106	0	108	0	71	16	103	0	85	0	102	0
S15	G	C	88	0	106	0	110	0	102	0	89	0	100	0	101	0	70	16	94	0	90	0	90	0
S16	A	C	85	0	108	0	115	0	115	0	91	0	101	0	120	0	90	7	97	0	83	0	107	0
S17	A	G	100	0	99	0	99	0	109	0	92	0	107	0	88	0	99	13	105	0	102	0	93	0
S18	C	A	96	0	101	0	104	0	115	0	86	0	104	0	108	0	72	14	101	0	118	0	114	0
S19	G	T	87	0	88	0	95	0	97	0	93	0	84	12	99	0	113	0	114	0	109	0	94	0
S20	A	G	82	0	98	0	101	0	92	0	109	0	90	7	91	0	94	0	100	0	101	0	97	0
S21	G	C	67	13	84	14	84	18	76	14	104	0	106	0	113	0	98	0	115	0	91	0	89	0
S22	A	T	80	25	99	18	95	19	83	17	91	0	97	0	84	0	74	0	81	0	94	0	100	0
S23	G	T	82	16	82	21	82	20	91	15	90	0	77	0	112	0	90	0	93	0	84	0	91	0
S24	G	C	69	18	85	17	83	18	103	11	83	0	101	0	98	0	101	0	121	0	87	0	108	0
S25	A	C	71	29	68	18	92	17	83	17	95	0	101	0	89	0	101	0	118	0	90	0	106	0
S26	T	G	78	22	77	14	84	23	85	15	109	0	91	0	99	0	104	0	93	0	94	0	89	0
S27	T	A	96	13	90	20	92	16	78	17	99	0	94	0	99	0	109	0	90	0	102	0	96	0
S28	G	T	99	0	92	0	100	0	107	0	109	0	103	0	84	0	100	0	94	0	103	0	74	16
S29	T	C	105	0	109	0	97	0	97	0	91	0	101	0	118	0	105	0	96	0	90	0	65	22
S30	A	C	101	0	102	0	96	0	104	0	88	0	100	0	96	0	94	0	98	0	105	0	92	16
S31	G	A	101	0	90	0	94	0	103	0	108	0	114	0	99	0	116	0	93	0	96	0	91	24
S32	T	C	96	0	80	0	118	0	98	0	92	0	77	0	114	0	101	0	91	0	102	0	71	24
S33	G	C	113	0	98	0	95	0	84	0	84	0	76	0	113	0	108	0	101	0	122	0	91	27
S34	T	G	106	0	90	0	90	0	114	0	107	6	101	0	90	0	117	0	82	16	64	20	85	0
S35	A	C	102	0	117	0	104	0	100	0	100	6	78	0	98	0	114	0	106	9	91	19	98	0
S36	A	G	98	0	88	0	114	0	88	0	83	4	99	0	111	0	111	0	65	20	101	14	86	0
S37	G	A	111	0	95	0	99	0	95	0	100	5	108	0	112	0	118	0	87	17	80	19	81	0
S38	A	G	107	0	95	0	100	0	90	0	114	7	109	0	115	0	114	0	80	13	76	19	82	0
S39	C	G	95	0	87	0	90	0	102	0	80	5	85	0	88	0	97	0	85	7	74	17	95	0
S40	T	G	96	0	116	0	93	0	92	0	99	4	95	0	79	0	98	0	69	12	95	18	101	0
S41	G	T	97	0	99	0	86	0	105	0	92	6	96	0	102	0	118	0	102	0	97	0	68	0
S42	G	C	92	0	101	0	93	0	86	0	92	3	84	0	103	0	87	0	105	0	110	0	104	0
S43	A	C	97	0	85	0	110	0	82	0	85	3	98	0	97	0	115	0	105	0	97	0	100	0
S44	T	C	93	0	135	0	106	0	105	0	89	8	98	0	113	0	90	0	118	0	93	0	100	0
S45	C	G	92	0	93	0	97	0	87	0	100	6	89	0	95	0	99	0	87	0	103	0	98	0
S46	T	A	122	0	82	0	96	0	104	0	102	7	111	0	108	0	102	0	113	0	99	0	106	0
S47	C	A	106	0	99	0	101	0	98	0	106	5	114	0	108	0	104	0	109	0	95	0	95	0
S48	T	A	100	0	110	0	102	0	104	0	109	0	102	0	112	0	102	0	89	11	92	12	92	0
S49	C	G	110	0	87	0	90	0	101	0	86	0	89	0	97	0	97	0	88	8	77	15	98	0
S50	C	A	104	0	99	0	125	0	83	0	91	0	114	0	92	0	111	0	95	14	90	13	122	0
S51	A	G	89	0	108	0	102	0	82	0	109	0	100	0	97	0	111	0	88	13	97	14	90	0
S52	C	G	95	0	98	0	126	0	114	0	108	0	80	0	110	0	104	0	71	16	88	12	125	0
S53	A	T	96	0	101	0	89	0	89	0	96	0	80	0	77	0	85	0	91	15	82	25	110	0
S54	T	G	98	0	97	0	99	0	111	0	108	0	110	0	101	0	111	0	99	16	99	18	100	0
S55	T	G	109	0	92	0	90	0	109	0	92	0	110	0	85	0	106	0	87	14	105	0	103	0
S56	G	C	84	0	103	0	106	0	96	0	72	0	99	0	100	0	107	0	94	9	117	0	111	0
S57	G	T	98	0	95	0	87	0	74	0	94	0	106	0	103	0	107	0	83	12	101	0	101	0
S58	T	A	104	0	104	0	97	0	95	0	98	0	99	0	98	0	109	0	100	10	108	0	93	0
S59	C	T	84	0	118	0	92	0	86	0	91	0	86	0	119	0	92	0	86	15	82	0	107	0
S60	C	T	96	0	105	0	86	0	90	0	115	0	102	0	93	0	106	0	104	6	96	0	106	0
S61	A	G	108	0	114	0	109	0	93	0	105	0	83	0	103	0	91	0	100	10	101	0	102	0
S62	T	A	97	0	111	0	94	0	106	0	98	0	120	0	110	0	107	0	91	8	96	0	103	0
S63	G	T	90	0	116	0	121	0	98	0	91	0	89	0	81	0	101	0	108	0	101	8	102	0
S64	C	T	112	0	92	0	99	15	77	20	99	0	93	0	81	0	95	0	93	0	110	0	97	0
S65	T	C	92	0	79	0	69	22	88	19	90	0	89	0	95	0	87	0	99	0	98	0	103	0
S66	G	C	96	7	86	19	112	0	98	0	102	0	93	0	101	0	102	0	99	0	109	0	89	0
S67	G	T	91	2	78	19	107	0	87	0	87	0	101	0	84	0	121	0	87	0	96	0	81	0
S68	C	T	79	7	82	16	79	0	76	0	91	0	103	0	100	0	89	0	108	0	103	0	102	0
S69	A	T	98	4	102	14	109	0	104	0	99	0	107	0	95	0	95	0	102	0	98	0	117	0
S70	C	G	85	4	103	12	101	0	115	0	104	0	93	0	94	0	107	0	95	0	99	0	113	0
S71	G	A	93	6	90	17	111	0	99	0	87	0	97	0	117	0	90	0	96	0	89	0	99	0
S72	C	T	87	5	80	16	115	0	85	0	92	0	101	0	101	0	84	0	105	0	104	0	95	0
S73	T	G	97	4	88	20	87	0	100	0	127	0	92	0	100	0	100	0	108	0	98	0	101	0
