SNVID	Wild	Mut	R1:ref	R1:alt	R2:ref	R2:alt	R3:ref	R3:alt	R4:ref	R4:alt	R5:ref	R5:alt	R6:ref	R6:alt	R7:ref	R7:alt	R8:ref	R8:alt	R9:ref	R9:alt	R10:ref	R10:alt	R11:ref	R11:alt	
S1	T	A	74	25	95	14	63	24	107	9	77	15	69	13	70	10	89	12	99	12	69	22	67	24
S2	G	C	104	21	73	19	104	22	87	12	77	12	90	7	93	15	85	10	89	15	88	21	69	23
S3	A	C	93	10	86	17	83	18	71	22	67	16	82	16	96	8	89	20	86	16	78	13	78	22
S4	C	T	95	16	98	23	62	16	93	12	81	10	97	7	89	13	84	12	91	17	88	16	73	27
S5	A	C	81	17	80	26	89	11	88	15	85	14	87	15	66	16	85	17	86	17	73	21	85	16
S6	A	G	68	21	78	10	77	25	107	10	89	16	89	9	78	10	113	13	94	14	93	10	76	16
S7	C	A	70	22	98	15	92	17	83	16	99	15	86	6	89	13	67	21	90	14	97	15	73	26
S8	T	A	83	26	90	12	75	21	68	20	98	4	77	0	119	0	105	0	85	14	92	21	57	26
S9	T	G	92	0	99	0	100	0	106	0	88	12	83	9	102	7	102	11	104	0	100	0	107	0
S10	C	T	105	0	114	0	112	0	99	0	72	0	105	0	108	0	68	11	108	0	98	0	101	0
S11	A	G	108	0	104	0	96	0	107	0	100	0	104	0	94	0	82	15	108	0	105	0	94	0
S12	T	C	100	0	99	0	98	0	88	0	111	0	100	0	86	0	89	9	108	0	108	0	101	0
S13	C	T	89	0	108	0	110	0	93	0	96	0	112	0	127	0	91	15	101	0	100	0	86	0
S14	C	A	87	0	108	0	97	0	102	0	116	0	124	0	93	0	82	12	89	0	88	0	103	0
S15	C	A	101	0	97	0	104	0	103	0	106	0	100	0	103	0	91	14	103	0	98	0	97	0
S16	G	T	105	0	98	0	107	0	101	0	93	0	78	0	102	0	72	15	108	0	115	0	101	0
S17	C	A	87	0	96	0	102	0	94	0	102	0	114	0	113	0	90	12	99	0	87	0	87	0
S18	C	G	99	0	121	0	99	0	98	0	110	0	82	0	103	0	102	14	93	0	107	0	97	0
S19	A	C	96	0	108	0	107	0	90	0	91	0	107	0	92	0	71	14	95	0	74	0	89	0
S20	G	A	104	0	119	0	119	0	90	0	95	0	78	11	106	0	85	0	90	0	94	0	108	0
S21	G	A	106	0	106	0	104	0	95	0	82	0	95	11	91	0	90	0	103	0	99	0	102	0
S22	C	T	76	18	88	16	69	20	79	20	97	0	117	0	89	0	112	0	84	0	93	0	109	0
S23	T	A	88	22	103	20	75	16	92	14	100	0	98	0	103	0	97	0	101	0	92	0	110	0
S24	C	T	70	24	91	17	82	21	81	15	117	0	105	0	115	0	83	0	87	0	110	0	91	0
S25	A	C	97	19	89	14	75	20	98	15	90	0	89	0	100	0	82	0	100	0	102	0	108	0
S26	T	C	97	15	82	15	89	18	88	16	92	0	111	0	109	0	78	0	104	0	104	0	105	0
S27	A	T	78	23	81	18	75	27	75	15	75	0	103	0	90	0	92	0	107	0	110	0	90	0
S28	A	T	83	24	83	17	75	20	93	13	99	0	93	0	107	0	95	0	103	0	91	0	116	0
S29	G	T	73	24	59	20	84	19	95	14	116	0	99	0	104	0	91	0	88	0	102	0	95	0
S30	C	A	87	17	79	15	87	16	90	16	71	0	89	0	91	0	95	0	99	0	103	0	95	0
S31	A	C	61	21	85	20	67	22	67	16	101	0	103	0	113	0	93	0	96	0	103	0	93	0
S32	C	G	106	0	96	0	87	0	87	0	120	0	93	0	93	0	98	0	94	0	76	0	81	21
S33	C	T	89	0	97	0	110	0	103	0	120	0	88	0	107	0	108	0	102	0	85	0	94	20
S34	A	G	103	0	72	0	98	0	119	0	95	0	101	0	100	0	112	0	96	0	101	0	114	21
S35	G	T	80	0	105	0	117	0	95	0	109	0	90	0	85	0	109	0	94	0	105	0	72	23
S36	A	T	91	0	84	0	88	0	95	0	109	0	91	0	83	0	116	0	97	0	115	0	96	20
S37	G	T	91	0	93	0	97	0	104	0	93	5	87	0	109	0	107	0	97	13	100	19	99	0
S38	A	G	101	0	107	0	114	0	99	0	85	4	87	0	122	0	110	0	90	5	99	12	109	0
S39	C	T	98	0	85	0	118	0	89	0	96	5	94	0	89	0	100	0	92	17	76	23	110	0
S40	G	A	97	0	93	0	116	0	102	0	86	7	104	0	83	0	96	0	75	15	69	19	99	0
S41	T	A	92	0	110	0	106	0	92	0	106	4	96	0	100	0	106	0	82	23	73	26	93	0
S42	C	G	82	0	107	0	94	0	93	0	92	8	96	0	101	0	101	0	75	15	75	20	106	0
S43	T	G	92	0	109	0	107	0	88	0	109	3	105	0	102	0	87	0	88	11	83	25	95	0
S44	A	G	101	0	99	0	113	0	114	0	86	5	94	0	94	0	106	0	72	20	90	12	105	0
S45	G	C	91	0	92	0	106	0	113	0	94	5	93	0	111	0	104	0	89	15	90	23	109	0
S46	A	G	107	0	105	0	94	0	94	0	103	8	100	0	111	0	85	0	90	15	71	19	114	0
S47	G	C	90	0	122	0	82	0	98	0	85	1	97	0	94	0	106	0	84	0	98	0	83	0
S48	T	G	114	0	108	0	90	0	88	0	100	5	82	0	90	0	82	0	99	0	88	0	91	0
S49	A	T	94	0	79	0	120	0	101	0	91	6	95	0	103	0	77	0	100	0	87	0	96	0
S50	A	G	97	0	88	0	83	0	86	0	100	6	101	0	96	0	106	0	99	0	102	0	108	0
S51	G	A	107	0	117	0	112	0	101	0	109	3	102	0	91	0	98	0	114	0	83	0	91	0
S52	T	G	115	0	81	0	114	0	98	0	106	4	103	0	101	0	119	0	93	0	106	0	80	0
S53	T	G	110	0	98	0	105	0	103	0	86	6	93	0	114	0	92	0	90	0	84	0	112	0
S54	C	A	98	0	103	0	103	0	103	0	87	7	79	0	108	0	108	0	107	0	98	0	74	0
S55	C	T	103	0	96	0	72	0	101	0	108	4	112	0	101	0	107	0	91	0	101	0	102	0
S56	T	C	103	0	108	0	91	0	100	0	98	0	99	0	87	0	86	0	58	13	73	16	111	0
S57	C	T	90	0	93	0	89	0	99	0	95	0	104	0	107	0	99	0	91	21	67	11	109	0
S58	T	G	100	0	115	0	90	0	99	0	89	0	92	0	91	0	107	0	100	14	80	24	96	0
S59	G	T	88	0	108	0	105	0	104	0	106	0	110	0	105	0	118	0	86	9	94	13	106	0
S60	G	T	92	0	97	0	106	0	99	0	90	0	117	0	96	0	99	0	83	14	70	17	93	0
S61	G	A	83	0	90	0	82	0	110	0	103	0	116	0	117	0	94	0	106	5	75	16	102	0
S62	T	C	103	0	105	0	94	0	100	0	109	0	115	0	106	0	106	0	79	16	87	15	103	0
S63	T	G	92	0	98	0	106	0	86	0	96	0	103	0	100	0	105	0	82	7	86	15	96	0
S64	G	T	78	0	93	0	98	0	109	0	108	0	97	0	89	0	92	0	105	11	103	12	98	0
S65	T	A	101	0	92	0	99	0	112	0	99	0	99	0	88	0	98	0	83	6	108	0	98	0
S66	C	A	96	0	103	0	104	0	114	0	90	0	115	0	97	0	98	0	88	5	110	0	90	0
S67	T	C	105	0	106	0	98	0	112	0	98	0	96	0	108	0	89	0	72	12	83	0	95	0
S68	T	G	101	0	91	0	95	0	111	0	114	0	98	0	102	0	104	0	92	8	94	0	109	0
S69	T	C	107	0	114	0	87	0	96	0	113	0	101	0	104	0	106	0	94	4	112	0	102	0
S70	A	G	91	0	91	0	92	0	104	0	96	0	108	0	96	0	80	0	98	0	94	5	100	0
S71	T	A	101	0	107	0	70	23	81	13	92	0	104	0	105	0	91	0	90	0	115	0	99	0
S72	T	C	105	6	91	24	111	0	106	0	96	0	89	0	110	0	91	0	110	0	98	0	96	0
S73	C	G	76	7	90	17	84	0	128	0	97	0	99	0	103	0	91	0	98	0	92	0	116	0
S74	G	T	111	2	97	18	81	0	91	0	88	0	90	0	96	0	113	0	72	0	97	0	99	0
S75	C	A	78	3	90	14	82	0	101	0	99	0	94	0	107	0	99	0	113	0	115	0	101	0
S76	G	C	92	5	59	19	98	0	99	0	88	0	87	0	101	0	111	0	110	0	94	0	98	0
S77	A	C	105	1	92	17	104	0	110	0	110	0	114	0	87	0	83	0	79	0	98	0	94	0
S78	C	A	116	4	98	14	93	0	109	0	101	0	87	0	88	0	110	0	92	0	81	0	91	0
S79	T	C	115	3	92	17	104	0	97	0	95	0	112	0	89	0	88	0	96	0	95	0	105	0
S80	G	A	104	6	76	20	85	0	85	0	97	0	98	0	103	0	93	0	101	0	103	0	106	0
S81	T	A	104	3	81	23	118	0	97	0	99	0	90	0	115	0	98	0	90	0	92	0	93	0
