SNVID	Wild	Mut	R1:ref	R1:alt	R2:ref	R2:alt	R3:ref	R3:alt	R4:ref	R4:alt	R5:ref	R5:alt	R6:ref	R6:alt	R7:ref	R7:alt	R8:ref	R8:alt	R9:ref	R9:alt	R10:ref	R10:alt	R11:ref	R11:alt	
S1	G	C	69	19	84	19	83	20	80	18	81	12	85	12	77	13	91	18	83	11	83	15	80	24
S2	A	T	86	10	72	20	58	19	82	23	83	19	84	18	67	9	96	19	55	17	75	18	72	25
S3	A	T	101	19	97	11	92	15	112	15	100	17	98	7	93	6	85	19	88	15	74	15	82	26
S4	T	C	70	24	69	27	89	14	77	12	85	17	77	17	97	8	90	17	80	14	94	17	68	22
S5	C	T	97	21	86	18	98	20	101	9	98	21	79	13	91	11	91	17	87	18	78	22	98	16
S6	G	T	75	28	90	15	85	17	84	16	90	18	103	12	113	11	94	14	74	12	82	20	86	13
S7	T	G	93	17	117	15	64	21	75	15	86	11	75	10	89	11	103	15	86	12	86	9	83	26
S8	C	G	81	19	82	23	76	21	85	13	66	21	73	16	96	11	95	15	93	13	103	14	88	21
S9	A	G	72	18	84	22	77	15	93	14	94	2	106	0	96	0	110	0	61	13	88	20	85	19
S10	C	A	89	0	87	0	110	0	96	0	96	9	99	6	100	12	85	13	114	0	95	0	98	0
S11	C	T	93	0	82	0	109	0	88	0	114	0	94	0	90	0	98	14	87	0	95	0	106	0
S12	C	T	103	0	105	0	92	0	111	0	98	0	103	0	100	0	78	15	108	0	112	0	109	0
S13	A	G	80	0	103	0	109	0	119	0	91	0	110	0	83	0	80	8	109	0	99	0	100	0
S14	A	T	99	0	99	0	102	0	109	0	115	0	122	0	115	0	66	15	86	0	99	0	97	0
S15	A	T	112	0	93	0	92	0	112	0	96	0	97	0	95	0	81	6	92	0	104	0	95	0
S16	G	T	100	0	109	0	100	0	98	0	86	0	86	0	91	0	82	8	120	0	97	0	99	0
S17	A	C	112	0	106	0	94	0	133	0	90	0	115	0	91	0	95	11	103	0	107	0	93	0
S18	T	C	100	0	104	0	96	0	109	0	95	0	102	0	87	0	68	15	92	0	95	0	107	0
S19	C	A	81	0	87	0	105	0	112	0	99	0	110	0	125	0	79	17	83	0	105	0	77	0
S20	G	T	103	0	90	0	101	0	104	0	86	0	123	0	103	0	92	8	99	0	85	0	93	0
S21	T	A	103	0	90	0	105	0	118	0	101	0	83	6	116	0	116	0	89	0	111	0	88	0
S22	A	G	94	0	104	0	90	0	109	0	111	0	93	4	90	0	109	0	104	0	88	0	107	0
S23	T	A	81	18	85	14	76	21	90	14	97	0	88	0	93	0	110	0	81	0	114	0	93	0
S24	C	A	82	24	80	12	79	20	86	14	95	0	100	0	100	0	105	0	113	0	94	0	102	0
S25	A	T	92	11	96	23	72	18	100	12	73	0	106	0	89	0	113	0	87	0	114	0	85	0
S26	T	C	71	23	88	17	82	18	78	13	100	0	104	0	90	0	96	0	99	0	109	0	111	0
S27	A	G	75	20	89	18	72	24	104	13	102	0	101	0	106	0	88	0	100	0	101	0	104	0
S28	A	C	89	21	83	21	94	27	80	14	104	0	95	0	99	0	94	0	119	0	111	0	90	0
S29	A	C	80	20	82	17	66	18	97	7	106	0	107	0	94	0	94	0	87	0	103	0	102	0
S30	C	T	83	12	104	15	79	23	71	22	108	0	110	0	95	0	102	0	91	0	89	0	106	0
S31	C	T	71	20	80	17	81	23	76	17	102	0	101	0	100	0	97	0	104	0	103	0	92	0
S32	T	C	95	0	101	0	76	0	109	0	99	0	110	0	89	0	112	0	98	0	93	0	89	23
S33	A	G	82	0	85	0	99	0	83	0	110	0	93	0	103	0	104	0	84	0	106	0	66	21
S34	A	T	94	0	107	0	104	0	81	0	85	0	98	0	107	0	105	0	97	0	93	0	79	23
S35	T	C	122	0	126	0	106	0	95	0	99	0	87	0	104	0	127	0	131	0	96	0	69	21
S36	G	C	100	0	103	0	130	0	109	0	111	0	84	0	114	0	95	0	109	0	83	0	59	29
S37	A	G	110	0	99	0	103	0	111	0	121	0	89	0	113	0	99	0	93	0	88	0	80	19
S38	C	A	105	0	109	0	77	0	97	0	83	0	85	0	92	0	86	0	94	0	112	0	80	23
S39	A	T	106	0	122	0	108	0	102	0	88	5	104	0	102	0	104	0	72	13	89	12	100	0
S40	G	C	101	0	103	0	103	0	112	0	88	9	100	0	98	0	114	0	107	13	76	18	97	0
S41	T	A	93	0	120	0	97	0	94	0	87	7	97	0	92	0	92	0	56	16	86	17	97	0
S42	G	C	91	0	104	0	99	0	100	0	99	6	106	0	99	0	111	0	85	17	71	15	105	0
S43	C	G	118	0	113	0	97	0	98	0	98	2	98	0	121	0	90	0	70	8	94	15	108	0
S44	T	A	103	0	104	0	94	0	111	0	99	7	89	0	103	0	81	0	101	14	87	18	86	0
S45	G	T	98	0	102	0	102	0	111	0	105	3	90	0	104	0	90	0	110	0	96	0	103	0
S46	G	T	97	0	100	0	88	0	118	0	77	5	99	0	108	0	109	0	91	0	96	0	97	0
S47	T	G	98	0	104	0	97	0	127	0	97	5	100	0	93	0	99	0	118	0	113	0	84	0
S48	G	C	104	0	95	0	96	0	78	0	88	7	94	0	119	0	84	0	105	0	97	0	94	0
S49	G	A	113	0	103	0	79	0	122	0	106	4	110	0	107	0	96	0	83	0	88	0	100	0
S50	T	G	93	0	102	0	90	0	99	0	100	3	116	0	97	0	82	0	100	0	87	0	95	0
S51	C	T	91	0	97	0	98	0	100	0	87	5	107	0	96	0	107	0	103	0	107	0	94	0
S52	A	G	101	0	95	0	108	0	100	0	102	0	84	0	92	0	98	0	76	14	87	19	98	0
S53	A	C	88	0	101	0	104	0	94	0	104	0	92	0	114	0	105	0	87	18	79	18	98	0
S54	A	G	104	0	112	0	91	0	99	0	106	0	83	0	104	0	86	0	101	14	108	15	81	0
S55	C	A	96	0	86	0	119	0	98	0	106	0	90	0	108	0	101	0	91	20	88	16	96	0
S56	C	G	97	0	102	0	112	0	121	0	94	0	106	0	95	0	116	0	88	14	73	12	84	0
S57	C	T	100	0	99	0	106	0	107	0	118	0	99	0	104	0	113	0	88	15	71	20	107	0
S58	A	T	97	0	97	0	100	0	109	0	110	0	92	0	105	0	77	0	72	18	72	21	107	0
S59	G	C	89	0	107	0	91	0	105	0	103	0	106	0	106	0	101	0	88	11	93	14	117	0
S60	A	G	102	0	88	0	116	0	99	0	93	0	90	0	103	0	103	0	103	12	99	0	106	0
S61	C	T	114	0	90	0	87	0	120	0	90	0	117	0	105	0	96	0	66	11	93	0	87	0
S62	C	G	84	0	107	0	106	0	105	0	88	0	101	0	93	0	82	0	87	6	102	0	107	0
S63	A	T	107	0	105	0	102	0	110	0	103	0	94	0	87	0	103	0	92	13	102	0	94	0
S64	A	G	85	0	95	0	106	0	104	0	95	0	87	0	113	0	112	0	94	4	105	0	105	0
S65	G	A	102	0	94	0	96	0	105	0	105	0	94	0	76	0	94	0	107	11	103	0	90	0
S66	G	A	100	0	90	0	95	0	96	0	104	0	116	0	90	0	79	0	73	17	92	0	129	0
S67	T	A	102	0	110	0	112	0	105	0	97	0	92	0	97	0	103	0	84	10	104	0	111	0
S68	T	G	87	0	97	0	117	0	115	0	91	0	90	0	113	0	101	0	122	5	100	0	88	0
S69	C	G	94	0	82	0	81	0	104	0	96	0	106	0	110	0	96	0	93	8	110	0	96	0
S70	C	G	105	0	89	0	94	0	109	0	94	0	96	0	108	0	101	0	100	0	93	6	86	0
S71	C	T	126	0	122	0	81	17	91	11	110	0	114	0	103	0	98	0	102	0	105	0	87	0
S72	G	T	94	0	106	0	102	19	75	21	106	0	100	0	88	0	92	0	86	0	90	0	105	0
S73	C	A	100	3	75	15	76	0	101	0	91	0	113	0	90	0	115	0	99	0	97	0	95	0
S74	G	C	99	5	83	18	96	0	114	0	95	0	109	0	97	0	107	0	111	0	99	0	112	0
S75	G	C	97	5	75	23	102	0	97	0	96	0	107	0	104	0	102	0	123	0	87	0	90	0
S76	C	A	91	5	90	22	131	0	110	0	97	0	85	0	93	0	97	0	93	0	94	0	104	0
S77	T	A	93	5	80	18	104	0	97	0	109	0	103	0	121	0	97	0	98	0	99	0	128	0
S78	T	A	83	7	76	19	101	0	95	0	102	0	84	0	99	0	86	0	90	0	117	0	120	0
