SNVID	Wild	Mut	R1:ref	R1:alt	R2:ref	R2:alt	R3:ref	R3:alt	R4:ref	R4:alt	R5:ref	R5:alt	R6:ref	R6:alt	R7:ref	R7:alt	R8:ref	R8:alt	R9:ref	R9:alt	R10:ref	R10:alt	R11:ref	R11:alt	
S1	G	C	92	17	91	17	90	21	83	19	88	15	84	14	96	8	84	20	70	12	83	13	89	21
S2	A	C	73	19	97	19	52	23	82	18	85	14	87	10	87	9	92	12	88	20	59	18	86	27
S3	A	G	63	25	81	20	86	22	84	16	98	18	97	9	101	13	85	20	91	10	82	20	66	27
S4	A	T	97	25	66	23	76	20	81	20	86	16	72	14	90	11	78	19	88	17	62	19	80	17
S5	C	A	65	30	74	20	63	23	81	13	67	14	102	12	91	10	64	18	83	20	76	20	67	34
S6	T	C	89	17	104	14	75	22	83	13	89	17	91	8	96	8	80	23	89	17	72	19	83	22
S7	A	T	80	19	78	17	83	19	81	18	90	11	99	11	90	14	74	22	92	18	71	28	89	15
S8	G	A	91	23	98	13	72	19	86	18	97	16	65	12	110	15	72	18	98	18	78	18	79	22
S9	G	C	54	30	83	16	81	20	91	12	72	18	72	14	91	7	84	12	61	17	86	16	77	23
S10	G	T	70	15	85	17	88	18	73	16	95	15	99	13	89	15	62	17	103	11	81	14	76	29
S11	G	A	76	23	73	20	62	22	77	13	95	4	101	0	84	0	87	0	93	17	88	16	65	16
S12	C	T	101	0	121	0	103	0	93	0	83	13	93	7	96	9	77	20	121	0	103	0	84	0
S13	C	T	100	0	102	0	107	0	115	0	85	0	95	0	98	0	90	12	91	0	93	0	95	0
S14	T	A	108	0	95	0	99	0	96	0	94	0	87	0	103	0	86	13	122	0	111	0	99	0
S15	G	C	97	0	102	0	97	0	99	0	103	0	111	0	99	0	73	14	107	0	86	0	97	0
S16	A	G	93	0	88	0	94	0	78	0	102	0	94	0	95	0	76	14	88	0	97	0	101	0
S17	T	G	95	0	102	0	82	0	126	0	103	0	81	0	117	0	91	11	109	0	130	0	96	0
S18	A	T	92	0	126	0	91	0	97	0	111	0	84	0	95	0	96	10	115	0	111	0	92	0
S19	A	C	94	0	98	0	104	0	112	0	92	0	101	0	105	0	86	13	95	0	102	0	117	0
S20	C	G	100	0	99	0	101	0	107	0	109	0	104	10	77	0	89	0	116	0	121	0	106	0
S21	A	T	68	23	65	17	76	22	90	12	106	0	101	0	95	0	102	0	92	0	91	0	105	0
S22	C	G	54	21	66	19	69	20	78	16	102	0	107	0	111	0	88	0	102	0	120	0	105	0
S23	C	T	88	22	72	17	86	19	94	17	104	0	93	0	102	0	94	0	92	0	101	0	118	0
S24	A	C	69	18	93	14	72	11	93	14	94	0	90	0	106	0	116	0	108	0	100	0	89	0
S25	A	C	86	13	63	18	84	11	85	9	106	0	105	0	87	0	95	0	119	0	108	0	104	0
S26	T	A	105	0	115	0	85	0	109	0	97	0	103	0	91	0	102	0	91	0	100	0	91	21
S27	T	A	95	0	108	0	125	0	98	0	87	0	90	0	98	0	96	0	109	0	100	0	85	19
S28	A	C	101	0	85	0	96	0	107	0	94	0	97	0	105	0	106	0	94	0	101	0	91	15
S29	A	C	118	0	89	0	108	0	87	0	96	0	102	0	95	0	107	0	105	0	92	0	73	25
S30	A	C	108	0	104	0	99	0	94	0	91	0	88	0	102	0	82	0	107	0	96	0	88	13
S31	T	A	101	0	96	0	98	0	93	0	108	0	118	0	125	0	100	0	89	0	107	0	98	22
S32	T	C	100	0	108	0	88	0	99	0	118	1	95	0	93	0	98	0	80	17	87	23	119	0
S33	T	G	109	0	97	0	97	0	100	0	95	3	103	0	101	0	75	0	86	18	69	21	104	0
S34	G	C	106	0	126	0	87	0	105	0	94	5	92	0	105	0	95	0	94	8	99	14	99	0
S35	G	A	111	0	98	0	110	0	104	0	105	7	115	0	76	0	89	0	89	18	102	17	87	0
S36	G	C	106	0	93	0	84	0	95	0	84	6	102	0	84	0	122	0	93	18	83	15	102	0
S37	C	T	110	0	94	0	125	0	102	0	88	6	111	0	97	0	90	0	71	11	66	23	90	0
S38	T	A	114	0	106	0	84	0	114	0	88	5	85	0	105	0	108	0	94	10	78	18	104	0
S39	C	A	94	0	102	0	108	0	100	0	89	6	91	0	105	0	89	0	92	16	86	18	109	0
S40	A	G	104	0	111	0	86	0	96	0	91	4	96	0	122	0	104	0	111	0	97	0	102	0
S41	G	C	76	0	74	0	89	0	109	0	105	3	108	0	82	0	100	0	113	0	90	0	97	0
S42	C	T	104	0	94	0	89	0	107	0	99	5	107	0	89	0	100	0	92	0	87	0	108	0
S43	A	G	105	0	87	0	85	0	105	0	94	4	105	0	104	0	89	0	111	0	109	0	84	0
S44	A	T	103	0	102	0	85	0	102	0	97	1	106	0	103	0	93	0	95	0	106	0	102	0
S45	T	A	93	0	89	0	111	0	97	0	96	4	101	0	108	0	111	0	106	0	104	0	114	0
S46	G	T	78	0	114	0	92	0	87	0	89	5	94	0	94	0	106	0	97	0	96	0	97	0
S47	T	C	105	0	103	0	107	0	104	0	116	3	110	0	104	0	100	0	90	0	112	0	97	0
S48	A	T	89	0	115	0	111	0	86	0	105	0	99	0	98	0	78	0	81	16	71	18	92	0
S49	A	G	111	0	105	0	99	0	95	0	94	0	83	0	98	0	92	0	88	16	77	25	102	0
S50	C	T	112	0	102	0	105	0	104	0	84	0	101	0	94	0	100	0	64	14	70	16	101	0
S51	C	A	98	0	103	0	111	0	111	0	110	0	80	0	105	0	119	0	86	13	97	14	109	0
S52	A	G	88	0	96	0	115	0	102	0	82	0	91	0	104	0	92	0	87	15	71	19	86	0
S53	A	T	101	0	100	0	105	0	103	0	89	0	101	0	105	0	94	0	84	14	85	17	91	0
S54	A	C	94	0	108	0	99	0	95	0	105	0	117	0	109	0	94	0	88	12	86	16	110	0
S55	T	G	103	0	111	0	107	0	102	0	105	0	106	0	106	0	105	0	92	9	103	0	117	0
S56	C	A	103	0	113	0	98	0	97	0	104	0	96	0	99	0	103	0	74	20	113	0	97	0
S57	A	G	107	0	107	0	112	0	98	0	85	0	88	0	106	0	90	0	87	9	106	0	80	0
S58	G	T	96	0	110	0	105	0	90	0	103	0	95	0	93	0	96	0	89	18	91	0	86	0
S59	G	A	97	0	91	0	109	0	114	0	99	0	96	0	119	0	96	0	99	8	95	0	117	0
S60	T	G	87	0	90	0	107	0	94	0	102	0	111	0	111	0	84	0	73	14	106	0	102	0
S61	C	A	106	0	105	0	111	0	95	0	89	0	107	0	98	0	107	0	102	9	93	0	106	0
S62	C	G	98	0	108	0	88	0	91	0	96	0	109	0	104	0	98	0	97	0	73	7	116	0
S63	C	T	110	0	109	0	76	20	98	18	111	0	116	0	105	0	99	0	93	0	93	0	99	0
S64	A	C	103	4	83	20	104	0	95	0	111	0	91	0	93	0	93	0	112	0	114	0	94	0
S65	G	T	105	6	88	20	103	0	103	0	100	0	100	0	90	0	105	0	110	0	102	0	118	0
S66	C	A	87	8	79	20	78	0	98	0	93	0	92	0	73	0	106	0	108	0	102	0	94	0
S67	C	G	88	2	74	18	87	0	104	0	95	0	138	0	95	0	98	0	91	0	97	0	93	0
S68	A	G	97	5	83	14	124	0	98	0	82	0	105	0	91	0	102	0	101	0	96	0	98	0
