SNVID	Wild	Mut	R1:ref	R1:alt	R2:ref	R2:alt	R3:ref	R3:alt	R4:ref	R4:alt	R5:ref	R5:alt	R6:ref	R6:alt	R7:ref	R7:alt	R8:ref	R8:alt	R9:ref	R9:alt	R10:ref	R10:alt	R11:ref	R11:alt	
S1	T	C	74	20	63	16	88	24	67	27	90	14	87	10	94	7	87	16	107	16	84	14	83	22
S2	G	A	70	21	74	23	66	18	90	12	92	17	82	15	89	11	85	10	99	17	83	30	87	23
S3	G	C	102	13	94	11	78	19	93	14	69	18	77	18	82	11	85	12	71	20	81	24	73	26
S4	A	G	86	19	86	17	84	19	66	15	75	11	77	21	105	11	78	10	96	11	67	17	94	19
S5	C	A	73	19	72	22	86	13	91	15	89	18	90	11	89	8	101	14	87	12	87	18	81	21
S6	G	T	68	19	80	16	71	22	81	12	80	16	90	10	117	13	85	17	90	9	83	16	79	25
S7	A	T	74	24	81	18	78	13	74	12	94	11	82	15	109	12	70	25	83	14	92	20	79	23
S8	C	A	83	30	95	15	100	14	95	15	74	15	80	14	106	7	80	18	83	11	64	22	60	21
S9	G	C	70	24	83	22	85	21	75	16	91	2	106	0	98	0	113	0	89	20	69	22	74	25
S10	C	G	88	0	93	0	89	0	99	0	75	13	95	9	102	13	114	12	91	0	119	0	99	0
S11	C	T	99	0	88	0	96	0	112	0	107	0	88	0	78	0	86	13	115	0	101	0	95	0
S12	G	A	107	0	86	0	97	0	99	0	98	0	106	0	97	0	81	15	99	0	116	0	86	0
S13	C	G	98	0	99	0	105	0	102	0	116	0	103	0	107	0	90	16	104	0	117	0	111	0
S14	C	T	104	0	108	0	108	0	112	0	112	0	106	0	120	0	70	19	95	0	88	0	103	0
S15	G	T	95	0	108	0	99	0	99	0	95	0	109	0	112	0	93	16	103	0	98	0	114	0
S16	A	T	114	0	103	0	95	0	90	0	94	0	102	0	85	0	78	12	94	0	121	0	107	0
S17	T	A	93	0	92	0	103	0	88	0	112	0	85	0	86	0	80	14	93	0	107	0	94	0
S18	T	C	75	0	90	0	103	0	112	0	107	0	106	0	94	0	92	10	108	0	83	0	127	0
S19	C	G	99	0	100	0	103	0	95	0	97	0	89	0	102	0	97	11	86	0	103	0	99	0
S20	A	G	104	0	93	0	71	0	120	0	81	0	102	11	117	0	92	0	82	0	88	0	103	0
S21	A	C	86	16	85	12	64	14	63	18	96	0	103	0	91	0	100	0	97	0	95	0	101	0
S22	C	G	69	30	82	12	98	13	95	14	102	0	108	0	89	0	113	0	106	0	105	0	127	0
S23	G	T	70	27	86	14	82	18	86	17	100	0	113	0	103	0	87	0	96	0	79	0	87	0
S24	C	T	65	25	80	15	73	24	73	21	123	0	118	0	92	0	103	0	89	0	97	0	95	0
S25	G	C	79	17	90	15	91	20	95	18	102	0	102	0	98	0	96	0	128	0	98	0	98	0
S26	T	G	65	24	84	16	62	21	77	17	109	0	108	0	84	0	108	0	104	0	97	0	85	0
S27	C	T	66	28	83	15	80	14	89	17	85	0	100	0	99	0	90	0	102	0	115	0	93	0
S28	G	C	65	22	107	19	94	13	76	23	102	0	105	0	100	0	103	0	109	0	90	0	88	0
S29	C	G	63	23	80	20	76	19	100	9	94	0	95	0	98	0	115	0	80	0	91	0	109	0
S30	A	C	112	0	79	0	90	0	101	0	108	0	101	0	99	0	103	0	100	0	108	0	88	24
S31	C	T	96	0	88	0	116	0	99	0	117	0	89	0	92	0	77	0	101	0	87	0	95	17
S32	C	T	92	0	90	0	116	0	95	0	91	0	102	0	94	0	91	0	107	0	94	0	79	18
S33	G	T	98	0	92	0	87	0	103	0	98	0	95	0	97	0	97	0	104	0	121	0	77	19
S34	T	A	91	0	100	0	100	0	107	0	91	0	126	0	115	0	82	0	96	0	100	0	71	18
S35	A	C	103	0	107	0	95	0	90	0	113	0	122	0	101	0	93	0	88	0	105	0	76	27
S36	T	G	104	0	90	0	90	0	96	0	100	0	119	0	125	0	93	0	104	0	98	0	78	18
S37	A	C	92	0	103	0	87	0	104	0	101	0	101	0	87	0	99	0	79	0	101	0	76	17
S38	C	G	101	0	91	0	106	0	117	0	95	0	105	0	94	0	108	0	92	0	100	0	60	26
S39	T	A	80	0	106	0	94	0	108	0	94	0	87	0	112	0	109	0	104	0	98	0	93	11
S40	A	T	110	0	90	0	108	0	86	0	100	9	101	0	111	0	89	0	76	15	66	15	111	0
S41	G	A	93	0	92	0	97	0	104	0	95	1	81	0	101	0	88	0	82	18	88	23	93	0
S42	G	A	93	0	92	0	116	0	103	0	90	5	113	0	96	0	96	0	92	24	77	17	89	0
S43	A	T	104	0	108	0	118	0	102	0	106	3	108	0	94	0	100	0	90	13	48	24	104	0
S44	T	G	96	0	111	0	99	0	107	0	103	4	88	0	89	0	90	0	65	19	67	27	111	0
S45	A	C	114	0	93	0	118	0	108	0	99	3	118	0	119	0	87	0	91	18	70	22	98	0
S46	C	A	107	0	102	0	97	0	130	0	90	4	113	0	97	0	87	0	89	11	82	27	98	0
S47	G	T	100	0	89	0	92	0	116	0	95	2	96	0	96	0	112	0	88	14	86	17	95	0
S48	C	A	104	0	79	0	87	0	97	0	99	3	97	0	103	0	105	0	99	0	113	0	101	0
S49	A	T	96	0	82	0	107	0	84	0	110	5	90	0	101	0	114	0	105	0	94	0	105	0
S50	C	G	97	0	96	0	111	0	112	0	88	12	119	0	98	0	100	0	100	0	92	0	81	0
S51	C	T	104	0	99	0	99	0	111	0	77	6	116	0	78	0	84	0	109	0	95	0	102	0
S52	G	C	99	0	91	0	87	0	93	0	80	3	103	0	115	0	105	0	92	0	109	0	100	0
S53	C	G	93	0	81	0	88	0	103	0	101	6	125	0	84	0	100	0	97	0	103	0	100	0
S54	T	C	105	0	104	0	99	0	105	0	95	0	106	0	90	0	114	0	90	20	93	13	93	0
S55	G	T	101	0	104	0	102	0	120	0	98	0	89	0	101	0	102	0	87	14	74	17	89	0
S56	C	A	88	0	96	0	110	0	110	0	98	0	93	0	113	0	88	0	95	15	89	16	95	0
S57	G	C	93	0	107	0	104	0	89	0	96	0	95	0	82	0	89	0	90	6	64	19	119	0
S58	C	A	97	0	74	0	92	0	99	0	115	0	116	0	99	0	78	0	82	17	77	18	90	0
S59	A	T	121	0	89	0	106	0	100	0	114	0	82	0	98	0	89	0	97	12	113	13	93	0
S60	T	C	105	0	102	0	95	0	85	0	87	0	89	0	99	0	107	0	77	19	82	17	99	0
S61	G	C	90	0	98	0	122	0	86	0	103	0	106	0	90	0	95	0	81	20	95	10	93	0
S62	G	A	104	0	102	0	94	0	101	0	107	0	104	0	108	0	91	0	96	15	78	16	96	0
S63	T	C	98	0	108	0	98	0	89	0	86	0	115	0	104	0	103	0	98	10	92	0	107	0
S64	C	A	101	0	81	0	84	0	96	0	104	0	90	0	90	0	96	0	84	10	99	0	97	0
S65	G	C	98	0	97	0	87	0	111	0	97	0	91	0	112	0	102	0	93	9	89	0	101	0
S66	T	A	93	0	84	0	108	0	96	0	110	0	101	0	91	0	114	0	95	12	119	0	101	0
S67	G	C	106	0	106	0	100	0	97	0	93	0	107	0	105	0	93	0	93	12	96	0	92	0
S68	C	A	100	0	108	0	101	0	109	0	102	0	98	0	112	0	106	0	89	15	96	0	87	0
S69	T	C	80	0	119	0	86	0	95	0	110	0	101	0	118	0	111	0	82	0	97	3	102	0
S70	A	T	90	0	97	0	92	24	72	16	117	0	93	0	74	0	101	0	98	0	86	0	82	0
S71	C	A	87	0	98	0	57	30	85	16	105	0	91	0	81	0	90	0	94	0	113	0	103	0
S72	C	G	97	4	75	12	93	0	118	0	74	0	119	0	115	0	93	0	87	0	105	0	111	0
S73	C	G	95	2	96	14	106	0	84	0	105	0	104	0	114	0	102	0	95	0	91	0	111	0
S74	C	A	80	9	80	14	104	0	108	0	94	0	109	0	94	0	102	0	92	0	90	0	102	0
S75	T	A	67	5	89	16	130	0	100	0	92	0	109	0	99	0	83	0	116	0	101	0	95	0
S76	C	T	98	2	77	22	95	0	100	0	125	0	83	0	99	0	95	0	99	0	99	0	105	0
S77	T	A	91	3	91	16	103	0	107	0	98	0	116	0	88	0	103	0	110	0	94	0	93	0
