SNVID	Wild	Mut	R1:ref	R1:alt	R2:ref	R2:alt	R3:ref	R3:alt	R4:ref	R4:alt	R5:ref	R5:alt	R6:ref	R6:alt	R7:ref	R7:alt	R8:ref	R8:alt	R9:ref	R9:alt	R10:ref	R10:alt	R11:ref	R11:alt	
S1	T	C	84	10	82	10	92	16	85	19	74	20	94	14	98	7	83	17	90	21	79	21	75	19
S2	T	C	94	17	73	20	77	20	93	9	105	16	94	12	106	8	72	30	91	12	102	16	65	25
S3	C	G	67	27	77	24	58	24	82	12	101	20	98	12	94	12	98	10	119	8	79	16	66	25
S4	C	G	85	18	85	18	93	15	82	14	80	17	89	10	105	15	76	20	97	10	88	14	65	22
S5	C	T	80	21	89	23	84	20	86	7	88	13	74	17	64	13	78	8	92	12	73	20	82	22
S6	C	G	92	22	95	16	89	26	91	14	106	10	82	9	104	7	82	18	80	15	98	17	61	24
S7	C	G	103	15	107	17	84	17	84	13	96	20	79	16	77	12	84	14	91	17	62	25	92	14
S8	T	C	84	17	73	20	76	15	73	22	78	12	69	16	95	13	72	22	99	11	77	23	92	20
S9	G	C	79	21	94	20	72	20	86	9	73	19	79	12	95	9	88	22	72	17	82	21	70	30
S10	T	A	75	15	101	12	87	18	103	12	100	6	80	9	100	10	81	14	82	19	85	15	77	28
S11	A	G	84	15	78	17	89	17	95	14	108	4	83	0	112	0	108	0	94	15	75	19	67	22
S12	C	G	96	0	103	0	113	0	100	0	111	6	86	12	98	10	73	20	113	0	106	0	103	0
S13	T	G	110	0	99	0	99	0	99	0	94	0	81	0	100	0	95	9	95	0	96	0	85	0
S14	T	G	101	0	110	0	99	0	86	0	92	0	108	0	102	0	73	18	98	0	122	0	110	0
S15	A	G	121	0	85	0	80	0	113	0	112	0	104	0	115	0	81	13	116	0	92	0	93	0
S16	A	T	95	0	122	0	118	0	101	0	102	0	77	0	103	0	104	9	90	0	87	0	96	0
S17	A	C	95	0	96	0	107	0	97	0	108	0	106	0	96	0	73	24	110	0	104	0	112	0
S18	G	A	116	0	92	0	96	0	88	0	119	0	110	0	99	0	72	14	98	0	85	0	103	0
S19	A	C	109	0	102	0	80	0	110	0	79	0	109	0	79	0	78	15	106	0	124	0	103	0
S20	T	A	79	0	108	0	117	0	117	0	85	0	97	0	96	0	95	9	104	0	98	0	103	0
S21	C	A	83	0	106	0	115	0	103	0	99	0	83	13	93	0	113	0	114	0	110	0	95	0
S22	G	C	94	20	83	11	80	19	86	10	104	0	109	0	99	0	98	0	99	0	85	0	98	0
S23	C	A	86	20	87	20	63	26	63	10	99	0	105	0	108	0	97	0	107	0	83	0	91	0
S24	C	T	87	12	79	17	80	25	102	19	91	0	93	0	95	0	109	0	110	0	106	0	91	0
S25	G	T	46	25	84	20	81	21	86	18	76	0	86	0	95	0	105	0	85	0	118	0	94	0
S26	A	T	105	12	64	22	84	19	92	17	116	0	102	0	98	0	104	0	110	0	95	0	87	0
S27	C	T	96	17	82	18	90	20	88	16	99	0	111	0	100	0	99	0	84	0	106	0	105	0
S28	T	A	98	0	100	0	94	0	126	0	96	0	111	0	92	0	104	0	113	0	97	0	90	18
S29	G	A	99	0	121	0	92	0	86	0	91	0	89	0	110	0	94	0	104	0	100	0	58	30
S30	T	A	87	0	95	0	106	0	97	0	109	0	98	0	133	0	100	0	114	0	111	0	92	22
S31	G	A	102	0	100	0	101	0	96	0	106	0	91	0	112	0	100	0	92	0	95	0	84	19
S32	G	T	99	0	101	0	99	0	100	0	84	0	87	0	101	0	104	0	104	0	108	0	72	20
S33	G	C	101	0	131	0	99	0	116	0	98	3	89	0	105	0	105	0	73	16	79	20	103	0
S34	G	A	90	0	119	0	112	0	99	0	98	3	99	0	98	0	98	0	82	16	85	15	74	0
S35	A	G	88	0	105	0	97	0	94	0	96	4	106	0	104	0	114	0	96	17	71	12	110	0
S36	A	C	99	0	101	0	81	0	104	0	97	8	114	0	89	0	122	0	90	12	67	20	94	0
S37	C	T	108	0	97	0	97	0	87	0	102	1	99	0	106	0	100	0	79	14	62	21	89	0
S38	C	T	108	0	96	0	96	0	98	0	77	6	92	0	96	0	100	0	99	12	99	14	86	0
S39	C	T	124	0	104	0	100	0	86	0	70	6	107	0	84	0	94	0	55	12	64	21	101	0
S40	C	T	102	0	80	0	94	0	86	0	96	9	97	0	98	0	92	0	79	12	85	18	79	0
S41	G	T	117	0	102	0	98	0	94	0	93	6	90	0	86	0	74	0	94	10	93	13	92	0
S42	C	A	95	0	98	0	98	0	113	0	95	3	89	0	88	0	92	0	109	0	115	0	104	0
S43	A	T	93	0	104	0	103	0	109	0	93	6	100	0	119	0	92	0	115	0	104	0	94	0
S44	C	G	94	0	92	0	119	0	119	0	90	1	97	0	130	0	93	0	103	0	114	0	93	0
S45	C	A	87	0	109	0	101	0	106	0	100	3	99	0	102	0	97	0	114	0	92	0	106	0
S46	A	G	86	0	97	0	130	0	101	0	85	7	91	0	102	0	104	0	115	0	116	0	116	0
S47	A	C	102	0	95	0	101	0	92	0	100	4	104	0	110	0	99	0	95	0	94	0	100	0
S48	C	T	94	0	87	0	101	0	111	0	116	0	95	0	93	0	88	0	60	18	93	12	98	0
S49	T	C	101	0	118	0	111	0	98	0	99	0	107	0	100	0	88	0	94	8	58	21	101	0
S50	T	G	114	0	107	0	113	0	100	0	82	0	102	0	85	0	91	0	105	19	86	14	93	0
S51	A	C	105	0	100	0	95	0	115	0	93	0	96	0	93	0	109	0	93	13	78	15	106	0
S52	C	A	89	0	97	0	96	0	98	0	95	0	101	0	120	0	124	0	88	5	74	21	94	0
S53	G	T	87	0	102	0	94	0	102	0	92	0	111	0	103	0	94	0	88	5	94	0	91	0
S54	T	C	104	0	94	0	82	0	103	0	98	0	85	0	99	0	93	0	90	9	87	0	96	0
S55	T	G	121	0	87	0	113	0	113	0	112	0	89	0	102	0	98	0	87	18	106	0	118	0
S56	T	G	97	0	123	0	115	0	101	0	111	0	107	0	106	0	85	0	93	8	110	0	100	0
S57	T	A	97	0	98	0	118	0	77	0	95	0	103	0	109	0	128	0	64	9	93	0	113	0
S58	T	C	98	0	115	0	100	0	101	0	107	0	104	0	115	0	87	0	93	9	88	0	118	0
S59	A	G	110	0	106	0	96	0	100	0	114	0	97	0	106	0	82	0	82	3	97	0	92	0
S60	T	A	102	0	113	0	97	0	99	0	96	0	90	0	98	0	92	0	106	12	102	0	103	0
S61	A	C	98	0	100	0	99	0	87	0	95	0	96	0	97	0	88	0	113	7	102	0	112	0
S62	T	A	90	0	86	0	91	0	93	0	92	0	111	0	97	0	81	0	91	9	98	0	83	0
S63	T	C	82	0	97	0	95	0	102	0	86	0	89	0	105	0	78	0	87	0	100	1	97	0
S64	C	G	100	0	102	0	81	23	91	12	92	0	100	0	90	0	100	0	105	0	84	0	111	0
S65	G	T	85	0	101	0	90	19	95	13	109	0	88	0	109	0	90	0	90	0	107	0	106	0
S66	C	G	80	6	97	13	116	0	116	0	115	0	105	0	126	0	83	0	93	0	89	0	87	0
S67	C	T	72	8	73	19	89	0	92	0	100	0	107	0	94	0	119	0	99	0	94	0	106	0
S68	T	C	95	5	86	15	105	0	90	0	101	0	95	0	112	0	92	0	109	0	109	0	108	0
S69	A	G	93	9	90	13	97	0	96	0	104	0	102	0	97	0	83	0	84	0	103	0	106	0
S70	G	T	95	10	71	15	88	0	108	0	103	0	97	0	96	0	100	0	104	0	101	0	105	0
S71	A	T	95	3	78	20	101	0	89	0	93	0	100	0	107	0	100	0	101	0	84	0	98	0
S72	C	A	101	2	72	17	91	0	90	0	106	0	106	0	104	0	105	0	112	0	107	0	104	0
S73	G	A	103	2	79	16	102	0	97	0	97	0	84	0	101	0	97	0	116	0	93	0	87	0
S74	C	T	96	3	79	13	95	0	93	0	103	0	115	0	92	0	91	0	100	0	105	0	94	0
