SNVID	Wild	Mut	R1:ref	R1:alt	R2:ref	R2:alt	R3:ref	R3:alt	R4:ref	R4:alt	R5:ref	R5:alt	R6:ref	R6:alt	R7:ref	R7:alt	R8:ref	R8:alt	R9:ref	R9:alt	R10:ref	R10:alt	R11:ref	R11:alt	
S1	A	G	81	15	76	23	71	22	82	17	82	9	80	12	89	10	89	17	74	18	84	16	67	16
S2	A	C	78	18	91	20	81	19	101	16	67	14	100	9	91	12	68	21	88	12	80	19	64	26
S3	C	A	65	21	75	24	88	21	75	17	91	21	83	16	100	5	92	21	72	20	104	11	83	19
S4	C	G	71	26	96	22	86	17	90	11	88	15	100	7	104	12	63	15	98	9	97	14	51	34
S5	T	G	90	17	78	16	73	22	96	9	84	9	98	10	92	7	86	17	80	12	88	21	78	17
S6	A	C	83	14	94	13	81	15	96	16	87	15	82	13	92	10	74	17	86	18	83	16	81	25
S7	A	T	88	18	66	17	64	17	96	13	102	4	94	0	121	0	95	0	67	16	73	20	87	23
S8	C	A	77	0	105	0	106	0	100	0	76	8	96	14	89	6	79	17	101	0	97	0	98	0
S9	T	A	94	0	108	0	112	0	111	0	99	0	105	0	86	0	89	14	105	0	104	0	95	0
S10	C	A	112	0	97	0	113	0	110	0	108	0	106	0	95	0	88	9	107	0	109	0	95	0
S11	C	T	112	0	113	0	110	0	96	0	92	0	100	0	90	0	83	16	90	0	91	0	94	0
S12	G	C	118	0	123	0	90	0	91	0	101	0	117	0	98	0	67	15	92	0	90	0	105	0
S13	C	G	82	0	100	0	102	0	118	0	109	0	105	0	93	0	104	12	104	0	95	0	101	0
S14	G	C	101	0	89	0	105	0	105	0	110	0	96	11	105	0	97	0	95	0	118	0	84	0
S15	C	A	116	0	110	0	88	0	78	0	112	0	77	8	103	0	78	0	100	0	104	0	99	0
S16	T	C	91	15	87	20	84	28	68	15	84	0	85	0	104	0	91	0	103	0	93	0	116	0
S17	T	G	74	19	96	17	90	20	95	19	105	0	91	0	98	0	127	0	103	0	92	0	92	0
S18	C	A	83	19	67	18	86	18	78	18	97	0	93	0	92	0	102	0	83	0	92	0	112	0
S19	A	C	78	21	84	17	85	23	79	12	83	0	104	0	112	0	115	0	83	0	124	0	100	0
S20	G	T	86	22	84	25	78	21	70	19	103	0	91	0	93	0	84	0	85	0	98	0	82	0
S21	G	A	61	25	77	16	75	25	97	20	97	0	83	0	97	0	117	0	112	0	92	0	108	0
S22	G	A	79	21	103	15	69	28	77	9	109	0	84	0	108	0	104	0	96	0	104	0	108	0
S23	C	A	103	0	98	0	105	0	107	0	96	0	96	0	100	0	90	0	93	0	121	0	74	16
S24	C	T	102	0	112	0	103	0	103	0	109	0	81	0	99	0	94	0	86	0	108	0	84	17
S25	A	G	91	0	105	0	93	0	124	0	111	0	94	0	104	0	93	0	72	0	101	0	73	19
S26	C	T	88	0	109	0	90	0	111	0	97	0	110	0	103	0	85	0	94	0	88	0	81	17
S27	C	A	104	0	108	0	96	0	92	0	110	0	95	0	115	0	83	0	96	0	95	0	77	13
S28	T	G	92	0	107	0	111	0	121	0	97	4	108	0	84	0	105	0	82	8	84	24	106	0
S29	C	A	90	0	121	0	113	0	88	0	110	7	112	0	88	0	111	0	95	13	95	12	109	0
S30	A	G	111	0	101	0	106	0	109	0	96	3	100	0	104	0	87	0	95	10	82	22	96	0
S31	T	G	94	0	92	0	102	0	104	0	107	2	103	0	119	0	101	0	87	9	65	24	113	0
S32	C	A	97	0	91	0	108	0	107	0	96	7	114	0	105	0	95	0	95	12	74	15	105	0
S33	G	C	99	0	112	0	90	0	112	0	83	7	88	0	81	0	106	0	81	21	80	17	100	0
S34	G	A	99	0	103	0	99	0	100	0	80	7	98	0	106	0	98	0	50	15	92	14	102	0
S35	C	A	98	0	97	0	90	0	95	0	118	7	92	0	106	0	121	0	74	19	66	24	95	0
S36	C	A	82	0	112	0	93	0	90	0	79	4	104	0	96	0	98	0	86	17	88	16	96	0
S37	A	C	98	0	99	0	100	0	97	0	86	8	103	0	94	0	105	0	101	17	75	18	115	0
S38	C	G	101	0	97	0	105	0	84	0	97	0	115	0	92	0	104	0	110	0	90	0	78	0
S39	G	A	84	0	109	0	103	0	88	0	99	5	99	0	86	0	82	0	105	0	114	0	88	0
S40	T	C	80	0	97	0	106	0	92	0	85	7	123	0	114	0	99	0	93	0	103	0	86	0
S41	T	G	104	0	112	0	83	0	94	0	121	5	92	0	95	0	102	0	99	0	101	0	114	0
S42	G	C	98	0	111	0	109	0	101	0	94	2	101	0	102	0	107	0	110	0	113	0	105	0
S43	A	G	99	0	109	0	110	0	109	0	74	9	108	0	90	0	96	0	97	0	102	0	103	0
S44	A	C	116	0	99	0	98	0	94	0	92	9	104	0	101	0	98	0	98	0	107	0	90	0
S45	T	C	111	0	90	0	118	0	92	0	96	0	102	0	111	0	87	0	84	14	98	17	113	0
S46	G	C	107	0	104	0	94	0	109	0	101	0	112	0	101	0	89	0	85	24	88	16	100	0
S47	A	G	108	0	100	0	89	0	101	0	103	0	79	0	98	0	104	0	99	14	86	17	112	0
S48	G	A	86	0	105	0	103	0	92	0	98	0	81	0	116	0	86	0	84	17	80	18	105	0
S49	C	T	90	0	100	0	96	0	96	0	102	0	120	0	97	0	94	0	101	12	101	16	119	0
S50	C	G	103	0	103	0	89	0	78	0	104	0	95	0	97	0	109	0	84	13	91	20	96	0
S51	C	A	91	0	104	0	94	0	98	0	112	0	93	0	109	0	96	0	100	10	58	21	91	0
S52	C	A	117	0	105	0	87	0	110	0	91	0	106	0	92	0	101	0	98	16	76	17	85	0
S53	G	A	94	0	105	0	93	0	109	0	92	0	105	0	99	0	91	0	99	9	94	0	97	0
S54	A	G	100	0	126	0	97	0	93	0	86	0	113	0	90	0	90	0	107	12	97	0	89	0
S55	G	A	96	0	90	0	115	0	116	0	95	0	102	0	104	0	86	0	97	9	75	0	96	0
S56	A	T	94	0	107	0	88	0	88	0	96	0	111	0	99	0	115	0	90	15	100	0	76	0
S57	C	G	112	0	120	0	93	0	89	0	100	0	82	0	104	0	75	0	100	11	112	0	104	0
S58	T	C	82	0	118	0	87	0	105	0	84	0	92	0	113	0	107	0	108	0	113	1	86	0
S59	T	C	114	0	93	0	99	0	104	0	126	0	103	0	108	0	102	0	77	0	107	7	85	0
S60	G	T	100	0	104	0	71	20	87	8	94	0	109	0	93	0	97	0	95	0	90	0	97	0
S61	T	C	92	0	86	0	83	21	87	19	86	0	102	0	118	0	99	0	101	0	105	0	89	0
S62	A	G	79	10	93	14	92	0	98	0	95	0	105	0	100	0	102	0	86	0	107	0	94	0
S63	A	G	109	4	73	17	87	0	103	0	95	0	95	0	105	0	90	0	96	0	93	0	87	0
S64	C	T	89	6	79	19	101	0	92	0	96	0	101	0	108	0	100	0	107	0	92	0	101	0
S65	G	A	91	3	95	13	87	0	88	0	111	0	98	0	99	0	117	0	92	0	116	0	89	0
S66	G	T	113	7	49	23	100	0	100	0	111	0	92	0	104	0	113	0	90	0	115	0	127	0
S67	T	G	114	4	77	17	91	0	91	0	93	0	106	0	111	0	95	0	107	0	100	0	97	0
S68	C	A	98	2	66	24	93	0	116	0	100	0	81	0	104	0	105	0	91	0	102	0	98	0
S69	C	T	102	6	70	16	100	0	102	0	100	0	118	0	101	0	94	0	94	0	92	0	88	0
