SNVID	Wild	Mut	R1:ref	R1:alt	R2:ref	R2:alt	R3:ref	R3:alt	R4:ref	R4:alt	R5:ref	R5:alt	R6:ref	R6:alt	R7:ref	R7:alt	R8:ref	R8:alt	R9:ref	R9:alt	R10:ref	R10:alt	R11:ref	R11:alt	
S1	C	A	85	13	83	25	79	20	79	17	78	15	99	12	77	11	79	22	82	15	88	19	67	25
S2	G	T	61	23	96	13	86	20	93	13	75	19	105	11	77	5	67	27	72	18	75	26	77	18
S3	A	G	74	23	75	22	96	18	91	15	82	25	114	10	95	11	77	24	90	13	93	11	76	20
S4	C	A	70	21	64	19	66	24	80	18	75	19	75	11	91	10	104	8	92	13	66	12	80	23
S5	G	C	77	15	79	16	83	24	83	17	90	14	82	13	102	5	79	15	91	10	75	17	78	31
S6	A	T	62	26	81	16	78	14	81	13	85	12	84	13	103	13	86	17	71	16	97	16	89	15
S7	A	T	74	24	64	19	81	17	72	18	105	7	94	0	92	0	117	0	80	15	82	19	102	18
S8	T	C	97	0	102	0	109	0	72	0	83	10	88	12	70	14	69	28	84	0	90	0	107	0
S9	T	G	88	0	102	0	94	0	108	0	109	0	100	0	116	0	98	10	102	0	96	0	103	0
S10	G	T	90	0	84	0	90	0	103	0	102	0	94	0	109	0	86	5	97	0	100	0	84	0
S11	A	T	113	0	102	0	106	0	90	0	114	0	76	0	105	0	60	10	110	0	114	0	91	0
S12	T	C	91	0	87	0	115	0	102	0	100	0	86	0	100	0	96	13	91	0	117	0	108	0
S13	T	C	105	0	83	0	98	0	115	0	99	0	123	0	90	0	84	12	102	0	100	0	114	0
S14	A	G	95	0	113	0	101	0	109	0	104	0	80	0	100	0	109	11	97	0	98	0	122	0
S15	T	A	103	0	92	0	103	0	108	0	93	0	116	0	99	0	82	14	108	0	91	0	110	0
S16	C	G	86	0	95	0	90	0	92	0	105	0	96	0	102	0	68	15	101	0	100	0	92	0
S17	G	C	80	0	89	0	96	0	111	0	108	0	87	0	92	0	98	15	111	0	98	0	110	0
S18	A	C	93	0	122	0	121	0	99	0	94	0	110	0	92	0	74	11	105	0	100	0	108	0
S19	G	A	113	0	101	0	109	0	84	0	105	0	96	12	102	0	87	0	100	0	97	0	77	0
S20	T	C	104	0	88	0	108	0	94	0	99	0	88	12	104	0	97	0	114	0	77	0	90	0
S21	T	C	85	18	70	23	71	20	74	19	103	0	92	0	98	0	97	0	101	0	100	0	96	0
S22	G	T	80	22	98	18	73	28	87	12	87	0	114	0	103	0	110	0	100	0	107	0	76	0
S23	A	C	86	20	87	15	89	25	81	15	100	0	99	0	91	0	102	0	107	0	101	0	94	0
S24	C	T	82	16	71	19	82	22	91	11	103	0	95	0	97	0	94	0	105	0	104	0	102	0
S25	C	A	88	22	85	14	75	20	72	15	104	0	96	0	97	0	92	0	102	0	111	0	115	0
S26	T	G	69	23	81	14	73	20	89	13	120	0	89	0	92	0	97	0	86	0	94	0	91	0
S27	T	G	106	0	112	0	94	0	97	0	91	0	101	0	102	0	84	0	101	0	98	0	94	25
S28	G	A	114	0	80	0	89	0	101	0	99	0	100	0	117	0	104	0	103	0	88	0	81	23
S29	C	A	98	0	97	0	103	0	95	0	102	0	101	0	115	0	113	0	99	0	89	0	63	28
S30	G	T	98	0	108	0	101	0	97	0	90	0	99	0	85	0	93	0	99	0	90	0	70	18
S31	G	T	116	0	104	0	92	0	92	0	103	0	118	0	95	0	111	0	110	0	111	0	75	23
S32	A	T	83	0	106	0	115	0	107	0	94	0	107	0	114	0	92	0	93	0	114	0	70	21
S33	C	G	105	0	106	0	95	0	89	0	97	0	92	0	99	0	110	0	97	0	95	0	101	15
S34	T	C	96	0	97	0	87	0	91	0	106	4	86	0	113	0	87	0	69	15	83	14	103	0
S35	G	T	106	0	90	0	102	0	110	0	77	9	90	0	94	0	109	0	77	9	72	18	96	0
S36	G	A	105	0	82	0	100	0	122	0	101	4	100	0	117	0	104	0	86	15	84	13	128	0
S37	G	A	97	0	96	0	93	0	100	0	110	10	94	0	105	0	94	0	105	14	72	28	99	0
S38	G	T	95	0	103	0	104	0	82	0	97	9	89	0	102	0	99	0	103	10	75	18	115	0
S39	T	A	100	0	95	0	82	0	115	0	76	8	129	0	93	0	104	0	74	21	73	18	97	0
S40	C	A	110	0	100	0	75	0	104	0	97	5	109	0	88	0	100	0	63	18	93	20	99	0
S41	A	T	105	0	97	0	106	0	121	0	86	5	90	0	100	0	101	0	99	0	118	0	105	0
S42	C	G	98	0	95	0	125	0	104	0	96	4	91	0	103	0	93	0	108	0	106	0	89	0
S43	C	T	106	0	116	0	126	0	104	0	92	4	116	0	103	0	114	0	96	0	91	0	110	0
S44	C	G	87	0	102	0	88	0	124	0	110	8	101	0	90	0	87	0	104	0	112	0	97	0
S45	G	A	118	0	92	0	90	0	99	0	97	5	109	0	109	0	102	0	96	0	106	0	95	0
S46	A	T	107	0	97	0	96	0	114	0	100	5	98	0	74	0	103	0	114	0	95	0	101	0
S47	C	G	110	0	102	0	99	0	91	0	111	5	95	0	120	0	114	0	98	0	93	0	120	0
S48	T	G	106	0	100	0	104	0	97	0	95	3	116	0	97	0	104	0	111	0	88	0	103	0
S49	G	A	101	0	109	0	116	0	103	0	86	5	89	0	107	0	107	0	111	0	90	0	105	0
S50	A	G	110	0	115	0	102	0	86	0	91	8	92	0	98	0	120	0	113	0	96	0	105	0
S51	C	T	105	0	93	0	119	0	105	0	102	0	107	0	90	0	98	0	88	21	69	15	102	0
S52	T	A	83	0	101	0	99	0	112	0	97	0	110	0	112	0	93	0	90	13	77	11	112	0
S53	G	A	91	0	100	0	112	0	90	0	117	0	113	0	93	0	108	0	96	15	81	18	102	0
S54	C	G	88	0	92	0	95	0	111	0	104	0	87	0	94	0	92	0	61	16	86	14	106	0
S55	G	A	94	0	107	0	106	0	102	0	89	0	95	0	97	0	97	0	77	15	72	23	104	0
S56	T	C	90	0	111	0	96	0	98	0	106	0	97	0	84	0	82	0	81	16	93	13	103	0
S57	C	T	105	0	92	0	86	0	91	0	112	0	99	0	95	0	84	0	94	15	94	20	97	0
S58	G	T	88	0	99	0	97	0	114	0	110	0	97	0	103	0	98	0	86	16	65	16	89	0
S59	G	C	102	0	110	0	98	0	95	0	112	0	111	0	102	0	94	0	109	9	99	0	83	0
S60	C	G	116	0	114	0	115	0	94	0	116	0	93	0	87	0	106	0	92	12	100	0	93	0
S61	G	C	86	0	106	0	108	0	120	0	79	0	111	0	104	0	112	0	102	15	99	0	95	0
S62	T	C	99	0	94	0	118	0	113	0	110	0	102	0	107	0	94	0	87	8	102	0	94	0
S63	G	T	109	0	114	0	78	0	97	0	101	0	107	0	109	0	100	0	96	11	101	0	98	0
S64	G	T	91	0	92	0	99	0	103	0	104	0	87	0	78	0	94	0	91	12	107	0	101	0
S65	G	A	96	0	121	0	87	0	122	0	103	0	102	0	93	0	99	0	87	10	117	0	85	0
S66	C	T	113	0	110	0	97	0	112	0	93	0	96	0	103	0	87	0	86	7	73	0	97	0
S67	C	T	106	0	109	0	113	0	132	0	92	0	100	0	98	0	109	0	95	0	101	8	107	0
S68	C	T	113	0	92	0	73	24	85	15	112	0	96	0	71	0	95	0	93	0	112	0	103	0
S69	T	G	88	5	72	10	105	0	105	0	84	0	103	0	101	0	84	0	101	0	100	0	108	0
S70	C	G	82	2	91	15	96	0	88	0	101	0	96	0	101	0	112	0	97	0	106	0	109	0
S71	G	T	107	4	78	20	88	0	97	0	96	0	85	0	98	0	106	0	114	0	107	0	94	0
S72	T	C	93	2	73	15	113	0	115	0	77	0	110	0	132	0	114	0	97	0	104	0	100	0
S73	C	G	89	2	91	23	83	0	109	0	104	0	102	0	102	0	98	0	105	0	110	0	101	0
