SNVID	Wild	Mut	R1:ref	R1:alt	R2:ref	R2:alt	R3:ref	R3:alt	R4:ref	R4:alt	R5:ref	R5:alt	R6:ref	R6:alt	R7:ref	R7:alt	R8:ref	R8:alt	R9:ref	R9:alt	R10:ref	R10:alt	R11:ref	R11:alt	
S1	A	C	74	16	73	16	67	24	104	9	87	15	85	9	86	18	91	12	87	19	75	21	76	29
S2	G	C	65	25	90	17	85	23	85	9	91	12	122	11	93	8	60	22	88	16	86	14	73	23
S3	T	C	78	23	69	15	85	20	78	20	87	15	100	9	71	12	96	16	79	18	71	19	85	24
S4	C	T	85	14	71	18	85	19	99	19	66	17	75	9	90	10	85	13	85	9	80	22	83	28
S5	G	C	87	11	99	25	74	13	75	22	89	19	90	10	82	11	80	19	101	9	98	13	82	16
S6	A	C	106	23	99	19	97	16	86	14	92	3	113	0	84	0	84	0	78	15	72	19	67	25
S7	C	A	107	0	91	0	94	0	96	0	90	8	82	14	97	6	96	12	108	0	106	0	93	0
S8	A	C	106	0	103	0	108	0	113	0	96	0	88	0	116	0	76	12	86	0	99	0	105	0
S9	A	T	104	0	84	0	104	0	122	0	117	0	94	0	92	0	90	7	93	0	108	0	122	0
S10	G	A	96	0	105	0	92	0	111	0	105	0	118	0	112	0	98	10	110	0	100	0	92	0
S11	C	A	87	0	127	0	103	0	107	0	99	0	89	0	95	0	82	14	117	0	103	0	95	0
S12	A	C	98	0	100	0	112	0	98	0	102	0	121	0	105	0	76	17	112	0	94	0	94	0
S13	T	G	107	0	100	0	122	0	108	0	92	0	118	0	81	0	84	16	98	0	103	0	96	0
S14	C	T	107	0	95	0	99	0	95	0	103	0	109	0	108	0	86	9	110	0	107	0	88	0
S15	T	A	103	0	101	0	106	0	95	0	106	0	98	0	111	0	90	11	98	0	111	0	102	0
S16	A	G	98	0	105	0	98	0	99	0	81	0	109	8	90	0	93	0	104	0	105	0	87	0
S17	G	C	90	28	80	21	88	18	79	19	80	0	101	0	113	0	103	0	102	0	85	0	94	0
S18	C	A	88	15	77	15	74	17	78	13	91	0	91	0	77	0	101	0	99	0	104	0	94	0
S19	T	G	73	19	102	14	75	23	86	11	77	0	109	0	87	0	110	0	73	0	93	0	109	0
S20	A	T	88	19	84	18	63	25	101	12	99	0	97	0	113	0	102	0	105	0	105	0	98	0
S21	C	G	66	25	83	15	71	13	83	8	107	0	100	0	106	0	101	0	108	0	86	0	95	0
S22	C	A	61	24	79	17	65	30	94	16	84	0	116	0	88	0	124	0	98	0	97	0	103	0
S23	C	G	64	19	80	17	81	18	128	17	103	0	94	0	101	0	93	0	87	0	98	0	126	0
S24	G	A	84	13	76	18	63	26	81	22	108	0	105	0	106	0	92	0	107	0	99	0	102	0
S25	T	G	90	9	87	20	87	16	104	15	117	0	80	0	122	0	78	0	94	0	92	0	109	0
S26	G	C	87	17	93	14	76	23	81	14	101	0	104	0	105	0	102	0	97	0	84	0	108	0
S27	A	G	98	0	92	0	91	0	93	0	84	0	85	0	127	0	109	0	94	0	104	0	75	20
S28	G	A	98	0	100	0	119	0	106	0	104	0	103	0	114	0	120	0	98	0	117	0	70	26
S29	A	C	89	0	100	0	120	0	95	0	101	0	99	0	106	0	96	0	83	0	93	0	78	25
S30	C	A	107	0	105	0	111	0	96	0	116	0	103	0	103	0	103	0	95	0	106	0	63	24
S31	T	G	102	0	80	0	98	0	112	0	90	0	94	0	90	0	122	0	99	0	109	0	89	19
S32	G	T	107	0	98	0	104	0	101	0	87	0	106	0	90	0	101	0	110	0	98	0	80	22
S33	C	G	99	0	103	0	114	0	108	0	95	0	106	0	99	0	94	0	106	0	85	0	94	13
S34	C	A	98	0	98	0	91	0	95	0	111	0	113	0	96	0	119	0	97	0	98	0	92	19
S35	T	C	104	0	101	0	109	0	110	0	96	0	98	0	113	0	111	0	100	0	105	0	92	21
S36	G	C	98	0	90	0	113	0	82	0	95	0	78	0	114	0	107	0	85	0	99	0	83	23
S37	T	G	106	0	106	0	80	0	99	0	101	10	87	0	111	0	91	0	101	16	65	17	99	0
S38	G	T	108	0	106	0	94	0	110	0	113	5	86	0	103	0	113	0	75	12	75	15	89	0
S39	T	G	101	0	92	0	94	0	103	0	88	8	81	0	81	0	97	0	87	15	71	17	99	0
S40	C	A	77	0	102	0	109	0	85	0	100	8	91	0	94	0	95	0	85	19	78	11	99	0
S41	T	G	98	0	96	0	103	0	91	0	127	3	98	0	102	0	101	0	88	14	91	14	104	0
S42	T	C	108	0	100	0	105	0	97	0	95	7	99	0	104	0	98	0	103	8	74	17	103	0
S43	C	G	79	0	121	0	98	0	96	0	98	5	94	0	92	0	98	0	94	0	97	0	106	0
S44	A	C	108	0	111	0	124	0	96	0	99	4	103	0	91	0	112	0	98	0	111	0	101	0
S45	C	A	95	0	93	0	88	0	98	0	90	3	110	0	108	0	94	0	101	0	96	0	101	0
S46	C	T	93	0	93	0	97	0	100	0	110	4	87	0	85	0	97	0	114	0	90	0	107	0
S47	A	C	88	0	80	0	125	0	88	0	76	10	96	0	93	0	118	0	102	0	106	0	99	0
S48	A	G	109	0	109	0	108	0	97	0	94	3	86	0	98	0	104	0	105	0	113	0	79	0
S49	G	C	121	0	82	0	102	0	111	0	99	0	112	0	116	0	109	0	77	14	70	19	94	0
S50	G	A	102	0	114	0	97	0	110	0	103	0	98	0	111	0	116	0	80	15	72	18	94	0
S51	T	G	114	0	97	0	117	0	104	0	87	0	90	0	108	0	98	0	81	21	75	17	97	0
S52	T	C	88	0	78	0	97	0	118	0	103	0	109	0	110	0	105	0	93	16	99	16	79	0
S53	C	A	103	0	100	0	108	0	97	0	102	0	109	0	102	0	97	0	81	18	74	17	97	0
S54	A	G	97	0	120	0	110	0	91	0	130	0	90	0	98	0	92	0	79	15	84	14	108	0
S55	T	G	94	0	89	0	89	0	107	0	81	0	92	0	103	0	97	0	90	16	88	10	101	0
S56	A	G	118	0	101	0	94	0	93	0	111	0	103	0	102	0	109	0	77	19	72	20	91	0
S57	T	G	101	0	87	0	97	0	90	0	110	0	99	0	99	0	105	0	83	17	65	14	89	0
S58	A	T	95	0	84	0	95	0	96	0	99	0	96	0	106	0	99	0	92	9	93	0	95	0
S59	A	G	80	0	101	0	96	0	107	0	101	0	102	0	98	0	111	0	87	5	96	0	109	0
S60	C	G	101	0	106	0	117	0	92	0	106	0	96	0	113	0	90	0	94	13	100	0	78	0
S61	A	C	98	0	115	0	105	0	105	0	95	0	85	0	83	0	105	0	86	18	97	0	108	0
S62	C	A	101	0	102	0	93	0	92	0	95	0	94	0	107	0	91	0	85	12	96	0	90	0
S63	A	T	90	0	104	0	93	0	90	0	84	0	88	0	118	0	97	0	76	15	98	0	114	0
S64	T	G	79	0	98	0	91	0	112	0	104	0	89	0	86	0	94	0	112	0	96	2	107	0
S65	T	G	96	0	88	0	71	28	101	13	110	0	107	0	110	0	100	0	96	0	95	0	94	0
S66	A	G	91	0	104	0	79	16	55	18	96	0	76	0	99	0	99	0	107	0	72	0	91	0
S67	G	T	110	2	69	18	82	0	99	0	97	0	98	0	100	0	90	0	87	0	114	0	106	0
S68	G	T	98	5	76	17	106	0	116	0	88	0	139	0	104	0	110	0	101	0	87	0	95	0
S69	A	G	109	7	93	12	98	0	92	0	94	0	110	0	103	0	96	0	85	0	104	0	80	0
S70	T	G	89	5	100	15	106	0	121	0	90	0	112	0	86	0	95	0	95	0	91	0	117	0
S71	G	C	80	12	85	17	77	0	102	0	104	0	119	0	103	0	108	0	112	0	122	0	102	0
S72	G	C	91	3	79	24	124	0	95	0	123	0	87	0	96	0	108	0	83	0	108	0	100	0
S73	C	T	80	5	87	13	102	0	95	0	117	0	92	0	104	0	91	0	113	0	101	0	105	0
S74	A	C	114	5	71	17	111	0	94	0	102	0	99	0	101	0	93	0	124	0	94	0	102	0
S75	G	C	122	2	74	17	105	0	101	0	106	0	104	0	90	0	105	0	103	0	95	0	78	0
