SNVID	Wild	Mut	R1:ref	R1:alt	R2:ref	R2:alt	R3:ref	R3:alt	R4:ref	R4:alt	R5:ref	R5:alt	R6:ref	R6:alt	R7:ref	R7:alt	R8:ref	R8:alt	R9:ref	R9:alt	R10:ref	R10:alt	R11:ref	R11:alt	
S1	G	T	56	24	79	11	90	20	97	12	79	12	72	13	92	17	85	13	78	14	86	23	76	29
S2	G	A	70	24	80	14	91	24	84	17	83	17	96	12	87	12	64	21	77	16	73	13	63	24
S3	C	G	76	23	61	15	81	22	59	18	93	15	104	8	95	12	64	24	71	22	82	19	74	23
S4	G	A	80	24	79	15	76	28	75	22	90	7	101	11	87	11	75	19	76	13	88	23	90	18
S5	A	G	74	16	75	23	73	21	80	13	72	16	88	11	95	5	78	16	77	14	79	19	95	26
S6	C	G	87	16	64	18	80	19	105	15	85	20	79	11	102	10	68	20	94	7	109	11	71	29
S7	T	C	83	18	73	18	74	19	92	10	62	17	97	8	78	16	72	17	96	9	86	16	79	20
S8	T	C	73	22	67	14	82	24	89	12	120	14	87	9	92	10	88	20	95	15	79	15	73	30
S9	C	G	98	21	79	19	62	19	101	9	75	15	86	11	94	7	88	22	90	16	84	19	71	17
S10	T	G	75	14	88	20	90	18	91	12	94	14	92	15	91	9	99	15	90	14	90	12	69	23
S11	C	T	90	14	90	18	79	26	83	12	115	3	120	0	112	0	94	0	91	12	72	22	61	21
S12	T	G	96	0	96	0	97	0	87	0	88	13	87	11	70	9	92	12	101	0	99	0	91	0
S13	C	G	104	0	111	0	109	0	88	0	110	0	104	0	83	0	100	12	98	0	118	0	92	0
S14	A	C	99	0	93	0	118	0	112	0	96	0	97	0	81	0	93	10	101	0	107	0	94	0
S15	G	C	101	0	110	0	103	0	98	0	96	0	100	0	104	0	105	13	105	0	105	0	97	0
S16	A	C	89	0	86	0	92	0	100	0	100	0	100	0	111	0	84	12	105	0	109	0	98	0
S17	T	G	98	0	113	0	105	0	95	0	87	0	95	0	107	0	85	12	100	0	126	0	93	0
S18	T	A	92	0	98	0	88	0	108	0	104	0	91	0	103	0	81	14	92	0	118	0	94	0
S19	C	A	93	0	81	0	94	0	99	0	98	0	93	0	103	0	79	10	107	0	101	0	111	0
S20	T	A	110	0	80	0	115	0	84	0	100	0	76	6	96	0	84	0	80	0	103	0	94	0
S21	A	G	84	16	89	17	81	17	83	16	107	0	88	0	89	0	111	0	99	0	107	0	95	0
S22	C	G	78	19	71	18	79	25	89	19	89	0	105	0	99	0	86	0	103	0	106	0	108	0
S23	C	G	106	18	67	22	76	25	69	14	81	0	108	0	119	0	102	0	105	0	100	0	79	0
S24	A	T	89	17	89	19	69	23	82	15	109	0	99	0	99	0	102	0	103	0	112	0	121	0
S25	A	C	73	29	78	17	81	20	78	12	98	0	88	0	105	0	99	0	99	0	104	0	115	0
S26	C	G	80	19	86	21	73	23	77	20	86	0	90	0	99	0	72	0	104	0	111	0	98	0
S27	G	C	59	22	74	21	103	17	92	13	117	0	102	0	100	0	116	0	101	0	96	0	87	0
S28	C	A	82	18	85	15	69	21	88	13	103	0	111	0	93	0	112	0	107	0	109	0	105	0
S29	G	T	71	17	97	11	68	22	54	22	100	0	100	0	103	0	88	0	94	0	95	0	106	0
S30	G	T	89	0	92	0	86	0	94	0	95	0	85	0	98	0	88	0	117	0	102	0	88	19
S31	C	A	94	0	92	0	96	0	106	0	106	0	118	0	87	0	88	0	102	0	95	0	79	22
S32	T	A	116	0	96	0	97	0	108	0	101	0	106	0	84	0	98	0	110	0	123	0	82	21
S33	T	G	97	0	114	0	99	0	102	0	107	0	99	0	88	0	91	0	89	0	109	0	89	20
S34	C	G	97	0	113	0	96	0	83	0	111	0	88	0	98	0	109	0	104	0	88	0	74	13
S35	G	A	112	0	118	0	85	0	103	0	87	0	94	0	112	0	72	0	104	0	97	0	57	19
S36	C	A	90	0	87	0	80	0	113	0	80	0	110	0	117	0	86	0	100	0	101	0	76	22
S37	G	C	90	0	95	0	94	0	110	0	102	0	113	0	115	0	92	0	103	0	98	0	72	19
S38	G	C	89	0	102	0	99	0	111	0	103	0	106	0	91	0	111	0	92	0	94	0	83	22
S39	G	T	104	0	104	0	84	0	86	0	93	4	92	0	98	0	101	0	89	13	96	17	108	0
S40	G	C	117	0	93	0	92	0	113	0	115	4	115	0	97	0	106	0	81	14	78	17	98	0
S41	G	A	117	0	111	0	101	0	101	0	107	4	111	0	93	0	105	0	101	14	75	25	93	0
S42	G	T	95	0	91	0	105	0	104	0	89	5	94	0	97	0	98	0	98	12	98	15	87	0
S43	A	G	98	0	91	0	92	0	109	0	102	4	101	0	110	0	96	0	98	10	81	17	94	0
S44	G	T	80	0	91	0	83	0	89	0	77	9	102	0	113	0	94	0	75	14	90	13	97	0
S45	C	A	118	0	90	0	108	0	89	0	80	6	87	0	103	0	115	0	99	16	93	20	98	0
S46	A	T	98	0	108	0	77	0	98	0	91	6	102	0	108	0	100	0	81	12	82	13	96	0
S47	T	A	103	0	102	0	94	0	104	0	88	9	104	0	101	0	86	0	85	18	76	23	107	0
S48	T	C	93	0	84	0	99	0	95	0	86	3	104	0	94	0	77	0	82	12	76	12	92	0
S49	C	A	92	0	95	0	108	0	97	0	83	4	97	0	128	0	99	0	102	0	95	0	98	0
S50	C	T	93	0	105	0	110	0	106	0	91	6	90	0	94	0	104	0	83	0	107	0	106	0
S51	A	C	85	0	97	0	67	0	97	0	112	6	91	0	89	0	100	0	83	0	95	0	100	0
S52	G	T	114	0	109	0	103	0	89	0	92	1	111	0	98	0	105	0	96	0	107	0	94	0
S53	G	A	118	0	124	0	109	0	98	0	86	9	110	0	95	0	103	0	101	0	79	0	103	0
S54	A	C	84	0	99	0	93	0	103	0	98	2	104	0	92	0	111	0	102	0	98	0	109	0
S55	A	G	88	0	105	0	100	0	97	0	106	3	84	0	92	0	120	0	99	0	111	0	102	0
S56	G	C	104	0	117	0	95	0	90	0	78	6	98	0	87	0	83	0	106	0	108	0	93	0
S57	G	A	102	0	93	0	106	0	112	0	96	0	102	0	101	0	99	0	78	17	91	20	98	0
S58	A	T	103	0	98	0	97	0	118	0	99	0	92	0	102	0	95	0	99	12	88	19	93	0
S59	T	C	96	0	102	0	107	0	108	0	90	0	105	0	97	0	99	0	84	13	59	15	94	0
S60	T	C	115	0	103	0	92	0	109	0	101	0	113	0	113	0	87	0	116	13	106	13	108	0
S61	A	C	100	0	105	0	87	0	90	0	100	0	110	0	99	0	90	0	100	14	98	15	97	0
S62	C	T	92	0	111	0	101	0	116	0	90	0	106	0	89	0	101	0	89	13	105	14	89	0
S63	C	T	88	0	110	0	111	0	87	0	92	0	101	0	102	0	99	0	88	15	98	13	104	0
S64	C	A	94	0	101	0	90	0	109	0	100	0	106	0	91	0	103	0	85	15	79	16	83	0
S65	T	G	98	0	93	0	111	0	91	0	105	0	100	0	103	0	94	0	71	13	80	28	100	0
S66	G	A	96	0	97	0	85	0	105	0	97	0	101	0	98	0	120	0	68	18	66	21	99	0
S67	T	A	112	0	96	0	106	0	83	0	87	0	105	0	112	0	107	0	66	12	102	0	98	0
S68	A	C	96	0	87	0	109	0	105	0	83	0	94	0	113	0	101	0	78	10	85	0	116	0
S69	C	G	102	0	114	0	90	0	112	0	96	0	103	0	111	0	112	0	88	14	100	0	93	0
S70	T	C	92	0	100	0	92	0	105	0	88	0	108	0	94	0	103	0	104	7	94	0	100	0
S71	G	T	92	0	96	0	99	0	116	0	88	0	93	0	90	0	101	0	102	11	97	0	100	0
S72	C	A	104	0	98	0	103	0	104	0	76	0	82	0	101	0	94	0	94	8	110	0	115	0
S73	T	A	91	0	84	0	118	0	93	0	104	0	101	0	104	0	81	0	89	11	120	0	94	0
S74	T	G	105	0	86	0	105	0	111	0	103	0	104	0	101	0	119	0	92	0	96	9	95	0
S75	G	T	73	0	98	0	94	0	103	0	72	0	109	0	94	0	79	0	86	0	95	6	92	0
S76	G	T	108	0	92	0	80	21	76	11	106	0	109	0	111	0	118	0	91	0	85	0	109	0
S77	G	T	103	0	90	0	93	20	97	10	92	0	82	0	77	0	94	0	94	0	101	0	107	0
S78	G	C	102	3	86	31	100	0	105	0	92	0	99	0	94	0	110	0	96	0	93	0	90	0
S79	T	G	89	6	82	22	106	0	103	0	108	0	90	0	118	0	90	0	111	0	88	0	109	0
S80	G	A	103	7	87	17	106	0	98	0	94	0	106	0	113	0	87	0	94	0	96	0	81	0
S81	T	G	90	5	99	14	105	0	95	0	120	0	100	0	101	0	110	0	118	0	97	0	104	0
S82	A	C	101	6	94	13	86	0	103	0	106	0	101	0	108	0	90	0	113	0	87	0	123	0
S83	A	T	98	4	86	16	91	0	95	0	117	0	89	0	102	0	108	0	100	0	104	0	101	0
S84	A	T	102	3	81	21	105	0	112	0	99	0	104	0	113	0	111	0	99	0	80	0	94	0
S85	C	A	96	2	83	16	121	0	118	0	106	0	99	0	106	0	104	0	109	0	93	0	104	0
