SNVID	Wild	Mut	R1:ref	R1:alt	R2:ref	R2:alt	R3:ref	R3:alt	R4:ref	R4:alt	R5:ref	R5:alt	R6:ref	R6:alt	R7:ref	R7:alt	R8:ref	R8:alt	R9:ref	R9:alt	R10:ref	R10:alt	R11:ref	R11:alt	
S1	G	C	78	15	67	18	71	16	86	12	96	11	91	12	91	11	76	12	82	14	85	20	72	23
S2	T	C	81	25	89	20	66	25	85	11	81	18	86	6	66	13	67	15	83	19	85	15	88	19
S3	C	A	74	16	92	17	101	21	86	11	75	11	78	19	74	16	70	22	68	12	94	19	73	18
S4	A	G	86	21	71	22	56	18	78	24	83	18	85	16	81	7	90	11	68	15	58	20	65	25
S5	G	C	72	29	87	14	95	24	79	13	115	15	82	17	91	10	93	13	92	17	69	21	82	21
S6	A	T	85	13	87	27	87	22	100	18	98	3	97	0	108	0	103	0	91	19	92	16	79	24
S7	T	G	89	0	100	0	106	0	106	0	80	20	78	14	103	9	83	15	100	0	103	0	103	0
S8	G	T	108	0	83	0	105	0	97	0	95	0	114	0	104	0	87	12	102	0	116	0	103	0
S9	G	A	109	0	90	0	117	0	107	0	86	0	108	0	82	0	92	10	83	0	114	0	98	0
S10	C	T	113	0	115	0	78	0	90	0	96	0	92	0	108	0	84	14	113	0	98	0	88	0
S11	A	T	95	0	92	0	95	0	112	0	118	0	95	0	95	0	102	10	102	0	99	0	95	0
S12	T	G	105	0	90	0	112	0	86	0	104	0	106	0	102	0	89	16	93	0	107	0	107	0
S13	G	T	100	0	118	0	123	0	107	0	109	0	104	0	98	0	85	10	109	0	115	0	92	0
S14	G	C	128	0	99	0	94	0	85	0	105	0	96	11	109	0	96	0	106	0	100	0	109	0
S15	T	A	101	0	104	0	92	0	134	0	97	0	107	6	73	0	88	0	93	0	81	0	105	0
S16	T	G	60	22	83	16	76	27	94	13	95	0	115	0	105	0	94	0	72	0	98	0	92	0
S17	C	G	90	20	75	15	81	25	86	15	98	0	88	0	103	0	107	0	90	0	96	0	102	0
S18	T	G	71	22	80	25	86	18	83	14	108	0	101	0	105	0	104	0	112	0	95	0	94	0
S19	G	C	84	23	88	13	71	22	68	17	98	0	103	0	87	0	111	0	106	0	81	0	102	0
S20	C	T	88	14	91	17	88	25	84	19	111	0	106	0	88	0	105	0	108	0	81	0	93	0
S21	T	A	81	19	81	17	82	17	72	23	108	0	88	0	102	0	107	0	95	0	106	0	97	0
S22	G	C	94	21	82	17	72	19	71	11	105	0	109	0	107	0	123	0	77	0	95	0	99	0
S23	C	G	77	23	90	19	89	21	95	17	118	0	112	0	107	0	110	0	105	0	106	0	96	0
S24	G	C	105	0	97	0	104	0	98	0	120	0	96	0	88	0	107	0	100	0	106	0	63	27
S25	A	T	127	0	89	0	103	0	97	0	104	0	109	0	109	0	106	0	129	0	93	0	79	24
S26	T	G	89	0	95	0	89	0	89	0	91	0	121	0	108	0	95	0	102	0	117	0	66	20
S27	T	C	83	0	95	0	99	0	109	0	79	0	85	0	88	0	95	0	104	0	94	0	78	18
S28	A	T	92	0	116	0	104	0	100	0	79	0	95	0	89	0	95	0	100	0	101	0	117	16
S29	T	G	107	0	93	0	101	0	95	0	87	0	86	0	101	0	93	0	96	0	107	0	62	22
S30	A	T	105	0	91	0	111	0	112	0	103	0	100	0	93	0	96	0	106	0	107	0	80	23
S31	C	T	96	0	109	0	106	0	100	0	102	0	96	0	103	0	96	0	107	0	90	0	70	19
S32	G	T	85	0	108	0	107	0	91	0	107	0	108	0	105	0	78	0	89	0	96	0	92	17
S33	C	A	89	0	104	0	111	0	75	0	93	0	91	0	102	0	109	0	102	0	111	0	88	16
S34	C	A	110	0	108	0	89	0	105	0	136	1	67	0	91	0	70	0	95	16	78	17	85	0
S35	A	C	95	0	103	0	95	0	94	0	91	1	97	0	95	0	99	0	95	12	84	20	106	0
S36	C	A	105	0	98	0	102	0	90	0	103	2	118	0	116	0	104	0	69	14	91	15	98	0
S37	A	T	88	0	96	0	106	0	93	0	108	4	93	0	107	0	120	0	89	11	79	18	103	0
S38	A	C	114	0	112	0	92	0	97	0	94	9	88	0	113	0	109	0	81	16	87	12	133	0
S39	C	G	97	0	92	0	103	0	93	0	104	5	98	0	105	0	104	0	75	22	79	23	93	0
S40	C	A	102	0	105	0	98	0	100	0	104	5	103	0	112	0	107	0	98	11	69	23	110	0
S41	A	G	102	0	104	0	106	0	85	0	108	7	116	0	92	0	111	0	93	21	64	15	97	0
S42	A	G	107	0	101	0	103	0	95	0	77	7	102	0	104	0	98	0	105	0	93	0	90	0
S43	G	C	124	0	103	0	102	0	90	0	100	3	96	0	96	0	100	0	94	0	103	0	108	0
S44	G	T	95	0	91	0	84	0	112	0	84	7	109	0	102	0	101	0	105	0	102	0	85	0
S45	G	T	89	0	114	0	95	0	99	0	106	6	104	0	112	0	91	0	91	0	103	0	84	0
S46	T	G	120	0	89	0	101	0	97	0	117	2	95	0	100	0	99	0	98	0	106	0	103	0
S47	C	A	102	0	104	0	106	0	109	0	91	4	98	0	103	0	87	0	100	0	96	0	109	0
S48	A	T	94	0	94	0	106	0	116	0	85	5	112	0	119	0	85	0	96	0	94	0	107	0
S49	A	G	106	0	107	0	90	0	109	0	93	6	101	0	109	0	100	0	88	0	101	0	99	0
S50	T	C	120	0	92	0	96	0	98	0	102	2	96	0	84	0	95	0	105	0	101	0	98	0
S51	G	T	97	0	97	0	106	0	92	0	99	0	94	0	107	0	95	0	88	14	106	14	106	0
S52	G	T	87	0	86	0	98	0	132	0	109	0	111	0	106	0	104	0	78	20	72	21	78	0
S53	G	T	105	0	90	0	97	0	108	0	113	0	99	0	112	0	111	0	88	12	71	23	114	0
S54	G	C	90	0	109	0	103	0	91	0	87	0	94	0	120	0	106	0	82	17	90	16	99	0
S55	A	G	102	0	96	0	107	0	110	0	96	0	95	0	99	0	99	0	75	11	74	18	104	0
S56	C	G	98	0	124	0	93	0	86	0	75	0	75	0	101	0	91	0	87	16	71	24	111	0
S57	A	G	92	0	87	0	94	0	103	0	121	0	87	0	101	0	96	0	92	8	93	0	102	0
S58	C	A	105	0	96	0	83	0	101	0	94	0	99	0	96	0	106	0	97	11	98	0	107	0
S59	C	T	107	0	101	0	92	0	123	0	86	0	106	0	93	0	102	0	100	2	98	0	91	0
S60	G	C	97	0	107	0	106	0	102	0	100	0	97	0	96	0	92	0	95	7	90	0	92	0
S61	T	A	98	0	109	0	104	0	108	0	86	0	129	0	97	0	89	0	69	13	100	0	98	0
S62	T	G	97	0	114	0	106	0	116	0	112	0	90	0	90	0	109	0	99	9	112	0	91	0
S63	A	G	94	0	95	0	100	0	88	0	93	0	96	0	111	0	97	0	87	4	97	0	118	0
S64	C	G	98	0	84	0	94	0	95	0	102	0	106	0	90	0	114	0	82	13	109	0	99	0
S65	G	C	89	0	109	0	124	0	113	0	101	0	113	0	81	0	91	0	99	0	106	7	90	0
S66	G	T	103	0	93	0	86	18	71	17	94	0	126	0	103	0	104	0	106	0	103	0	103	0
S67	C	A	85	0	105	0	91	11	69	22	97	0	108	0	109	0	99	0	96	0	81	0	96	0
S68	A	G	100	3	90	22	102	0	80	0	109	0	132	0	92	0	99	0	112	0	120	0	89	0
S69	C	A	115	5	82	17	94	0	93	0	117	0	97	0	102	0	127	0	89	0	114	0	109	0
S70	C	A	88	6	67	16	99	0	108	0	104	0	105	0	105	0	108	0	102	0	97	0	96	0
S71	G	T	92	5	82	14	114	0	102	0	105	0	92	0	113	0	91	0	84	0	110	0	97	0
S72	C	G	102	5	81	20	105	0	98	0	104	0	91	0	117	0	96	0	103	0	114	0	89	0
S73	G	C	79	11	75	14	111	0	105	0	93	0	109	0	104	0	96	0	97	0	108	0	104	0
S74	G	T	93	2	96	17	106	0	89	0	104	0	106	0	102	0	97	0	108	0	92	0	84	0
S75	G	T	100	2	103	17	115	0	99	0	105	0	95	0	102	0	89	0	103	0	92	0	90	0
