SNVID	Wild	Mut	R1:ref	R1:alt	R2:ref	R2:alt	R3:ref	R3:alt	R4:ref	R4:alt	R5:ref	R5:alt	R6:ref	R6:alt	R7:ref	R7:alt	R8:ref	R8:alt	R9:ref	R9:alt	R10:ref	R10:alt	R11:ref	R11:alt	
S1	G	A	66	28	99	15	68	16	93	21	80	18	84	21	85	12	99	24	84	18	84	18	92	17
S2	G	T	74	18	91	20	74	12	85	16	86	18	113	6	75	13	89	16	95	17	92	16	77	21
S3	C	T	93	15	76	22	82	23	88	14	76	18	95	16	66	13	96	15	71	18	73	18	57	22
S4	T	C	86	22	83	13	93	21	85	13	80	15	98	17	105	8	74	18	86	11	90	13	75	24
S5	C	G	100	20	90	21	71	22	88	12	106	12	84	11	104	5	78	13	83	14	89	13	75	22
S6	T	A	67	24	92	10	89	26	73	14	72	14	98	9	91	9	85	16	98	10	85	12	82	22
S7	C	A	78	27	71	22	68	18	73	13	106	14	93	11	86	7	98	15	70	18	100	18	71	25
S8	G	T	79	16	69	21	100	21	98	20	104	11	88	14	78	15	85	18	86	14	79	22	63	24
S9	T	A	79	19	75	23	83	18	84	14	99	10	82	8	84	9	85	11	67	19	87	16	62	24
S10	C	A	94	20	75	19	79	28	73	20	101	16	104	10	77	18	105	17	65	21	78	11	68	27
S11	C	A	67	24	103	13	85	17	96	19	86	5	110	0	88	0	96	0	82	12	76	23	84	18
S12	A	G	104	0	124	0	102	0	109	0	98	10	92	11	93	10	100	12	84	0	99	0	104	0
S13	A	T	91	0	98	0	100	0	91	0	99	0	103	0	95	0	89	10	100	0	107	0	123	0
S14	T	G	105	0	102	0	88	0	112	0	99	0	121	0	93	0	88	12	104	0	89	0	83	0
S15	C	G	99	0	97	0	105	0	91	0	97	0	73	0	104	0	67	21	110	0	83	0	105	0
S16	G	A	94	0	108	0	103	0	98	0	95	0	107	0	108	0	80	12	88	0	102	0	87	0
S17	A	T	96	0	90	0	113	0	96	0	99	0	108	0	75	0	81	14	91	0	101	0	98	0
S18	T	C	95	0	97	0	95	0	90	0	114	0	97	0	112	0	89	16	108	0	97	0	98	0
S19	A	C	112	0	82	0	104	0	94	0	95	0	89	0	102	0	71	17	96	0	98	0	99	0
S20	C	T	107	0	105	0	85	0	94	0	91	0	93	0	111	0	77	13	111	0	85	0	95	0
S21	T	G	112	0	96	0	91	0	102	0	116	0	92	0	106	0	83	13	94	0	98	0	83	0
S22	A	C	80	0	117	0	113	0	102	0	102	0	107	0	103	0	77	11	104	0	102	0	87	0
S23	C	G	100	0	100	0	99	0	99	0	111	0	117	5	85	0	98	0	101	0	109	0	107	0
S24	T	G	96	0	105	0	97	0	96	0	106	0	93	15	112	0	103	0	102	0	101	0	100	0
S25	G	T	77	20	84	18	63	14	89	13	98	0	85	0	103	0	107	0	92	0	95	0	68	0
S26	C	T	94	15	90	14	83	23	81	10	95	0	108	0	92	0	107	0	97	0	117	0	113	0
S27	C	A	67	27	82	15	88	17	99	15	90	0	97	0	106	0	95	0	115	0	95	0	98	0
S28	C	A	78	22	88	14	96	17	63	20	105	0	106	0	101	0	97	0	80	0	102	0	101	0
S29	T	G	77	25	78	21	70	21	67	18	70	0	98	0	118	0	93	0	110	0	82	0	94	0
S30	C	T	110	0	92	0	112	0	114	0	118	0	119	0	107	0	107	0	101	0	75	0	67	28
S31	C	T	97	0	99	0	116	0	90	0	99	0	102	0	96	0	93	0	113	0	103	0	71	15
S32	A	T	84	0	100	0	112	0	97	0	118	0	88	0	87	0	105	0	94	0	101	0	78	25
S33	T	C	100	0	90	0	86	0	103	0	107	0	103	0	100	0	113	0	99	0	103	0	64	16
S34	T	G	113	0	110	0	102	0	101	0	101	0	102	0	107	0	99	0	111	0	114	0	83	18
S35	A	G	111	0	103	0	90	0	91	0	94	0	109	0	115	0	102	0	112	0	96	0	73	23
S36	A	G	110	0	96	0	109	0	89	0	94	0	101	0	96	0	114	0	103	0	119	0	74	22
S37	G	A	107	0	87	0	104	0	88	0	95	0	91	0	101	0	112	0	93	0	98	0	83	17
S38	G	T	107	0	111	0	109	0	75	0	86	0	104	0	80	0	89	0	92	0	106	0	89	21
S39	C	A	96	0	101	0	121	0	116	0	85	9	94	0	103	0	88	0	85	22	84	12	97	0
S40	A	G	103	0	100	0	95	0	100	0	113	2	92	0	97	0	104	0	85	18	85	13	122	0
S41	T	C	89	0	84	0	97	0	96	0	90	5	110	0	109	0	100	0	93	17	80	18	97	0
S42	C	G	105	0	93	0	88	0	100	0	85	5	96	0	108	0	89	0	89	13	77	22	80	0
S43	T	G	95	0	110	0	106	0	108	0	100	5	93	0	87	0	92	0	87	14	85	18	88	0
S44	G	A	104	0	96	0	106	0	95	0	82	10	117	0	93	0	100	0	105	0	98	0	117	0
S45	A	C	85	0	111	0	133	0	98	0	102	7	92	0	96	0	96	0	110	0	87	0	83	0
S46	G	T	108	0	94	0	97	0	79	0	110	7	97	0	80	0	109	0	123	0	102	0	110	0
S47	T	G	97	0	96	0	104	0	93	0	96	4	91	0	96	0	107	0	102	0	90	0	100	0
S48	G	A	95	0	84	0	94	0	114	0	96	6	87	0	109	0	86	0	97	0	74	0	98	0
S49	A	C	84	0	93	0	101	0	88	0	91	3	109	0	106	0	104	0	90	0	104	0	95	0
S50	A	T	97	0	110	0	99	0	90	0	103	3	91	0	121	0	109	0	98	0	107	0	100	0
S51	T	G	102	0	96	0	105	0	89	0	99	6	90	0	105	0	85	0	122	0	112	0	107	0
S52	A	G	95	0	93	0	94	0	95	0	92	6	113	0	110	0	116	0	114	0	98	0	110	0
S53	A	C	107	0	107	0	73	0	98	0	85	11	109	0	99	0	85	0	90	0	102	0	88	0
S54	T	C	98	0	102	0	114	0	102	0	91	0	87	0	110	0	96	0	71	17	94	13	96	0
S55	G	C	102	0	116	0	103	0	81	0	93	0	94	0	96	0	113	0	84	17	64	12	98	0
S56	G	A	97	0	101	0	103	0	119	0	82	0	91	0	103	0	105	0	85	11	91	17	108	0
S57	C	T	111	0	76	0	101	0	92	0	110	0	95	0	92	0	109	0	98	17	80	15	87	0
S58	G	A	105	0	105	0	121	0	120	0	97	0	108	0	111	0	80	0	67	16	77	24	118	0
S59	G	T	106	0	97	0	109	0	117	0	93	0	100	0	101	0	113	0	95	17	98	9	96	0
S60	C	T	100	0	87	0	106	0	105	0	100	0	114	0	102	0	104	0	108	14	102	12	93	0
S61	A	C	105	0	99	0	119	0	103	0	103	0	110	0	126	0	81	0	91	15	84	13	84	0
S62	T	G	122	0	100	0	88	0	109	0	105	0	106	0	111	0	104	0	94	12	69	21	96	0
S63	A	T	93	0	110	0	90	0	112	0	115	0	98	0	102	0	107	0	79	14	96	0	87	0
S64	A	C	106	0	96	0	105	0	95	0	90	0	111	0	104	0	93	0	109	13	113	0	110	0
S65	C	A	82	0	105	0	99	0	108	0	81	0	106	0	86	0	79	0	94	7	116	0	103	0
S66	A	C	99	0	99	0	109	0	113	0	104	0	102	0	112	0	91	0	90	4	112	0	90	0
S67	G	C	98	0	99	0	104	0	89	0	119	0	116	0	91	0	100	0	84	7	101	0	96	0
S68	A	T	93	0	96	0	108	0	97	0	84	0	96	0	114	0	107	0	82	11	111	0	87	0
S69	G	T	96	0	121	0	123	0	94	0	103	0	109	0	114	0	102	0	104	11	103	0	100	0
S70	T	C	115	0	95	0	100	0	89	0	107	0	101	0	111	0	93	0	103	0	88	4	81	0
S71	C	T	96	0	114	0	64	18	95	8	97	0	106	0	108	0	108	0	101	0	94	0	98	0
S72	G	T	91	0	94	0	98	22	75	15	88	0	81	0	95	0	109	0	105	0	116	0	102	0
S73	T	G	94	8	81	24	99	0	99	0	98	0	89	0	97	0	94	0	81	0	101	0	109	0
S74	A	C	94	7	79	16	97	0	101	0	111	0	112	0	99	0	94	0	99	0	106	0	95	0
S75	G	A	90	10	83	18	101	0	104	0	97	0	110	0	125	0	98	0	113	0	90	0	90	0
S76	A	G	74	7	88	22	87	0	97	0	96	0	110	0	109	0	117	0	100	0	97	0	100	0
S77	T	G	90	4	106	16	108	0	90	0	111	0	110	0	97	0	92	0	89	0	101	0	96	0
