SNVID	Wild	Mut	R1:ref	R1:alt	R2:ref	R2:alt	R3:ref	R3:alt	R4:ref	R4:alt	R5:ref	R5:alt	R6:ref	R6:alt	R7:ref	R7:alt	R8:ref	R8:alt	R9:ref	R9:alt	R10:ref	R10:alt	R11:ref	R11:alt	
S1	G	C	71	28	68	16	77	27	65	20	71	21	89	8	94	15	69	25	84	15	73	20	81	26
S2	A	G	73	20	88	19	86	30	85	12	78	17	81	12	83	6	89	17	97	13	91	20	84	20
S3	G	C	67	20	87	20	68	22	77	24	74	18	76	14	93	9	82	18	91	12	74	16	82	25
S4	T	A	84	19	96	15	96	20	96	15	72	15	101	7	77	11	76	16	101	11	88	22	62	25
S5	A	G	65	23	80	13	73	25	85	15	75	13	86	15	92	7	58	20	85	17	84	14	74	20
S6	T	A	79	17	104	16	94	26	71	21	91	4	100	0	89	0	112	0	70	23	73	23	83	18
S7	C	G	110	0	102	0	109	0	99	0	109	5	88	8	84	15	101	14	89	0	86	0	112	0
S8	A	T	96	0	88	0	98	0	99	0	85	0	115	0	98	0	90	10	101	0	109	0	102	0
S9	G	A	102	0	93	0	93	0	92	0	118	0	100	0	100	0	105	14	118	0	87	0	106	0
S10	T	C	110	0	102	0	97	0	116	0	92	0	114	0	108	0	102	13	126	0	95	0	93	0
S11	A	C	96	0	85	0	109	0	98	0	90	0	86	0	109	0	84	13	106	0	97	0	104	0
S12	G	C	106	0	95	0	109	0	109	0	93	0	87	0	104	0	109	9	99	0	97	0	112	0
S13	G	A	97	0	108	0	105	0	106	0	105	0	110	0	100	0	81	14	96	0	97	0	100	0
S14	A	C	94	0	87	0	114	0	120	0	98	0	104	0	106	0	84	22	85	0	102	0	88	0
S15	A	T	107	0	70	0	109	0	91	0	75	0	84	8	108	0	101	0	105	0	99	0	117	0
S16	T	A	97	0	97	0	80	0	118	0	103	0	100	5	134	0	100	0	110	0	98	0	115	0
S17	T	A	62	30	84	20	96	20	84	13	103	0	119	0	106	0	92	0	96	0	109	0	91	0
S18	A	T	91	17	93	18	83	14	91	13	94	0	109	0	98	0	95	0	99	0	106	0	96	0
S19	C	G	85	18	72	14	82	21	72	18	93	0	100	0	101	0	105	0	108	0	89	0	111	0
S20	C	G	67	22	80	18	75	27	77	13	104	0	108	0	101	0	91	0	102	0	97	0	111	0
S21	C	G	92	21	82	21	68	24	66	11	97	0	85	0	115	0	122	0	104	0	89	0	101	0
S22	A	G	87	15	90	19	84	22	66	15	103	0	105	0	98	0	103	0	94	0	105	0	112	0
S23	C	T	92	13	80	27	72	19	95	14	105	0	104	0	101	0	87	0	112	0	84	0	105	0
S24	A	G	92	22	81	23	64	19	96	13	90	0	98	0	111	0	108	0	112	0	113	0	87	0
S25	G	C	86	0	96	0	88	0	99	0	87	0	90	0	92	0	106	0	109	0	99	0	55	23
S26	C	T	101	0	114	0	112	0	99	0	91	0	107	0	93	0	104	0	92	0	107	0	84	19
S27	G	A	91	0	97	0	97	0	108	0	97	0	95	0	97	0	89	0	111	0	101	0	88	16
S28	C	T	84	0	95	0	106	0	69	0	110	0	102	0	84	0	83	0	91	0	94	0	92	19
S29	T	C	99	0	89	0	105	0	90	0	100	0	96	0	96	0	115	0	86	0	86	0	76	15
S30	A	T	102	0	131	0	83	0	108	0	107	0	103	0	113	0	116	0	93	0	100	0	83	19
S31	A	G	109	0	125	0	100	0	93	0	104	0	87	0	104	0	107	0	98	0	94	0	76	19
S32	T	C	86	0	87	0	108	0	85	0	89	7	91	0	101	0	108	0	79	14	78	19	102	0
S33	A	T	101	0	98	0	93	0	97	0	104	9	91	0	89	0	97	0	82	14	75	16	100	0
S34	G	C	108	0	98	0	109	0	90	0	113	3	94	0	91	0	96	0	106	8	66	26	91	0
S35	A	T	116	0	95	0	99	0	102	0	93	4	95	0	107	0	107	0	65	19	93	15	95	0
S36	G	C	100	0	82	0	100	0	119	0	90	6	97	0	93	0	96	0	91	5	78	14	89	0
S37	C	T	104	0	104	0	93	0	97	0	93	4	112	0	85	0	103	0	74	10	80	20	113	0
S38	T	A	76	0	97	0	97	0	106	0	107	4	96	0	110	0	87	0	70	16	77	19	109	0
S39	T	A	100	0	92	0	99	0	112	0	99	9	110	0	105	0	90	0	70	16	86	17	119	0
S40	G	C	89	0	94	0	111	0	98	0	104	6	114	0	94	0	91	0	73	20	80	24	98	0
S41	C	G	106	0	101	0	94	0	91	0	107	3	105	0	108	0	86	0	110	0	87	0	112	0
S42	T	G	111	0	101	0	107	0	90	0	98	7	113	0	83	0	96	0	88	0	100	0	84	0
S43	G	C	102	0	110	0	94	0	89	0	95	5	87	0	100	0	82	0	93	0	90	0	112	0
S44	C	A	114	0	89	0	104	0	99	0	102	7	103	0	121	0	91	0	89	0	82	0	97	0
S45	C	A	103	0	97	0	83	0	105	0	109	5	101	0	105	0	109	0	102	0	112	0	99	0
S46	G	C	97	0	90	0	109	0	110	0	97	4	87	0	90	0	83	0	105	0	122	0	110	0
S47	C	A	105	0	89	0	111	0	124	0	91	0	94	0	101	0	95	0	105	0	99	0	104	0
S48	T	A	95	0	100	0	105	0	103	0	96	6	104	0	94	0	106	0	97	0	115	0	104	0
S49	T	G	85	0	95	0	96	0	112	0	86	0	101	0	118	0	93	0	74	16	100	12	84	0
S50	C	G	94	0	103	0	100	0	105	0	97	0	98	0	94	0	92	0	116	13	66	22	89	0
S51	T	G	82	0	89	0	95	0	96	0	93	0	88	0	109	0	89	0	97	18	88	12	113	0
S52	T	C	94	0	79	0	122	0	100	0	85	0	107	0	79	0	94	0	67	11	85	16	97	0
S53	T	C	109	0	96	0	102	0	103	0	92	0	100	0	91	0	91	0	78	16	89	16	110	0
S54	C	G	121	0	75	0	97	0	97	0	83	0	99	0	94	0	106	0	95	13	92	16	101	0
S55	T	C	101	0	102	0	99	0	103	0	120	0	97	0	115	0	100	0	80	12	90	0	83	0
S56	C	G	81	0	98	0	105	0	118	0	93	0	82	0	102	0	113	0	97	10	98	0	104	0
S57	C	T	106	0	98	0	86	0	90	0	95	0	90	0	98	0	119	0	69	14	95	0	91	0
S58	G	A	101	0	99	0	98	0	105	0	108	0	108	0	92	0	100	0	93	13	116	0	96	0
S59	G	A	98	0	96	0	93	0	126	0	124	0	85	0	103	0	102	0	101	11	104	0	83	0
S60	A	G	104	0	106	0	82	0	109	0	76	0	102	0	77	0	119	0	80	9	96	0	109	0
S61	T	A	101	0	105	0	110	0	93	0	103	0	115	0	113	0	113	0	75	11	101	0	113	0
S62	C	G	120	0	93	0	88	0	104	0	96	0	110	0	109	0	98	0	88	10	105	0	101	0
S63	G	A	115	0	85	0	78	0	98	0	96	0	81	0	88	0	106	0	119	5	117	0	107	0
S64	G	T	104	0	112	0	88	0	101	0	129	0	102	0	105	0	115	0	85	17	103	0	96	0
S65	T	G	118	0	75	0	112	0	103	0	89	0	89	0	107	0	119	0	94	0	106	9	103	0
S66	G	A	102	0	98	0	90	0	101	0	84	0	87	0	99	0	97	0	101	0	100	6	106	0
S67	C	A	117	0	92	0	77	24	87	16	90	0	96	0	99	0	112	0	107	0	112	0	92	0
S68	A	C	100	0	102	0	71	16	67	21	106	0	113	0	90	0	95	0	101	0	92	0	117	0
S69	A	C	120	7	98	17	106	0	105	0	92	0	95	0	106	0	112	0	90	0	101	0	98	0
S70	C	G	84	7	87	16	109	0	92	0	110	0	103	0	84	0	97	0	106	0	98	0	92	0
S71	A	G	106	7	90	19	117	0	100	0	91	0	95	0	132	0	120	0	92	0	95	0	105	0
S72	C	A	107	4	73	23	85	0	118	0	98	0	101	0	111	0	105	0	98	0	105	0	84	0
S73	C	A	90	5	72	18	107	0	89	0	90	0	91	0	106	0	123	0	82	0	106	0	88	0
S74	T	A	87	11	68	21	104	0	88	0	100	0	119	0	112	0	101	0	98	0	110	0	79	0
S75	A	G	81	8	81	11	96	0	105	0	99	0	79	0	106	0	85	0	99	0	117	0	109	0
S76	T	C	97	8	104	12	104	0	94	0	99	0	103	0	99	0	110	0	83	0	102	0	116	0
S77	C	T	104	5	93	14	92	0	102	0	98	0	83	0	84	0	87	0	94	0	87	0	86	0
