SNVID	Wild	Mut	R1:ref	R1:alt	R2:ref	R2:alt	R3:ref	R3:alt	R4:ref	R4:alt	R5:ref	R5:alt	R6:ref	R6:alt	R7:ref	R7:alt	R8:ref	R8:alt	R9:ref	R9:alt	R10:ref	R10:alt	R11:ref	R11:alt	
S1	G	T	97	15	78	21	90	22	79	14	88	9	79	14	86	7	71	19	84	15	84	17	60	27
S2	C	G	100	21	79	14	92	28	91	20	101	12	94	13	93	12	91	17	92	14	84	13	89	19
S3	C	T	75	18	83	17	79	23	95	16	89	15	99	10	76	11	74	21	82	13	77	14	66	18
S4	T	G	85	14	82	19	81	14	74	21	73	16	67	21	82	10	97	12	96	18	86	21	73	22
S5	C	G	69	24	77	13	84	18	75	20	89	9	101	15	98	10	81	22	85	22	72	26	103	19
S6	A	T	75	20	83	12	79	19	83	9	75	18	83	9	107	10	82	20	82	16	96	12	102	22
S7	A	G	79	22	103	23	83	24	82	17	92	5	123	0	93	0	108	0	85	10	90	18	84	25
S8	A	G	98	0	97	0	100	0	92	0	106	6	107	7	76	11	83	23	107	0	107	0	102	0
S9	A	G	99	0	96	0	103	0	102	0	99	0	120	0	108	0	88	15	92	0	100	0	100	0
S10	G	T	93	0	101	0	121	0	117	0	111	0	111	0	91	0	84	8	102	0	112	0	92	0
S11	T	C	98	0	107	0	84	0	112	0	109	0	96	0	91	0	82	19	92	0	110	0	109	0
S12	C	A	100	0	110	0	94	0	106	0	95	0	91	0	93	0	76	13	113	0	107	0	101	0
S13	C	G	99	0	87	0	116	0	99	0	113	0	83	0	94	0	77	17	91	0	111	0	100	0
S14	T	A	98	0	102	0	102	0	103	0	99	0	84	10	104	0	113	0	104	0	93	0	111	0
S15	T	G	69	25	80	15	83	24	68	21	101	0	93	0	94	0	87	0	105	0	93	0	112	0
S16	C	G	103	14	91	19	86	18	85	16	109	0	94	0	98	0	93	0	110	0	97	0	98	0
S17	T	C	68	27	83	18	70	13	85	18	87	0	92	0	104	0	112	0	102	0	96	0	93	0
S18	A	C	89	26	82	19	99	17	93	14	100	0	88	0	95	0	98	0	91	0	123	0	103	0
S19	C	G	87	14	90	12	72	20	92	15	85	0	103	0	96	0	84	0	104	0	70	0	108	0
S20	C	A	96	0	106	0	82	0	106	0	86	0	103	0	106	0	98	0	110	0	97	0	82	16
S21	G	C	104	0	100	0	103	0	81	0	106	0	88	0	67	0	77	0	85	0	100	0	102	18
S22	G	A	106	0	80	0	115	0	100	0	82	0	103	0	115	0	99	0	99	0	106	0	86	19
S23	T	C	104	0	92	0	101	0	94	0	102	0	108	0	96	0	102	0	97	0	86	0	90	19
S24	A	G	95	0	93	0	97	0	103	0	89	0	100	0	117	0	91	0	89	0	84	0	68	24
S25	G	T	109	0	95	0	101	0	95	0	110	0	103	0	107	0	106	0	89	0	97	0	76	19
S26	A	G	103	0	93	0	106	0	108	0	110	0	103	0	108	0	101	0	104	0	114	0	98	13
S27	G	A	88	0	110	0	91	0	94	0	97	5	104	0	108	0	119	0	76	13	89	12	107	0
S28	G	C	98	0	103	0	89	0	100	0	94	6	97	0	102	0	111	0	64	13	77	14	113	0
S29	G	C	110	0	125	0	109	0	103	0	85	5	80	0	95	0	107	0	91	10	91	17	99	0
S30	C	G	96	0	102	0	101	0	91	0	102	3	106	0	102	0	111	0	90	17	50	19	97	0
S31	A	T	110	0	107	0	104	0	100	0	109	3	108	0	107	0	89	0	86	15	95	10	105	0
S32	A	C	109	0	105	0	97	0	98	0	91	4	107	0	114	0	100	0	81	19	99	18	80	0
S33	A	G	96	0	111	0	108	0	81	0	90	5	110	0	101	0	93	0	78	17	78	19	117	0
S34	A	C	101	0	89	0	113	0	84	0	101	4	99	0	103	0	105	0	69	20	67	22	90	0
S35	G	A	117	0	95	0	98	0	106	0	94	7	93	0	94	0	105	0	76	19	72	24	104	0
S36	C	T	113	0	87	0	107	0	123	0	104	4	111	0	115	0	101	0	100	0	111	0	93	0
S37	G	C	108	0	109	0	92	0	86	0	93	4	99	0	96	0	101	0	85	0	93	0	84	0
S38	G	C	113	0	101	0	88	0	91	0	92	2	102	0	113	0	104	0	76	0	74	0	94	0
S39	A	C	101	0	94	0	109	0	107	0	88	4	106	0	105	0	98	0	125	0	107	0	100	0
S40	T	A	100	0	117	0	89	0	112	0	88	8	105	0	85	0	115	0	91	0	103	0	92	0
S41	T	C	97	0	101	0	97	0	88	0	95	6	84	0	104	0	91	0	87	0	104	0	107	0
S42	G	T	102	0	97	0	105	0	96	0	95	4	92	0	115	0	109	0	106	0	95	0	106	0
S43	C	T	96	0	109	0	117	0	109	0	104	5	109	0	84	0	101	0	99	0	92	0	101	0
S44	T	G	88	0	88	0	81	0	102	0	104	3	83	0	101	0	96	0	93	0	91	0	93	0
S45	G	A	94	0	95	0	98	0	108	0	99	0	94	0	99	0	94	0	78	15	89	20	98	0
S46	G	A	102	0	106	0	98	0	106	0	99	0	100	0	94	0	106	0	83	15	84	18	97	0
S47	C	G	104	0	108	0	99	0	132	0	95	0	81	0	96	0	83	0	87	11	104	18	90	0
S48	G	A	103	0	103	0	92	0	95	0	97	0	100	0	109	0	104	0	88	14	82	18	88	0
S49	G	C	74	0	88	0	96	0	100	0	100	0	84	0	95	0	98	0	94	18	77	15	98	0
S50	A	C	94	0	105	0	98	0	99	0	93	0	109	0	99	0	88	0	89	9	76	20	93	0
S51	A	C	107	0	79	0	114	0	95	0	97	0	82	0	110	0	97	0	105	10	84	12	97	0
S52	G	T	99	0	92	0	109	0	110	0	118	0	109	0	105	0	90	0	78	14	92	20	112	0
S53	C	G	86	0	106	0	96	0	95	0	113	0	86	0	98	0	97	0	98	9	76	17	97	0
S54	G	C	112	0	95	0	104	0	112	0	83	0	110	0	101	0	99	0	91	9	104	0	90	0
S55	A	G	96	0	106	0	101	0	84	0	87	0	102	0	113	0	106	0	93	11	82	0	99	0
S56	A	G	105	0	95	0	106	0	98	0	115	0	88	0	88	0	88	0	84	11	94	0	97	0
S57	C	G	97	0	102	0	100	0	107	0	116	0	115	0	109	0	108	0	86	8	89	0	103	0
S58	C	G	114	0	102	0	96	0	112	0	100	0	109	0	94	0	93	0	98	9	81	0	101	0
S59	T	C	104	0	92	0	88	0	116	0	105	0	97	0	99	0	88	0	83	10	102	0	107	0
S60	T	A	85	0	92	0	113	0	99	0	97	0	99	0	100	0	92	0	81	12	117	0	101	0
S61	T	G	93	0	97	0	85	0	105	0	86	0	109	0	76	0	85	0	76	10	102	0	110	0
S62	G	A	91	0	102	0	88	0	111	0	100	0	91	0	107	0	117	0	101	4	117	0	93	0
S63	G	C	107	0	119	0	113	0	99	0	114	0	116	0	118	0	89	0	94	0	97	8	99	0
S64	C	A	88	0	90	0	99	18	79	13	98	0	108	0	113	0	102	0	106	0	93	0	108	0
S65	C	G	106	0	110	0	71	17	101	13	85	0	93	0	100	0	96	0	101	0	106	0	112	0
S66	G	C	103	5	98	17	101	0	99	0	91	0	102	0	98	0	116	0	97	0	101	0	85	0
S67	T	G	93	8	88	18	102	0	110	0	95	0	102	0	101	0	111	0	92	0	101	0	98	0
S68	C	A	106	4	58	15	107	0	92	0	101	0	90	0	87	0	95	0	104	0	90	0	118	0
S69	A	T	90	5	69	19	100	0	93	0	104	0	118	0	117	0	94	0	99	0	98	0	88	0
S70	G	C	110	3	76	22	82	0	97	0	109	0	98	0	96	0	106	0	107	0	104	0	118	0
S71	G	C	69	7	79	21	100	0	100	0	90	0	86	0	106	0	97	0	83	0	108	0	94	0
S72	T	C	102	9	91	19	110	0	92	0	100	0	83	0	93	0	91	0	115	0	101	0	95	0
S73	G	A	92	3	80	18	100	0	84	0	103	0	108	0	103	0	95	0	109	0	110	0	95	0
S74	G	C	106	3	97	22	121	0	108	0	102	0	94	0	110	0	89	0	116	0	101	0	112	0
