SNVID	Wild	Mut	R1:ref	R1:alt	R2:ref	R2:alt	R3:ref	R3:alt	R4:ref	R4:alt	R5:ref	R5:alt	R6:ref	R6:alt	R7:ref	R7:alt	R8:ref	R8:alt	R9:ref	R9:alt	R10:ref	R10:alt	R11:ref	R11:alt	
S1	C	G	67	26	74	17	66	23	58	22	78	21	92	9	97	9	80	19	77	17	79	25	77	27
S2	G	C	84	25	93	14	77	14	79	21	91	18	90	16	84	9	92	23	82	13	85	23	71	25
S3	A	G	57	22	74	16	94	14	77	19	77	16	94	15	89	8	63	18	86	18	99	19	83	16
S4	T	A	69	20	95	20	82	20	73	21	69	11	74	17	113	9	85	20	82	15	73	17	74	26
S5	G	C	58	20	84	22	79	16	95	14	96	17	88	10	94	14	86	15	94	16	84	19	80	18
S6	T	G	87	16	83	16	76	17	87	12	79	19	93	11	90	9	87	16	74	22	75	26	60	29
S7	T	C	77	16	80	14	85	22	82	20	88	18	93	16	96	10	79	15	85	12	62	20	83	19
S8	C	G	101	20	80	25	77	19	70	17	92	2	97	0	112	0	97	0	102	12	74	20	91	15
S9	T	G	86	0	99	0	107	0	102	0	91	7	74	12	78	14	91	16	97	0	102	0	118	0
S10	C	T	101	0	92	0	91	0	88	0	93	0	73	0	104	0	66	13	107	0	137	0	87	0
S11	A	C	96	0	92	0	95	0	98	0	117	0	89	0	98	0	93	20	100	0	96	0	112	0
S12	T	C	108	0	84	0	81	0	112	0	93	0	83	0	104	0	92	13	112	0	100	0	83	0
S13	A	T	93	0	95	0	104	0	103	0	87	0	102	0	89	0	71	12	111	0	104	0	117	0
S14	G	T	93	0	104	0	99	0	119	0	112	0	92	0	88	0	83	13	103	0	82	0	96	0
S15	T	A	89	0	100	0	122	0	99	0	104	0	116	0	99	0	90	12	91	0	98	0	111	0
S16	C	T	105	0	89	0	114	0	100	0	99	0	101	0	116	0	84	20	98	0	102	0	96	0
S17	A	G	105	0	95	0	101	0	110	0	101	0	96	0	121	0	87	19	100	0	101	0	117	0
S18	T	C	117	0	94	0	136	0	89	0	103	0	74	13	115	0	112	0	100	0	89	0	96	0
S19	C	A	88	0	114	0	99	0	91	0	100	0	81	11	98	0	112	0	95	0	106	0	100	0
S20	A	C	108	17	88	19	80	21	79	16	91	0	88	0	88	0	105	0	91	0	99	0	104	0
S21	C	G	75	20	98	16	63	24	61	23	100	0	120	0	94	0	95	0	102	0	100	0	93	0
S22	G	C	79	21	70	17	73	31	66	20	81	0	97	0	99	0	102	0	81	0	91	0	94	0
S23	T	A	84	21	90	15	97	15	72	18	93	0	119	0	99	0	114	0	99	0	91	0	88	0
S24	G	C	80	19	77	15	87	19	83	19	105	0	104	0	98	0	100	0	98	0	87	0	94	0
S25	T	G	79	17	82	20	66	19	67	16	75	0	109	0	97	0	103	0	84	0	82	0	93	0
S26	A	C	72	18	69	22	65	22	72	18	99	0	102	0	80	0	104	0	104	0	85	0	107	0
S27	A	C	65	18	92	12	73	19	62	16	102	0	106	0	93	0	112	0	105	0	92	0	92	0
S28	A	T	79	21	87	12	76	22	67	21	89	0	116	0	106	0	107	0	113	0	88	0	116	0
S29	C	T	75	21	96	13	65	28	82	7	101	0	91	0	124	0	104	0	106	0	94	0	97	0
S30	C	G	104	0	101	0	82	0	94	0	97	0	84	0	106	0	106	0	94	0	110	0	73	18
S31	C	A	118	0	107	0	80	0	104	0	99	0	127	0	100	0	96	0	113	0	96	0	84	20
S32	T	G	89	0	103	0	114	0	94	0	97	0	98	0	105	0	95	0	107	0	108	0	82	21
S33	T	G	97	0	106	0	96	0	115	0	89	0	88	0	88	0	96	0	106	0	110	0	83	20
S34	C	G	98	0	96	0	91	0	105	0	95	0	90	0	117	0	102	0	109	0	106	0	75	23
S35	T	A	95	0	102	0	114	0	97	0	100	0	86	0	91	0	95	0	108	0	106	0	85	13
S36	C	G	98	0	100	0	88	0	89	0	104	0	98	0	102	0	96	0	95	0	112	0	80	23
S37	C	A	98	0	125	0	100	0	105	0	101	0	108	0	98	0	114	0	100	0	96	0	58	22
S38	G	C	100	0	74	0	93	0	105	0	88	0	116	0	106	0	108	0	99	0	91	0	77	21
S39	A	G	90	0	93	0	96	0	104	0	85	2	100	0	91	0	98	0	73	16	92	21	107	0
S40	C	A	103	0	81	0	100	0	96	0	106	2	116	0	90	0	95	0	104	13	67	16	123	0
S41	G	T	82	0	105	0	107	0	83	0	84	5	106	0	111	0	107	0	78	18	67	27	113	0
S42	C	T	99	0	88	0	104	0	93	0	114	6	110	0	90	0	90	0	93	24	77	24	95	0
S43	A	T	101	0	107	0	95	0	96	0	91	3	117	0	110	0	92	0	92	15	94	19	109	0
S44	T	G	97	0	95	0	93	0	98	0	111	4	98	0	108	0	120	0	103	0	86	0	120	0
S45	A	G	102	0	110	0	106	0	98	0	78	7	108	0	118	0	103	0	96	0	104	0	104	0
S46	G	A	112	0	94	0	108	0	114	0	83	6	99	0	95	0	106	0	113	0	87	0	114	0
S47	G	T	96	0	92	0	128	0	103	0	92	5	101	0	128	0	92	0	121	0	112	0	102	0
S48	C	A	96	0	92	0	92	0	104	0	103	6	117	0	100	0	93	0	104	0	98	0	122	0
S49	C	T	103	0	102	0	119	0	110	0	93	5	101	0	64	0	108	0	115	0	123	0	104	0
S50	C	G	93	0	107	0	98	0	102	0	122	3	106	0	99	0	112	0	88	0	117	0	97	0
S51	C	G	113	0	104	0	99	0	91	0	76	5	102	0	88	0	109	0	98	0	95	0	80	0
S52	C	T	111	0	118	0	109	0	93	0	100	0	104	0	104	0	96	0	60	22	87	20	113	0
S53	C	T	92	0	90	0	106	0	120	0	108	0	99	0	96	0	105	0	65	13	105	19	109	0
S54	C	A	88	0	101	0	90	0	98	0	97	0	93	0	92	0	99	0	109	7	77	15	103	0
S55	T	C	114	0	91	0	100	0	117	0	105	0	91	0	75	0	101	0	75	15	95	18	106	0
S56	T	G	107	0	101	0	101	0	105	0	104	0	86	0	87	0	109	0	90	16	106	18	99	0
S57	G	T	95	0	102	0	97	0	102	0	114	0	94	0	95	0	98	0	91	11	75	16	98	0
S58	T	G	103	0	82	0	102	0	103	0	74	0	80	0	106	0	107	0	95	12	78	17	105	0
S59	G	C	83	0	91	0	89	0	104	0	120	0	102	0	101	0	98	0	79	21	74	19	101	0
S60	G	C	104	0	107	0	104	0	88	0	100	0	110	0	96	0	100	0	51	18	70	19	116	0
S61	C	T	104	0	92	0	105	0	91	0	100	0	102	0	106	0	107	0	80	19	81	25	104	0
S62	T	A	109	0	110	0	86	0	83	0	96	0	112	0	102	0	108	0	95	9	87	0	105	0
S63	T	A	80	0	88	0	103	0	112	0	117	0	104	0	111	0	88	0	102	13	105	0	93	0
S64	T	G	94	0	99	0	81	0	109	0	109	0	86	0	106	0	85	0	91	10	109	0	103	0
S65	C	G	83	0	93	0	113	0	106	0	100	0	95	0	107	0	95	0	81	11	98	0	102	0
S66	A	T	92	0	88	0	103	0	95	0	115	0	119	0	98	0	102	0	78	15	102	0	99	0
S67	G	T	101	0	101	0	109	0	91	0	109	0	103	0	108	0	100	0	91	12	122	0	98	0
S68	C	A	97	0	86	0	103	0	101	0	116	0	105	0	90	0	101	0	108	0	108	5	94	0
S69	T	G	97	0	97	0	81	11	87	18	107	0	101	0	100	0	84	0	114	0	98	0	108	0
S70	A	G	85	7	73	18	116	0	89	0	93	0	97	0	84	0	94	0	101	0	106	0	99	0
S71	G	T	122	3	71	22	97	0	100	0	103	0	116	0	103	0	103	0	108	0	108	0	92	0
S72	T	A	72	7	78	21	91	0	101	0	95	0	89	0	100	0	109	0	104	0	105	0	103	0
S73	A	G	98	7	72	29	95	0	114	0	93	0	112	0	97	0	111	0	89	0	108	0	112	0
S74	G	T	90	4	85	20	94	0	90	0	103	0	96	0	116	0	82	0	97	0	106	0	100	0
S75	A	T	91	4	63	17	101	0	75	0	109	0	92	0	97	0	109	0	103	0	86	0	95	0
S76	G	A	112	3	80	19	112	0	105	0	99	0	95	0	119	0	118	0	104	0	78	0	95	0
S77	C	G	92	7	82	15	102	0	108	0	79	0	99	0	92	0	78	0	100	0	103	0	93	0
S78	G	A	77	10	100	22	93	0	103	0	92	0	110	0	106	0	89	0	110	0	102	0	89	0
S79	A	C	102	5	99	10	113	0	94	0	95	0	100	0	86	0	95	0	98	0	107	0	112	0
