SNVID	Wild	Mut	R1:ref	R1:alt	R2:ref	R2:alt	R3:ref	R3:alt	R4:ref	R4:alt	R5:ref	R5:alt	R6:ref	R6:alt	R7:ref	R7:alt	R8:ref	R8:alt	R9:ref	R9:alt	R10:ref	R10:alt	R11:ref	R11:alt	
S1	C	T	78	19	81	13	81	14	90	15	99	8	72	18	83	10	66	21	100	14	72	16	84	16
S2	A	C	65	17	83	15	100	14	100	17	86	18	107	9	89	12	87	18	98	17	82	17	90	19
S3	C	A	66	22	78	22	76	29	79	20	111	11	85	14	72	15	65	26	92	8	92	18	86	22
S4	A	T	85	19	83	12	68	17	77	17	70	13	85	12	79	11	79	19	91	20	75	14	94	18
S5	C	A	92	25	89	23	79	22	92	17	90	16	96	8	90	9	83	16	76	16	79	20	73	15
S6	T	C	80	17	95	15	65	19	85	11	64	21	96	12	110	7	81	14	77	17	80	23	81	24
S7	G	C	73	23	87	14	63	25	78	14	101	15	102	14	108	15	68	23	96	12	85	19	79	14
S8	C	T	71	23	92	13	76	17	91	19	97	11	70	13	97	9	88	18	79	20	72	17	79	24
S9	T	G	85	18	80	17	53	24	71	18	108	3	85	0	97	0	111	0	97	17	97	14	58	20
S10	G	T	96	0	100	0	108	0	95	0	70	10	84	19	93	11	86	15	84	0	95	0	118	0
S11	A	T	108	0	109	0	93	0	68	0	112	0	92	0	95	0	91	11	89	0	90	0	96	0
S12	C	G	100	0	115	0	98	0	91	0	96	0	109	0	105	0	98	10	103	0	105	0	97	0
S13	C	A	112	0	103	0	101	0	77	0	91	0	105	0	107	0	77	17	98	0	99	0	101	0
S14	C	T	101	0	90	0	90	0	97	0	98	0	121	0	89	0	86	13	119	0	101	0	92	0
S15	G	C	110	0	96	0	112	0	99	0	100	0	96	0	98	0	96	13	94	0	108	0	100	0
S16	T	G	103	0	85	0	108	0	79	0	95	0	82	12	81	0	99	0	105	0	115	0	102	0
S17	T	G	81	22	73	20	95	26	86	11	100	0	110	0	84	0	110	0	107	0	101	0	95	0
S18	A	G	76	22	60	22	96	17	88	15	104	0	92	0	110	0	96	0	108	0	105	0	89	0
S19	G	A	84	22	82	24	82	21	78	17	105	0	109	0	110	0	89	0	113	0	105	0	95	0
S20	T	G	70	22	78	23	77	20	84	10	112	0	105	0	85	0	108	0	87	0	115	0	82	0
S21	T	C	93	13	80	18	96	17	90	10	92	0	100	0	80	0	96	0	94	0	100	0	86	0
S22	G	T	81	18	90	17	78	21	103	13	114	0	100	0	119	0	112	0	104	0	118	0	94	0
S23	G	C	89	22	81	20	85	21	78	13	105	0	105	0	95	0	107	0	108	0	99	0	93	0
S24	G	C	95	25	80	18	62	25	80	12	101	0	114	0	112	0	104	0	113	0	123	0	97	0
S25	C	G	98	0	81	0	117	0	121	0	92	0	106	0	100	0	111	0	119	0	115	0	70	20
S26	G	A	95	0	98	0	91	0	105	0	90	0	115	0	99	0	102	0	96	0	89	0	75	23
S27	C	T	110	0	99	0	110	0	82	0	95	0	117	0	113	0	107	0	98	0	90	0	82	20
S28	C	T	90	0	111	0	85	0	103	0	91	0	79	0	78	0	101	0	80	0	88	0	74	16
S29	C	T	108	0	105	0	115	0	85	0	85	0	98	0	91	0	98	0	93	0	116	0	65	18
S30	C	T	105	0	96	0	85	0	93	0	101	0	110	0	107	0	83	0	104	0	108	0	86	18
S31	T	C	98	0	98	0	103	0	102	0	101	0	100	0	102	0	94	0	105	0	106	0	76	20
S32	G	T	84	0	94	0	117	0	114	0	103	0	88	0	96	0	98	0	106	0	108	0	71	19
S33	T	G	104	0	109	0	92	0	82	0	97	0	98	0	111	0	105	0	96	0	99	0	71	17
S34	G	A	119	0	101	0	95	0	98	0	88	0	103	0	95	0	109	0	105	0	95	0	76	20
S35	T	G	98	0	99	0	112	0	115	0	96	5	87	0	108	0	114	0	104	10	90	15	106	0
S36	G	T	117	0	94	0	103	0	89	0	92	4	92	0	97	0	93	0	64	20	80	18	102	0
S37	C	G	89	0	86	0	99	0	107	0	82	7	106	0	91	0	95	0	91	13	88	22	100	0
S38	A	T	97	0	98	0	102	0	83	0	102	6	87	0	89	0	105	0	84	22	65	21	99	0
S39	A	T	116	0	90	0	94	0	116	0	88	9	85	0	85	0	96	0	85	20	81	22	110	0
S40	A	G	101	0	104	0	104	0	115	0	101	3	99	0	107	0	106	0	110	0	108	0	110	0
S41	T	A	89	0	113	0	105	0	104	0	93	6	89	0	106	0	115	0	97	0	96	0	114	0
S42	G	T	109	0	97	0	95	0	93	0	90	3	112	0	95	0	101	0	95	0	103	0	92	0
S43	G	C	94	0	89	0	110	0	99	0	94	4	105	0	106	0	102	0	109	0	81	0	122	0
S44	T	C	87	0	95	0	86	0	88	0	95	3	94	0	91	0	126	0	98	0	92	0	101	0
S45	T	C	86	0	102	0	98	0	91	0	100	2	85	0	97	0	133	0	102	0	109	0	126	0
S46	G	C	86	0	121	0	108	0	93	0	106	3	102	0	91	0	87	0	101	0	108	0	88	0
S47	G	C	98	0	106	0	106	0	118	0	109	6	114	0	88	0	84	0	93	0	98	0	98	0
S48	C	T	110	0	98	0	88	0	105	0	99	0	96	0	100	0	116	0	84	21	104	14	90	0
S49	G	T	97	0	98	0	95	0	90	0	106	0	105	0	98	0	108	0	89	13	87	10	100	0
S50	C	T	118	0	96	0	83	0	84	0	97	0	101	0	101	0	123	0	102	8	76	18	80	0
S51	T	C	107	0	103	0	100	0	110	0	99	0	95	0	98	0	114	0	75	16	71	14	107	0
S52	T	A	110	0	89	0	98	0	88	0	104	0	99	0	80	0	95	0	82	16	75	18	91	0
S53	A	T	106	0	91	0	92	0	88	0	91	0	104	0	92	0	103	0	104	10	95	18	122	0
S54	A	C	99	0	96	0	81	0	94	0	125	0	98	0	122	0	120	0	78	16	99	18	101	0
S55	T	A	91	0	95	0	97	0	101	0	102	0	95	0	112	0	100	0	98	13	73	17	94	0
S56	T	C	92	0	116	0	101	0	99	0	112	0	119	0	109	0	107	0	80	15	100	13	95	0
S57	G	A	96	0	104	0	115	0	98	0	107	0	104	0	103	0	106	0	90	9	105	0	99	0
S58	A	G	110	0	88	0	87	0	89	0	90	0	102	0	86	0	108	0	89	9	90	0	94	0
S59	A	T	105	0	94	0	102	0	89	0	114	0	103	0	79	0	114	0	86	11	103	0	98	0
S60	T	G	100	0	83	0	89	0	114	0	103	0	104	0	96	0	95	0	94	17	97	0	90	0
S61	G	A	111	0	100	0	113	0	82	0	88	0	105	0	107	0	89	0	105	8	101	0	97	0
S62	T	C	91	0	96	0	105	0	106	0	95	0	96	0	107	0	117	0	93	16	108	0	129	0
S63	A	T	112	0	116	0	97	0	110	0	96	0	94	0	97	0	116	0	94	0	87	14	98	0
S64	A	C	120	0	105	0	77	20	88	18	83	0	96	0	93	0	103	0	98	0	87	0	112	0
S65	G	T	105	2	86	14	104	0	108	0	107	0	99	0	82	0	94	0	91	0	114	0	92	0
S66	T	C	93	6	76	14	102	0	102	0	107	0	99	0	102	0	103	0	103	0	91	0	103	0
S67	A	T	75	9	76	16	94	0	96	0	109	0	90	0	102	0	88	0	127	0	108	0	88	0
S68	G	A	93	5	92	17	95	0	79	0	77	0	98	0	100	0	107	0	110	0	101	0	94	0
S69	T	A	103	11	65	20	106	0	97	0	88	0	92	0	107	0	86	0	112	0	92	0	77	0
S70	T	A	104	3	80	15	95	0	124	0	90	0	117	0	90	0	98	0	83	0	104	0	95	0
S71	G	T	113	7	103	10	91	0	102	0	105	0	90	0	101	0	107	0	96	0	111	0	117	0
