SNVID	Wild	Mut	R1:ref	R1:alt	R2:ref	R2:alt	R3:ref	R3:alt	R4:ref	R4:alt	R5:ref	R5:alt	R6:ref	R6:alt	R7:ref	R7:alt	R8:ref	R8:alt	R9:ref	R9:alt	R10:ref	R10:alt	R11:ref	R11:alt	
S1	A	C	73	21	99	16	84	19	85	18	76	17	95	15	86	10	90	21	89	19	91	17	74	10
S2	C	T	87	25	92	17	83	25	88	18	74	15	81	12	109	7	81	24	108	11	80	19	75	21
S3	T	C	97	15	68	20	103	19	96	19	84	15	101	10	86	7	78	15	80	17	75	17	79	23
S4	C	G	79	21	69	18	93	22	88	9	78	19	81	11	97	8	76	18	98	15	84	20	82	22
S5	C	T	93	20	62	21	73	19	77	18	83	19	60	17	100	9	87	10	70	20	91	16	79	17
S6	A	G	80	22	98	14	80	19	97	19	81	18	78	15	103	6	91	19	79	18	65	18	80	29
S7	G	C	75	17	97	12	77	21	89	12	74	15	103	13	86	9	84	17	88	9	80	16	86	17
S8	C	A	82	19	84	18	101	21	78	18	81	11	87	10	92	11	79	18	82	15	89	26	88	23
S9	G	A	84	19	85	11	80	22	83	13	82	16	85	12	104	16	77	22	65	27	86	16	88	17
S10	T	A	79	18	78	17	73	19	82	13	102	6	88	0	100	0	98	0	76	18	75	18	87	18
S11	T	G	94	0	96	0	98	0	97	0	98	6	86	14	96	8	96	14	103	0	97	0	97	0
S12	C	G	105	0	85	0	108	0	92	0	115	0	112	0	108	0	92	7	96	0	94	0	102	0
S13	A	C	101	0	101	0	97	0	94	0	88	0	110	0	101	0	92	13	98	0	102	0	102	0
S14	G	A	104	0	96	0	112	0	81	0	109	0	91	0	112	0	83	9	94	0	104	0	98	0
S15	A	G	110	0	107	0	94	0	110	0	85	0	105	0	97	0	75	16	112	0	103	0	98	0
S16	T	C	115	0	95	0	112	0	95	0	105	0	103	0	117	0	76	15	83	0	115	0	118	0
S17	C	T	86	0	104	0	108	0	106	0	88	0	94	6	108	0	99	0	105	0	102	0	91	0
S18	C	G	76	19	63	21	85	17	86	16	107	0	90	0	99	0	105	0	88	0	97	0	88	0
S19	G	C	85	21	88	20	61	29	102	17	99	0	104	0	91	0	119	0	99	0	118	0	98	0
S20	G	A	107	18	66	19	71	23	73	15	79	0	106	0	92	0	105	0	90	0	98	0	114	0
S21	C	T	66	24	83	18	87	24	93	25	90	0	111	0	109	0	115	0	95	0	106	0	76	0
S22	T	G	75	19	80	13	80	15	96	13	106	0	106	0	104	0	99	0	98	0	88	0	85	0
S23	A	T	97	0	128	0	112	0	84	0	112	0	112	0	95	0	93	0	83	0	99	0	78	12
S24	G	T	103	0	121	0	104	0	106	0	100	0	102	0	91	0	106	0	101	0	114	0	63	17
S25	A	C	95	0	104	0	87	0	98	0	87	0	106	0	112	0	86	0	93	0	96	0	78	18
S26	A	T	85	0	114	0	101	0	104	0	95	0	107	0	94	0	96	0	100	0	90	0	84	26
S27	T	C	84	0	78	0	125	0	93	0	88	0	100	0	104	0	115	0	100	0	116	0	75	25
S28	T	G	94	0	100	0	88	0	95	0	99	0	100	0	89	0	94	0	98	0	117	0	98	19
S29	G	A	102	0	85	0	107	0	106	0	93	0	69	0	101	0	114	0	93	0	87	0	97	21
S30	A	G	99	0	104	0	107	0	85	0	100	0	105	0	112	0	88	0	111	0	100	0	87	16
S31	T	G	110	0	91	0	119	0	106	0	93	0	118	0	95	0	85	0	102	0	93	0	77	19
S32	G	T	96	0	93	0	105	0	106	0	105	4	95	0	92	0	104	0	90	17	98	22	111	0
S33	G	T	92	0	99	0	104	0	82	0	95	6	107	0	115	0	101	0	97	20	92	12	109	0
S34	T	G	111	0	96	0	95	0	98	0	86	6	79	0	100	0	112	0	96	13	83	19	114	0
S35	A	T	96	0	114	0	92	0	116	0	84	4	97	0	109	0	92	0	70	14	82	13	93	0
S36	C	T	105	0	107	0	104	0	94	0	87	7	118	0	108	0	89	0	90	13	77	15	93	0
S37	C	G	84	0	111	0	101	0	106	0	91	2	100	0	102	0	93	0	80	14	73	19	91	0
S38	G	T	75	0	106	0	107	0	91	0	109	5	102	0	104	0	109	0	73	15	72	27	115	0
S39	T	C	91	0	94	0	105	0	105	0	96	4	100	0	102	0	96	0	106	0	96	0	96	0
S40	T	C	93	0	82	0	85	0	94	0	93	6	111	0	114	0	93	0	104	0	91	0	116	0
S41	G	T	103	0	101	0	100	0	92	0	92	10	104	0	94	0	88	0	106	0	94	0	83	0
S42	G	A	79	0	113	0	110	0	113	0	99	6	104	0	114	0	101	0	96	0	98	0	97	0
S43	A	T	103	0	76	0	110	0	118	0	95	4	83	0	92	0	96	0	90	0	98	0	109	0
S44	T	G	108	0	94	0	94	0	117	0	99	4	118	0	106	0	109	0	119	0	82	0	108	0
S45	T	G	119	0	86	0	105	0	125	0	84	4	101	0	97	0	95	0	83	0	88	0	108	0
S46	G	C	103	0	97	0	102	0	98	0	72	6	96	0	101	0	119	0	101	0	93	0	101	0
S47	A	G	111	0	104	0	115	0	84	0	101	3	82	0	97	0	93	0	94	0	115	0	88	0
S48	G	T	93	0	108	0	86	0	96	0	110	0	107	0	115	0	103	0	96	16	89	20	100	0
S49	A	G	94	0	88	0	106	0	108	0	101	0	95	0	110	0	83	0	60	20	87	10	86	0
S50	A	C	103	0	106	0	99	0	93	0	82	0	105	0	111	0	106	0	87	24	82	19	115	0
S51	G	T	106	0	106	0	89	0	111	0	102	0	85	0	98	0	95	0	83	14	93	12	98	0
S52	T	A	121	0	92	0	97	0	95	0	122	0	97	0	86	0	98	0	85	15	89	16	88	0
S53	C	A	103	0	94	0	100	0	107	0	114	0	91	0	101	0	87	0	80	21	79	18	108	0
S54	C	G	94	0	103	0	129	0	106	0	112	0	85	0	101	0	97	0	87	12	93	12	86	0
S55	A	T	105	0	119	0	81	0	88	0	115	0	95	0	102	0	92	0	61	15	103	17	113	0
S56	G	T	100	0	90	0	95	0	115	0	99	0	107	0	78	0	101	0	76	15	95	15	87	0
S57	A	T	99	0	96	0	80	0	110	0	97	0	79	0	106	0	92	0	101	14	90	13	98	0
S58	C	G	102	0	102	0	112	0	110	0	88	0	101	0	88	0	101	0	93	6	98	0	110	0
S59	C	A	79	0	88	0	89	0	100	0	101	0	95	0	99	0	89	0	93	7	105	0	102	0
S60	T	A	94	0	91	0	104	0	103	0	87	0	91	0	100	0	92	0	84	13	87	0	75	0
S61	A	T	96	0	109	0	95	0	107	0	100	0	108	0	111	0	104	0	122	12	102	0	87	0
S62	A	G	95	0	98	0	98	0	98	0	110	0	106	0	102	0	92	0	85	7	92	0	99	0
S63	T	A	107	0	101	0	118	0	93	0	104	0	105	0	86	0	96	0	66	10	96	0	102	0
S64	A	T	118	0	102	0	103	0	99	0	94	0	108	0	92	0	100	0	78	10	101	0	88	0
S65	A	G	104	0	114	0	112	0	83	0	70	0	89	0	103	0	104	0	100	11	91	0	84	0
S66	G	A	107	0	91	0	87	0	99	0	103	0	125	0	93	0	105	0	85	14	104	0	99	0
S67	A	C	95	0	104	0	93	0	92	0	103	0	72	0	109	0	91	0	94	13	119	0	93	0
S68	A	C	105	0	110	0	108	0	92	0	106	0	97	0	91	0	112	0	96	0	98	9	95	0
S69	C	T	99	0	91	0	78	18	76	14	101	0	104	0	88	0	84	0	96	0	112	0	112	0
S70	T	A	114	0	95	0	91	29	84	21	96	0	92	0	104	0	98	0	106	0	94	0	104	0
S71	T	G	96	2	98	14	78	0	96	0	108	0	94	0	109	0	110	0	101	0	103	0	108	0
S72	A	T	101	6	76	15	109	0	98	0	118	0	93	0	102	0	85	0	118	0	90	0	102	0
S73	G	C	99	4	86	15	115	0	98	0	98	0	117	0	100	0	91	0	97	0	99	0	110	0
S74	T	G	109	3	107	13	97	0	112	0	102	0	91	0	93	0	101	0	86	0	101	0	95	0
S75	C	A	83	7	85	22	91	0	99	0	86	0	112	0	113	0	102	0	98	0	97	0	115	0
S76	T	A	95	3	82	24	92	0	94	0	110	0	108	0	111	0	99	0	106	0	112	0	111	0
S77	C	G	82	4	85	14	108	0	92	0	105	0	115	0	115	0	101	0	93	0	91	0	92	0
S78	G	T	105	5	94	12	100	0	95	0	111	0	102	0	88	0	89	0	116	0	108	0	98	0
S79	A	T	98	8	109	11	102	0	110	0	96	0	91	0	96	0	109	0	93	0	99	0	97	0
S80	A	T	87	6	82	28	108	0	102	0	107	0	102	0	105	0	92	0	95	0	109	0	91	0
