SNVID	Wild	Mut	R1:ref	R1:alt	R2:ref	R2:alt	R3:ref	R3:alt	R4:ref	R4:alt	R5:ref	R5:alt	R6:ref	R6:alt	R7:ref	R7:alt	R8:ref	R8:alt	R9:ref	R9:alt	R10:ref	R10:alt	R11:ref	R11:alt	
S1	T	A	74	19	102	12	75	27	74	20	95	11	79	8	75	8	85	13	85	20	75	25	54	24
S2	G	T	85	20	72	20	72	26	71	17	114	11	93	13	96	15	87	12	74	16	66	20	68	26
S3	C	G	77	24	85	17	79	21	89	14	63	14	81	14	92	9	98	17	104	12	75	19	87	23
S4	A	C	74	16	71	18	80	21	88	9	91	13	84	14	104	9	72	17	99	11	75	13	83	19
S5	T	A	66	19	96	18	68	21	87	11	86	10	98	10	89	13	96	22	83	17	76	20	67	21
S6	C	A	70	18	75	17	61	25	95	13	77	19	85	19	93	12	97	19	84	15	89	22	85	20
S7	C	T	72	22	85	13	81	14	84	13	81	18	69	15	95	7	71	20	95	18	88	20	88	18
S8	A	T	72	19	84	16	89	22	63	18	78	15	83	16	91	13	63	10	100	18	87	13	73	30
S9	T	G	72	22	86	16	75	18	93	14	89	7	77	0	93	0	106	0	84	18	70	16	62	25
S10	A	C	101	0	95	0	93	0	94	0	88	13	82	15	84	13	95	18	103	0	106	0	101	0
S11	A	T	94	0	113	0	103	0	99	0	91	0	102	0	107	0	97	8	93	0	97	0	99	0
S12	T	A	87	0	96	0	96	0	89	0	95	0	104	0	102	0	104	7	82	0	98	0	127	0
S13	C	A	110	0	101	0	100	0	93	0	116	0	117	0	99	0	96	13	106	0	107	0	125	0
S14	G	A	86	0	103	0	102	0	120	0	107	0	84	0	97	0	86	14	111	0	103	0	101	0
S15	A	C	95	0	114	0	98	0	116	0	120	0	110	0	103	0	85	10	105	0	119	0	103	0
S16	T	G	103	0	83	0	98	0	92	0	102	0	114	0	101	0	83	13	100	0	97	0	98	0
S17	G	T	105	0	111	0	112	0	90	0	100	0	98	0	88	0	92	7	91	0	98	0	96	0
S18	C	T	109	0	91	0	105	0	115	0	90	0	104	0	105	0	100	11	98	0	101	0	100	0
S19	C	T	85	0	84	0	107	0	106	0	104	0	114	0	107	0	71	11	99	0	92	0	80	0
S20	A	C	98	0	99	0	86	0	80	0	97	0	108	0	116	0	90	14	87	0	109	0	107	0
S21	C	G	97	0	92	0	100	0	101	0	97	0	89	11	102	0	101	0	106	0	98	0	99	0
S22	T	C	65	24	83	19	62	24	88	18	93	0	106	0	108	0	91	0	84	0	105	0	111	0
S23	A	C	91	11	76	21	90	20	77	17	109	0	101	0	93	0	105	0	94	0	107	0	98	0
S24	G	A	88	17	80	15	72	19	96	14	107	0	116	0	105	0	99	0	95	0	107	0	102	0
S25	T	A	81	21	104	19	69	15	69	18	94	0	113	0	103	0	93	0	100	0	95	0	87	0
S26	C	G	81	23	93	14	63	23	73	15	87	0	102	0	97	0	98	0	106	0	108	0	100	0
S27	G	T	71	15	59	23	75	13	85	11	99	0	96	0	104	0	107	0	97	0	106	0	89	0
S28	T	G	60	21	96	20	82	18	95	17	103	0	109	0	88	0	102	0	107	0	126	0	104	0
S29	T	A	98	0	98	0	82	0	91	0	98	0	101	0	90	0	97	0	90	0	102	0	97	15
S30	T	C	96	0	105	0	99	0	74	0	95	0	103	0	101	0	109	0	99	0	118	0	68	23
S31	G	A	100	0	100	0	78	0	100	0	104	0	106	0	88	0	87	0	105	0	98	0	74	17
S32	A	G	101	0	94	0	100	0	96	0	100	0	108	0	91	0	95	0	113	0	97	0	89	14
S33	C	A	82	0	98	0	102	0	99	0	94	0	97	0	96	0	84	0	105	0	90	0	71	23
S34	G	A	100	0	108	0	104	0	100	0	87	0	99	0	84	0	107	0	93	0	112	0	80	20
S35	C	T	120	0	109	0	92	0	98	0	90	0	105	0	90	0	107	0	104	0	100	0	86	16
S36	A	C	97	0	86	0	95	0	97	0	89	0	80	0	92	0	127	0	96	0	112	0	77	22
S37	A	T	99	0	98	0	91	0	102	0	107	0	88	0	95	0	102	0	101	0	105	0	106	15
S38	T	C	113	0	100	0	108	0	81	0	91	6	107	0	124	0	116	0	83	15	96	14	104	0
S39	G	A	115	0	87	0	77	0	92	0	113	4	107	0	89	0	102	0	86	19	86	12	78	0
S40	G	C	101	0	121	0	98	0	117	0	89	5	103	0	105	0	102	0	80	16	66	20	99	0
S41	T	G	93	0	121	0	110	0	116	0	111	6	105	0	98	0	81	0	87	15	66	24	100	0
S42	G	C	81	0	87	0	90	0	130	0	100	4	84	0	114	0	99	0	97	12	83	11	104	0
S43	G	A	98	0	99	0	124	0	101	0	97	6	104	0	84	0	98	0	79	9	73	17	105	0
S44	A	G	79	0	100	0	94	0	104	0	94	5	101	0	90	0	113	0	72	13	90	16	89	0
S45	C	T	95	0	106	0	106	0	119	0	97	12	81	0	102	0	93	0	80	21	69	17	113	0
S46	G	A	99	0	124	0	92	0	117	0	93	5	96	0	114	0	110	0	96	0	101	0	95	0
S47	A	T	98	0	105	0	111	0	106	0	89	4	90	0	110	0	92	0	112	0	99	0	99	0
S48	T	A	101	0	107	0	105	0	97	0	78	6	112	0	112	0	108	0	110	0	104	0	108	0
S49	T	A	108	0	110	0	110	0	115	0	67	7	87	0	92	0	115	0	101	0	88	0	81	0
S50	G	T	105	0	113	0	105	0	92	0	103	3	103	0	91	0	110	0	122	0	99	0	117	0
S51	T	G	103	0	97	0	114	0	94	0	92	7	104	0	96	0	102	0	98	0	107	0	108	0
S52	C	A	90	0	86	0	90	0	107	0	93	2	114	0	109	0	109	0	106	0	106	0	101	0
S53	T	G	86	0	100	0	104	0	110	0	78	1	112	0	94	0	109	0	76	0	97	0	101	0
S54	G	T	98	0	99	0	85	0	100	0	89	11	109	0	110	0	84	0	109	0	100	0	109	0
S55	G	T	95	0	103	0	88	0	104	0	103	0	107	0	104	0	102	0	79	9	95	18	101	0
S56	G	T	106	0	106	0	102	0	100	0	111	0	102	0	102	0	80	0	95	12	75	19	102	0
S57	C	G	103	0	110	0	96	0	108	0	96	0	121	0	90	0	96	0	77	13	100	16	107	0
S58	G	T	94	0	94	0	109	0	93	0	102	0	118	0	96	0	108	0	83	21	83	18	81	0
S59	G	A	89	0	106	0	102	0	101	0	90	0	102	0	80	0	86	0	79	18	94	12	104	0
S60	T	C	102	0	106	0	112	0	121	0	81	0	108	0	110	0	97	0	91	10	86	23	93	0
S61	G	A	112	0	108	0	107	0	105	0	101	0	100	0	103	0	100	0	101	14	85	17	111	0
S62	G	C	84	0	97	0	87	0	98	0	97	0	107	0	106	0	100	0	87	19	79	18	105	0
S63	A	G	99	0	88	0	93	0	89	0	93	0	99	0	101	0	90	0	85	15	78	0	103	0
S64	A	C	101	0	94	0	102	0	99	0	94	0	93	0	121	0	94	0	84	13	116	0	98	0
S65	T	A	100	0	95	0	98	0	88	0	92	0	112	0	95	0	97	0	110	12	96	0	94	0
S66	C	G	86	0	104	0	98	0	121	0	100	0	86	0	112	0	97	0	90	7	97	0	98	0
S67	C	T	90	0	104	0	87	0	88	0	111	0	100	0	104	0	86	0	103	8	101	0	119	0
S68	G	T	94	0	104	0	87	0	92	0	88	0	97	0	100	0	105	0	92	15	89	0	106	0
S69	C	T	126	0	81	0	104	0	97	0	113	0	122	0	113	0	107	0	109	9	106	0	82	0
S70	G	A	105	0	73	0	103	0	109	0	85	0	74	0	102	0	99	0	102	6	88	0	82	0
S71	T	C	108	0	108	0	93	0	101	0	105	0	91	0	82	0	94	0	75	10	102	0	113	0
S72	T	C	117	0	110	0	96	0	109	0	96	0	90	0	96	0	94	0	89	11	105	0	91	0
S73	G	T	109	0	94	0	90	0	84	0	98	0	86	0	97	0	97	0	97	0	77	11	100	0
S74	C	G	107	0	103	0	91	0	114	0	91	0	115	0	94	0	99	0	93	0	79	5	99	0
S75	C	G	104	0	96	0	91	17	101	13	86	0	79	0	111	0	81	0	108	0	123	0	87	0
S76	A	T	97	10	84	20	100	0	115	0	102	0	117	0	118	0	108	0	94	0	89	0	97	0
S77	G	T	86	3	82	19	83	0	120	0	98	0	92	0	100	0	89	0	107	0	111	0	107	0
S78	T	G	103	6	85	21	98	0	103	0	93	0	102	0	99	0	117	0	110	0	101	0	104	0
S79	G	T	97	8	75	22	92	0	101	0	108	0	99	0	90	0	94	0	104	0	96	0	99	0
S80	G	T	102	5	81	16	105	0	87	0	103	0	99	0	98	0	91	0	102	0	110	0	90	0
S81	C	G	108	2	74	23	89	0	96	0	112	0	108	0	90	0	100	0	92	0	90	0	105	0
