SNVID	Wild	Mut	R1:ref	R1:alt	R2:ref	R2:alt	R3:ref	R3:alt	R4:ref	R4:alt	R5:ref	R5:alt	R6:ref	R6:alt	R7:ref	R7:alt	R8:ref	R8:alt	R9:ref	R9:alt	R10:ref	R10:alt	R11:ref	R11:alt	
S1	A	G	61	21	93	15	76	21	84	14	96	16	94	10	88	12	54	24	71	15	94	13	73	21
S2	C	A	62	24	81	13	78	22	90	15	104	9	78	13	84	11	84	21	84	9	95	12	80	26
S3	G	T	88	14	69	22	81	20	92	19	75	23	98	14	92	11	86	19	97	14	94	12	54	28
S4	C	T	62	22	88	17	70	28	89	16	81	11	89	18	93	11	71	23	69	15	77	15	82	19
S5	A	T	69	22	103	17	79	16	101	12	118	10	104	7	87	12	57	22	65	21	90	13	81	20
S6	A	T	65	32	75	20	69	20	79	15	72	13	81	16	89	11	89	13	86	14	68	21	66	29
S7	A	T	74	28	78	15	89	21	109	9	92	15	95	11	79	8	84	18	79	19	93	15	84	20
S8	C	T	75	20	79	14	73	20	99	16	87	13	70	17	84	12	84	18	68	18	64	21	97	23
S9	C	T	81	15	82	18	87	22	83	20	91	16	71	15	101	10	93	18	71	12	75	21	75	21
S10	T	A	71	23	90	18	82	20	89	15	114	3	99	0	115	0	93	0	87	14	64	24	82	26
S11	T	C	92	0	101	0	91	0	89	0	98	8	85	12	92	11	89	23	117	0	104	0	124	0
S12	T	G	107	0	111	0	104	0	98	0	84	0	95	0	110	0	83	14	95	0	99	0	109	0
S13	C	T	104	0	102	0	105	0	100	0	98	0	93	0	85	0	95	12	103	0	114	0	96	0
S14	T	G	100	0	93	0	89	0	94	0	95	0	101	0	98	0	85	17	100	0	109	0	101	0
S15	G	C	108	0	103	0	110	0	93	0	108	0	106	0	93	0	92	12	100	0	94	0	116	0
S16	C	A	97	0	106	0	95	0	88	0	106	0	91	0	89	0	98	16	108	0	86	0	99	0
S17	A	C	85	0	100	0	107	0	119	0	98	0	106	0	76	0	73	19	125	0	114	0	101	0
S18	T	A	118	0	93	0	89	0	101	0	91	0	110	0	79	0	74	23	112	0	104	0	98	0
S19	T	A	98	0	103	0	82	0	96	0	88	0	95	10	91	0	107	0	94	0	96	0	97	0
S20	G	C	86	20	74	17	84	19	80	12	106	0	94	0	97	0	96	0	116	0	101	0	112	0
S21	A	C	61	21	89	18	71	15	80	15	116	0	105	0	89	0	101	0	106	0	116	0	101	0
S22	A	C	67	20	50	16	76	23	71	15	113	0	98	0	98	0	92	0	101	0	103	0	112	0
S23	T	C	70	24	81	15	84	23	104	18	96	0	96	0	101	0	85	0	111	0	104	0	86	0
S24	A	G	93	17	96	17	84	13	93	12	90	0	108	0	96	0	106	0	104	0	99	0	107	0
S25	G	A	65	23	63	20	97	20	82	17	95	0	97	0	81	0	109	0	119	0	89	0	86	0
S26	A	C	75	21	84	16	89	22	92	17	103	0	97	0	83	0	103	0	106	0	100	0	90	0
S27	A	G	95	18	69	26	84	21	59	19	96	0	107	0	95	0	100	0	102	0	105	0	102	0
S28	G	A	82	19	76	25	80	16	85	14	86	0	80	0	96	0	121	0	95	0	104	0	90	0
S29	A	C	102	0	105	0	106	0	101	0	111	0	91	0	88	0	97	0	88	0	95	0	73	17
S30	G	C	83	0	113	0	98	0	110	0	95	0	93	0	102	0	108	0	108	0	110	0	88	12
S31	C	A	117	0	105	0	126	0	94	0	105	0	96	0	103	0	94	0	89	0	105	0	93	17
S32	C	T	109	0	93	0	103	0	122	0	99	0	101	0	98	0	119	0	112	0	107	0	68	20
S33	T	A	93	0	89	0	99	0	85	0	90	0	101	0	92	0	104	0	87	0	98	0	86	19
S34	G	A	93	0	83	0	85	0	104	0	116	0	89	0	102	0	115	0	92	0	84	0	85	17
S35	T	A	111	0	107	0	102	0	97	0	107	0	112	0	93	0	89	0	109	0	103	0	69	27
S36	G	A	88	0	107	0	106	0	101	0	102	0	94	0	98	0	107	0	94	0	106	0	77	26
S37	C	T	93	0	93	0	100	0	113	0	93	3	88	0	111	0	96	0	85	12	78	23	86	0
S38	A	G	91	0	95	0	87	0	97	0	75	5	94	0	89	0	96	0	82	21	96	16	101	0
S39	A	T	86	0	107	0	104	0	109	0	88	8	87	0	97	0	97	0	85	15	84	13	89	0
S40	T	G	104	0	104	0	93	0	112	0	85	7	84	0	93	0	86	0	61	19	91	17	88	0
S41	G	T	119	0	117	0	129	0	120	0	96	3	93	0	110	0	108	0	78	16	89	18	96	0
S42	A	C	108	0	92	0	96	0	96	0	105	9	105	0	98	0	87	0	92	0	93	0	84	0
S43	G	C	102	0	98	0	114	0	107	0	86	5	124	0	93	0	96	0	100	0	98	0	97	0
S44	T	C	110	0	90	0	109	0	97	0	76	6	98	0	131	0	89	0	109	0	83	0	103	0
S45	G	C	101	0	102	0	103	0	82	0	95	4	120	0	107	0	111	0	100	0	97	0	95	0
S46	T	A	84	0	97	0	109	0	113	0	86	7	82	0	91	0	90	0	111	0	113	0	95	0
S47	G	A	110	0	91	0	111	0	86	0	91	4	84	0	97	0	104	0	87	0	103	0	93	0
S48	A	T	88	0	104	0	95	0	97	0	102	0	98	0	90	0	102	0	81	13	87	16	105	0
S49	G	A	107	0	99	0	100	0	95	0	105	0	103	0	83	0	122	0	90	11	88	13	102	0
S50	A	C	96	0	75	0	91	0	106	0	93	0	98	0	103	0	90	0	69	14	78	19	103	0
S51	T	G	85	0	89	0	114	0	105	0	101	0	109	0	120	0	117	0	91	19	70	21	86	0
S52	T	A	97	0	106	0	90	0	84	0	118	0	111	0	111	0	101	0	79	12	104	14	104	0
S53	C	G	100	0	115	0	103	0	113	0	82	0	112	0	117	0	102	0	82	8	64	18	103	0
S54	T	G	107	0	101	0	106	0	92	0	106	0	101	0	111	0	111	0	70	20	80	22	99	0
S55	G	C	98	0	106	0	88	0	99	0	94	0	118	0	95	0	89	0	80	17	74	17	116	0
S56	A	G	103	0	98	0	94	0	89	0	90	0	106	0	112	0	97	0	80	10	112	0	108	0
S57	C	G	102	0	95	0	92	0	99	0	106	0	98	0	103	0	89	0	93	9	109	0	101	0
S58	T	G	115	0	100	0	91	0	97	0	80	0	108	0	105	0	89	0	91	10	93	0	107	0
S59	C	T	95	0	119	0	108	0	99	0	97	0	110	0	113	0	99	0	86	8	96	0	106	0
S60	T	A	105	0	95	0	103	0	95	0	95	0	100	0	108	0	127	0	92	9	112	0	88	0
S61	A	G	103	0	99	0	94	0	98	0	116	0	114	0	101	0	91	0	86	6	100	0	108	0
S62	A	T	91	0	111	0	83	0	102	0	133	0	96	0	104	0	113	0	77	9	88	0	103	0
S63	A	T	109	0	99	0	114	0	100	0	99	0	98	0	102	0	113	0	100	6	93	0	92	0
S64	C	T	99	0	95	0	107	0	98	0	98	0	94	0	103	0	95	0	102	6	93	0	100	0
S65	C	T	98	0	94	0	91	0	96	0	99	0	102	0	97	0	101	0	89	9	120	0	99	0
S66	T	G	83	0	95	0	109	0	102	0	114	0	95	0	98	0	104	0	101	0	105	6	106	0
S67	C	A	93	0	102	0	81	15	84	16	96	0	95	0	99	0	108	0	92	0	125	0	87	0
S68	A	T	92	0	104	0	80	24	94	14	111	0	95	0	99	0	107	0	99	0	119	0	111	0
S69	C	G	91	2	96	21	107	0	88	0	101	0	97	0	89	0	113	0	85	0	101	0	101	0
S70	T	C	84	4	83	20	107	0	90	0	105	0	99	0	87	0	106	0	103	0	108	0	126	0
S71	G	T	91	10	100	19	110	0	111	0	117	0	76	0	98	0	105	0	97	0	98	0	102	0
S72	C	G	93	3	86	15	112	0	104	0	89	0	85	0	98	0	85	0	98	0	104	0	100	0
S73	C	T	100	4	72	27	87	0	107	0	91	0	92	0	81	0	115	0	96	0	88	0	87	0
S74	G	T	107	6	83	16	109	0	93	0	94	0	111	0	120	0	118	0	122	0	91	0	105	0
