SNVID	Wild	Mut	R1:ref	R1:alt	R2:ref	R2:alt	R3:ref	R3:alt	R4:ref	R4:alt	R5:ref	R5:alt	R6:ref	R6:alt	R7:ref	R7:alt	R8:ref	R8:alt	R9:ref	R9:alt	R10:ref	R10:alt	R11:ref	R11:alt	
S1	C	T	70	19	75	25	89	19	102	14	99	12	88	11	80	16	79	19	88	18	96	17	69	23
S2	C	G	91	22	92	9	97	22	83	15	76	24	85	12	99	10	93	16	101	12	94	18	93	21
S3	T	C	80	24	82	22	61	18	91	11	78	13	87	7	86	7	95	12	76	20	93	13	47	29
S4	T	C	93	17	82	13	75	22	102	14	98	17	89	16	90	10	84	15	73	16	75	16	85	24
S5	A	G	61	28	66	31	76	24	85	18	94	14	95	9	110	11	65	25	78	23	87	19	73	25
S6	A	C	64	24	89	15	75	18	96	12	68	24	76	12	100	10	81	16	85	16	73	22	69	26
S7	G	C	85	19	108	16	83	18	96	19	99	6	109	0	114	0	106	0	79	19	72	19	67	20
S8	A	C	100	0	81	0	108	0	89	0	96	10	91	10	90	10	94	16	93	0	103	0	102	0
S9	A	C	106	0	100	0	94	0	88	0	90	0	110	0	95	0	65	19	90	0	83	0	100	0
S10	A	C	99	0	100	0	115	0	103	0	98	0	91	0	128	0	83	10	107	0	111	0	106	0
S11	A	G	92	0	93	0	102	0	108	0	109	0	115	0	91	0	94	12	92	0	107	0	98	0
S12	C	G	129	0	115	0	104	0	102	0	94	0	98	0	103	0	82	16	94	0	83	0	98	0
S13	T	G	104	0	109	0	94	0	95	0	109	0	108	0	85	0	83	19	108	0	115	0	93	0
S14	C	A	111	0	105	0	121	0	91	0	89	0	86	0	103	0	79	11	89	0	115	0	113	0
S15	A	C	101	0	114	0	87	0	105	0	108	0	92	0	116	0	77	14	96	0	92	0	92	0
S16	G	A	84	0	101	0	102	0	112	0	99	0	92	0	88	0	89	11	91	0	112	0	93	0
S17	T	A	95	0	111	0	95	0	98	0	91	0	109	0	99	0	100	14	101	0	103	0	97	0
S18	A	G	103	0	99	0	91	0	100	0	103	0	91	11	95	0	90	0	98	0	108	0	102	0
S19	G	A	105	0	100	0	73	0	100	0	101	0	86	6	85	0	100	0	95	0	96	0	103	0
S20	C	T	73	20	75	20	85	17	87	13	86	0	94	0	88	0	99	0	112	0	101	0	95	0
S21	T	C	81	23	90	14	107	14	79	20	86	0	113	0	104	0	88	0	118	0	119	0	104	0
S22	C	A	89	16	94	15	76	23	87	13	100	0	101	0	92	0	95	0	118	0	105	0	97	0
S23	A	T	86	17	87	10	104	20	69	23	99	0	96	0	108	0	94	0	87	0	105	0	102	0
S24	G	C	79	17	77	23	84	18	97	11	103	0	112	0	94	0	99	0	111	0	88	0	101	0
S25	G	T	66	22	107	17	79	22	96	12	90	0	101	0	86	0	111	0	95	0	96	0	92	0
S26	A	T	80	14	78	21	68	25	104	12	101	0	94	0	88	0	93	0	85	0	105	0	97	0
S27	A	C	82	22	68	20	61	21	93	16	96	0	95	0	89	0	116	0	99	0	100	0	103	0
S28	T	A	80	0	93	0	91	0	97	0	105	0	96	0	87	0	109	0	108	0	102	0	85	19
S29	A	G	109	0	84	0	89	0	93	0	99	0	92	0	105	0	118	0	107	0	99	0	85	22
S30	A	G	111	0	99	0	102	0	90	0	96	0	87	0	85	0	112	0	97	0	109	0	89	15
S31	C	T	107	0	93	0	76	0	91	0	96	0	103	0	114	0	106	0	122	0	115	0	85	21
S32	G	A	99	0	94	0	86	0	102	0	105	0	94	0	102	0	95	0	98	0	100	0	84	17
S33	C	A	107	0	96	0	117	0	102	0	112	0	112	0	93	0	88	0	99	0	83	0	84	23
S34	C	G	83	0	118	0	97	0	93	0	94	0	106	0	93	0	109	0	87	0	101	0	84	24
S35	G	T	105	0	108	0	99	0	119	0	113	0	96	0	118	0	85	0	110	0	110	0	95	19
S36	T	A	92	0	108	0	114	0	83	0	92	0	102	0	102	0	104	0	85	0	102	0	91	21
S37	C	A	101	0	96	0	89	0	102	0	106	0	124	0	84	0	105	0	95	0	119	0	80	30
S38	C	T	105	0	115	0	97	0	96	0	102	5	103	0	100	0	107	0	93	17	91	17	102	0
S39	G	T	105	0	91	0	89	0	90	0	90	8	76	0	115	0	107	0	104	18	62	28	77	0
S40	T	A	91	0	101	0	103	0	100	0	88	4	108	0	94	0	111	0	104	10	72	21	104	0
S41	C	T	113	0	93	0	88	0	99	0	99	2	91	0	109	0	113	0	86	14	78	17	94	0
S42	G	C	102	0	120	0	119	0	97	0	101	5	91	0	111	0	104	0	85	12	67	20	91	0
S43	T	A	103	0	87	0	107	0	109	0	93	5	104	0	112	0	113	0	79	17	78	14	110	0
S44	G	T	108	0	100	0	79	0	107	0	101	5	108	0	100	0	97	0	67	16	91	15	97	0
S45	A	C	115	0	97	0	102	0	87	0	84	8	107	0	110	0	98	0	93	14	98	16	104	0
S46	A	T	98	0	112	0	104	0	84	0	91	2	110	0	104	0	90	0	82	17	90	17	98	0
S47	A	T	92	0	92	0	100	0	116	0	73	8	99	0	95	0	96	0	87	9	77	12	89	0
S48	C	G	88	0	105	0	104	0	99	0	95	3	95	0	75	0	102	0	114	0	93	0	99	0
S49	T	G	100	0	102	0	114	0	91	0	79	7	84	0	104	0	102	0	101	0	93	0	107	0
S50	T	C	96	0	104	0	101	0	97	0	97	9	100	0	98	0	103	0	101	0	110	0	112	0
S51	G	T	93	0	101	0	111	0	118	0	94	9	106	0	91	0	85	0	102	0	85	0	101	0
S52	G	T	86	0	100	0	113	0	107	0	84	3	104	0	85	0	100	0	92	0	91	0	100	0
S53	A	T	90	0	78	0	102	0	100	0	96	4	103	0	102	0	102	0	94	0	94	0	117	0
S54	G	A	95	0	90	0	94	0	102	0	98	10	76	0	96	0	103	0	104	0	84	0	109	0
S55	G	C	104	0	114	0	111	0	121	0	100	5	95	0	94	0	101	0	114	0	93	0	102	0
S56	A	T	101	0	105	0	92	0	90	0	105	0	95	0	88	0	94	0	103	19	88	16	99	0
S57	G	A	108	0	93	0	105	0	98	0	94	0	114	0	82	0	86	0	98	9	86	14	93	0
S58	G	T	100	0	97	0	102	0	97	0	106	0	109	0	93	0	102	0	81	12	79	21	85	0
S59	T	C	95	0	98	0	101	0	94	0	104	0	99	0	98	0	103	0	70	16	81	15	104	0
S60	T	C	87	0	100	0	126	0	85	0	90	0	120	0	97	0	94	0	102	14	85	18	96	0
S61	G	T	102	0	94	0	116	0	97	0	105	0	83	0	111	0	90	0	96	11	89	14	105	0
S62	C	G	96	0	104	0	94	0	104	0	106	0	92	0	94	0	94	0	104	11	70	16	89	0
S63	G	A	105	0	111	0	100	0	92	0	109	0	110	0	113	0	102	0	88	18	83	21	91	0
S64	T	G	100	0	125	0	102	0	105	0	104	0	107	0	113	0	93	0	96	7	108	0	113	0
S65	C	G	105	0	93	0	106	0	98	0	91	0	95	0	112	0	94	0	77	9	87	0	96	0
S66	T	A	84	0	98	0	114	0	107	0	92	0	104	0	104	0	92	0	98	10	101	0	111	0
S67	T	C	107	0	104	0	118	0	89	0	115	0	94	0	102	0	107	0	92	11	93	0	101	0
S68	G	A	101	0	114	0	95	0	94	0	118	0	87	0	90	0	114	0	80	14	112	0	100	0
S69	C	G	100	0	117	0	100	0	110	0	83	0	99	0	112	0	95	0	88	0	103	7	104	0
S70	A	C	101	0	93	0	96	0	101	0	110	0	102	0	100	0	106	0	93	0	100	5	90	0
S71	A	T	109	0	112	0	76	16	82	18	85	0	109	0	112	0	117	0	107	0	91	0	103	0
S72	G	A	95	2	112	9	113	0	132	0	92	0	119	0	96	0	103	0	100	0	123	0	85	0
S73	A	C	83	4	81	21	103	0	103	0	78	0	95	0	109	0	85	0	112	0	89	0	93	0
S74	C	A	96	3	85	17	107	0	101	0	103	0	91	0	108	0	113	0	101	0	122	0	93	0
S75	T	C	102	5	91	19	98	0	107	0	82	0	98	0	103	0	111	0	103	0	95	0	105	0
S76	A	T	86	10	74	13	89	0	114	0	92	0	89	0	100	0	107	0	104	0	105	0	86	0
S77	T	C	105	6	91	14	113	0	102	0	87	0	107	0	100	0	104	0	109	0	85	0	83	0
S78	C	G	100	5	83	14	112	0	98	0	94	0	108	0	106	0	101	0	112	0	113	0	103	0
S79	T	A	110	5	71	14	116	0	129	0	93	0	92	0	106	0	116	0	89	0	114	0	83	0
S80	T	C	96	4	84	18	114	0	104	0	90	0	109	0	108	0	92	0	89	0	88	0	95	0
S81	T	A	73	8	91	22	102	0	107	0	94	0	111	0	109	0	107	0	102	0	102	0	104	0
