SNVID	Wild	Mut	R1:ref	R1:alt	R2:ref	R2:alt	R3:ref	R3:alt	R4:ref	R4:alt	R5:ref	R5:alt	R6:ref	R6:alt	R7:ref	R7:alt	R8:ref	R8:alt	R9:ref	R9:alt	R10:ref	R10:alt	R11:ref	R11:alt	
S1	G	C	96	20	79	8	74	11	88	20	75	18	83	12	98	9	97	20	109	7	60	21	85	26
S2	C	A	65	22	103	10	89	20	76	11	88	15	85	15	96	9	89	12	78	16	82	13	75	22
S3	T	A	73	20	80	25	70	17	77	12	87	18	87	13	91	8	94	15	80	11	87	17	94	21
S4	C	T	101	11	86	17	85	17	79	16	63	9	88	16	106	4	67	26	97	16	74	16	66	26
S5	T	A	69	24	70	19	65	30	85	13	89	19	88	7	97	11	72	22	84	14	82	21	78	19
S6	C	G	86	23	83	14	76	20	97	14	95	11	87	18	77	13	97	14	94	15	93	14	100	22
S7	A	G	74	22	93	19	73	22	65	20	80	21	92	11	95	9	77	14	87	18	83	15	65	23
S8	T	G	62	27	90	21	58	22	78	19	102	6	87	0	114	0	105	0	79	17	87	24	87	19
S9	G	C	114	0	104	0	104	0	106	0	87	11	87	10	111	9	81	12	103	0	104	0	98	0
S10	G	C	104	0	88	0	78	0	88	0	91	0	111	0	90	0	88	17	83	0	95	0	83	0
S11	T	G	109	0	105	0	116	0	97	0	92	0	99	0	107	0	96	8	88	0	94	0	115	0
S12	C	A	106	0	96	0	114	0	119	0	102	0	106	0	122	0	81	9	101	0	112	0	104	0
S13	A	G	103	0	89	0	106	0	94	0	89	0	83	0	100	0	73	16	79	0	91	0	124	0
S14	C	T	95	0	89	0	86	0	74	0	111	0	91	0	112	0	108	12	100	0	113	0	91	0
S15	T	C	88	0	102	0	87	0	114	0	97	0	85	0	84	0	83	17	98	0	87	0	107	0
S16	T	C	105	0	105	0	88	0	105	0	101	0	104	0	108	0	77	16	101	0	98	0	106	0
S17	A	C	85	0	93	0	87	0	100	0	108	0	104	0	106	0	83	14	99	0	110	0	121	0
S18	C	G	95	0	92	0	107	0	103	0	106	0	102	0	104	0	67	14	99	0	104	0	96	0
S19	A	G	114	0	91	0	101	0	107	0	110	0	94	10	94	0	96	0	102	0	81	0	93	0
S20	G	T	103	0	94	0	97	0	107	0	110	0	84	10	97	0	84	0	81	0	88	0	102	0
S21	A	C	86	18	83	20	61	17	78	17	109	0	85	0	91	0	101	0	112	0	103	0	92	0
S22	G	C	92	19	68	18	97	19	69	17	113	0	88	0	111	0	112	0	84	0	115	0	99	0
S23	T	G	70	23	75	21	74	16	92	14	109	0	98	0	117	0	98	0	108	0	87	0	115	0
S24	A	C	73	17	80	15	90	16	86	16	92	0	101	0	90	0	95	0	102	0	97	0	98	0
S25	G	T	65	27	102	18	77	19	108	13	101	0	91	0	100	0	95	0	108	0	108	0	87	0
S26	A	C	60	26	83	19	77	24	79	16	80	0	102	0	107	0	95	0	79	0	88	0	97	0
S27	G	A	112	0	88	0	126	0	100	0	93	0	112	0	108	0	91	0	95	0	94	0	84	19
S28	A	T	107	0	106	0	88	0	108	0	116	0	95	0	109	0	88	0	107	0	102	0	69	17
S29	A	G	97	0	85	0	111	0	98	0	99	0	80	0	101	0	108	0	114	0	113	0	77	20
S30	C	A	94	0	82	0	99	0	130	0	85	0	95	0	100	0	109	0	102	0	109	0	76	17
S31	A	C	113	0	106	0	101	0	114	0	89	0	81	0	99	0	87	0	91	0	103	0	72	22
S32	G	C	99	0	88	0	103	0	91	0	107	0	123	0	101	0	103	0	106	0	95	0	80	15
S33	T	C	95	0	79	0	112	0	106	0	100	0	108	0	103	0	95	0	98	0	114	0	88	21
S34	A	C	88	0	95	0	115	0	91	0	97	5	104	0	116	0	119	0	82	14	85	20	119	0
S35	A	G	115	0	103	0	101	0	86	0	84	4	89	0	94	0	113	0	80	12	83	16	88	0
S36	G	A	96	0	101	0	87	0	88	0	92	6	96	0	115	0	115	0	70	19	76	11	101	0
S37	A	T	103	0	94	0	98	0	98	0	98	5	88	0	115	0	106	0	74	13	101	17	99	0
S38	A	G	107	0	106	0	101	0	97	0	91	2	87	0	71	0	111	0	98	12	69	15	82	0
S39	G	C	93	0	103	0	101	0	83	0	74	8	105	0	103	0	103	0	102	5	87	17	95	0
S40	C	T	123	0	78	0	95	0	92	0	81	6	111	0	99	0	92	0	93	13	93	20	96	0
S41	G	C	100	0	88	0	92	0	112	0	85	6	103	0	87	0	90	0	97	0	110	0	95	0
S42	C	T	90	0	97	0	86	0	100	0	102	4	103	0	93	0	100	0	93	0	86	0	95	0
S43	A	T	84	0	112	0	120	0	92	0	93	4	108	0	101	0	102	0	105	0	84	0	104	0
S44	G	T	99	0	93	0	106	0	96	0	98	4	106	0	105	0	106	0	105	0	100	0	95	0
S45	T	A	105	0	83	0	101	0	106	0	111	2	96	0	102	0	80	0	91	0	93	0	84	0
S46	A	C	117	0	112	0	93	0	104	0	93	5	98	0	92	0	95	0	94	0	84	0	102	0
S47	T	C	101	0	98	0	90	0	118	0	82	6	96	0	98	0	110	0	90	0	106	0	97	0
S48	T	G	85	0	87	0	100	0	97	0	78	5	98	0	99	0	111	0	98	0	102	0	100	0
S49	A	G	112	0	106	0	105	0	108	0	97	0	123	0	113	0	102	0	83	17	99	16	116	0
S50	T	G	81	0	112	0	102	0	96	0	77	0	96	0	99	0	106	0	70	20	70	16	98	0
S51	T	G	106	0	101	0	113	0	104	0	112	0	87	0	91	0	94	0	83	13	67	20	91	0
S52	G	A	95	0	108	0	93	0	112	0	89	0	97	0	97	0	91	0	97	12	78	17	110	0
S53	G	C	111	0	126	0	86	0	108	0	86	0	106	0	76	0	103	0	89	14	79	14	112	0
S54	A	C	109	0	96	0	99	0	106	0	107	0	105	0	105	0	98	0	92	15	75	20	90	0
S55	C	G	111	0	95	0	101	0	83	0	106	0	110	0	79	0	104	0	82	15	77	24	85	0
S56	G	C	105	0	85	0	99	0	101	0	104	0	110	0	88	0	96	0	99	15	81	20	94	0
S57	A	G	123	0	106	0	113	0	109	0	115	0	100	0	94	0	114	0	94	9	76	28	102	0
S58	A	C	92	0	94	0	92	0	106	0	104	0	102	0	106	0	116	0	79	17	76	19	103	0
S59	G	C	102	0	123	0	86	0	98	0	103	0	94	0	100	0	86	0	63	16	86	0	101	0
S60	T	C	84	0	94	0	104	0	88	0	85	0	101	0	99	0	103	0	100	9	98	0	114	0
S61	T	A	108	0	100	0	110	0	93	0	102	0	90	0	107	0	96	0	71	11	86	0	102	0
S62	A	T	105	0	108	0	105	0	109	0	96	0	94	0	90	0	107	0	82	8	114	0	89	0
S63	C	A	117	0	95	0	100	0	103	0	79	0	93	0	101	0	91	0	93	12	94	0	101	0
S64	T	C	100	0	82	0	101	0	91	0	98	0	103	0	95	0	101	0	100	0	80	4	87	0
S65	C	G	98	0	100	0	102	0	97	0	91	0	103	0	89	0	114	0	103	0	102	9	103	0
S66	G	C	102	0	85	0	66	23	99	9	109	0	99	0	94	0	98	0	116	0	105	0	84	0
S67	T	C	104	0	117	0	86	23	68	20	108	0	84	0	105	0	93	0	82	0	112	0	98	0
S68	G	A	97	3	72	17	100	0	104	0	101	0	90	0	98	0	89	0	106	0	95	0	114	0
S69	T	C	102	4	74	19	81	0	89	0	93	0	88	0	104	0	87	0	119	0	111	0	99	0
S70	T	C	97	6	89	19	102	0	89	0	110	0	95	0	91	0	98	0	102	0	100	0	121	0
S71	T	G	95	8	85	15	113	0	96	0	89	0	100	0	113	0	98	0	112	0	106	0	105	0
S72	G	T	99	3	93	13	89	0	80	0	89	0	111	0	93	0	79	0	114	0	94	0	102	0
S73	C	G	95	3	89	16	99	0	94	0	101	0	95	0	107	0	106	0	92	0	116	0	98	0
