SNVID	Wild	Mut	R1:ref	R1:alt	R2:ref	R2:alt	R3:ref	R3:alt	R4:ref	R4:alt	R5:ref	R5:alt	R6:ref	R6:alt	R7:ref	R7:alt	R8:ref	R8:alt	R9:ref	R9:alt	R10:ref	R10:alt	R11:ref	R11:alt	
S1	G	A	103	16	80	22	72	25	85	16	95	20	76	17	74	11	87	17	100	12	92	13	94	22
S2	T	C	78	7	91	13	76	20	89	16	72	18	71	12	89	6	82	17	82	15	75	24	68	19
S3	G	A	75	20	92	19	76	17	84	11	82	15	72	17	115	12	81	13	76	23	72	12	84	22
S4	C	A	93	28	78	16	77	21	86	15	112	12	81	9	75	15	79	22	77	16	62	25	82	21
S5	A	T	83	22	83	15	77	16	77	17	92	14	85	9	103	6	76	24	101	14	92	20	75	20
S6	T	G	77	16	67	20	78	14	97	16	87	8	93	0	115	0	95	0	86	14	78	13	86	22
S7	G	A	108	0	92	0	123	0	85	0	95	6	96	12	95	6	81	17	110	0	94	0	86	0
S8	G	C	102	0	91	0	87	0	110	0	87	0	104	0	114	0	88	7	98	0	97	0	89	0
S9	G	A	87	0	86	0	89	0	112	0	107	0	105	0	98	0	104	9	95	0	95	0	84	0
S10	C	A	78	0	83	0	114	0	108	0	106	0	97	0	86	0	80	15	94	0	107	0	99	0
S11	A	G	103	0	101	0	112	0	103	0	95	0	118	0	92	0	84	14	99	0	104	0	90	0
S12	C	A	92	0	87	0	81	0	96	0	94	0	112	0	97	0	100	5	102	0	126	0	109	0
S13	T	A	91	0	97	0	108	0	115	0	111	0	105	0	106	0	87	13	108	0	97	0	100	0
S14	T	A	102	0	98	0	109	0	112	0	103	0	99	10	100	0	107	0	90	0	96	0	85	0
S15	A	G	103	0	99	0	95	0	99	0	91	0	114	12	92	0	96	0	93	0	79	0	89	0
S16	C	G	67	19	98	16	94	16	95	12	99	0	102	0	110	0	85	0	100	0	105	0	94	0
S17	C	G	86	20	81	15	74	20	77	11	99	0	108	0	85	0	110	0	92	0	109	0	95	0
S18	T	C	82	21	81	14	76	17	81	20	96	0	103	0	109	0	101	0	92	0	102	0	102	0
S19	A	G	90	17	82	21	77	22	88	12	92	0	93	0	92	0	94	0	121	0	103	0	107	0
S20	A	C	72	18	83	26	81	18	88	13	114	0	104	0	126	0	99	0	96	0	91	0	84	0
S21	G	T	93	20	96	16	69	19	95	11	97	0	106	0	92	0	108	0	100	0	66	0	97	0
S22	T	A	62	23	82	16	79	14	74	10	97	0	102	0	98	0	102	0	83	0	84	0	97	0
S23	A	C	81	23	76	20	94	12	121	11	112	0	91	0	94	0	86	0	110	0	103	0	92	0
S24	C	A	92	0	96	0	90	0	83	0	117	0	101	0	88	0	110	0	99	0	92	0	88	13
S25	G	C	88	0	81	0	118	0	115	0	83	0	102	0	100	0	112	0	76	0	103	0	90	19
S26	A	C	86	0	118	0	106	0	96	0	92	0	91	0	89	0	101	0	104	0	96	0	77	27
S27	G	T	114	0	77	0	104	0	112	0	98	0	84	0	95	0	112	0	103	0	97	0	88	19
S28	C	G	106	0	98	0	84	0	106	0	95	0	100	0	100	0	105	0	101	0	94	0	81	19
S29	G	T	93	0	107	0	113	0	111	0	100	0	103	0	111	0	103	0	109	0	114	0	66	24
S30	C	T	99	0	77	0	93	0	102	0	104	1	100	0	107	0	90	0	75	17	74	22	105	0
S31	T	G	118	0	97	0	102	0	120	0	102	2	114	0	111	0	112	0	93	17	80	17	97	0
S32	A	C	108	0	99	0	83	0	108	0	100	3	91	0	90	0	83	0	86	13	83	14	107	0
S33	G	C	103	0	106	0	109	0	90	0	104	3	101	0	105	0	98	0	85	10	78	22	92	0
S34	T	G	95	0	95	0	94	0	119	0	89	4	109	0	98	0	114	0	73	12	73	14	110	0
S35	T	G	108	0	102	0	102	0	96	0	100	9	113	0	81	0	106	0	85	18	77	19	89	0
S36	G	T	98	0	127	0	96	0	85	0	87	2	103	0	94	0	92	0	88	15	98	15	87	0
S37	T	A	113	0	110	0	103	0	100	0	100	6	92	0	97	0	93	0	73	17	83	20	106	0
S38	T	G	108	0	108	0	90	0	97	0	100	6	109	0	117	0	102	0	77	23	76	10	102	0
S39	A	T	104	0	116	0	95	0	103	0	86	6	98	0	80	0	104	0	87	0	111	0	95	0
S40	A	C	99	0	97	0	135	0	116	0	74	5	104	0	96	0	100	0	96	0	95	0	102	0
S41	G	A	80	0	84	0	96	0	102	0	97	5	108	0	103	0	97	0	101	0	85	0	99	0
S42	T	A	101	0	101	0	113	0	100	0	85	6	130	0	110	0	92	0	76	0	96	0	113	0
S43	T	C	92	0	104	0	104	0	107	0	80	4	107	0	99	0	96	0	105	0	89	0	80	0
S44	C	A	128	0	80	0	99	0	98	0	110	2	84	0	100	0	84	0	101	0	95	0	98	0
S45	T	A	106	0	92	0	105	0	110	0	94	3	86	0	93	0	112	0	102	0	107	0	95	0
S46	T	A	105	0	102	0	96	0	102	0	94	6	101	0	101	0	94	0	94	0	117	0	108	0
S47	T	G	90	0	104	0	122	0	118	0	100	7	106	0	105	0	77	0	89	0	101	0	101	0
S48	T	A	102	0	109	0	83	0	93	0	82	0	135	0	99	0	99	0	90	11	96	15	117	0
S49	C	A	111	0	99	0	91	0	89	0	103	0	106	0	82	0	106	0	84	14	85	17	93	0
S50	C	T	111	0	100	0	100	0	111	0	74	0	108	0	94	0	100	0	68	21	99	24	92	0
S51	T	G	101	0	89	0	106	0	93	0	99	0	106	0	90	0	104	0	93	22	89	16	116	0
S52	G	A	83	0	133	0	122	0	101	0	91	0	102	0	125	0	105	0	97	12	72	23	78	0
S53	C	T	83	0	93	0	93	0	90	0	81	0	101	0	102	0	108	0	85	9	89	12	94	0
S54	T	A	102	0	100	0	101	0	77	0	118	0	70	0	100	0	104	0	103	7	87	0	98	0
S55	T	A	97	0	116	0	96	0	113	0	96	0	93	0	95	0	98	0	95	9	111	0	113	0
S56	G	C	89	0	105	0	100	0	121	0	94	0	90	0	95	0	98	0	92	5	87	0	87	0
S57	C	G	112	0	100	0	86	0	97	0	93	0	107	0	95	0	91	0	90	10	103	0	100	0
S58	T	C	109	0	99	0	95	0	100	0	106	0	100	0	105	0	107	0	89	13	94	0	82	0
S59	A	C	101	0	86	0	111	0	108	0	89	0	95	0	111	0	116	0	82	10	108	0	89	0
S60	G	A	94	0	101	0	102	0	97	0	90	0	86	0	106	0	99	0	78	14	82	0	83	0
S61	C	T	106	0	101	0	88	0	118	0	96	0	110	0	107	0	87	0	74	9	90	0	87	0
S62	T	C	73	0	110	0	118	0	107	0	103	0	103	0	82	0	93	0	85	0	93	8	109	0
S63	A	T	100	0	121	0	93	0	105	0	103	0	102	0	102	0	94	0	87	0	94	3	78	0
S64	G	A	126	0	94	0	80	21	69	12	109	0	84	0	96	0	102	0	97	0	108	0	121	0
S65	A	G	101	6	78	13	106	0	96	0	102	0	104	0	104	0	117	0	108	0	112	0	95	0
S66	T	A	96	8	85	19	90	0	119	0	91	0	102	0	101	0	97	0	86	0	113	0	79	0
S67	T	A	105	3	76	20	94	0	115	0	94	0	76	0	89	0	97	0	89	0	95	0	94	0
S68	C	G	107	4	95	12	108	0	88	0	75	0	115	0	113	0	81	0	92	0	116	0	110	0
S69	T	G	66	8	67	18	87	0	109	0	107	0	102	0	103	0	103	0	95	0	109	0	92	0
S70	T	C	98	2	104	10	99	0	97	0	104	0	88	0	95	0	99	0	93	0	94	0	90	0
S71	G	T	92	5	89	17	102	0	108	0	94	0	83	0	106	0	92	0	90	0	112	0	98	0
S72	C	G	101	2	78	19	96	0	89	0	88	0	105	0	116	0	106	0	104	0	94	0	109	0
