SNVID	Wild	Mut	R1:ref	R1:alt	R2:ref	R2:alt	R3:ref	R3:alt	R4:ref	R4:alt	R5:ref	R5:alt	R6:ref	R6:alt	R7:ref	R7:alt	R8:ref	R8:alt	R9:ref	R9:alt	R10:ref	R10:alt	R11:ref	R11:alt	
S1	C	T	81	17	82	10	77	15	95	15	72	12	82	11	95	10	72	22	81	14	65	26	88	22
S2	A	T	82	22	86	15	93	16	78	16	88	19	81	5	101	8	72	19	101	13	83	18	70	30
S3	T	C	77	21	97	21	92	14	105	19	82	22	86	6	101	13	91	15	82	13	76	19	72	29
S4	A	G	72	16	91	17	72	22	105	10	82	19	79	14	85	11	79	14	101	22	85	19	104	24
S5	T	C	85	22	119	15	85	19	87	14	77	15	82	14	102	9	96	20	81	11	94	14	85	22
S6	G	A	70	28	110	14	94	15	82	16	95	3	112	0	94	0	102	0	79	6	83	21	71	19
S7	A	T	85	0	97	0	125	0	108	0	81	4	98	9	93	3	86	17	111	0	101	0	87	0
S8	T	C	96	0	99	0	105	0	86	0	91	0	106	0	96	0	70	15	105	0	81	0	90	0
S9	G	C	107	0	102	0	121	0	102	0	111	0	99	0	100	0	98	11	89	0	101	0	91	0
S10	C	T	106	0	96	0	90	0	114	0	92	0	100	0	84	0	81	21	101	0	110	0	114	0
S11	C	T	86	0	98	0	99	0	100	0	91	0	101	0	107	0	105	7	91	0	108	0	126	0
S12	T	C	92	0	93	0	92	0	104	0	113	0	90	0	103	0	95	15	86	0	112	0	98	0
S13	T	C	120	0	94	0	105	0	82	0	97	0	80	0	110	0	89	7	95	0	111	0	113	0
S14	G	A	90	0	107	0	100	0	122	0	88	0	94	0	113	0	87	15	105	0	94	0	96	0
S15	C	T	94	0	108	0	101	0	82	0	104	0	112	0	90	0	94	10	100	0	97	0	108	0
S16	G	A	84	0	103	0	110	0	92	0	95	0	96	0	119	0	89	15	97	0	97	0	94	0
S17	C	A	103	0	78	0	113	0	94	0	111	0	96	0	89	0	91	13	118	0	98	0	94	0
S18	A	T	61	0	109	0	106	0	117	0	121	0	93	10	106	0	108	0	101	0	123	0	107	0
S19	A	C	78	29	87	19	97	15	91	17	104	0	127	0	113	0	92	0	99	0	101	0	85	0
S20	T	A	71	19	74	21	61	26	93	13	125	0	112	0	106	0	88	0	100	0	105	0	96	0
S21	A	T	69	16	71	17	79	25	92	20	85	0	101	0	97	0	100	0	107	0	87	0	126	0
S22	G	T	75	24	66	21	77	24	74	20	102	0	82	0	104	0	107	0	92	0	102	0	86	0
S23	T	G	75	27	74	14	82	17	83	13	103	0	98	0	114	0	92	0	109	0	92	0	109	0
S24	A	T	65	21	79	15	79	17	94	17	109	0	88	0	89	0	111	0	93	0	110	0	94	0
S25	A	G	68	23	67	24	87	22	99	10	81	0	102	0	117	0	88	0	101	0	87	0	99	0
S26	T	A	83	20	101	14	117	15	89	16	105	0	95	0	98	0	94	0	97	0	89	0	110	0
S27	G	A	78	26	95	14	87	13	73	15	93	0	91	0	101	0	100	0	98	0	110	0	114	0
S28	G	C	109	0	108	0	102	0	95	0	93	0	100	0	88	0	103	0	95	0	80	0	76	15
S29	T	A	124	0	80	0	97	0	105	0	89	0	105	0	110	0	101	0	80	0	108	0	83	18
S30	T	C	90	0	86	0	87	0	101	0	127	0	108	0	105	0	104	0	107	0	80	0	72	18
S31	C	T	106	0	107	0	100	0	93	0	92	0	111	0	96	0	96	0	95	0	99	0	69	29
S32	C	G	87	0	92	0	108	0	106	0	101	0	94	0	90	0	118	0	112	0	97	0	83	23
S33	G	C	100	0	98	0	84	0	105	0	120	0	108	0	122	0	100	0	108	0	88	0	78	26
S34	G	A	98	0	102	0	91	0	105	0	88	0	101	0	87	0	112	0	98	0	99	0	73	20
S35	C	A	101	0	113	0	94	0	103	0	106	0	104	0	116	0	95	0	81	0	98	0	81	25
S36	A	G	104	0	97	0	113	0	109	0	109	0	89	0	111	0	105	0	89	0	93	0	95	28
S37	G	A	103	0	97	0	93	0	112	0	87	0	94	0	125	0	89	0	91	0	87	0	94	20
S38	A	T	100	0	100	0	103	0	109	0	102	2	101	0	90	0	105	0	85	18	94	20	94	0
S39	C	A	89	0	99	0	95	0	102	0	90	5	98	0	92	0	90	0	78	15	107	14	104	0
S40	C	A	96	0	86	0	83	0	86	0	83	4	93	0	85	0	94	0	78	12	55	17	98	0
S41	G	T	115	0	89	0	79	0	99	0	89	3	95	0	96	0	103	0	88	17	81	12	115	0
S42	C	A	106	0	93	0	104	0	109	0	84	7	103	0	96	0	103	0	92	15	72	16	100	0
S43	C	T	114	0	88	0	94	0	125	0	91	3	97	0	96	0	96	0	90	6	59	19	105	0
S44	A	G	103	0	80	0	104	0	102	0	84	8	102	0	95	0	106	0	98	0	110	0	88	0
S45	A	T	110	0	92	0	91	0	118	0	88	6	116	0	96	0	108	0	100	0	89	0	107	0
S46	C	A	114	0	100	0	106	0	87	0	88	5	98	0	92	0	100	0	97	0	95	0	118	0
S47	T	G	100	0	105	0	91	0	103	0	93	8	93	0	100	0	108	0	86	0	97	0	95	0
S48	A	C	94	0	117	0	100	0	105	0	92	5	114	0	94	0	100	0	89	0	87	0	84	0
S49	A	G	86	0	90	0	92	0	99	0	89	6	98	0	98	0	101	0	124	0	117	0	119	0
S50	A	G	107	0	110	0	91	0	109	0	100	5	105	0	122	0	84	0	84	0	82	0	111	0
S51	T	G	107	0	98	0	89	0	99	0	108	0	87	0	98	0	100	0	83	9	97	14	87	0
S52	C	A	98	0	93	0	95	0	92	0	80	0	100	0	101	0	89	0	80	16	77	16	94	0
S53	T	G	92	0	98	0	108	0	87	0	101	0	105	0	94	0	91	0	89	14	85	16	108	0
S54	T	C	114	0	85	0	82	0	101	0	105	0	102	0	92	0	115	0	90	12	78	18	95	0
S55	C	A	114	0	83	0	112	0	88	0	98	0	107	0	98	0	94	0	78	18	74	25	91	0
S56	G	T	94	0	86	0	88	0	109	0	97	0	109	0	119	0	99	0	105	15	84	16	94	0
S57	C	A	97	0	101	0	86	0	104	0	93	0	77	0	103	0	118	0	85	8	82	16	87	0
S58	A	C	106	0	103	0	103	0	101	0	103	0	100	0	100	0	103	0	98	16	81	21	94	0
S59	C	T	101	0	92	0	106	0	116	0	102	0	111	0	97	0	104	0	83	13	74	20	83	0
S60	A	T	98	0	115	0	88	0	112	0	106	0	105	0	94	0	114	0	87	15	86	18	93	0
S61	A	C	105	0	94	0	95	0	92	0	92	0	94	0	97	0	96	0	85	7	90	0	99	0
S62	G	T	94	0	96	0	96	0	91	0	94	0	119	0	107	0	89	0	91	13	108	0	107	0
S63	T	A	106	0	87	0	87	0	95	0	79	0	102	0	99	0	98	0	106	11	100	0	96	0
S64	A	C	98	0	104	0	110	0	93	0	94	0	93	0	103	0	100	0	96	11	98	0	116	0
S65	G	A	104	0	93	0	113	0	107	0	103	0	106	0	93	0	101	0	92	9	87	0	99	0
S66	G	T	96	0	86	0	95	0	114	0	112	0	84	0	101	0	82	0	98	6	97	0	101	0
S67	A	C	88	0	92	0	84	0	89	0	103	0	105	0	116	0	95	0	108	0	86	6	103	0
S68	G	A	87	0	109	0	91	0	106	0	108	0	122	0	97	0	98	0	104	0	97	9	111	0
S69	T	C	104	0	118	0	84	19	98	15	113	0	96	0	106	0	96	0	92	0	113	0	96	0
S70	T	G	97	4	69	20	87	0	110	0	89	0	110	0	116	0	86	0	88	0	89	0	89	0
S71	T	A	111	5	87	19	105	0	102	0	79	0	89	0	81	0	94	0	105	0	81	0	98	0
S72	C	T	80	5	79	25	87	0	100	0	116	0	109	0	98	0	91	0	95	0	107	0	98	0
S73	G	C	90	8	76	19	83	0	95	0	93	0	83	0	95	0	104	0	96	0	77	0	102	0
S74	C	G	113	7	72	22	88	0	102	0	97	0	102	0	108	0	93	0	110	0	99	0	101	0
S75	G	T	97	4	70	16	112	0	109	0	102	0	89	0	92	0	97	0	99	0	82	0	97	0
