SNVID	Wild	Mut	R1:ref	R1:alt	R2:ref	R2:alt	R3:ref	R3:alt	R4:ref	R4:alt	R5:ref	R5:alt	R6:ref	R6:alt	R7:ref	R7:alt	R8:ref	R8:alt	R9:ref	R9:alt	R10:ref	R10:alt	R11:ref	R11:alt	
S1	G	T	67	22	94	16	90	19	77	18	87	21	72	12	92	13	84	16	86	8	82	20	64	26
S2	A	G	85	20	72	19	68	19	79	9	91	14	77	15	99	12	88	17	100	15	93	12	79	14
S3	A	C	97	17	92	19	94	16	84	15	84	25	92	9	69	17	79	13	81	17	84	11	74	27
S4	C	A	72	19	99	21	83	17	89	17	81	21	90	10	107	8	80	14	114	8	105	13	86	19
S5	A	C	73	19	99	15	91	19	67	22	71	15	88	10	104	5	89	13	78	18	90	18	89	17
S6	T	C	101	20	96	14	72	22	92	12	93	14	83	8	83	13	66	18	109	13	77	21	112	12
S7	T	C	80	17	89	18	77	16	77	15	90	9	88	8	89	12	71	19	96	11	85	20	73	20
S8	A	T	83	25	68	24	77	19	86	16	81	16	89	11	96	8	93	14	100	13	94	18	66	26
S9	A	G	73	19	89	19	88	27	97	15	95	16	88	16	89	8	75	16	79	12	79	21	70	29
S10	C	T	78	25	74	24	92	15	79	17	64	21	87	7	88	12	79	13	72	14	87	20	79	20
S11	C	T	69	30	86	19	86	19	103	7	99	6	109	0	114	0	124	0	100	16	86	19	83	18
S12	G	T	93	0	105	0	114	0	116	0	77	8	98	7	94	10	74	18	107	0	80	0	107	0
S13	T	G	104	0	108	0	101	0	116	0	100	0	94	0	103	0	64	10	91	0	98	0	104	0
S14	G	C	82	0	100	0	103	0	118	0	117	0	99	0	102	0	64	18	99	0	98	0	106	0
S15	A	T	117	0	99	0	118	0	112	0	114	0	121	0	100	0	103	12	83	0	101	0	98	0
S16	A	G	100	0	102	0	86	0	103	0	111	0	100	0	93	0	85	11	99	0	96	0	101	0
S17	T	C	107	0	87	0	91	0	83	0	102	0	101	0	82	0	84	14	107	0	123	0	89	0
S18	G	A	93	0	100	0	93	0	107	0	107	0	88	7	102	0	99	0	106	0	93	0	102	0
S19	G	A	87	17	84	22	89	13	99	17	97	0	109	0	101	0	102	0	111	0	97	0	111	0
S20	C	A	63	19	87	15	56	23	87	13	105	0	92	0	96	0	110	0	107	0	88	0	88	0
S21	G	C	84	19	87	15	88	21	89	13	90	0	115	0	94	0	99	0	104	0	102	0	101	0
S22	A	C	81	23	86	19	64	22	79	19	113	0	107	0	103	0	90	0	98	0	106	0	83	0
S23	A	C	77	22	77	10	84	19	96	13	103	0	101	0	105	0	99	0	115	0	79	0	90	0
S24	A	G	81	22	79	20	70	28	100	13	99	0	94	0	106	0	112	0	97	0	97	0	91	0
S25	T	A	76	22	74	20	90	21	84	22	106	0	92	0	100	0	106	0	94	0	96	0	107	0
S26	G	C	74	25	80	22	85	15	81	10	91	0	103	0	93	0	86	0	92	0	97	0	113	0
S27	T	C	76	25	76	22	64	24	82	16	98	0	89	0	116	0	103	0	101	0	98	0	104	0
S28	C	A	109	0	103	0	101	0	86	0	100	0	106	0	90	0	108	0	133	0	96	0	79	24
S29	T	A	98	0	103	0	92	0	96	0	119	0	96	0	114	0	99	0	91	0	91	0	80	23
S30	A	C	88	0	80	0	107	0	95	0	100	0	98	0	81	0	88	0	107	0	130	0	85	18
S31	T	C	94	0	100	0	86	0	108	0	112	0	102	0	108	0	84	0	118	0	111	0	70	27
S32	C	T	92	0	89	0	107	0	104	0	103	0	95	0	107	0	101	0	105	0	105	0	92	25
S33	G	T	107	0	98	0	90	0	94	0	97	0	89	0	101	0	96	0	105	0	101	0	88	12
S34	G	A	95	0	100	0	99	0	97	0	89	5	95	0	110	0	85	0	82	18	83	25	94	0
S35	G	A	103	0	101	0	99	0	100	0	89	6	97	0	76	0	98	0	95	16	63	26	114	0
S36	G	C	110	0	96	0	104	0	100	0	84	4	99	0	78	0	122	0	95	13	109	7	112	0
S37	C	G	104	0	113	0	93	0	102	0	104	3	105	0	112	0	92	0	82	16	98	12	88	0
S38	T	A	98	0	91	0	127	0	109	0	90	6	99	0	101	0	113	0	75	15	76	18	110	0
S39	C	T	106	0	93	0	91	0	81	0	107	8	105	0	106	0	98	0	96	16	83	15	102	0
S40	T	G	104	0	103	0	109	0	103	0	98	7	92	0	90	0	106	0	93	10	63	17	116	0
S41	G	T	101	0	89	0	110	0	95	0	78	3	94	0	94	0	107	0	87	15	60	20	100	0
S42	A	C	96	0	92	0	107	0	95	0	111	1	92	0	109	0	93	0	72	14	65	14	102	0
S43	A	T	94	0	101	0	106	0	116	0	86	3	102	0	100	0	111	0	124	0	87	0	101	0
S44	A	C	95	0	114	0	101	0	95	0	83	6	117	0	89	0	103	0	100	0	110	0	99	0
S45	T	A	91	0	82	0	83	0	96	0	96	10	88	0	117	0	83	0	115	0	93	0	97	0
S46	C	A	101	0	97	0	107	0	121	0	90	7	95	0	99	0	91	0	105	0	102	0	95	0
S47	T	G	110	0	83	0	101	0	107	0	100	6	90	0	102	0	102	0	95	0	85	0	93	0
S48	T	A	89	0	93	0	103	0	106	0	88	3	114	0	104	0	99	0	105	0	88	0	93	0
S49	T	G	100	0	94	0	90	0	107	0	89	7	100	0	95	0	107	0	100	0	102	0	96	0
S50	A	T	104	0	94	0	92	0	95	0	90	0	81	0	79	0	104	0	100	15	82	18	88	0
S51	T	A	95	0	108	0	85	0	108	0	100	0	111	0	102	0	97	0	92	12	83	25	116	0
S52	T	A	117	0	90	0	80	0	91	0	115	0	89	0	90	0	110	0	77	8	83	13	86	0
S53	A	C	110	0	106	0	100	0	94	0	121	0	103	0	97	0	88	0	95	14	88	16	86	0
S54	A	G	116	0	108	0	111	0	84	0	128	0	100	0	131	0	85	0	97	14	85	26	109	0
S55	A	T	104	0	107	0	80	0	89	0	106	0	93	0	116	0	93	0	84	17	69	21	88	0
S56	G	T	111	0	89	0	99	0	79	0	101	0	101	0	114	0	103	0	91	15	84	19	98	0
S57	A	C	93	0	94	0	107	0	89	0	97	0	90	0	103	0	94	0	75	19	69	22	112	0
S58	A	G	91	0	94	0	102	0	77	0	104	0	94	0	99	0	94	0	76	18	86	20	101	0
S59	A	G	90	0	103	0	106	0	96	0	102	0	106	0	98	0	102	0	97	13	77	15	111	0
S60	C	G	100	0	97	0	111	0	106	0	108	0	89	0	97	0	98	0	96	9	94	0	112	0
S61	C	A	94	0	100	0	108	0	99	0	125	0	102	0	101	0	118	0	99	12	103	0	103	0
S62	A	G	80	0	103	0	91	0	91	0	99	0	93	0	95	0	105	0	103	10	116	0	100	0
S63	G	T	107	0	100	0	103	0	108	0	112	0	109	0	92	0	98	0	76	11	89	0	96	0
S64	C	A	100	0	96	0	81	0	84	0	98	0	118	0	92	0	108	0	92	12	101	0	111	0
S65	C	A	86	0	92	0	98	0	101	0	119	0	100	0	99	0	103	0	115	8	88	0	104	0
S66	T	A	101	0	87	0	104	0	94	0	100	0	86	0	93	0	109	0	95	0	93	7	104	0
S67	G	T	114	0	95	0	94	0	82	0	103	0	97	0	102	0	121	0	92	0	102	6	93	0
S68	G	C	99	0	94	0	62	30	81	23	106	0	97	0	105	0	107	0	112	0	87	0	124	0
S69	A	C	91	2	73	14	96	0	87	0	90	0	114	0	96	0	105	0	103	0	109	0	75	0
S70	C	A	95	5	70	23	109	0	125	0	91	0	114	0	115	0	118	0	112	0	91	0	107	0
S71	T	G	90	4	73	20	97	0	89	0	87	0	111	0	101	0	96	0	98	0	94	0	96	0
S72	C	A	87	4	79	16	93	0	98	0	98	0	97	0	123	0	95	0	99	0	100	0	100	0
S73	G	T	89	5	89	16	114	0	87	0	117	0	104	0	119	0	81	0	104	0	94	0	85	0
S74	A	C	98	2	76	16	100	0	88	0	101	0	95	0	101	0	98	0	82	0	104	0	118	0
S75	C	T	101	5	97	13	75	0	109	0	100	0	94	0	100	0	123	0	117	0	102	0	92	0
S76	C	T	107	5	87	16	98	0	91	0	108	0	98	0	110	0	123	0	96	0	90	0	90	0
S77	G	A	100	3	60	13	109	0	111	0	97	0	109	0	109	0	97	0	81	0	85	0	85	0
