SNVID	Wild	Mut	R1:ref	R1:alt	R2:ref	R2:alt	R3:ref	R3:alt	R4:ref	R4:alt	R5:ref	R5:alt	R6:ref	R6:alt	R7:ref	R7:alt	R8:ref	R8:alt	R9:ref	R9:alt	R10:ref	R10:alt	R11:ref	R11:alt	
S1	T	C	83	20	78	21	70	20	78	17	68	19	95	14	95	6	86	24	96	17	83	21	74	29
S2	C	T	82	20	100	11	88	20	71	19	109	15	81	10	90	12	82	20	87	18	79	19	81	20
S3	C	A	92	16	94	14	83	20	91	15	88	12	84	6	94	11	93	18	95	12	76	21	96	24
S4	G	T	60	23	101	16	78	20	95	13	70	15	93	13	85	11	82	11	82	13	75	13	74	24
S5	A	C	80	22	67	14	91	22	82	18	81	17	91	21	89	8	89	16	89	8	72	18	71	23
S6	A	C	71	20	95	14	71	24	92	14	91	17	86	14	102	11	76	20	74	21	82	19	69	28
S7	G	A	71	25	90	18	92	22	83	15	92	10	89	11	82	8	77	17	80	20	78	20	68	33
S8	A	G	75	15	83	22	82	17	73	18	91	14	103	15	83	9	90	16	93	16	84	23	82	20
S9	A	G	77	21	85	17	78	21	77	14	80	18	69	9	65	12	76	16	106	14	90	15	74	20
S10	C	G	78	29	73	17	84	20	88	15	89	9	79	18	83	10	92	14	88	17	70	23	80	20
S11	T	G	88	20	80	21	86	19	93	7	104	7	82	0	86	0	82	0	86	16	81	23	90	25
S12	T	A	109	0	86	0	100	0	99	0	84	11	84	15	101	5	89	12	91	0	99	0	94	0
S13	C	T	99	0	102	0	94	0	81	0	114	0	96	0	102	0	98	7	104	0	95	0	115	0
S14	G	T	105	0	96	0	105	0	109	0	97	0	100	0	100	0	75	15	94	0	104	0	92	0
S15	C	G	108	0	86	0	98	0	87	0	71	0	88	0	118	0	102	8	95	0	103	0	100	0
S16	T	C	103	0	96	0	104	0	117	0	107	0	111	0	115	0	82	12	109	0	100	0	95	0
S17	G	A	91	0	96	0	93	0	111	0	102	0	94	0	106	0	93	9	92	0	106	0	116	0
S18	G	A	107	0	103	0	95	0	91	0	91	0	84	0	105	0	93	11	102	0	97	0	103	0
S19	T	G	97	0	90	0	94	0	86	0	103	0	96	9	96	0	103	0	82	0	119	0	95	0
S20	T	A	83	20	80	16	89	17	86	15	64	0	83	0	88	0	109	0	80	0	103	0	98	0
S21	A	T	99	21	79	13	89	15	92	17	88	0	107	0	89	0	103	0	101	0	108	0	88	0
S22	T	C	72	16	95	21	64	26	88	19	110	0	89	0	81	0	103	0	93	0	95	0	81	0
S23	T	G	78	24	82	19	89	25	61	20	99	0	117	0	101	0	110	0	91	0	95	0	110	0
S24	G	A	79	18	78	23	65	25	66	18	97	0	99	0	91	0	93	0	94	0	107	0	96	0
S25	G	T	92	15	96	12	82	17	86	15	108	0	92	0	110	0	108	0	111	0	94	0	106	0
S26	T	C	82	18	82	16	71	24	89	14	111	0	111	0	96	0	115	0	102	0	108	0	121	0
S27	T	C	103	19	76	18	85	23	90	12	114	0	99	0	100	0	108	0	123	0	107	0	100	0
S28	G	A	66	17	89	20	90	14	91	15	106	0	96	0	97	0	96	0	100	0	97	0	90	0
S29	A	T	111	0	95	0	88	0	88	0	111	0	96	0	112	0	85	0	107	0	88	0	87	19
S30	A	G	108	0	114	0	111	0	87	0	107	0	104	0	101	0	97	0	121	0	84	0	85	15
S31	C	A	107	0	92	0	94	0	113	0	105	0	88	0	106	0	89	0	89	0	92	0	73	24
S32	G	T	104	0	98	0	110	0	93	0	94	0	93	0	100	0	105	0	122	0	101	0	91	12
S33	A	C	95	0	102	0	91	0	87	0	88	0	93	0	117	0	83	0	92	0	83	0	87	11
S34	A	T	91	0	85	0	109	0	100	0	91	0	101	0	109	0	107	0	110	0	94	0	74	24
S35	A	C	118	0	92	0	110	0	109	0	107	0	93	0	102	0	90	0	102	0	114	0	66	24
S36	C	A	112	0	99	0	109	0	80	0	108	0	113	0	92	0	96	0	81	0	104	0	89	22
S37	C	A	94	0	99	0	104	0	108	0	105	3	95	0	112	0	99	0	79	16	91	17	94	0
S38	G	C	103	0	102	0	88	0	99	0	94	3	114	0	91	0	102	0	114	13	85	20	93	0
S39	C	G	99	0	97	0	95	0	95	0	106	6	103	0	108	0	115	0	80	17	60	21	82	0
S40	T	G	97	0	108	0	87	0	94	0	88	2	107	0	103	0	88	0	90	15	78	24	90	0
S41	A	T	100	0	101	0	100	0	98	0	89	11	84	0	115	0	88	0	99	14	93	14	98	0
S42	T	A	90	0	104	0	107	0	100	0	86	3	116	0	97	0	92	0	83	22	92	17	97	0
S43	A	T	102	0	79	0	97	0	95	0	94	7	88	0	118	0	97	0	117	0	105	0	103	0
S44	A	C	91	0	87	0	93	0	98	0	84	9	109	0	100	0	103	0	118	0	73	0	83	0
S45	G	T	111	0	107	0	98	0	103	0	100	4	102	0	100	0	82	0	98	0	110	0	98	0
S46	A	G	88	0	105	0	116	0	98	0	95	5	114	0	104	0	94	0	97	0	88	0	100	0
S47	C	T	99	0	101	0	95	0	86	0	92	2	104	0	91	0	98	0	97	0	88	0	109	0
S48	A	C	98	0	89	0	101	0	91	0	71	10	89	0	91	0	120	0	94	0	113	0	122	0
S49	T	A	79	0	115	0	94	0	123	0	103	5	95	0	98	0	112	0	100	0	94	0	102	0
S50	G	C	96	0	105	0	89	0	102	0	104	0	87	0	111	0	105	0	78	20	64	21	101	0
S51	G	A	86	0	97	0	107	0	111	0	99	0	102	0	113	0	112	0	79	19	86	12	116	0
S52	G	A	88	0	101	0	105	0	92	0	103	0	91	0	108	0	82	0	51	12	78	16	99	0
S53	C	G	96	0	104	0	113	0	114	0	112	0	102	0	110	0	102	0	92	18	82	16	93	0
S54	A	G	96	0	102	0	97	0	97	0	107	0	110	0	103	0	98	0	97	18	80	17	88	0
S55	C	G	93	0	100	0	114	0	99	0	99	0	112	0	86	0	103	0	101	11	102	14	91	0
S56	G	A	96	0	103	0	102	0	107	0	96	0	94	0	111	0	92	0	104	13	81	15	102	0
S57	T	A	113	0	117	0	90	0	113	0	100	0	131	0	108	0	107	0	89	14	81	20	95	0
S58	G	A	96	0	101	0	112	0	108	0	117	0	93	0	91	0	109	0	106	17	88	15	101	0
S59	C	A	96	0	103	0	97	0	102	0	115	0	102	0	92	0	103	0	83	11	83	0	98	0
S60	T	C	116	0	85	0	94	0	89	0	92	0	97	0	100	0	100	0	89	7	83	0	107	0
S61	A	G	88	0	121	0	108	0	97	0	108	0	91	0	90	0	109	0	102	10	100	0	108	0
S62	A	C	104	0	89	0	98	0	96	0	86	0	93	0	129	0	101	0	97	7	106	0	108	0
S63	C	G	112	0	119	0	110	0	98	0	90	0	112	0	84	0	99	0	90	13	84	0	105	0
S64	C	T	107	0	93	0	101	0	99	0	126	0	101	0	107	0	102	0	92	9	112	0	102	0
S65	T	C	106	0	90	0	113	0	101	0	101	0	99	0	107	0	99	0	91	17	81	0	95	0
S66	T	G	100	0	90	0	99	0	108	0	96	0	110	0	115	0	100	0	81	13	99	0	91	0
S67	G	C	104	0	97	0	106	0	116	0	77	0	97	0	110	0	111	0	97	0	97	5	84	0
S68	A	T	103	0	119	0	73	31	84	13	110	0	97	0	92	0	109	0	112	0	105	0	99	0
S69	C	A	104	0	99	0	94	21	94	14	102	0	91	0	102	0	84	0	110	0	104	0	110	0
S70	A	G	73	5	69	25	89	0	96	0	92	0	108	0	110	0	113	0	104	0	98	0	106	0
S71	C	T	91	7	95	17	113	0	125	0	125	0	82	0	117	0	97	0	105	0	86	0	101	0
S72	T	C	85	3	92	17	115	0	125	0	110	0	106	0	114	0	97	0	81	0	91	0	96	0
S73	C	G	111	5	93	14	103	0	118	0	103	0	101	0	112	0	110	0	104	0	97	0	91	0
S74	T	C	91	3	81	21	94	0	107	0	103	0	88	0	107	0	100	0	117	0	100	0	102	0
S75	T	A	108	2	90	11	97	0	94	0	101	0	110	0	93	0	112	0	104	0	93	0	110	0
S76	T	G	98	8	95	18	95	0	103	0	93	0	106	0	106	0	113	0	102	0	110	0	94	0
S77	T	A	83	4	91	9	92	0	100	0	95	0	83	0	86	0	98	0	114	0	91	0	124	0
S78	T	A	104	3	76	20	112	0	110	0	124	0	117	0	101	0	105	0	101	0	85	0	102	0
S79	C	T	97	4	91	10	102	0	98	0	91	0	91	0	81	0	103	0	90	0	111	0	92	0
