SNVID	Wild	Mut	R1:ref	R1:alt	R2:ref	R2:alt	R3:ref	R3:alt	R4:ref	R4:alt	R5:ref	R5:alt	R6:ref	R6:alt	R7:ref	R7:alt	R8:ref	R8:alt	R9:ref	R9:alt	R10:ref	R10:alt	R11:ref	R11:alt	
S1	T	A	65	31	90	18	63	22	80	16	83	12	67	9	91	11	82	17	76	12	77	17	76	18
S2	A	C	90	16	91	16	83	22	91	15	73	19	98	8	96	13	91	13	72	23	63	22	60	26
S3	A	G	75	32	85	17	82	20	77	16	100	13	86	10	87	14	75	23	70	14	95	19	64	24
S4	C	G	103	16	73	20	78	23	95	11	79	22	86	13	103	5	87	12	96	16	91	21	74	23
S5	T	C	79	20	78	19	82	25	113	10	89	26	91	14	76	15	83	14	100	11	80	24	80	26
S6	A	C	60	24	90	17	63	21	70	18	74	16	71	15	81	12	93	16	101	9	72	18	76	18
S7	T	C	83	21	79	22	74	20	86	20	93	4	85	0	86	0	85	0	91	16	80	16	103	17
S8	C	T	102	0	97	0	99	0	118	0	86	10	70	12	81	8	58	14	111	0	100	0	110	0
S9	G	A	120	0	112	0	119	0	109	0	115	0	95	0	86	0	82	8	91	0	114	0	98	0
S10	G	C	94	0	74	0	101	0	101	0	100	0	112	0	102	0	91	8	88	0	110	0	91	0
S11	G	A	88	0	96	0	103	0	94	0	87	0	102	0	94	0	97	11	86	0	104	0	91	0
S12	C	T	86	0	105	0	104	0	113	0	95	0	108	0	120	0	86	8	96	0	95	0	106	0
S13	C	A	93	0	90	0	110	0	99	0	103	0	89	0	101	0	85	8	98	0	104	0	89	0
S14	G	C	88	0	90	0	106	0	92	0	95	0	91	0	123	0	88	8	115	0	101	0	107	0
S15	T	A	114	0	110	0	112	0	100	0	121	0	90	9	86	0	95	0	116	0	109	0	114	0
S16	C	A	81	18	100	20	94	22	93	15	103	0	97	0	98	0	109	0	111	0	97	0	123	0
S17	T	C	81	17	87	22	68	23	94	16	106	0	85	0	106	0	98	0	105	0	105	0	96	0
S18	A	G	78	21	91	16	88	22	68	24	102	0	110	0	120	0	109	0	97	0	105	0	86	0
S19	C	A	70	16	79	20	91	19	85	13	95	0	101	0	93	0	115	0	94	0	104	0	94	0
S20	C	G	83	14	83	16	79	25	68	19	103	0	95	0	84	0	109	0	99	0	97	0	100	0
S21	A	T	87	16	65	20	84	16	82	12	84	0	88	0	121	0	130	0	96	0	110	0	122	0
S22	T	C	75	23	68	19	80	22	95	12	93	0	97	0	87	0	95	0	104	0	88	0	103	0
S23	T	A	84	15	77	19	80	20	82	18	87	0	110	0	87	0	109	0	109	0	115	0	113	0
S24	T	G	75	20	99	13	76	24	97	16	105	0	100	0	102	0	92	0	101	0	116	0	97	0
S25	G	C	84	29	80	14	93	18	100	9	95	0	105	0	83	0	105	0	102	0	91	0	96	0
S26	T	G	95	0	92	0	113	0	99	0	93	0	98	0	108	0	82	0	118	0	89	0	78	21
S27	A	T	117	0	97	0	104	0	106	0	103	0	96	0	85	0	97	0	93	0	95	0	57	33
S28	C	T	96	0	88	0	92	0	107	0	102	0	97	0	122	0	83	0	93	0	100	0	85	25
S29	A	T	96	0	92	0	89	0	92	0	80	0	98	0	99	0	107	0	92	0	109	0	75	21
S30	G	T	98	0	106	0	113	0	90	0	89	0	92	0	100	0	89	0	102	0	97	0	82	18
S31	C	A	88	0	82	0	93	0	94	0	99	0	106	0	107	0	105	0	120	0	107	0	89	24
S32	A	G	92	0	110	0	84	0	100	0	105	0	108	0	101	0	97	0	116	0	86	0	67	21
S33	G	T	87	0	102	0	99	0	95	0	110	5	90	0	103	0	100	0	74	14	89	24	108	0
S34	A	T	102	0	92	0	102	0	120	0	106	6	119	0	101	0	91	0	70	18	85	19	84	0
S35	C	A	98	0	114	0	101	0	117	0	102	6	84	0	113	0	86	0	78	17	71	17	98	0
S36	T	G	97	0	103	0	111	0	100	0	94	6	116	0	95	0	101	0	90	14	90	14	100	0
S37	C	A	93	0	85	0	101	0	103	0	100	5	125	0	97	0	97	0	73	21	102	22	100	0
S38	C	T	100	0	111	0	98	0	106	0	90	4	89	0	78	0	87	0	90	13	90	19	126	0
S39	A	T	109	0	70	0	95	0	89	0	97	5	100	0	98	0	110	0	81	15	85	21	87	0
S40	A	C	97	0	99	0	122	0	105	0	93	2	92	0	104	0	103	0	105	0	103	0	113	0
S41	A	C	93	0	116	0	127	0	98	0	95	5	119	0	106	0	92	0	86	0	85	0	100	0
S42	G	A	82	0	115	0	102	0	90	0	88	9	124	0	102	0	69	0	109	0	95	0	109	0
S43	A	G	115	0	94	0	91	0	86	0	97	1	105	0	101	0	95	0	84	0	93	0	94	0
S44	A	G	88	0	95	0	75	0	106	0	99	5	110	0	107	0	95	0	103	0	103	0	96	0
S45	G	C	104	0	86	0	101	0	95	0	106	5	97	0	75	0	91	0	101	0	102	0	104	0
S46	C	T	93	0	123	0	104	0	102	0	97	6	108	0	87	0	97	0	93	0	102	0	81	0
S47	T	A	91	0	92	0	107	0	102	0	73	6	114	0	100	0	91	0	88	0	96	0	113	0
S48	C	A	96	0	99	0	102	0	109	0	117	6	94	0	81	0	104	0	101	0	104	0	115	0
S49	A	G	90	0	97	0	112	0	92	0	105	0	92	0	97	0	97	0	90	16	79	13	100	0
S50	A	G	95	0	98	0	98	0	100	0	86	0	84	0	105	0	93	0	75	19	94	12	94	0
S51	A	G	98	0	98	0	121	0	97	0	109	0	97	0	111	0	96	0	70	20	101	17	104	0
S52	C	G	97	0	89	0	104	0	99	0	107	0	99	0	102	0	98	0	64	18	77	18	97	0
S53	G	T	103	0	93	0	92	0	119	0	105	0	100	0	83	0	101	0	97	14	81	16	113	0
S54	A	T	110	0	99	0	100	0	111	0	107	0	103	0	82	0	101	0	91	19	76	19	86	0
S55	T	A	112	0	94	0	105	0	106	0	109	0	113	0	112	0	92	0	78	11	102	0	87	0
S56	A	G	95	0	94	0	103	0	115	0	94	0	88	0	130	0	84	0	86	10	109	0	111	0
S57	T	A	94	0	99	0	126	0	92	0	96	0	107	0	97	0	121	0	77	9	112	0	107	0
S58	C	A	98	0	115	0	104	0	94	0	102	0	106	0	96	0	107	0	93	9	97	0	103	0
S59	C	A	93	0	99	0	96	0	96	0	111	0	104	0	112	0	96	0	100	11	98	0	119	0
S60	A	C	86	0	88	0	102	0	111	0	94	0	99	0	90	0	98	0	101	13	100	0	96	0
S61	C	T	123	0	101	0	115	0	85	0	96	0	98	0	98	0	97	0	108	0	91	3	110	0
S62	G	C	83	0	110	0	92	0	96	0	108	0	104	0	100	0	100	0	97	0	89	8	106	0
S63	T	G	101	0	98	0	101	13	78	16	108	0	84	0	94	0	97	0	102	0	88	0	104	0
S64	A	T	85	3	77	19	107	0	104	0	76	0	97	0	97	0	93	0	92	0	84	0	88	0
S65	A	G	105	4	68	23	108	0	99	0	109	0	95	0	108	0	92	0	100	0	104	0	92	0
S66	A	G	92	4	92	19	106	0	101	0	101	0	95	0	89	0	108	0	114	0	110	0	82	0
S67	G	A	88	10	94	19	110	0	116	0	102	0	84	0	96	0	99	0	111	0	101	0	99	0
S68	C	G	106	5	85	14	82	0	120	0	100	0	100	0	114	0	90	0	94	0	94	0	97	0
S69	G	C	89	6	70	15	88	0	104	0	100	0	94	0	114	0	96	0	114	0	92	0	104	0
S70	T	A	96	5	87	17	83	0	84	0	110	0	100	0	114	0	83	0	97	0	114	0	97	0
S71	A	C	86	7	98	16	96	0	109	0	112	0	90	0	92	0	101	0	116	0	91	0	100	0
S72	A	T	91	3	94	19	118	0	94	0	105	0	91	0	102	0	87	0	90	0	108	0	101	0
