SNVID	Wild	Mut	R1:ref	R1:alt	R2:ref	R2:alt	R3:ref	R3:alt	R4:ref	R4:alt	R5:ref	R5:alt	R6:ref	R6:alt	R7:ref	R7:alt	R8:ref	R8:alt	R9:ref	R9:alt	R10:ref	R10:alt	R11:ref	R11:alt	
S1	C	G	79	30	87	14	75	28	80	14	62	24	89	12	106	7	89	21	69	20	85	16	83	21
S2	A	C	81	21	94	11	74	18	88	11	79	10	101	8	105	6	97	21	95	15	79	22	83	19
S3	G	C	63	23	82	19	100	16	97	7	93	13	94	14	102	10	81	24	92	11	79	18	84	19
S4	A	C	91	16	107	11	88	24	69	14	91	18	93	15	84	11	76	18	89	14	68	25	90	16
S5	G	C	109	21	74	24	86	20	98	14	114	11	78	15	82	6	74	18	84	20	96	14	72	19
S6	T	A	74	20	83	18	85	24	66	17	68	20	96	13	80	8	85	9	90	20	70	22	94	14
S7	C	A	82	16	89	11	74	22	100	13	112	8	98	0	106	0	90	0	83	13	103	12	90	16
S8	G	T	85	0	108	0	82	0	109	0	92	12	86	13	83	10	101	16	97	0	100	0	99	0
S9	G	C	120	0	96	0	100	0	82	0	96	0	100	0	91	0	96	11	106	0	93	0	112	0
S10	G	C	95	0	89	0	101	0	105	0	106	0	88	0	91	0	63	14	94	0	77	0	98	0
S11	T	C	109	0	88	0	82	0	106	0	97	0	107	0	107	0	85	9	101	0	103	0	94	0
S12	G	A	110	0	104	0	91	0	84	0	87	0	106	0	107	0	80	12	96	0	110	0	92	0
S13	T	A	108	0	98	0	97	0	114	0	97	0	101	0	88	0	74	20	101	0	109	0	117	0
S14	A	T	83	0	94	0	126	0	94	0	93	0	105	0	99	0	97	9	110	0	109	0	98	0
S15	G	C	104	0	88	0	101	0	94	0	101	0	91	0	91	0	84	10	101	0	108	0	84	0
S16	T	G	96	0	112	0	94	0	99	0	94	0	96	10	87	0	107	0	108	0	89	0	90	0
S17	C	T	65	21	83	15	76	24	85	12	100	0	114	0	88	0	77	0	106	0	89	0	95	0
S18	A	T	85	13	79	17	77	22	91	14	112	0	108	0	100	0	89	0	110	0	96	0	110	0
S19	A	G	80	21	91	17	77	24	87	15	107	0	97	0	106	0	111	0	106	0	99	0	97	0
S20	C	A	55	20	72	16	82	17	74	13	102	0	99	0	93	0	99	0	116	0	99	0	106	0
S21	C	T	71	24	77	16	81	24	67	24	96	0	97	0	101	0	108	0	92	0	106	0	84	0
S22	T	G	81	16	80	16	73	19	97	16	123	0	94	0	101	0	94	0	99	0	102	0	99	0
S23	A	C	85	0	106	0	99	0	96	0	91	0	113	0	109	0	100	0	110	0	81	0	66	22
S24	C	T	98	0	101	0	99	0	106	0	110	0	104	0	95	0	100	0	103	0	101	0	60	17
S25	C	T	95	0	104	0	122	0	98	0	85	0	109	0	110	0	92	0	92	0	98	0	85	19
S26	A	G	94	0	91	0	107	0	108	0	93	0	90	0	99	0	123	0	87	0	100	0	80	22
S27	G	A	123	0	121	0	78	0	99	0	94	0	101	0	79	0	104	0	102	0	103	0	76	24
S28	A	G	119	0	92	0	105	0	97	0	106	0	98	0	116	0	117	0	95	0	107	0	66	22
S29	G	C	108	0	116	0	87	0	107	0	94	0	117	0	94	0	106	0	90	0	114	0	88	19
S30	G	C	95	0	97	0	114	0	107	0	88	0	95	0	111	0	89	0	92	0	90	0	76	20
S31	G	T	92	0	110	0	99	0	80	0	105	5	108	0	96	0	87	0	81	18	82	13	99	0
S32	T	C	116	0	86	0	96	0	79	0	91	6	103	0	100	0	127	0	94	16	72	14	98	0
S33	C	G	107	0	114	0	108	0	92	0	92	5	109	0	100	0	120	0	75	14	92	14	103	0
S34	T	C	103	0	106	0	102	0	105	0	90	5	108	0	91	0	99	0	76	12	104	11	100	0
S35	G	C	93	0	92	0	98	0	101	0	112	5	108	0	93	0	84	0	85	15	68	20	81	0
S36	C	G	100	0	110	0	125	0	102	0	97	5	82	0	95	0	92	0	87	12	88	16	112	0
S37	A	C	110	0	88	0	108	0	91	0	96	6	108	0	93	0	76	0	77	12	97	12	89	0
S38	A	G	96	0	88	0	109	0	97	0	88	7	113	0	85	0	98	0	106	0	99	0	105	0
S39	A	C	97	0	87	0	111	0	109	0	101	2	116	0	88	0	96	0	102	0	89	0	100	0
S40	A	T	102	0	96	0	87	0	94	0	102	6	106	0	96	0	114	0	92	0	99	0	99	0
S41	A	G	87	0	112	0	90	0	115	0	95	6	100	0	111	0	110	0	95	0	116	0	103	0
S42	G	T	100	0	105	0	101	0	99	0	88	8	110	0	104	0	83	0	112	0	107	0	100	0
S43	A	G	98	0	84	0	102	0	92	0	107	3	108	0	96	0	110	0	84	0	105	0	112	0
S44	C	G	104	0	99	0	89	0	72	0	82	0	90	0	120	0	104	0	91	16	82	17	114	0
S45	A	G	113	0	100	0	96	0	118	0	87	0	106	0	100	0	96	0	75	17	74	20	94	0
S46	T	A	96	0	104	0	95	0	93	0	101	0	103	0	97	0	93	0	66	11	82	20	104	0
S47	T	A	101	0	106	0	109	0	90	0	100	0	84	0	107	0	98	0	66	22	72	21	100	0
S48	T	C	90	0	102	0	95	0	93	0	97	0	110	0	101	0	104	0	97	15	89	18	105	0
S49	C	T	93	0	99	0	110	0	101	0	96	0	103	0	92	0	135	0	75	16	103	15	109	0
S50	G	A	101	0	113	0	98	0	109	0	81	0	115	0	92	0	97	0	102	13	104	14	93	0
S51	C	T	97	0	87	0	83	0	95	0	90	0	110	0	109	0	86	0	88	12	93	16	93	0
S52	T	G	80	0	104	0	105	0	117	0	99	0	97	0	97	0	120	0	88	7	103	0	90	0
S53	C	T	90	0	79	0	100	0	99	0	97	0	100	0	88	0	105	0	88	15	112	0	104	0
S54	T	C	95	0	113	0	109	0	83	0	94	0	108	0	87	0	102	0	89	11	95	0	103	0
S55	T	G	90	0	93	0	102	0	86	0	105	0	109	0	108	0	98	0	98	6	102	0	90	0
S56	T	A	110	0	98	0	93	0	92	0	110	0	86	0	104	0	92	0	103	5	88	0	111	0
S57	A	C	117	0	108	0	101	0	105	0	95	0	121	0	113	0	123	0	78	7	100	0	91	0
S58	C	T	87	0	100	0	98	0	101	0	94	0	106	0	87	0	99	0	89	2	90	0	102	0
S59	T	C	115	0	105	0	100	0	90	0	101	0	107	0	100	0	91	0	90	9	100	0	95	0
S60	G	A	113	0	109	0	111	0	93	0	102	0	102	0	101	0	102	0	92	5	91	0	89	0
S61	G	T	105	0	131	0	80	0	106	0	85	0	105	0	94	0	108	0	104	9	102	0	93	0
S62	A	G	111	0	102	0	96	0	98	0	88	0	100	0	85	0	96	0	101	0	92	5	92	0
S63	C	T	97	0	115	0	84	20	84	17	99	0	100	0	87	0	90	0	93	0	91	0	86	0
S64	C	T	84	0	89	0	73	24	79	21	114	0	96	0	88	0	86	0	112	0	103	0	103	0
S65	G	T	85	6	84	20	99	0	104	0	112	0	93	0	106	0	94	0	97	0	109	0	107	0
S66	T	A	95	3	79	15	107	0	92	0	95	0	93	0	95	0	117	0	102	0	100	0	111	0
S67	C	A	91	3	83	24	85	0	106	0	99	0	106	0	108	0	100	0	102	0	100	0	106	0
S68	T	G	88	7	69	14	111	0	120	0	74	0	103	0	88	0	104	0	96	0	109	0	106	0
S69	C	T	93	6	77	11	82	0	88	0	91	0	89	0	117	0	105	0	97	0	109	0	118	0
S70	G	C	91	1	86	20	90	0	80	0	95	0	105	0	90	0	88	0	99	0	117	0	112	0
S71	C	A	97	7	95	16	100	0	89	0	91	0	97	0	91	0	94	0	98	0	111	0	110	0
S72	G	C	95	4	86	13	122	0	112	0	86	0	103	0	117	0	103	0	100	0	113	0	109	0
S73	G	C	98	3	76	21	103	0	101	0	97	0	98	0	123	0	90	0	97	0	102	0	92	0
