SNVID	Wild	Mut	R1:ref	R1:alt	R2:ref	R2:alt	R3:ref	R3:alt	R4:ref	R4:alt	R5:ref	R5:alt	R6:ref	R6:alt	R7:ref	R7:alt	R8:ref	R8:alt	R9:ref	R9:alt	R10:ref	R10:alt	R11:ref	R11:alt	
S1	T	G	61	21	103	15	61	22	67	19	89	13	95	15	102	4	85	8	82	18	82	24	71	19
S2	G	C	80	22	85	16	93	19	97	10	91	21	73	19	95	3	65	23	74	20	69	22	70	27
S3	T	C	75	15	81	21	84	21	71	20	74	19	105	11	81	15	92	12	89	17	80	22	99	18
S4	G	A	91	15	118	16	75	22	88	13	99	12	84	16	91	10	88	15	79	19	79	20	65	29
S5	T	A	64	24	84	18	71	24	79	19	67	19	83	15	61	11	87	13	67	14	74	15	81	16
S6	C	A	100	16	75	21	81	23	93	11	105	11	93	5	98	3	55	21	110	11	92	16	81	20
S7	T	C	69	18	95	18	86	19	88	13	93	16	101	15	74	12	85	17	71	14	86	17	69	24
S8	A	T	89	15	79	18	82	19	72	12	92	10	84	17	100	10	77	15	111	6	70	19	88	19
S9	G	T	88	18	77	20	91	21	74	11	94	8	83	11	82	5	74	21	108	8	68	26	51	25
S10	G	C	68	23	65	25	91	13	92	13	71	21	83	14	86	13	76	15	72	17	68	23	73	25
S11	C	A	83	25	89	15	68	19	65	11	83	7	106	0	103	0	103	0	95	6	73	10	84	16
S12	A	G	90	0	99	0	108	0	100	0	102	10	80	12	84	9	64	21	97	0	96	0	100	0
S13	A	T	115	0	103	0	106	0	88	0	89	0	115	0	101	0	94	21	93	0	120	0	100	0
S14	A	T	111	0	100	0	109	0	96	0	87	0	107	0	102	0	84	13	99	0	105	0	85	0
S15	T	G	100	0	97	0	93	0	96	0	105	0	110	0	110	0	94	10	103	0	110	0	109	0
S16	C	A	98	0	105	0	101	0	96	0	97	0	111	0	94	0	81	15	97	0	99	0	104	0
S17	G	C	91	0	93	0	90	0	87	0	110	0	103	0	106	0	92	12	98	0	114	0	111	0
S18	G	A	98	0	108	0	106	0	82	0	106	0	98	0	104	0	100	10	96	0	99	0	82	0
S19	G	A	100	0	111	0	119	0	106	0	89	0	95	0	91	0	107	14	100	0	95	0	111	0
S20	G	C	110	0	104	0	100	0	115	0	100	0	85	14	100	0	91	0	96	0	97	0	96	0
S21	T	G	81	18	81	20	90	23	100	15	104	0	108	0	80	0	113	0	89	0	112	0	81	0
S22	G	T	73	22	85	15	77	14	89	14	101	0	100	0	107	0	100	0	101	0	101	0	101	0
S23	T	A	79	20	88	23	88	24	91	14	92	0	102	0	99	0	98	0	95	0	95	0	88	0
S24	T	G	90	21	91	16	71	28	94	17	87	0	118	0	97	0	102	0	99	0	84	0	115	0
S25	C	T	75	23	64	19	73	19	87	13	103	0	101	0	97	0	106	0	110	0	89	0	110	0
S26	G	A	94	18	93	15	78	23	87	10	105	0	98	0	127	0	95	0	101	0	98	0	98	0
S27	C	A	101	0	90	0	101	0	111	0	98	0	100	0	92	0	79	0	74	0	88	0	78	22
S28	C	T	107	0	85	0	104	0	103	0	105	0	89	0	84	0	116	0	93	0	78	0	68	24
S29	G	T	100	0	95	0	99	0	96	0	94	0	100	0	94	0	95	0	103	0	100	0	93	18
S30	T	A	107	0	116	0	105	0	100	0	98	0	76	0	97	0	88	0	106	0	111	0	71	21
S31	T	G	84	0	96	0	104	0	121	0	85	0	93	0	118	0	119	0	105	0	82	0	66	17
S32	A	G	94	0	117	0	137	0	126	0	104	0	95	0	101	0	96	0	106	0	74	0	83	11
S33	T	A	94	0	109	0	99	0	117	0	89	4	105	0	107	0	98	0	57	13	87	22	81	0
S34	G	A	107	0	112	0	94	0	116	0	106	3	90	0	112	0	110	0	68	18	112	14	116	0
S35	T	G	100	0	93	0	103	0	98	0	94	8	119	0	93	0	97	0	98	17	72	11	103	0
S36	G	A	88	0	123	0	116	0	118	0	92	3	93	0	117	0	99	0	72	15	79	15	82	0
S37	C	G	122	0	91	0	108	0	122	0	84	11	101	0	85	0	93	0	70	22	102	17	115	0
S38	G	A	101	0	99	0	109	0	88	0	93	8	95	0	99	0	100	0	68	21	87	15	106	0
S39	G	A	100	0	99	0	102	0	111	0	98	4	107	0	105	0	105	0	80	15	56	22	107	0
S40	G	A	100	0	97	0	83	0	110	0	105	7	114	0	104	0	101	0	80	10	91	19	114	0
S41	T	G	97	0	84	0	99	0	93	0	97	3	100	0	111	0	99	0	97	0	68	0	108	0
S42	G	A	123	0	80	0	107	0	96	0	70	7	98	0	95	0	114	0	116	0	104	0	102	0
S43	T	C	89	0	102	0	83	0	81	0	94	4	103	0	103	0	117	0	99	0	126	0	102	0
S44	G	A	113	0	84	0	89	0	110	0	94	3	84	0	93	0	105	0	114	0	101	0	105	0
S45	C	G	107	0	101	0	77	0	89	0	102	5	91	0	100	0	96	0	83	0	86	0	96	0
S46	G	C	110	0	86	0	104	0	108	0	99	3	100	0	96	0	93	0	95	0	99	0	100	0
S47	A	T	88	0	104	0	104	0	105	0	97	2	112	0	105	0	84	0	106	0	87	0	100	0
S48	G	T	101	0	107	0	100	0	88	0	110	4	117	0	103	0	91	0	97	0	110	0	97	0
S49	T	A	117	0	73	0	92	0	117	0	129	8	110	0	119	0	112	0	107	0	93	0	118	0
S50	A	T	98	0	123	0	93	0	105	0	82	0	90	0	108	0	116	0	86	14	68	15	97	0
S51	A	T	91	0	92	0	90	0	110	0	103	0	78	0	113	0	112	0	100	14	81	18	107	0
S52	A	G	95	0	99	0	108	0	115	0	101	0	82	0	99	0	109	0	93	20	81	12	88	0
S53	G	A	105	0	98	0	96	0	86	0	105	0	108	0	118	0	106	0	85	11	79	19	100	0
S54	T	A	107	0	84	0	93	0	87	0	105	0	85	0	99	0	87	0	82	12	89	11	84	0
S55	T	C	99	0	112	0	120	0	118	0	96	0	95	0	116	0	110	0	82	13	86	23	83	0
S56	C	T	95	0	112	0	94	0	110	0	86	0	120	0	113	0	110	0	96	16	69	19	87	0
S57	T	A	86	0	94	0	103	0	116	0	90	0	99	0	100	0	105	0	85	12	69	21	106	0
S58	A	G	95	0	108	0	95	0	110	0	94	0	92	0	96	0	105	0	91	8	90	15	110	0
S59	G	T	95	0	104	0	93	0	94	0	98	0	93	0	95	0	104	0	83	11	110	0	94	0
S60	G	C	86	0	99	0	97	0	97	0	101	0	99	0	92	0	92	0	90	7	100	0	93	0
S61	G	C	88	0	95	0	111	0	95	0	106	0	97	0	86	0	95	0	102	8	89	0	105	0
S62	C	G	76	0	84	0	92	0	100	0	75	0	98	0	80	0	88	0	93	13	106	0	99	0
S63	A	C	95	0	85	0	102	0	88	0	77	0	99	0	99	0	96	0	112	10	111	0	111	0
S64	A	G	92	0	91	0	117	0	106	0	95	0	110	0	88	0	104	0	84	9	89	0	83	0
S65	T	G	97	0	112	0	86	0	123	0	85	0	98	0	103	0	95	0	94	12	99	0	109	0
S66	A	C	95	0	93	0	96	0	119	0	113	0	102	0	85	0	102	0	76	0	83	5	111	0
S67	T	A	95	0	87	0	78	16	82	5	83	0	94	0	108	0	95	0	108	0	93	0	109	0
S68	A	C	110	0	120	0	83	13	93	14	112	0	97	0	110	0	94	0	81	0	95	0	110	0
S69	T	A	103	9	86	16	100	0	89	0	105	0	87	0	110	0	94	0	97	0	112	0	101	0
S70	C	A	93	3	98	17	91	0	93	0	86	0	106	0	95	0	93	0	93	0	82	0	109	0
S71	A	T	115	3	69	18	100	0	102	0	90	0	85	0	104	0	91	0	101	0	94	0	94	0
S72	C	A	90	4	79	11	75	0	104	0	100	0	94	0	121	0	103	0	94	0	93	0	112	0
S73	A	T	101	4	84	18	129	0	91	0	96	0	93	0	94	0	108	0	94	0	107	0	102	0
S74	A	G	94	4	86	21	113	0	95	0	101	0	104	0	92	0	82	0	103	0	91	0	98	0
S75	T	C	78	3	81	14	107	0	91	0	92	0	93	0	94	0	93	0	92	0	121	0	100	0
S76	G	C	97	3	62	23	85	0	78	0	102	0	89	0	100	0	115	0	116	0	103	0	123	0
S77	A	C	90	6	82	21	107	0	98	0	106	0	102	0	94	0	105	0	119	0	99	0	101	0
