SNVID	Wild	Mut	R1:ref	R1:alt	R2:ref	R2:alt	R3:ref	R3:alt	R4:ref	R4:alt	R5:ref	R5:alt	R6:ref	R6:alt	R7:ref	R7:alt	R8:ref	R8:alt	R9:ref	R9:alt	R10:ref	R10:alt	R11:ref	R11:alt	
S1	A	T	90	21	74	19	77	22	93	13	78	17	99	9	98	5	89	16	85	13	84	21	64	20
S2	A	C	79	19	68	18	95	18	104	14	82	20	80	14	100	9	90	17	75	14	63	28	96	20
S3	G	A	103	12	75	23	78	10	84	19	105	13	80	8	88	6	61	21	89	17	61	20	82	19
S4	G	T	80	24	91	20	74	21	92	14	97	15	85	11	74	9	86	18	67	15	70	18	75	21
S5	T	G	80	22	82	13	86	12	86	14	75	17	88	12	96	7	95	16	98	13	80	25	65	28
S6	G	A	60	17	81	19	71	17	100	15	91	4	101	0	116	0	98	0	94	20	56	22	82	22
S7	C	G	91	0	97	0	100	0	107	0	91	12	82	16	124	5	88	15	95	0	93	0	102	0
S8	C	A	105	0	97	0	94	0	108	0	118	0	100	0	73	0	80	17	101	0	99	0	94	0
S9	T	A	86	0	90	0	116	0	107	0	112	0	97	0	88	0	90	9	102	0	108	0	102	0
S10	T	C	113	0	101	0	107	0	91	0	109	0	117	0	95	0	80	12	79	0	96	0	94	0
S11	A	G	96	0	97	0	97	0	107	0	107	0	102	0	100	0	87	15	84	0	100	0	115	0
S12	A	T	102	0	82	0	96	0	110	0	95	0	108	0	91	0	83	16	104	0	98	0	90	0
S13	C	A	87	0	104	0	91	0	84	0	99	0	99	0	110	0	97	15	108	0	101	0	100	0
S14	T	C	91	0	104	0	120	0	83	0	99	0	100	0	112	0	72	8	103	0	95	0	91	0
S15	G	A	99	0	105	0	99	0	116	0	100	0	100	0	103	0	72	11	112	0	105	0	88	0
S16	G	T	103	0	98	0	87	0	91	0	104	0	83	15	95	0	104	0	110	0	97	0	106	0
S17	G	A	107	0	115	0	104	0	109	0	98	0	95	6	104	0	113	0	110	0	83	0	95	0
S18	A	C	93	20	79	22	77	24	80	8	105	0	86	0	94	0	103	0	101	0	99	0	100	0
S19	C	A	82	13	84	20	102	16	100	11	108	0	95	0	84	0	78	0	84	0	95	0	102	0
S20	A	G	70	27	95	12	83	16	78	17	114	0	90	0	108	0	99	0	102	0	96	0	110	0
S21	C	T	95	15	78	21	93	20	97	17	101	0	103	0	114	0	100	0	101	0	114	0	105	0
S22	C	A	89	18	87	17	80	19	65	16	103	0	91	0	97	0	96	0	105	0	101	0	99	0
S23	A	G	88	0	99	0	99	0	88	0	100	0	88	0	80	0	93	0	101	0	101	0	77	17
S24	G	T	106	0	90	0	106	0	91	0	106	0	97	0	95	0	98	0	84	0	91	0	95	13
S25	T	G	108	0	101	0	101	0	95	0	85	0	87	0	98	0	110	0	105	0	82	0	91	8
S26	A	G	95	0	101	0	109	0	93	0	98	0	97	0	98	0	111	0	88	0	99	0	49	30
S27	C	A	99	0	100	0	108	0	99	0	97	0	106	0	116	0	109	0	101	0	94	0	74	11
S28	C	G	91	0	105	0	106	0	111	0	99	0	102	0	106	0	96	0	110	0	104	0	89	15
S29	T	G	100	0	105	0	108	0	90	0	104	5	108	0	99	0	99	0	96	15	92	18	91	0
S30	G	A	101	0	91	0	105	0	108	0	89	4	106	0	98	0	86	0	81	20	87	13	105	0
S31	C	G	95	0	104	0	98	0	89	0	97	2	96	0	88	0	93	0	84	10	57	21	96	0
S32	C	T	99	0	104	0	102	0	90	0	106	5	105	0	119	0	100	0	78	13	81	17	104	0
S33	A	C	114	0	86	0	102	0	105	0	74	7	96	0	104	0	92	0	70	17	58	20	101	0
S34	A	T	115	0	108	0	96	0	99	0	91	5	105	0	96	0	109	0	75	18	82	24	92	0
S35	C	A	95	0	99	0	102	0	94	0	98	5	106	0	98	0	90	0	69	14	93	17	97	0
S36	C	T	100	0	97	0	116	0	100	0	119	1	109	0	110	0	114	0	85	15	84	23	106	0
S37	G	A	95	0	109	0	103	0	117	0	94	4	98	0	99	0	102	0	86	15	71	14	124	0
S38	G	C	103	0	101	0	105	0	103	0	111	2	91	0	108	0	102	0	102	13	78	24	94	0
S39	T	C	100	0	96	0	96	0	98	0	116	3	89	0	95	0	89	0	87	0	97	0	114	0
S40	C	T	87	0	87	0	112	0	102	0	111	6	111	0	114	0	100	0	89	0	91	0	108	0
S41	G	C	98	0	106	0	96	0	94	0	87	9	93	0	115	0	89	0	103	0	95	0	102	0
S42	T	G	90	0	104	0	95	0	91	0	107	7	118	0	101	0	101	0	108	0	93	0	121	0
S43	G	C	98	0	106	0	105	0	108	0	80	4	112	0	83	0	93	0	105	0	87	0	103	0
S44	C	T	83	0	112	0	91	0	105	0	84	8	104	0	101	0	116	0	109	0	96	0	90	0
S45	T	C	85	0	117	0	116	0	102	0	77	9	98	0	106	0	112	0	105	0	90	0	103	0
S46	G	T	85	0	100	0	95	0	101	0	89	8	109	0	92	0	120	0	88	0	99	0	90	0
S47	A	C	102	0	104	0	98	0	97	0	110	2	96	0	108	0	104	0	94	0	103	0	95	0
S48	T	A	115	0	98	0	82	0	101	0	97	6	97	0	109	0	112	0	101	0	99	0	98	0
S49	T	G	105	0	112	0	98	0	81	0	100	0	107	0	115	0	110	0	110	12	79	17	93	0
S50	C	G	103	0	106	0	107	0	92	0	103	0	94	0	107	0	117	0	85	19	89	15	103	0
S51	T	C	97	0	104	0	106	0	95	0	91	0	106	0	108	0	103	0	77	16	85	16	113	0
S52	C	T	103	0	104	0	73	0	101	0	112	0	104	0	103	0	108	0	73	18	72	18	120	0
S53	G	C	109	0	103	0	95	0	119	0	101	0	111	0	98	0	125	0	83	16	72	21	105	0
S54	T	C	89	0	94	0	114	0	98	0	99	0	97	0	106	0	116	0	80	11	91	18	112	0
S55	T	C	101	0	111	0	97	0	104	0	98	0	108	0	107	0	81	0	78	19	83	21	98	0
S56	C	T	98	0	87	0	96	0	100	0	96	0	90	0	97	0	84	0	81	16	86	13	108	0
S57	T	G	86	0	105	0	83	0	117	0	94	0	93	0	90	0	106	0	98	5	99	0	101	0
S58	T	A	108	0	106	0	99	0	110	0	94	0	111	0	95	0	94	0	109	8	89	0	99	0
S59	C	T	88	0	101	0	94	0	93	0	95	0	102	0	121	0	98	0	95	10	91	0	115	0
S60	G	C	102	0	87	0	95	0	99	0	99	0	94	0	102	0	96	0	95	9	88	0	104	0
S61	C	G	102	0	93	0	106	0	93	0	109	0	102	0	91	0	112	0	93	6	104	0	101	0
S62	A	T	95	0	82	0	94	0	100	0	114	0	98	0	98	0	126	0	78	8	104	0	89	0
S63	C	G	106	0	113	0	101	0	123	0	113	0	90	0	96	0	94	0	95	0	77	6	105	0
S64	T	G	113	0	109	0	119	0	112	0	108	0	92	0	110	0	97	0	109	0	88	6	110	0
S65	G	C	98	0	101	0	74	19	96	14	105	0	88	0	86	0	96	0	88	0	93	0	91	0
S66	T	C	100	4	64	25	87	0	89	0	93	0	105	0	93	0	97	0	97	0	111	0	104	0
S67	G	A	87	3	102	21	125	0	84	0	101	0	100	0	111	0	77	0	92	0	110	0	105	0
S68	T	A	76	9	79	17	92	0	107	0	94	0	117	0	89	0	115	0	103	0	104	0	102	0
S69	G	T	104	5	88	23	95	0	104	0	108	0	88	0	90	0	111	0	105	0	111	0	106	0
S70	C	A	91	5	89	11	107	0	110	0	89	0	87	0	93	0	88	0	100	0	111	0	86	0
S71	T	G	115	6	85	8	73	0	91	0	96	0	103	0	110	0	107	0	76	0	112	0	80	0
S72	T	G	98	8	79	13	100	0	106	0	72	0	89	0	88	0	90	0	104	0	96	0	104	0
S73	C	A	64	7	89	13	89	0	107	0	93	0	104	0	86	0	105	0	97	0	113	0	99	0
S74	C	G	87	7	72	16	107	0	95	0	107	0	99	0	116	0	125	0	114	0	91	0	106	0
S75	T	C	95	4	79	23	112	0	97	0	102	0	111	0	95	0	88	0	117	0	106	0	92	0
