SNVID	Wild	Mut	R1:ref	R1:alt	R2:ref	R2:alt	R3:ref	R3:alt	R4:ref	R4:alt	R5:ref	R5:alt	R6:ref	R6:alt	R7:ref	R7:alt	R8:ref	R8:alt	R9:ref	R9:alt	R10:ref	R10:alt	R11:ref	R11:alt	
S1	C	T	82	20	103	16	77	17	80	16	79	17	83	9	98	4	74	24	77	16	84	21	65	16
S2	G	C	80	17	92	21	76	22	100	14	72	13	98	8	78	16	75	16	94	12	83	14	73	23
S3	G	C	90	21	97	18	89	16	72	17	100	11	91	11	74	6	83	19	84	17	65	15	83	25
S4	T	G	95	16	92	19	75	16	91	17	99	14	64	12	97	12	98	11	83	16	101	15	89	22
S5	T	C	70	22	63	23	68	15	79	11	78	13	91	12	90	9	71	15	92	19	91	17	67	25
S6	C	A	75	23	85	20	73	20	97	12	74	17	87	14	83	8	89	12	106	12	61	20	73	30
S7	A	T	85	17	86	18	70	24	72	14	81	14	85	11	100	13	75	26	84	21	72	21	60	34
S8	T	C	87	19	84	12	91	16	83	11	106	12	83	10	79	7	76	27	90	17	91	17	91	23
S9	T	G	90	14	98	15	84	18	95	19	75	20	101	14	90	13	75	11	99	17	75	15	71	20
S10	G	C	71	28	83	12	91	22	73	11	101	6	122	0	92	0	93	0	74	15	64	20	77	27
S11	G	T	96	0	105	0	102	0	114	0	103	7	70	12	84	8	69	23	107	0	104	0	88	0
S12	T	C	97	0	89	0	106	0	125	0	119	0	108	0	117	0	91	15	99	0	89	0	103	0
S13	G	C	116	0	92	0	94	0	105	0	86	0	105	0	109	0	103	5	112	0	100	0	84	0
S14	C	A	81	0	103	0	107	0	107	0	97	0	109	0	109	0	84	10	117	0	104	0	90	0
S15	G	A	113	0	119	0	97	0	100	0	104	0	95	0	91	0	87	12	108	0	112	0	87	0
S16	C	T	98	0	78	0	86	0	94	0	108	0	105	0	95	0	101	14	103	0	95	0	109	0
S17	C	G	91	0	89	0	107	0	105	0	94	0	114	0	85	0	100	12	107	0	103	0	108	0
S18	C	T	104	0	97	0	87	0	108	0	101	0	96	0	86	0	85	16	91	0	98	0	90	0
S19	G	A	104	0	106	0	96	0	100	0	99	0	108	0	104	0	101	12	101	0	97	0	104	0
S20	A	T	107	0	93	0	89	0	108	0	102	0	103	0	98	0	76	13	91	0	107	0	118	0
S21	G	A	107	0	85	0	104	0	106	0	105	0	98	9	104	0	102	0	102	0	106	0	118	0
S22	G	C	108	0	102	0	104	0	117	0	102	0	95	10	105	0	111	0	97	0	100	0	104	0
S23	A	G	70	22	88	15	88	16	95	21	99	0	109	0	102	0	94	0	92	0	86	0	105	0
S24	A	T	54	30	65	22	73	22	101	16	108	0	90	0	112	0	102	0	94	0	101	0	102	0
S25	G	T	75	16	77	12	87	21	98	6	107	0	91	0	78	0	104	0	89	0	107	0	92	0
S26	T	A	64	28	61	17	98	18	92	14	90	0	102	0	109	0	123	0	109	0	95	0	95	0
S27	T	G	84	20	59	18	73	22	89	10	104	0	105	0	92	0	95	0	93	0	105	0	99	0
S28	G	A	76	21	99	13	61	25	86	13	92	0	100	0	101	0	100	0	102	0	112	0	92	0
S29	C	G	94	16	87	15	88	23	94	19	108	0	90	0	111	0	96	0	91	0	109	0	103	0
S30	A	C	84	28	74	19	76	28	77	14	91	0	93	0	105	0	82	0	104	0	95	0	94	0
S31	C	G	85	21	73	26	92	22	82	16	99	0	114	0	103	0	96	0	94	0	102	0	80	0
S32	C	T	94	0	101	0	90	0	97	0	86	0	102	0	99	0	90	0	90	0	95	0	85	19
S33	T	A	107	0	100	0	84	0	95	0	107	0	111	0	88	0	113	0	95	0	94	0	75	21
S34	G	C	92	0	88	0	105	0	89	0	92	0	97	0	108	0	102	0	84	0	80	0	82	21
S35	G	T	114	0	86	0	106	0	85	0	85	0	102	0	90	0	95	0	115	0	115	0	72	23
S36	T	A	111	0	108	0	98	0	111	0	80	0	109	0	98	0	108	0	97	0	90	0	77	19
S37	T	A	103	0	79	0	94	0	113	0	102	3	102	0	112	0	99	0	69	18	80	18	95	0
S38	T	C	92	0	91	0	100	0	109	0	85	4	110	0	96	0	98	0	87	12	84	24	97	0
S39	C	G	115	0	98	0	100	0	100	0	103	4	88	0	120	0	96	0	73	17	88	14	92	0
S40	T	G	107	0	85	0	99	0	104	0	109	3	100	0	108	0	91	0	109	14	68	22	110	0
S41	C	T	86	0	87	0	106	0	91	0	96	5	95	0	102	0	92	0	90	17	77	16	98	0
S42	A	C	94	0	103	0	98	0	91	0	98	9	114	0	111	0	94	0	98	0	83	0	104	0
S43	G	A	104	0	93	0	109	0	110	0	100	2	101	0	139	0	109	0	108	0	94	0	100	0
S44	C	T	85	0	121	0	91	0	97	0	79	4	121	0	94	0	92	0	117	0	105	0	112	0
S45	T	A	111	0	102	0	88	0	97	0	109	7	109	0	111	0	96	0	95	0	102	0	100	0
S46	T	A	108	0	94	0	104	0	100	0	85	6	78	0	102	0	113	0	98	0	102	0	91	0
S47	C	G	94	0	89	0	114	0	104	0	93	5	100	0	107	0	100	0	101	0	104	0	110	0
S48	C	T	126	0	87	0	113	0	95	0	93	0	97	0	89	0	106	0	79	12	92	26	101	0
S49	A	G	92	0	98	0	81	0	103	0	110	0	93	0	95	0	95	0	82	14	69	21	114	0
S50	A	G	87	0	105	0	110	0	108	0	97	0	105	0	120	0	112	0	87	9	95	19	104	0
S51	T	G	106	0	92	0	93	0	119	0	83	0	106	0	102	0	104	0	78	16	73	19	92	0
S52	A	G	89	0	110	0	92	0	93	0	113	0	84	0	109	0	94	0	96	15	75	25	124	0
S53	T	G	121	0	100	0	115	0	98	0	95	0	92	0	94	0	114	0	70	14	69	15	90	0
S54	T	C	91	0	118	0	88	0	97	0	129	0	112	0	111	0	98	0	99	10	74	17	95	0
S55	G	C	130	0	106	0	85	0	83	0	99	0	96	0	110	0	98	0	91	16	99	0	92	0
S56	C	T	95	0	128	0	95	0	96	0	90	0	101	0	106	0	89	0	100	6	96	0	103	0
S57	T	C	86	0	92	0	102	0	99	0	92	0	96	0	119	0	81	0	92	15	93	0	106	0
S58	T	G	97	0	115	0	97	0	74	0	103	0	103	0	96	0	94	0	96	9	88	0	87	0
S59	T	A	98	0	101	0	105	0	115	0	102	0	106	0	102	0	112	0	90	12	85	0	102	0
S60	G	A	99	0	103	0	86	0	103	0	102	0	99	0	109	0	97	0	98	11	104	0	109	0
S61	G	T	94	0	101	0	103	0	87	0	103	0	108	0	79	0	108	0	104	10	105	0	87	0
S62	A	G	86	0	122	0	92	0	80	0	111	0	102	0	103	0	111	0	86	10	98	0	93	0
S63	T	C	113	0	110	0	114	0	98	0	103	0	99	0	86	0	101	0	103	0	102	5	116	0
S64	T	C	96	0	94	0	77	22	69	17	107	0	102	0	88	0	122	0	95	0	108	0	104	0
S65	G	T	89	3	80	19	96	0	101	0	106	0	104	0	96	0	73	0	105	0	102	0	115	0
S66	A	T	96	1	82	15	95	0	101	0	84	0	111	0	104	0	72	0	95	0	100	0	106	0
S67	G	A	72	10	73	20	108	0	85	0	91	0	107	0	106	0	89	0	88	0	101	0	103	0
S68	G	T	95	7	66	21	111	0	124	0	122	0	121	0	101	0	105	0	83	0	110	0	104	0
S69	G	C	108	5	103	16	99	0	100	0	93	0	102	0	97	0	88	0	106	0	104	0	85	0
S70	C	A	88	9	96	12	109	0	106	0	94	0	101	0	105	0	94	0	121	0	112	0	102	0
S71	G	T	102	5	69	16	114	0	112	0	98	0	89	0	107	0	109	0	101	0	106	0	78	0
S72	C	G	90	7	79	14	117	0	105	0	103	0	79	0	112	0	113	0	92	0	101	0	102	0
S73	T	A	85	8	74	18	100	0	93	0	112	0	95	0	98	0	95	0	103	0	106	0	92	0
