SNVID	Wild	Mut	R1:ref	R1:alt	R2:ref	R2:alt	R3:ref	R3:alt	R4:ref	R4:alt	R5:ref	R5:alt	R6:ref	R6:alt	R7:ref	R7:alt	R8:ref	R8:alt	R9:ref	R9:alt	R10:ref	R10:alt	R11:ref	R11:alt	
S1	T	A	79	22	79	16	74	14	70	14	99	17	101	13	87	8	68	20	100	13	94	10	73	23
S2	G	A	80	25	79	19	82	15	78	18	79	18	89	14	70	10	78	13	72	10	76	24	87	18
S3	C	A	98	25	93	10	71	22	77	20	75	16	73	14	92	11	66	21	92	15	98	17	93	14
S4	G	A	70	19	68	20	63	17	80	21	102	14	83	12	88	14	88	19	83	17	101	10	89	26
S5	G	A	88	13	94	13	88	23	61	25	94	13	87	10	99	8	79	19	78	12	86	20	88	23
S6	G	T	97	12	78	21	100	16	82	18	86	11	83	13	111	10	82	17	85	13	88	11	56	25
S7	T	G	86	15	88	18	61	19	98	10	92	19	89	10	89	8	87	22	92	12	81	22	62	27
S8	T	C	80	12	89	22	86	20	113	12	80	18	84	16	73	15	74	22	80	17	88	20	62	29
S9	A	T	91	13	82	13	66	20	82	20	82	17	114	11	77	12	84	13	72	21	78	20	62	18
S10	A	G	84	16	72	19	78	17	69	15	87	10	89	13	74	13	87	12	103	10	93	18	61	23
S11	T	G	65	19	84	20	76	27	92	16	108	7	103	0	99	0	98	0	90	13	77	16	68	21
S12	T	C	100	0	103	0	93	0	110	0	87	11	69	17	104	6	94	13	95	0	83	0	93	0
S13	G	T	100	0	114	0	89	0	101	0	107	0	92	0	93	0	80	16	106	0	93	0	106	0
S14	A	G	106	0	93	0	93	0	94	0	95	0	90	0	88	0	90	12	108	0	122	0	107	0
S15	C	G	97	0	100	0	99	0	103	0	102	0	83	0	111	0	87	13	99	0	93	0	94	0
S16	T	C	102	0	112	0	107	0	80	0	112	0	97	0	121	0	92	9	100	0	96	0	102	0
S17	C	A	117	0	92	0	92	0	101	0	94	0	98	0	84	0	81	8	94	0	98	0	106	0
S18	T	G	101	0	99	0	96	0	112	0	90	0	97	0	89	0	97	12	93	0	113	0	105	0
S19	T	G	94	0	104	0	95	0	105	0	113	0	90	0	87	0	84	9	95	0	113	0	101	0
S20	G	T	95	0	116	0	91	0	108	0	91	0	102	0	105	0	86	16	106	0	94	0	110	0
S21	C	T	108	0	102	0	93	0	95	0	114	0	77	10	99	0	102	0	83	0	93	0	110	0
S22	G	T	87	0	100	0	103	0	102	0	94	0	85	12	105	0	105	0	121	0	100	0	113	0
S23	A	T	85	21	80	19	85	29	87	16	100	0	90	0	85	0	100	0	85	0	111	0	93	0
S24	A	G	85	25	95	22	79	18	78	14	95	0	91	0	102	0	74	0	118	0	108	0	91	0
S25	C	A	73	24	82	13	75	20	90	15	97	0	107	0	97	0	107	0	84	0	113	0	104	0
S26	T	G	72	18	64	20	87	18	81	17	108	0	91	0	108	0	89	0	81	0	101	0	97	0
S27	A	G	81	22	99	16	99	24	79	14	88	0	82	0	108	0	96	0	93	0	94	0	95	0
S28	T	G	73	25	77	17	88	16	94	14	100	0	102	0	95	0	99	0	110	0	111	0	105	0
S29	C	G	102	21	77	16	123	13	93	13	100	0	103	0	89	0	103	0	84	0	93	0	98	0
S30	T	C	101	10	74	14	82	15	89	11	106	0	89	0	103	0	94	0	94	0	84	0	98	0
S31	A	G	93	21	84	20	95	17	87	14	102	0	108	0	101	0	82	0	105	0	92	0	109	0
S32	A	C	100	0	94	0	115	0	114	0	97	0	92	0	99	0	93	0	108	0	94	0	75	18
S33	C	G	98	0	86	0	94	0	106	0	104	0	132	0	115	0	114	0	92	0	108	0	79	20
S34	G	C	84	0	114	0	87	0	93	0	97	0	103	0	117	0	93	0	102	0	129	0	73	19
S35	C	A	97	0	94	0	113	0	114	0	106	0	86	0	105	0	103	0	106	0	96	0	83	22
S36	A	C	121	0	101	0	102	0	95	0	107	0	95	0	97	0	87	0	120	0	105	0	81	19
S37	A	T	95	0	108	0	83	0	92	0	110	0	117	0	102	0	97	0	110	0	91	0	79	16
S38	G	T	101	0	102	0	94	0	104	0	108	0	103	0	80	0	106	0	93	0	108	0	73	18
S39	A	T	92	0	112	0	103	0	114	0	109	0	90	0	103	0	88	0	95	0	93	0	88	15
S40	T	A	98	0	95	0	95	0	109	0	86	0	78	0	109	0	97	0	103	0	93	0	90	20
S41	A	C	117	0	79	0	110	0	95	0	115	0	115	0	104	0	103	0	96	0	107	0	84	19
S42	C	T	118	0	97	0	105	0	89	0	72	3	96	0	93	0	90	0	68	11	104	15	102	0
S43	T	G	92	0	82	0	83	0	76	0	82	3	98	0	97	0	108	0	72	14	102	14	114	0
S44	A	G	93	0	111	0	93	0	97	0	96	5	92	0	99	0	77	0	97	11	88	19	110	0
S45	G	C	88	0	100	0	100	0	102	0	96	9	92	0	96	0	105	0	92	16	73	15	90	0
S46	T	G	111	0	97	0	84	0	122	0	93	2	106	0	98	0	97	0	88	14	90	15	93	0
S47	T	C	93	0	102	0	114	0	108	0	104	2	115	0	114	0	101	0	57	14	87	21	102	0
S48	G	A	91	0	111	0	91	0	100	0	85	5	106	0	113	0	105	0	101	0	98	0	110	0
S49	G	A	117	0	119	0	83	0	101	0	96	9	91	0	99	0	100	0	118	0	107	0	102	0
S50	G	A	99	0	126	0	88	0	82	0	82	10	116	0	104	0	100	0	99	0	93	0	93	0
S51	T	G	97	0	83	0	107	0	98	0	92	8	87	0	101	0	88	0	89	0	90	0	116	0
S52	A	T	83	0	107	0	113	0	96	0	96	4	94	0	99	0	110	0	101	0	88	0	101	0
S53	G	T	87	0	102	0	95	0	98	0	102	6	97	0	89	0	108	0	102	0	90	0	95	0
S54	T	G	99	0	111	0	101	0	103	0	93	6	111	0	117	0	100	0	85	0	85	0	94	0
S55	C	T	90	0	102	0	103	0	100	0	94	3	111	0	94	0	90	0	104	0	93	0	111	0
S56	A	C	94	0	112	0	75	0	101	0	99	0	98	0	80	0	101	0	68	20	78	19	113	0
S57	A	T	110	0	90	0	99	0	102	0	120	0	102	0	107	0	107	0	78	20	104	19	113	0
S58	A	G	96	0	87	0	116	0	111	0	111	0	113	0	91	0	98	0	88	12	79	14	88	0
S59	G	T	103	0	81	0	102	0	98	0	98	0	116	0	97	0	110	0	93	16	76	23	98	0
S60	G	T	104	0	113	0	107	0	116	0	107	0	95	0	95	0	95	0	80	18	83	19	93	0
S61	A	C	91	0	82	0	93	0	104	0	84	0	98	0	93	0	78	0	89	8	100	0	98	0
S62	A	C	114	0	76	0	112	0	88	0	95	0	109	0	101	0	103	0	93	7	91	0	103	0
S63	A	T	113	0	106	0	98	0	104	0	109	0	114	0	102	0	106	0	94	9	90	0	95	0
S64	G	T	96	0	90	0	108	0	78	0	90	0	108	0	118	0	92	0	90	8	94	0	96	0
S65	A	G	105	0	108	0	102	0	92	0	94	0	106	0	92	0	94	0	99	11	97	0	85	0
S66	T	A	93	0	96	0	79	0	108	0	99	0	84	0	89	0	87	0	83	9	117	0	117	0
S67	C	A	97	0	91	0	108	0	108	0	91	0	103	0	95	0	107	0	88	0	89	6	81	0
S68	G	C	104	0	93	0	94	0	99	0	92	0	95	0	112	0	101	0	115	0	79	1	84	0
S69	C	G	103	0	102	0	90	14	101	8	93	0	97	0	93	0	83	0	90	0	111	0	105	0
S70	A	C	121	0	82	0	95	24	62	17	96	0	87	0	99	0	100	0	109	0	104	0	101	0
S71	C	G	90	5	77	23	106	0	101	0	100	0	98	0	96	0	98	0	98	0	87	0	100	0
S72	C	A	81	5	81	11	92	0	114	0	98	0	100	0	106	0	100	0	85	0	85	0	115	0
S73	A	G	99	5	80	18	110	0	107	0	92	0	102	0	104	0	98	0	121	0	104	0	88	0
S74	C	G	79	4	69	25	106	0	90	0	119	0	111	0	106	0	109	0	105	0	97	0	97	0
S75	C	G	98	7	82	16	97	0	94	0	94	0	105	0	105	0	93	0	99	0	90	0	85	0
S76	C	G	103	2	101	13	99	0	88	0	94	0	107	0	106	0	110	0	107	0	91	0	93	0
S77	A	G	93	8	107	15	121	0	96	0	103	0	99	0	96	0	103	0	99	0	104	0	117	0
S78	G	A	103	5	80	23	104	0	101	0	84	0	115	0	89	0	124	0	120	0	86	0	100	0
