SNVID	Wild	Mut	R1:ref	R1:alt	R2:ref	R2:alt	R3:ref	R3:alt	R4:ref	R4:alt	R5:ref	R5:alt	R6:ref	R6:alt	R7:ref	R7:alt	R8:ref	R8:alt	R9:ref	R9:alt	R10:ref	R10:alt	R11:ref	R11:alt	
S1	G	C	101	22	93	18	79	18	75	14	88	14	93	16	69	15	84	16	87	20	88	17	53	25
S2	T	C	74	19	74	14	93	18	79	16	87	14	97	18	82	10	68	20	102	11	85	18	72	25
S3	G	C	72	19	77	21	92	20	77	13	81	18	97	9	96	8	76	19	91	12	65	22	81	19
S4	G	C	61	21	88	16	91	20	68	19	81	17	92	9	79	11	59	22	109	12	78	22	71	18
S5	A	G	91	20	77	20	69	27	87	14	99	12	90	11	78	11	72	23	89	14	83	18	81	27
S6	T	C	84	20	90	17	76	20	80	28	98	16	91	10	102	13	71	23	73	19	67	16	95	19
S7	G	C	61	21	73	16	80	20	72	13	87	14	95	10	82	11	82	18	104	10	80	14	77	22
S8	G	T	75	11	73	17	85	21	80	13	86	14	87	14	74	15	84	16	90	11	74	17	86	28
S9	A	G	76	17	88	18	75	22	81	10	78	18	105	5	83	15	71	23	80	22	85	16	74	21
S10	A	T	72	29	86	17	71	24	88	12	99	4	123	0	84	0	89	0	81	9	78	16	70	30
S11	T	C	92	0	113	0	110	0	101	0	91	9	81	11	99	9	70	17	93	0	90	0	105	0
S12	C	A	100	0	105	0	87	0	106	0	97	0	95	0	98	0	88	7	92	0	103	0	95	0
S13	G	A	84	0	99	0	96	0	104	0	118	0	96	0	115	0	76	13	105	0	105	0	103	0
S14	G	A	93	0	102	0	81	0	95	0	105	0	83	0	110	0	88	16	89	0	104	0	101	0
S15	A	G	92	0	95	0	94	0	95	0	93	0	93	0	104	0	81	14	100	0	108	0	98	0
S16	A	G	80	0	101	0	116	0	91	0	97	0	96	0	108	0	68	15	111	0	87	0	96	0
S17	C	A	103	0	100	0	102	0	119	0	89	0	101	0	104	0	89	11	101	0	101	0	103	0
S18	G	A	105	0	81	0	112	0	88	0	83	0	114	0	105	0	100	16	96	0	107	0	103	0
S19	G	T	103	0	92	0	122	0	98	0	103	0	98	0	102	0	71	19	101	0	94	0	84	0
S20	T	A	90	0	94	0	83	0	117	0	114	0	90	4	103	0	121	0	110	0	97	0	105	0
S21	C	A	58	26	78	12	92	16	101	9	118	0	103	0	110	0	96	0	100	0	86	0	83	0
S22	A	T	94	18	85	23	70	19	94	19	101	0	91	0	104	0	99	0	97	0	98	0	82	0
S23	T	C	81	20	79	16	73	30	100	17	98	0	85	0	85	0	110	0	100	0	101	0	110	0
S24	T	A	98	24	89	20	85	24	66	18	82	0	100	0	90	0	106	0	96	0	105	0	92	0
S25	G	C	106	20	85	19	85	15	90	14	97	0	96	0	101	0	96	0	94	0	102	0	104	0
S26	T	A	78	17	67	22	88	12	83	12	97	0	105	0	102	0	105	0	107	0	104	0	86	0
S27	G	T	86	14	100	11	95	13	69	23	98	0	93	0	103	0	110	0	112	0	115	0	105	0
S28	A	C	90	16	102	16	79	22	94	16	107	0	98	0	111	0	93	0	101	0	90	0	100	0
S29	C	T	99	0	103	0	112	0	117	0	95	0	79	0	119	0	90	0	108	0	99	0	79	16
S30	T	A	107	0	114	0	87	0	109	0	99	0	112	0	74	0	109	0	95	0	105	0	71	26
S31	G	A	126	0	98	0	100	0	114	0	91	0	109	0	96	0	101	0	102	0	91	0	81	24
S32	A	G	102	0	107	0	77	0	84	0	117	0	92	0	84	0	100	0	108	0	89	0	71	15
S33	C	T	107	0	92	0	112	0	108	0	113	0	113	0	94	0	102	0	82	0	111	0	90	22
S34	T	C	106	0	104	0	113	0	85	0	104	0	95	0	96	0	99	0	101	0	110	0	99	16
S35	A	T	102	0	94	0	100	0	106	0	93	0	90	0	107	0	116	0	100	0	94	0	88	15
S36	T	C	118	0	94	0	109	0	107	0	84	3	91	0	99	0	94	0	80	19	80	21	94	0
S37	A	C	133	0	116	0	115	0	101	0	73	11	96	0	93	0	86	0	69	14	92	17	112	0
S38	G	T	96	0	111	0	116	0	97	0	83	6	98	0	101	0	109	0	78	3	70	18	107	0
S39	A	T	91	0	103	0	78	0	99	0	108	5	98	0	119	0	116	0	61	17	64	20	106	0
S40	C	G	106	0	125	0	94	0	96	0	81	8	101	0	86	0	96	0	92	14	91	18	95	0
S41	A	G	97	0	95	0	107	0	104	0	76	7	101	0	84	0	123	0	99	0	87	0	107	0
S42	T	C	109	0	99	0	105	0	109	0	81	10	106	0	91	0	105	0	92	0	105	0	101	0
S43	G	A	91	0	93	0	115	0	115	0	87	4	107	0	105	0	100	0	96	0	102	0	77	0
S44	G	C	92	0	90	0	105	0	91	0	84	5	104	0	108	0	107	0	106	0	95	0	114	0
S45	C	G	108	0	97	0	105	0	103	0	92	5	95	0	99	0	93	0	90	0	127	0	109	0
S46	G	T	95	0	109	0	97	0	98	0	90	5	102	0	89	0	81	0	114	0	103	0	94	0
S47	A	T	114	0	119	0	101	0	93	0	86	6	94	0	107	0	97	0	98	0	102	0	108	0
S48	T	A	105	0	105	0	112	0	110	0	85	3	90	0	119	0	102	0	109	0	106	0	87	0
S49	A	G	82	0	102	0	88	0	93	0	109	6	92	0	92	0	88	0	88	0	94	0	82	0
S50	G	A	98	0	114	0	84	0	105	0	109	0	105	0	81	0	105	0	80	22	98	26	99	0
S51	T	G	98	0	97	0	105	0	96	0	88	0	98	0	100	0	84	0	86	13	69	15	110	0
S52	C	G	91	0	99	0	93	0	97	0	101	0	119	0	107	0	99	0	83	13	83	23	101	0
S53	C	G	106	0	101	0	99	0	100	0	100	0	105	0	96	0	114	0	89	11	89	10	108	0
S54	A	T	121	0	90	0	102	0	103	0	109	0	100	0	106	0	107	0	98	11	85	23	87	0
S55	T	C	115	0	77	0	111	0	93	0	103	0	110	0	107	0	102	0	75	9	103	0	99	0
S56	C	G	104	0	89	0	92	0	92	0	112	0	89	0	108	0	89	0	92	9	94	0	93	0
S57	T	A	99	0	104	0	97	0	101	0	91	0	93	0	101	0	117	0	92	5	101	0	93	0
S58	G	A	95	0	116	0	90	0	98	0	93	0	102	0	98	0	107	0	76	11	83	0	86	0
S59	C	G	94	0	106	0	105	0	103	0	94	0	90	0	90	0	104	0	83	7	112	0	95	0
S60	C	A	107	0	92	0	125	0	87	0	116	0	85	0	101	0	107	0	93	12	105	0	89	0
S61	G	C	105	0	99	0	100	0	111	0	116	0	105	0	104	0	107	0	90	11	86	0	100	0
S62	A	G	133	0	87	0	94	0	90	0	86	0	110	0	115	0	102	0	108	13	92	0	105	0
S63	T	G	110	0	112	0	97	0	105	0	88	0	100	0	101	0	115	0	107	10	105	0	92	0
S64	C	A	107	0	99	0	97	0	99	0	101	0	88	0	100	0	101	0	114	0	104	2	106	0
S65	A	G	98	0	115	0	105	0	97	0	98	0	118	0	90	0	108	0	102	0	94	4	108	0
S66	G	C	108	0	99	0	80	19	109	14	114	0	105	0	96	0	101	0	98	0	115	0	92	0
S67	A	G	103	0	110	0	91	25	77	14	103	0	83	0	87	0	100	0	102	0	98	0	95	0
S68	A	C	109	4	84	16	100	0	120	0	107	0	101	0	83	0	102	0	95	0	95	0	85	0
S69	T	G	89	5	85	17	108	0	82	0	86	0	92	0	94	0	103	0	97	0	99	0	116	0
S70	C	A	107	3	67	21	102	0	105	0	86	0	107	0	106	0	111	0	98	0	89	0	98	0
S71	G	A	91	2	75	17	106	0	110	0	113	0	110	0	99	0	102	0	106	0	98	0	109	0
S72	A	C	138	3	87	15	93	0	104	0	107	0	92	0	106	0	110	0	102	0	82	0	99	0
S73	C	G	78	4	85	20	94	0	104	0	107	0	100	0	100	0	119	0	90	0	110	0	89	0
S74	G	A	97	7	65	13	114	0	126	0	99	0	97	0	122	0	92	0	79	0	89	0	104	0
S75	C	T	101	5	97	13	110	0	93	0	105	0	98	0	100	0	101	0	96	0	103	0	101	0
S76	T	C	91	3	76	18	86	0	93	0	81	0	101	0	125	0	84	0	103	0	112	0	98	0
S77	C	G	84	10	106	18	89	0	107	0	110	0	92	0	87	0	100	0	93	0	99	0	87	0
