SNVID	Wild	Mut	R1:ref	R1:alt	R2:ref	R2:alt	R3:ref	R3:alt	R4:ref	R4:alt	R5:ref	R5:alt	R6:ref	R6:alt	R7:ref	R7:alt	R8:ref	R8:alt	R9:ref	R9:alt	R10:ref	R10:alt	R11:ref	R11:alt	
S1	C	G	89	16	88	18	66	23	93	15	80	18	93	16	107	10	83	21	71	15	85	16	62	20
S2	A	C	87	13	74	18	66	22	92	10	83	14	89	4	83	22	81	15	95	10	58	31	76	22
S3	T	C	72	26	85	16	79	22	85	11	90	15	89	17	107	12	102	17	84	19	112	9	78	20
S4	G	C	77	15	66	21	82	18	81	14	79	22	78	10	84	7	74	14	66	16	110	12	88	21
S5	T	G	85	22	64	15	81	25	99	9	76	15	90	13	89	11	61	30	97	11	96	23	90	22
S6	T	A	88	23	61	27	74	22	74	9	109	2	88	0	84	0	94	0	79	18	90	18	75	18
S7	C	G	112	0	74	0	97	0	93	0	88	10	80	11	97	8	58	24	102	0	100	0	104	0
S8	A	G	94	0	111	0	95	0	103	0	103	0	87	0	101	0	91	13	118	0	99	0	110	0
S9	G	A	98	0	83	0	93	0	100	0	100	0	113	0	108	0	81	11	103	0	100	0	110	0
S10	A	G	113	0	98	0	88	0	107	0	97	0	108	0	97	0	91	16	109	0	105	0	100	0
S11	A	C	78	0	92	0	112	0	92	0	115	0	104	0	102	0	103	12	105	0	93	0	118	0
S12	T	G	99	0	116	0	111	0	91	0	91	0	102	0	107	0	89	14	91	0	106	0	105	0
S13	G	A	113	0	81	0	96	0	115	0	94	0	99	0	97	0	98	12	100	0	104	0	116	0
S14	T	G	102	0	104	0	100	0	112	0	101	0	100	0	99	0	100	11	90	0	89	0	108	0
S15	G	T	94	0	105	0	105	0	104	0	110	0	109	7	107	0	81	0	113	0	93	0	93	0
S16	T	G	101	0	108	0	101	0	86	0	111	0	95	7	85	0	104	0	102	0	120	0	108	0
S17	C	T	89	16	71	21	92	20	87	17	103	0	101	0	108	0	100	0	107	0	81	0	99	0
S18	A	G	81	15	87	16	59	23	97	11	112	0	104	0	95	0	102	0	113	0	106	0	102	0
S19	T	C	83	25	100	17	67	21	75	13	99	0	111	0	105	0	90	0	100	0	93	0	98	0
S20	A	G	65	20	89	15	78	27	90	16	109	0	91	0	114	0	97	0	87	0	106	0	95	0
S21	G	C	54	21	103	15	76	20	92	20	102	0	94	0	106	0	90	0	94	0	100	0	98	0
S22	T	G	91	10	61	19	100	16	87	16	106	0	96	0	90	0	94	0	101	0	103	0	96	0
S23	A	C	74	18	73	15	82	16	90	20	104	0	93	0	92	0	93	0	95	0	104	0	92	0
S24	A	G	73	20	100	11	80	19	82	17	112	0	87	0	101	0	107	0	93	0	110	0	111	0
S25	C	A	109	0	104	0	97	0	87	0	114	0	93	0	88	0	105	0	105	0	118	0	83	20
S26	G	T	112	0	86	0	81	0	99	0	92	0	117	0	92	0	102	0	94	0	107	0	80	25
S27	G	A	100	0	95	0	100	0	115	0	108	0	102	0	97	0	109	0	93	0	99	0	89	17
S28	T	C	108	0	106	0	100	0	98	0	101	0	109	0	108	0	98	0	122	0	97	0	80	17
S29	G	A	91	0	95	0	101	0	99	0	108	0	115	0	91	0	119	0	116	0	94	0	84	17
S30	A	T	104	0	99	0	120	0	90	0	88	6	88	0	87	0	102	0	97	23	85	18	102	0
S31	A	G	97	0	89	0	108	0	93	0	96	3	99	0	119	0	101	0	61	18	75	21	118	0
S32	G	T	90	0	111	0	100	0	116	0	100	2	111	0	103	0	100	0	86	9	88	19	83	0
S33	G	C	93	0	97	0	93	0	100	0	102	5	106	0	113	0	109	0	79	9	92	20	112	0
S34	G	T	98	0	98	0	93	0	109	0	101	6	88	0	102	0	98	0	79	17	77	22	91	0
S35	C	G	85	0	91	0	87	0	84	0	85	11	110	0	97	0	113	0	119	0	103	0	88	0
S36	A	C	94	0	96	0	99	0	115	0	91	6	89	0	83	0	91	0	103	0	91	0	85	0
S37	G	T	110	0	104	0	97	0	113	0	108	4	94	0	92	0	95	0	102	0	96	0	114	0
S38	C	A	94	0	112	0	107	0	106	0	96	4	102	0	95	0	107	0	101	0	84	0	91	0
S39	T	A	105	0	89	0	92	0	101	0	98	8	106	0	84	0	102	0	106	0	105	0	108	0
S40	G	C	94	0	99	0	97	0	108	0	93	3	90	0	99	0	100	0	88	0	94	0	112	0
S41	A	C	101	0	96	0	114	0	92	0	82	7	96	0	115	0	101	0	110	0	106	0	91	0
S42	A	G	100	0	83	0	89	0	99	0	91	3	103	0	115	0	86	0	110	0	116	0	116	0
S43	T	C	102	0	96	0	112	0	98	0	101	9	99	0	95	0	108	0	81	0	117	0	81	0
S44	T	A	105	0	98	0	101	0	113	0	89	7	81	0	108	0	120	0	81	0	111	0	96	0
S45	G	A	93	0	105	0	122	0	87	0	94	0	99	0	81	0	108	0	100	17	67	24	101	0
S46	T	C	103	0	88	0	122	0	116	0	89	0	101	0	68	0	98	0	89	17	79	15	80	0
S47	T	G	90	0	76	0	112	0	112	0	118	0	86	0	107	0	88	0	80	16	83	29	93	0
S48	G	T	111	0	106	0	91	0	89	0	103	0	95	0	104	0	83	0	82	18	87	15	117	0
S49	A	C	97	0	82	0	99	0	100	0	110	0	80	0	103	0	95	0	102	10	113	18	91	0
S50	A	T	89	0	91	0	79	0	101	0	113	0	96	0	107	0	101	0	90	8	78	20	76	0
S51	G	T	93	0	97	0	101	0	107	0	97	0	96	0	100	0	95	0	86	12	83	18	97	0
S52	A	T	90	0	108	0	110	0	99	0	87	0	100	0	97	0	109	0	73	18	77	22	100	0
S53	T	A	114	0	127	0	117	0	100	0	83	0	94	0	109	0	101	0	86	9	104	0	91	0
S54	C	T	114	0	88	0	94	0	106	0	124	0	96	0	104	0	110	0	108	6	87	0	91	0
S55	T	G	101	0	103	0	105	0	107	0	85	0	104	0	93	0	93	0	99	8	108	0	109	0
S56	A	G	105	0	99	0	95	0	98	0	92	0	97	0	109	0	93	0	82	7	97	0	106	0
S57	G	A	83	0	90	0	118	0	107	0	94	0	100	0	103	0	89	0	96	10	96	0	95	0
S58	G	A	99	0	103	0	112	0	103	0	101	0	91	0	98	0	98	0	93	9	93	0	113	0
S59	G	C	99	0	104	0	108	0	96	0	103	0	82	0	111	0	92	0	88	12	106	0	105	0
S60	C	T	110	0	91	0	104	0	109	0	97	0	99	0	109	0	88	0	77	13	98	0	80	0
S61	T	G	102	0	108	0	114	0	108	0	95	0	92	0	100	0	87	0	103	5	92	0	88	0
S62	A	G	106	0	105	0	92	0	112	0	110	0	84	0	96	0	122	0	84	8	91	0	106	0
S63	C	T	116	0	99	0	79	0	100	0	107	0	84	0	97	0	107	0	103	0	90	5	88	0
S64	A	T	117	0	103	0	110	0	98	0	92	0	112	0	108	0	105	0	93	0	110	7	101	0
S65	T	G	116	0	98	0	80	19	61	17	100	0	90	0	111	0	96	0	108	0	106	0	96	0
S66	A	T	95	0	114	0	87	24	84	16	96	0	97	0	104	0	82	0	91	0	101	0	102	0
S67	C	G	100	1	81	20	108	0	102	0	90	0	109	0	103	0	106	0	102	0	104	0	100	0
S68	C	A	111	4	69	19	85	0	78	0	93	0	96	0	105	0	108	0	112	0	85	0	98	0
S69	A	G	91	4	74	19	109	0	92	0	106	0	82	0	136	0	102	0	101	0	109	0	113	0
S70	G	T	101	5	81	16	96	0	108	0	99	0	92	0	104	0	99	0	105	0	123	0	93	0
S71	G	C	107	7	88	18	97	0	89	0	86	0	89	0	89	0	93	0	116	0	111	0	96	0
S72	G	A	103	6	87	13	93	0	94	0	101	0	99	0	98	0	83	0	90	0	103	0	86	0
