SNVID	Wild	Mut	R1:ref	R1:alt	R2:ref	R2:alt	R3:ref	R3:alt	R4:ref	R4:alt	R5:ref	R5:alt	R6:ref	R6:alt	R7:ref	R7:alt	R8:ref	R8:alt	R9:ref	R9:alt	R10:ref	R10:alt	R11:ref	R11:alt	
S1	C	G	77	22	74	16	75	25	78	17	96	16	90	16	88	13	101	17	88	14	70	24	75	14
S2	G	C	75	25	88	15	58	21	60	18	94	14	67	14	103	13	86	13	83	16	83	21	82	22
S3	T	A	66	19	64	17	96	18	81	10	72	17	83	10	104	13	86	15	90	11	97	18	90	20
S4	G	T	82	18	68	25	87	17	87	11	84	15	77	12	92	10	91	19	78	13	68	16	71	30
S5	G	T	102	12	86	16	93	16	84	16	83	8	116	11	92	12	76	18	75	14	81	13	74	21
S6	T	G	80	21	80	23	73	24	64	15	106	16	106	7	91	8	80	19	76	16	85	11	70	17
S7	T	G	81	25	64	21	68	25	78	16	95	14	100	10	86	9	72	17	76	15	78	20	94	22
S8	T	G	88	18	87	14	78	15	90	20	100	11	91	11	87	10	76	18	89	14	95	16	59	23
S9	A	C	82	23	69	21	91	21	90	15	87	17	85	9	67	14	84	23	81	11	80	17	80	24
S10	C	T	74	12	79	20	67	28	94	14	112	3	99	0	88	0	95	0	82	18	89	17	80	15
S11	C	T	94	0	94	0	113	0	88	0	65	14	79	10	97	8	81	18	84	0	92	0	104	0
S12	G	T	124	0	115	0	100	0	107	0	100	0	97	0	93	0	79	11	119	0	115	0	97	0
S13	A	T	100	0	89	0	94	0	89	0	101	0	105	0	101	0	80	15	111	0	109	0	94	0
S14	T	G	107	0	91	0	100	0	85	0	85	0	103	0	101	0	80	19	102	0	104	0	89	0
S15	A	C	103	0	116	0	105	0	112	0	112	0	86	0	86	0	73	17	97	0	106	0	96	0
S16	C	G	115	0	114	0	107	0	99	0	105	0	92	0	106	0	96	12	93	0	99	0	108	0
S17	A	C	103	0	114	0	86	0	117	0	107	0	98	0	93	0	89	12	99	0	109	0	93	0
S18	G	A	114	0	87	0	96	0	95	0	99	0	91	0	99	0	106	12	96	0	86	0	109	0
S19	C	A	98	0	98	0	104	0	77	0	117	0	97	10	107	0	95	0	95	0	122	0	69	0
S20	T	C	114	0	86	0	103	0	108	0	109	0	86	14	101	0	98	0	96	0	83	0	120	0
S21	A	G	64	20	73	19	90	18	79	18	91	0	96	0	105	0	85	0	109	0	71	0	105	0
S22	A	C	76	18	79	15	65	20	85	18	103	0	108	0	93	0	98	0	117	0	93	0	107	0
S23	A	G	73	28	81	19	63	29	72	22	85	0	111	0	103	0	96	0	102	0	96	0	108	0
S24	G	A	84	22	87	17	55	28	107	14	97	0	88	0	91	0	89	0	104	0	115	0	79	0
S25	A	G	75	25	69	16	80	16	52	15	109	0	100	0	79	0	113	0	94	0	95	0	113	0
S26	A	T	81	21	74	26	97	23	93	9	94	0	111	0	111	0	94	0	100	0	102	0	99	0
S27	G	C	107	0	101	0	76	0	95	0	101	0	92	0	120	0	112	0	113	0	112	0	90	20
S28	G	A	83	0	99	0	106	0	92	0	111	0	107	0	103	0	116	0	102	0	98	0	84	19
S29	A	C	128	0	102	0	119	0	101	0	101	0	99	0	110	0	92	0	99	0	99	0	74	18
S30	A	G	92	0	82	0	89	0	109	0	104	0	96	0	97	0	117	0	97	0	96	0	68	28
S31	C	G	104	0	112	0	100	0	98	0	95	0	103	0	90	0	104	0	98	0	114	0	61	32
S32	A	T	94	0	96	0	100	0	103	0	92	0	103	0	103	0	98	0	104	0	94	0	78	22
S33	A	G	128	0	89	0	92	0	93	0	97	5	112	0	79	0	101	0	83	16	81	21	94	0
S34	A	T	117	0	97	0	105	0	113	0	118	2	103	0	97	0	109	0	98	15	80	15	92	0
S35	C	G	107	0	98	0	119	0	93	0	95	5	95	0	101	0	110	0	76	13	54	30	111	0
S36	A	C	81	0	82	0	100	0	98	0	93	6	99	0	91	0	121	0	92	10	79	15	82	0
S37	T	G	92	0	112	0	91	0	101	0	94	4	84	0	107	0	109	0	83	13	93	19	114	0
S38	T	C	101	0	104	0	88	0	88	0	87	5	94	0	114	0	98	0	83	10	94	10	73	0
S39	G	A	97	0	95	0	100	0	108	0	106	3	111	0	112	0	102	0	80	18	107	11	108	0
S40	C	G	97	0	85	0	108	0	82	0	109	1	85	0	117	0	85	0	91	0	98	0	84	0
S41	C	G	98	0	101	0	101	0	106	0	94	4	94	0	93	0	87	0	94	0	114	0	83	0
S42	A	T	111	0	114	0	100	0	108	0	91	5	106	0	114	0	88	0	108	0	105	0	117	0
S43	T	G	96	0	116	0	116	0	90	0	107	1	90	0	90	0	102	0	99	0	102	0	100	0
S44	A	G	103	0	90	0	98	0	96	0	104	4	85	0	101	0	100	0	115	0	102	0	102	0
S45	A	G	103	0	101	0	96	0	98	0	111	3	85	0	96	0	108	0	104	0	83	0	107	0
S46	G	T	109	0	97	0	95	0	85	0	91	7	103	0	106	0	82	0	100	0	106	0	109	0
S47	A	T	115	0	104	0	93	0	93	0	84	5	94	0	103	0	106	0	105	0	102	0	87	0
S48	C	T	92	0	107	0	90	0	110	0	97	0	96	0	102	0	104	0	80	10	87	16	100	0
S49	T	G	118	0	74	0	75	0	110	0	99	0	104	0	98	0	108	0	81	23	66	20	97	0
S50	T	C	89	0	102	0	101	0	91	0	74	0	104	0	89	0	104	0	84	12	71	19	112	0
S51	C	T	84	0	99	0	110	0	89	0	110	0	124	0	115	0	96	0	90	13	97	10	107	0
S52	C	T	102	0	104	0	101	0	107	0	98	0	105	0	119	0	90	0	94	8	65	21	83	0
S53	C	T	98	0	102	0	79	0	110	0	114	0	109	0	75	0	109	0	100	11	98	16	97	0
S54	C	G	82	0	93	0	91	0	102	0	80	0	96	0	99	0	109	0	82	10	110	0	98	0
S55	C	A	106	0	103	0	99	0	104	0	91	0	96	0	93	0	104	0	73	9	103	0	100	0
S56	C	G	87	0	101	0	96	0	88	0	120	0	87	0	102	0	88	0	81	9	98	0	101	0
S57	A	G	84	0	98	0	92	0	92	0	99	0	109	0	105	0	74	0	108	11	99	0	109	0
S58	A	G	118	0	90	0	94	0	85	0	108	0	91	0	100	0	101	0	81	14	84	0	85	0
S59	G	T	90	0	118	0	102	0	102	0	109	0	96	0	117	0	94	0	93	0	106	8	92	0
S60	G	A	103	0	98	0	91	24	97	14	127	0	95	0	85	0	105	0	106	0	82	0	87	0
S61	T	G	106	8	77	16	106	0	98	0	108	0	106	0	116	0	94	0	99	0	89	0	97	0
S62	A	C	79	8	86	21	88	0	79	0	105	0	99	0	109	0	99	0	101	0	93	0	95	0
S63	G	C	86	1	93	20	87	0	104	0	96	0	105	0	99	0	95	0	120	0	87	0	104	0
S64	A	T	100	2	88	17	94	0	104	0	112	0	90	0	103	0	95	0	96	0	90	0	117	0
S65	G	T	113	5	73	14	108	0	84	0	94	0	115	0	117	0	106	0	92	0	116	0	92	0
S66	C	T	122	6	77	23	108	0	107	0	85	0	92	0	109	0	115	0	92	0	105	0	100	0
S67	T	G	97	6	73	23	121	0	98	0	82	0	88	0	76	0	88	0	83	0	103	0	101	0
S68	A	G	80	6	89	17	105	0	118	0	93	0	106	0	82	0	98	0	120	0	90	0	102	0
S69	A	G	93	6	88	23	80	0	109	0	110	0	118	0	101	0	121	0	102	0	111	0	96	0
