SNVID	Wild	Mut	R1:ref	R1:alt	R2:ref	R2:alt	R3:ref	R3:alt	R4:ref	R4:alt	R5:ref	R5:alt	R6:ref	R6:alt	R7:ref	R7:alt	R8:ref	R8:alt	R9:ref	R9:alt	R10:ref	R10:alt	R11:ref	R11:alt	
S1	C	A	96	19	84	17	74	20	82	15	92	18	75	16	113	6	89	16	103	13	81	22	87	13
S2	T	C	72	24	78	18	93	18	82	15	88	16	91	11	78	7	71	23	89	12	86	16	82	23
S3	C	A	80	24	66	22	74	20	102	12	80	17	91	19	93	14	77	17	92	7	78	16	53	27
S4	T	C	82	15	88	15	79	17	71	17	104	10	88	11	105	8	88	18	75	10	85	15	69	17
S5	C	G	86	22	73	21	54	23	101	13	95	14	73	18	90	8	77	19	72	18	76	10	77	26
S6	A	C	77	20	87	14	67	25	86	18	75	18	69	19	89	5	88	14	85	17	81	24	71	15
S7	A	C	82	16	70	22	88	13	89	11	117	11	93	6	96	8	105	19	78	13	87	11	72	26
S8	T	A	69	17	97	16	95	18	87	19	103	10	95	17	90	8	77	13	66	19	93	14	73	30
S9	A	T	73	23	62	16	63	30	94	18	77	7	113	0	117	0	117	0	72	13	97	14	79	16
S10	G	A	104	0	101	0	103	0	89	0	108	7	97	12	102	10	77	19	102	0	91	0	111	0
S11	T	C	101	0	100	0	127	0	119	0	104	0	97	0	117	0	79	13	97	0	103	0	78	0
S12	C	T	110	0	110	0	78	0	118	0	99	0	112	0	102	0	85	14	94	0	109	0	99	0
S13	T	G	108	0	107	0	91	0	111	0	112	0	98	0	97	0	78	13	112	0	101	0	107	0
S14	G	A	107	0	116	0	111	0	97	0	98	0	92	0	81	0	97	11	106	0	100	0	103	0
S15	A	T	104	0	91	0	94	0	103	0	131	0	97	0	96	0	79	12	94	0	93	0	110	0
S16	T	A	93	0	85	0	110	0	101	0	105	0	92	0	93	0	83	9	93	0	102	0	90	0
S17	C	A	101	0	91	0	100	0	101	0	127	0	99	0	103	0	96	11	109	0	109	0	103	0
S18	A	G	82	0	94	0	93	0	102	0	98	0	85	6	109	0	97	0	109	0	103	0	106	0
S19	T	A	80	20	80	14	73	25	62	12	100	0	94	0	126	0	79	0	103	0	97	0	101	0
S20	C	A	60	23	89	13	84	17	75	9	114	0	101	0	105	0	117	0	95	0	88	0	105	0
S21	T	A	87	19	74	17	97	21	86	22	115	0	90	0	90	0	90	0	93	0	120	0	97	0
S22	A	T	83	23	113	16	75	21	95	11	100	0	113	0	108	0	85	0	98	0	107	0	105	0
S23	C	T	76	17	88	22	75	19	89	13	118	0	109	0	104	0	91	0	118	0	107	0	89	0
S24	G	A	77	25	93	15	81	17	92	13	105	0	128	0	86	0	115	0	102	0	101	0	96	0
S25	T	C	81	16	83	19	86	21	82	20	111	0	108	0	100	0	113	0	85	0	118	0	107	0
S26	G	C	119	0	108	0	91	0	97	0	116	0	98	0	98	0	102	0	93	0	84	0	83	23
S27	C	A	92	0	110	0	99	0	91	0	100	0	110	0	100	0	106	0	108	0	128	0	79	14
S28	G	T	104	0	106	0	77	0	101	0	103	0	97	0	89	0	93	0	92	0	93	0	71	24
S29	A	C	98	0	88	0	97	0	101	0	99	0	114	0	96	0	97	0	102	0	110	0	75	22
S30	A	G	98	0	98	0	93	0	88	0	120	0	107	0	89	0	92	0	116	0	102	0	83	23
S31	T	G	107	0	99	0	97	0	112	0	109	0	84	0	104	0	100	0	106	0	87	0	90	19
S32	G	C	87	0	96	0	97	0	93	0	96	3	101	0	104	0	110	0	101	15	89	12	116	0
S33	A	T	98	0	118	0	84	0	93	0	87	8	88	0	93	0	108	0	83	15	73	14	108	0
S34	T	C	108	0	96	0	87	0	103	0	87	5	111	0	111	0	95	0	100	11	83	21	101	0
S35	G	T	91	0	87	0	86	0	94	0	82	2	112	0	85	0	106	0	96	15	87	12	100	0
S36	G	A	97	0	113	0	99	0	96	0	99	5	93	0	90	0	94	0	101	17	85	16	100	0
S37	A	T	97	0	107	0	78	0	101	0	89	4	104	0	115	0	102	0	71	13	89	20	91	0
S38	T	A	101	0	92	0	106	0	103	0	106	5	85	0	96	0	98	0	80	13	100	19	103	0
S39	C	T	108	0	94	0	94	0	91	0	87	4	99	0	105	0	119	0	100	11	91	11	103	0
S40	G	C	127	0	101	0	93	0	89	0	84	8	115	0	108	0	90	0	83	18	71	17	114	0
S41	C	G	98	0	90	0	96	0	97	0	98	4	97	0	81	0	106	0	109	0	102	0	80	0
S42	G	T	103	0	100	0	101	0	92	0	78	6	114	0	103	0	105	0	108	0	95	0	89	0
S43	T	G	95	0	105	0	110	0	87	0	88	6	90	0	97	0	114	0	109	0	109	0	107	0
S44	G	A	99	0	102	0	94	0	111	0	96	5	93	0	89	0	102	0	77	0	108	0	85	0
S45	A	G	89	0	77	0	113	0	114	0	68	8	82	0	111	0	101	0	105	0	93	0	93	0
S46	G	T	131	0	97	0	98	0	79	0	111	8	102	0	103	0	116	0	88	0	94	0	103	0
S47	G	T	105	0	114	0	106	0	101	0	122	0	106	0	111	0	118	0	59	19	95	16	97	0
S48	A	C	94	0	105	0	101	0	102	0	75	0	101	0	94	0	103	0	72	13	63	25	121	0
S49	T	C	91	0	104	0	122	0	93	0	100	0	112	0	104	0	106	0	71	24	85	13	112	0
S50	G	T	90	0	84	0	113	0	104	0	85	0	91	0	113	0	101	0	70	18	95	16	94	0
S51	T	A	101	0	107	0	84	0	96	0	90	0	91	0	101	0	96	0	90	15	71	15	108	0
S52	G	T	109	0	103	0	100	0	119	0	109	0	86	0	104	0	91	0	99	11	73	18	102	0
S53	T	G	93	0	111	0	111	0	91	0	92	0	124	0	101	0	104	0	86	15	87	16	114	0
S54	G	A	110	0	116	0	89	0	97	0	108	0	91	0	86	0	99	0	87	16	81	17	91	0
S55	A	G	79	0	124	0	96	0	115	0	98	0	91	0	100	0	79	0	82	13	83	11	82	0
S56	T	C	98	0	97	0	107	0	78	0	108	0	99	0	92	0	94	0	88	6	81	17	97	0
S57	T	G	102	0	96	0	106	0	83	0	112	0	105	0	84	0	90	0	82	9	109	0	116	0
S58	A	C	118	0	106	0	95	0	97	0	93	0	98	0	102	0	105	0	100	11	76	0	86	0
S59	A	G	106	0	98	0	108	0	109	0	108	0	101	0	100	0	95	0	99	11	102	0	105	0
S60	A	C	107	0	99	0	107	0	99	0	103	0	96	0	97	0	100	0	87	10	102	0	90	0
S61	T	A	102	0	101	0	107	0	98	0	108	0	104	0	106	0	96	0	111	7	102	0	95	0
S62	C	A	117	0	114	0	91	0	91	0	85	0	99	0	111	0	101	0	91	0	94	6	103	0
S63	G	T	82	0	106	0	92	0	93	0	101	0	125	0	93	0	91	0	101	0	93	6	106	0
S64	A	G	101	0	117	0	73	25	68	16	98	0	105	0	91	0	96	0	98	0	110	0	98	0
S65	T	G	93	0	86	0	79	19	97	23	103	0	111	0	111	0	95	0	96	0	102	0	88	0
S66	A	G	92	7	86	17	103	0	98	0	110	0	106	0	79	0	94	0	99	0	93	0	89	0
S67	A	G	100	2	78	17	83	0	109	0	106	0	122	0	99	0	121	0	91	0	93	0	92	0
S68	C	A	98	2	83	16	105	0	97	0	94	0	98	0	117	0	93	0	112	0	99	0	93	0
S69	T	G	84	5	64	18	93	0	109	0	100	0	100	0	114	0	118	0	91	0	97	0	98	0
S70	T	C	96	4	92	15	84	0	92	0	103	0	95	0	94	0	92	0	116	0	106	0	85	0
