SNVID	Wild	Mut	R1:ref	R1:alt	R2:ref	R2:alt	R3:ref	R3:alt	R4:ref	R4:alt	R5:ref	R5:alt	R6:ref	R6:alt	R7:ref	R7:alt	R8:ref	R8:alt	R9:ref	R9:alt	R10:ref	R10:alt	R11:ref	R11:alt	
S1	A	G	82	15	87	11	69	20	90	17	79	12	73	10	83	13	93	18	72	16	97	15	96	18
S2	T	C	82	17	78	22	91	21	91	16	85	14	90	28	90	7	80	11	91	12	68	19	81	26
S3	C	G	77	21	82	16	103	20	81	21	87	16	76	10	99	5	76	17	96	12	75	16	78	24
S4	T	G	70	21	92	15	67	18	68	15	76	14	81	16	92	10	67	23	81	15	80	21	83	21
S5	C	G	74	21	96	19	63	26	75	12	66	22	85	18	80	9	75	18	60	20	87	14	86	17
S6	A	C	71	26	72	13	77	22	56	18	78	15	65	16	92	7	54	27	94	16	75	22	67	29
S7	A	T	81	20	80	18	73	16	93	14	101	6	88	0	114	0	86	0	89	18	73	18	82	15
S8	A	C	107	0	114	0	92	0	84	0	65	14	72	10	75	11	71	19	113	0	90	0	97	0
S9	C	T	92	0	97	0	89	0	114	0	122	0	115	0	108	0	81	9	118	0	89	0	114	0
S10	T	G	94	0	104	0	90	0	100	0	102	0	87	0	100	0	100	11	111	0	92	0	105	0
S11	C	A	102	0	118	0	87	0	118	0	116	0	123	0	107	0	86	17	97	0	88	0	103	0
S12	G	A	109	0	96	0	110	0	108	0	102	0	97	0	91	0	84	10	96	0	104	0	90	0
S13	G	A	95	0	102	0	109	0	105	0	95	0	100	0	108	0	81	15	87	0	95	0	119	0
S14	G	C	91	0	93	0	117	0	102	0	96	0	102	0	83	0	75	5	83	0	107	0	93	0
S15	A	T	113	0	96	0	92	0	104	0	109	0	98	0	88	0	91	8	95	0	96	0	108	0
S16	G	A	89	0	88	0	91	0	93	0	105	0	97	0	102	0	83	16	97	0	104	0	117	0
S17	T	G	113	0	115	0	126	0	106	0	98	0	86	8	117	0	90	0	108	0	102	0	113	0
S18	C	G	98	0	119	0	99	0	102	0	104	0	95	7	93	0	111	0	101	0	115	0	109	0
S19	G	C	93	12	90	13	69	17	69	19	84	0	99	0	103	0	109	0	88	0	107	0	97	0
S20	A	C	103	19	90	13	72	23	75	17	100	0	108	0	107	0	109	0	93	0	94	0	85	0
S21	C	T	91	17	97	17	88	17	65	19	81	0	99	0	113	0	109	0	97	0	100	0	97	0
S22	T	C	94	15	88	20	82	22	68	19	88	0	93	0	102	0	113	0	95	0	108	0	97	0
S23	A	C	62	28	88	28	103	14	78	13	104	0	95	0	101	0	95	0	96	0	112	0	110	0
S24	G	A	67	20	67	22	77	17	80	11	82	0	110	0	104	0	106	0	112	0	95	0	98	0
S25	G	C	83	19	96	15	82	16	76	17	87	0	116	0	103	0	111	0	99	0	104	0	108	0
S26	T	C	95	25	73	14	71	24	87	17	97	0	89	0	102	0	115	0	81	0	106	0	108	0
S27	A	G	102	0	98	0	80	0	103	0	101	0	100	0	93	0	91	0	99	0	104	0	86	24
S28	C	A	102	0	99	0	103	0	113	0	96	0	94	0	110	0	96	0	97	0	99	0	74	13
S29	T	C	103	0	85	0	115	0	95	0	125	0	104	0	97	0	104	0	121	0	96	0	75	19
S30	G	A	109	0	80	0	94	0	111	0	100	0	103	0	115	0	109	0	109	0	86	0	65	25
S31	C	T	100	0	88	0	106	0	110	0	101	0	114	0	71	0	90	0	104	0	112	0	74	21
S32	C	T	93	0	112	0	107	0	108	0	86	0	101	0	110	0	107	0	98	0	115	0	76	22
S33	C	A	100	0	104	0	94	0	84	0	99	0	106	0	105	0	103	0	98	0	88	0	64	25
S34	T	G	92	0	113	0	84	0	96	0	90	0	106	0	108	0	106	0	106	0	114	0	71	15
S35	A	G	105	0	93	0	95	0	100	0	101	0	108	0	116	0	89	0	90	0	111	0	89	19
S36	A	C	102	0	93	0	98	0	100	0	117	0	94	0	114	0	101	0	93	0	106	0	81	22
S37	C	T	114	0	88	0	85	0	98	0	86	3	90	0	103	0	85	0	92	17	85	21	94	0
S38	C	T	115	0	112	0	90	0	96	0	100	3	106	0	110	0	109	0	88	13	79	18	106	0
S39	G	A	101	0	94	0	86	0	106	0	101	8	99	0	92	0	89	0	97	14	87	12	94	0
S40	G	T	101	0	106	0	97	0	99	0	99	7	87	0	119	0	111	0	92	17	70	24	87	0
S41	C	A	91	0	112	0	120	0	97	0	86	5	106	0	106	0	111	0	94	13	78	16	100	0
S42	G	T	88	0	99	0	93	0	105	0	107	4	108	0	97	0	95	0	82	11	105	19	100	0
S43	T	C	101	0	92	0	90	0	102	0	86	7	107	0	123	0	95	0	105	7	70	27	103	0
S44	T	C	98	0	100	0	89	0	100	0	94	6	89	0	102	0	103	0	93	15	59	22	103	0
S45	A	C	94	0	87	0	82	0	109	0	96	3	88	0	92	0	96	0	102	0	103	0	99	0
S46	T	C	99	0	108	0	114	0	119	0	101	6	93	0	104	0	84	0	90	0	108	0	100	0
S47	A	G	89	0	91	0	101	0	87	0	96	6	103	0	84	0	112	0	89	0	103	0	105	0
S48	G	A	115	0	109	0	94	0	91	0	85	5	110	0	90	0	95	0	101	0	94	0	95	0
S49	G	A	96	0	87	0	112	0	85	0	99	7	116	0	96	0	93	0	95	0	119	0	98	0
S50	G	C	94	0	106	0	97	0	109	0	100	6	102	0	87	0	101	0	100	0	109	0	109	0
S51	T	G	109	0	114	0	98	0	93	0	100	1	90	0	90	0	96	0	103	0	110	0	100	0
S52	T	G	101	0	108	0	90	0	106	0	109	6	112	0	113	0	104	0	93	0	111	0	104	0
S53	C	G	121	0	96	0	93	0	104	0	112	0	105	0	115	0	109	0	102	16	85	15	94	0
S54	A	C	118	0	123	0	102	0	88	0	105	0	102	0	93	0	94	0	85	17	95	14	99	0
S55	A	T	106	0	116	0	97	0	87	0	97	0	100	0	108	0	97	0	81	17	88	16	115	0
S56	G	A	95	0	100	0	98	0	133	0	103	0	112	0	112	0	97	0	71	20	84	17	96	0
S57	G	A	99	0	101	0	86	0	102	0	74	0	94	0	90	0	102	0	102	9	114	15	106	0
S58	G	A	103	0	87	0	83	0	102	0	80	0	89	0	84	0	99	0	85	9	71	19	111	0
S59	T	A	107	0	107	0	109	0	105	0	119	0	94	0	102	0	103	0	91	12	106	12	108	0
S60	G	C	106	0	117	0	113	0	109	0	87	0	103	0	101	0	84	0	85	14	65	17	92	0
S61	G	T	81	0	122	0	98	0	118	0	108	0	86	0	100	0	109	0	74	17	80	13	105	0
S62	A	C	104	0	101	0	107	0	111	0	95	0	109	0	121	0	104	0	87	17	83	18	117	0
S63	A	C	99	0	95	0	112	0	98	0	89	0	91	0	96	0	103	0	95	5	90	0	89	0
S64	C	T	83	0	94	0	91	0	114	0	105	0	103	0	83	0	104	0	91	11	97	0	106	0
S65	T	G	100	0	110	0	115	0	89	0	90	0	115	0	85	0	79	0	107	11	100	0	83	0
S66	A	G	107	0	108	0	100	0	102	0	91	0	97	0	98	0	89	0	72	8	134	0	103	0
S67	C	G	101	0	96	0	105	0	114	0	104	0	106	0	116	0	102	0	96	11	87	0	81	0
S68	C	T	103	0	95	0	98	0	88	0	98	0	99	0	101	0	85	0	84	12	90	0	104	0
S69	T	G	112	0	85	0	116	0	104	0	98	0	86	0	82	0	104	0	85	9	93	0	77	0
S70	A	G	107	0	102	0	108	0	102	0	123	0	119	0	81	0	90	0	90	15	93	0	111	0
S71	A	G	98	0	93	0	96	0	88	0	117	0	87	0	106	0	92	0	99	0	93	4	102	0
S72	C	A	100	0	106	0	101	0	88	0	96	0	86	0	108	0	118	0	82	0	103	7	99	0
S73	G	C	101	0	103	0	54	22	71	13	103	0	94	0	102	0	111	0	95	0	123	0	91	0
S74	A	T	115	0	100	0	84	15	80	18	108	0	103	0	98	0	96	0	99	0	111	0	88	0
S75	A	C	90	5	81	20	97	0	92	0	103	0	107	0	103	0	120	0	90	0	97	0	114	0
S76	C	G	103	4	77	28	94	0	96	0	80	0	101	0	89	0	89	0	110	0	103	0	84	0
S77	C	A	104	7	100	23	82	0	101	0	104	0	120	0	106	0	101	0	103	0	79	0	92	0
S78	G	C	87	6	61	26	90	0	129	0	91	0	98	0	95	0	94	0	97	0	94	0	95	0
S79	T	C	99	4	69	21	91	0	107	0	96	0	101	0	99	0	85	0	114	0	98	0	112	0
S80	G	C	118	6	77	13	100	0	86	0	105	0	96	0	87	0	108	0	86	0	102	0	101	0
S81	T	C	106	5	78	22	109	0	99	0	101	0	91	0	97	0	107	0	96	0	94	0	101	0
S82	G	T	94	3	92	12	107	0	97	0	105	0	109	0	89	0	94	0	103	0	124	0	95	0
S83	G	T	98	3	93	16	87	0	102	0	97	0	128	0	87	0	86	0	97	0	101	0	114	0
