SNVID	Wild	Mut	R1:ref	R1:alt	R2:ref	R2:alt	R3:ref	R3:alt	R4:ref	R4:alt	R5:ref	R5:alt	R6:ref	R6:alt	R7:ref	R7:alt	R8:ref	R8:alt	R9:ref	R9:alt	R10:ref	R10:alt	R11:ref	R11:alt	
S1	T	G	79	24	103	8	80	20	86	18	104	13	94	12	96	7	84	20	90	17	84	20	70	24
S2	C	A	65	17	80	18	78	23	100	6	78	18	89	17	91	13	84	15	74	15	63	17	75	20
S3	A	T	85	19	87	22	70	21	81	19	76	23	82	8	86	10	73	26	75	21	102	13	85	30
S4	G	T	97	20	80	18	99	16	90	11	71	22	81	11	92	12	83	17	82	21	80	24	67	29
S5	G	T	52	31	101	11	85	19	80	20	93	13	66	18	82	8	71	14	91	14	92	16	99	21
S6	G	A	68	21	90	17	89	24	83	6	102	5	93	0	93	0	97	0	92	17	89	15	93	22
S7	G	C	94	0	101	0	93	0	96	0	92	8	65	16	90	9	80	17	102	0	97	0	92	0
S8	T	G	97	0	92	0	84	0	108	0	97	0	88	0	90	0	88	8	107	0	120	0	106	0
S9	G	T	102	0	86	0	94	0	116	0	104	0	80	0	109	0	97	9	104	0	101	0	96	0
S10	C	A	101	0	101	0	86	0	89	0	105	0	117	0	108	0	93	9	94	0	91	0	130	0
S11	T	A	102	0	97	0	116	0	107	0	86	0	97	0	103	0	94	16	87	0	106	0	107	0
S12	A	C	90	0	102	0	106	0	98	0	95	0	105	0	98	0	105	7	95	0	98	0	103	0
S13	T	A	102	0	107	0	98	0	88	0	98	0	107	0	105	0	88	9	105	0	105	0	108	0
S14	G	A	95	0	98	0	84	0	104	0	107	0	117	0	80	0	93	13	80	0	96	0	97	0
S15	G	A	103	0	115	0	97	0	94	0	99	0	106	0	104	0	89	10	100	0	102	0	95	0
S16	G	A	103	0	93	0	101	0	104	0	104	0	89	0	99	0	96	10	105	0	102	0	99	0
S17	A	C	89	0	91	0	87	0	94	0	102	0	90	11	106	0	92	0	95	0	106	0	99	0
S18	T	C	110	0	96	0	89	0	84	0	119	0	94	7	105	0	106	0	104	0	112	0	81	0
S19	T	G	81	16	70	17	79	27	84	11	104	0	94	0	117	0	107	0	103	0	92	0	99	0
S20	G	C	76	21	59	16	90	20	69	18	107	0	108	0	103	0	101	0	99	0	110	0	84	0
S21	C	T	83	8	87	20	76	18	72	17	94	0	102	0	100	0	107	0	94	0	93	0	91	0
S22	G	T	65	30	70	24	82	23	87	9	92	0	103	0	94	0	99	0	112	0	99	0	101	0
S23	T	C	93	16	78	19	77	19	98	10	101	0	102	0	109	0	87	0	86	0	92	0	107	0
S24	T	G	78	18	69	14	68	22	101	12	91	0	102	0	112	0	95	0	85	0	98	0	95	0
S25	A	C	69	24	86	20	76	18	95	8	108	0	107	0	92	0	96	0	83	0	96	0	77	0
S26	G	C	107	12	96	17	70	27	67	17	100	0	93	0	116	0	98	0	89	0	113	0	92	0
S27	C	T	102	0	106	0	119	0	90	0	95	0	85	0	110	0	78	0	91	0	99	0	87	15
S28	G	C	98	0	109	0	117	0	100	0	93	0	95	0	114	0	122	0	102	0	94	0	79	14
S29	G	T	108	0	92	0	108	0	112	0	101	0	122	0	116	0	103	0	82	0	102	0	58	25
S30	C	T	104	0	111	0	98	0	109	0	102	0	95	0	98	0	99	0	100	0	95	0	71	20
S31	A	C	102	0	110	0	101	0	94	0	101	0	96	0	92	0	100	0	120	0	94	0	73	15
S32	G	C	103	0	103	0	109	0	100	0	104	0	97	0	112	0	97	0	102	0	107	0	72	20
S33	T	G	110	0	109	0	101	0	123	0	95	0	87	0	120	0	95	0	97	0	103	0	77	29
S34	A	T	105	0	99	0	105	0	107	0	91	0	88	0	107	0	101	0	109	0	101	0	88	20
S35	A	G	87	0	95	0	100	0	99	0	95	2	85	0	113	0	108	0	86	14	76	19	107	0
S36	C	G	117	0	89	0	113	0	89	0	76	5	101	0	119	0	93	0	70	20	72	20	96	0
S37	T	C	100	0	100	0	84	0	106	0	108	2	94	0	106	0	82	0	76	19	84	16	95	0
S38	G	C	98	0	102	0	105	0	78	0	82	4	103	0	101	0	96	0	96	19	74	21	108	0
S39	T	C	93	0	86	0	108	0	92	0	89	6	110	0	106	0	88	0	93	13	58	29	99	0
S40	C	G	120	0	101	0	98	0	85	0	82	10	96	0	112	0	98	0	76	12	82	12	114	0
S41	A	T	117	0	104	0	110	0	91	0	94	5	87	0	91	0	94	0	88	17	77	15	95	0
S42	C	G	112	0	97	0	99	0	89	0	106	5	97	0	110	0	99	0	84	12	69	22	97	0
S43	G	C	94	0	98	0	77	0	98	0	88	8	106	0	104	0	95	0	77	13	90	17	95	0
S44	T	C	87	0	90	0	96	0	101	0	72	6	109	0	93	0	89	0	105	0	110	0	100	0
S45	A	G	91	0	85	0	101	0	105	0	116	5	114	0	101	0	90	0	93	0	101	0	104	0
S46	T	C	111	0	109	0	105	0	82	0	103	3	108	0	99	0	91	0	95	0	102	0	99	0
S47	G	C	97	0	109	0	103	0	84	0	107	4	97	0	101	0	111	0	93	0	93	0	112	0
S48	G	A	91	0	100	0	88	0	86	0	89	5	114	0	97	0	91	0	107	0	98	0	119	0
S49	G	C	91	0	95	0	110	0	93	0	106	8	97	0	102	0	96	0	79	0	86	0	113	0
S50	C	T	101	0	113	0	110	0	138	0	84	4	109	0	102	0	108	0	104	0	93	0	85	0
S51	G	T	109	0	101	0	96	0	79	0	97	4	105	0	100	0	112	0	97	0	91	0	88	0
S52	T	G	97	0	99	0	101	0	90	0	126	0	103	0	89	0	95	0	82	23	63	23	100	0
S53	T	A	87	0	92	0	90	0	92	0	99	0	108	0	95	0	100	0	74	18	94	16	88	0
S54	C	A	128	0	95	0	95	0	86	0	101	0	101	0	117	0	114	0	99	12	73	14	104	0
S55	A	T	97	0	90	0	95	0	90	0	89	0	112	0	100	0	109	0	99	17	73	16	94	0
S56	G	T	101	0	84	0	88	0	106	0	79	0	112	0	97	0	100	0	69	15	91	13	102	0
S57	C	T	111	0	96	0	90	0	106	0	112	0	101	0	102	0	114	0	82	15	70	19	105	0
S58	C	A	96	0	110	0	98	0	85	0	111	0	85	0	109	0	109	0	92	15	94	19	110	0
S59	G	C	93	0	99	0	90	0	109	0	124	0	104	0	103	0	104	0	98	8	93	0	89	0
S60	T	G	109	0	123	0	80	0	107	0	95	0	106	0	83	0	87	0	101	12	111	0	111	0
S61	G	A	98	0	110	0	90	0	90	0	101	0	92	0	99	0	103	0	77	13	108	0	107	0
S62	A	C	93	0	99	0	99	0	125	0	87	0	111	0	103	0	121	0	80	15	99	0	105	0
S63	C	A	96	0	94	0	92	0	101	0	100	0	87	0	102	0	96	0	78	10	104	0	81	0
S64	G	A	107	0	122	0	69	0	92	0	109	0	97	0	91	0	106	0	97	12	101	0	122	0
S65	A	T	109	0	108	0	99	0	104	0	113	0	94	0	108	0	92	0	72	9	103	0	104	0
S66	T	A	102	0	107	0	99	0	103	0	93	0	88	0	116	0	95	0	87	11	93	0	92	0
S67	T	G	103	0	85	0	119	0	100	0	93	0	96	0	112	0	91	0	92	6	100	0	100	0
S68	T	G	97	0	102	0	102	0	108	0	85	0	103	0	97	0	100	0	92	0	97	2	114	0
S69	G	T	83	0	84	0	83	29	84	12	106	0	101	0	91	0	86	0	97	0	109	0	100	0
S70	A	T	106	0	101	0	83	20	97	18	97	0	92	0	100	0	84	0	98	0	103	0	99	0
S71	T	A	89	1	91	19	99	0	95	0	83	0	102	0	98	0	94	0	98	0	94	0	89	0
S72	T	A	101	3	93	18	100	0	84	0	101	0	97	0	101	0	86	0	100	0	95	0	93	0
S73	A	C	107	4	109	11	103	0	101	0	101	0	97	0	94	0	103	0	83	0	96	0	103	0
S74	C	A	107	6	96	10	107	0	110	0	87	0	89	0	124	0	104	0	108	0	122	0	94	0
S75	T	C	106	5	79	16	100	0	110	0	99	0	99	0	99	0	112	0	108	0	111	0	92	0
S76	C	A	87	2	76	19	98	0	96	0	86	0	86	0	108	0	106	0	95	0	94	0	90	0
S77	A	G	94	4	87	22	93	0	103	0	110	0	99	0	106	0	94	0	102	0	99	0	90	0
S78	A	T	100	3	86	18	109	0	96	0	110	0	87	0	96	0	93	0	84	0	107	0	82	0
S79	G	C	88	9	73	13	115	0	80	0	126	0	107	0	106	0	103	0	100	0	92	0	117	0
S80	A	T	120	4	72	20	92	0	100	0	92	0	88	0	108	0	100	0	108	0	95	0	94	0
