SNVID	Wild	Mut	R1:ref	R1:alt	R2:ref	R2:alt	R3:ref	R3:alt	R4:ref	R4:alt	R5:ref	R5:alt	R6:ref	R6:alt	R7:ref	R7:alt	R8:ref	R8:alt	R9:ref	R9:alt	R10:ref	R10:alt	R11:ref	R11:alt	
S1	G	T	80	16	67	17	64	26	86	18	87	13	89	9	72	15	106	16	93	21	75	19	74	21
S2	A	C	74	22	104	15	63	31	86	17	92	13	93	15	80	11	76	17	93	14	67	21	82	24
S3	T	G	83	15	73	21	75	24	89	15	80	14	87	14	97	7	85	14	97	12	79	19	86	25
S4	A	C	70	19	74	21	70	21	82	18	79	17	94	19	96	14	82	16	93	17	69	18	75	24
S5	C	A	56	25	67	19	82	19	89	20	76	18	83	12	87	13	82	14	80	12	92	16	61	31
S6	G	C	76	14	75	15	70	18	85	7	53	19	77	10	72	14	94	17	88	12	89	21	65	19
S7	G	C	76	24	116	11	94	18	90	11	78	20	104	11	79	10	55	27	86	15	69	28	91	18
S8	T	A	83	23	88	15	60	24	60	9	86	9	84	12	87	11	81	21	68	17	79	15	88	19
S9	T	C	87	18	79	16	83	15	100	15	87	15	100	12	88	3	94	19	65	17	87	13	89	22
S10	T	A	101	14	77	18	77	20	70	17	79	6	100	0	96	0	89	0	64	22	85	22	57	23
S11	T	A	113	0	100	0	99	0	114	0	94	13	68	18	91	12	99	23	106	0	75	0	117	0
S12	C	T	87	0	119	0	91	0	104	0	122	0	90	0	105	0	102	10	105	0	90	0	96	0
S13	C	G	101	0	87	0	105	0	106	0	92	0	113	0	106	0	120	6	92	0	95	0	91	0
S14	G	A	96	0	85	0	111	0	98	0	102	0	105	0	98	0	85	15	89	0	109	0	100	0
S15	T	G	112	0	66	0	95	0	112	0	84	0	102	0	109	0	78	13	107	0	104	0	103	0
S16	T	A	92	0	102	0	91	0	93	0	93	0	107	0	111	0	85	15	92	0	93	0	90	0
S17	T	G	106	0	99	0	103	0	96	0	92	0	105	0	90	0	60	12	103	0	120	0	103	0
S18	C	G	105	0	101	0	99	0	96	0	102	0	99	7	103	0	119	0	99	0	110	0	93	0
S19	A	C	103	0	96	0	90	0	90	0	96	0	78	10	99	0	116	0	103	0	103	0	102	0
S20	T	G	60	21	96	18	73	21	64	16	90	0	106	0	110	0	96	0	110	0	103	0	91	0
S21	T	G	71	26	77	14	88	22	95	12	107	0	89	0	94	0	106	0	101	0	95	0	103	0
S22	C	T	73	22	70	22	88	24	96	13	111	0	109	0	78	0	101	0	117	0	113	0	96	0
S23	G	C	60	27	76	18	73	23	82	16	87	0	120	0	113	0	94	0	99	0	92	0	104	0
S24	A	C	65	21	79	15	80	21	71	13	124	0	97	0	82	0	121	0	100	0	104	0	91	0
S25	A	C	89	0	93	0	104	0	112	0	93	0	105	0	96	0	117	0	88	0	85	0	74	21
S26	C	T	107	0	86	0	105	0	88	0	101	0	101	0	103	0	109	0	112	0	100	0	79	23
S27	A	G	94	0	93	0	96	0	97	0	102	0	94	0	90	0	88	0	118	0	104	0	87	23
S28	C	T	89	0	106	0	102	0	101	0	97	0	87	0	101	0	106	0	111	0	98	0	82	25
S29	A	G	89	0	72	0	121	0	98	0	97	0	98	0	101	0	95	0	81	0	105	0	75	23
S30	T	G	94	0	97	0	93	0	99	0	94	0	115	0	94	0	117	0	92	0	105	0	70	24
S31	C	A	99	0	110	0	97	0	109	0	110	0	106	0	99	0	98	0	96	0	106	0	79	20
S32	T	A	97	0	98	0	110	0	97	0	75	6	95	0	95	0	108	0	102	8	85	17	123	0
S33	C	G	101	0	98	0	92	0	101	0	92	3	94	0	106	0	100	0	91	11	81	17	101	0
S34	G	T	109	0	99	0	110	0	95	0	81	2	93	0	112	0	89	0	66	17	76	17	87	0
S35	C	T	112	0	93	0	105	0	99	0	112	4	91	0	90	0	113	0	76	17	87	17	84	0
S36	C	T	94	0	94	0	110	0	113	0	102	7	96	0	85	0	77	0	89	19	78	13	87	0
S37	T	A	94	0	106	0	91	0	103	0	110	5	108	0	106	0	107	0	73	20	91	21	99	0
S38	G	A	114	0	90	0	96	0	115	0	100	4	89	0	99	0	108	0	97	0	116	0	96	0
S39	T	G	99	0	97	0	96	0	93	0	101	6	84	0	107	0	106	0	103	0	103	0	96	0
S40	G	T	99	0	111	0	125	0	107	0	97	3	85	0	105	0	112	0	99	0	101	0	103	0
S41	A	T	94	0	80	0	87	0	89	0	104	3	92	0	111	0	73	0	102	0	92	0	101	0
S42	G	T	73	0	103	0	99	0	110	0	96	3	83	0	91	0	84	0	97	0	78	0	100	0
S43	C	T	84	0	98	0	101	0	102	0	103	2	96	0	103	0	104	0	88	0	98	0	110	0
S44	C	A	93	0	95	0	91	0	99	0	107	6	95	0	96	0	100	0	84	0	106	0	99	0
S45	A	C	101	0	84	0	81	0	79	0	112	2	98	0	102	0	112	0	85	0	101	0	93	0
S46	T	G	94	0	98	0	93	0	103	0	102	0	76	0	100	0	98	0	96	11	95	18	95	0
S47	C	T	110	0	91	0	104	0	104	0	115	0	95	0	83	0	113	0	105	15	62	27	108	0
S48	G	C	111	0	100	0	98	0	98	0	89	0	87	0	103	0	79	0	76	10	73	18	82	0
S49	C	A	103	0	99	0	91	0	119	0	94	0	105	0	111	0	97	0	75	17	102	13	105	0
S50	A	C	83	0	77	0	107	0	111	0	81	0	83	0	95	0	121	0	74	10	61	20	87	0
S51	C	T	86	0	117	0	104	0	105	0	124	0	95	0	96	0	101	0	100	14	80	14	102	0
S52	A	T	84	0	95	0	114	0	105	0	100	0	104	0	86	0	110	0	81	14	73	14	117	0
S53	C	A	100	0	97	0	100	0	72	0	97	0	100	0	88	0	108	0	89	9	106	0	105	0
S54	A	C	108	0	83	0	97	0	102	0	108	0	102	0	103	0	97	0	77	14	89	0	96	0
S55	A	T	104	0	109	0	89	0	109	0	106	0	86	0	102	0	107	0	79	11	96	0	93	0
S56	T	A	91	0	105	0	93	0	89	0	98	0	106	0	98	0	92	0	88	13	99	0	95	0
S57	T	G	111	0	87	0	102	0	90	0	95	0	91	0	84	0	94	0	108	11	113	0	101	0
S58	G	C	101	0	104	0	102	0	100	0	110	0	109	0	91	0	109	0	87	14	103	0	101	0
S59	A	T	140	0	109	0	104	0	106	0	102	0	96	0	96	0	112	0	79	13	102	0	111	0
S60	G	A	106	0	100	0	112	0	109	0	96	0	102	0	122	0	105	0	87	6	107	0	90	0
S61	A	G	91	0	107	0	97	0	113	0	100	0	84	0	86	0	113	0	82	22	91	0	114	0
S62	C	G	110	0	113	0	107	0	95	0	91	0	110	0	92	0	102	0	94	0	90	9	91	0
S63	C	T	96	0	114	0	89	17	75	15	98	0	101	0	86	0	121	0	91	0	98	0	105	0
S64	T	C	102	0	97	0	82	25	63	23	123	0	91	0	103	0	91	0	82	0	99	0	109	0
S65	T	C	115	7	96	19	100	0	90	0	101	0	99	0	104	0	91	0	95	0	104	0	100	0
S66	T	G	85	8	81	19	95	0	103	0	106	0	106	0	107	0	96	0	111	0	86	0	106	0
S67	G	C	84	5	80	14	102	0	86	0	104	0	116	0	97	0	99	0	93	0	100	0	103	0
S68	T	G	101	8	81	14	114	0	88	0	111	0	92	0	90	0	99	0	89	0	91	0	95	0
S69	T	C	97	6	100	17	126	0	93	0	80	0	112	0	109	0	106	0	99	0	89	0	97	0
S70	C	A	86	10	82	14	90	0	107	0	105	0	109	0	123	0	111	0	116	0	99	0	104	0
S71	C	T	83	3	57	17	96	0	83	0	89	0	126	0	109	0	107	0	110	0	104	0	92	0
S72	T	A	96	4	91	18	102	0	91	0	102	0	88	0	94	0	106	0	129	0	92	0	95	0
S73	C	A	109	3	93	19	83	0	94	0	99	0	117	0	103	0	99	0	111	0	91	0	94	0
S74	T	G	104	4	87	23	94	0	101	0	85	0	97	0	85	0	108	0	91	0	95	0	103	0
