SNVID	Wild	Mut	R1:ref	R1:alt	R2:ref	R2:alt	R3:ref	R3:alt	R4:ref	R4:alt	R5:ref	R5:alt	R6:ref	R6:alt	R7:ref	R7:alt	R8:ref	R8:alt	R9:ref	R9:alt	R10:ref	R10:alt	R11:ref	R11:alt	
S1	C	A	85	16	93	19	79	18	91	15	80	13	81	14	83	9	91	16	86	23	96	17	86	22
S2	T	A	87	23	75	18	75	27	96	8	82	13	81	18	77	9	75	18	96	11	94	16	71	31
S3	A	G	78	19	79	18	87	17	102	15	82	12	88	9	104	6	76	13	73	18	81	20	92	21
S4	T	C	68	23	98	16	96	10	85	13	86	16	86	6	74	10	75	17	98	23	87	13	89	18
S5	T	G	88	18	98	19	98	26	86	15	99	11	103	12	86	10	92	17	90	17	91	16	73	22
S6	A	T	82	17	63	15	97	15	71	12	83	16	106	10	94	7	87	22	82	15	90	25	65	31
S7	A	C	67	11	91	18	78	27	100	8	102	11	89	10	94	13	82	21	93	11	81	14	67	20
S8	A	C	85	21	91	13	67	17	90	16	108	18	79	12	77	14	78	24	76	13	79	17	75	23
S9	T	G	79	20	73	20	76	23	83	15	90	14	92	12	98	8	75	16	78	22	73	15	77	20
S10	A	C	86	17	74	20	92	12	71	19	105	4	92	0	92	0	102	0	89	13	91	17	85	19
S11	A	T	106	0	96	0	96	0	91	0	72	14	96	16	109	10	64	16	89	0	87	0	97	0
S12	C	T	88	0	108	0	87	0	111	0	112	0	107	0	95	0	75	15	91	0	99	0	124	0
S13	G	A	87	0	114	0	104	0	98	0	111	0	96	0	107	0	71	9	103	0	113	0	100	0
S14	G	T	101	0	101	0	99	0	132	0	88	0	97	0	87	0	95	9	98	0	112	0	109	0
S15	A	C	106	0	97	0	86	0	109	0	92	0	99	0	106	0	84	13	91	0	128	0	92	0
S16	C	T	83	0	88	0	97	0	104	0	104	0	102	0	95	0	107	11	118	0	105	0	102	0
S17	G	A	107	0	105	0	100	0	95	0	111	0	92	0	106	0	91	10	123	0	92	0	81	0
S18	A	C	92	0	98	0	109	0	91	0	102	0	104	0	109	0	98	7	103	0	96	0	119	0
S19	C	A	102	0	108	0	93	0	93	0	92	0	83	10	98	0	105	0	103	0	106	0	100	0
S20	G	T	87	20	94	17	96	26	71	16	114	0	92	0	89	0	102	0	105	0	99	0	107	0
S21	T	G	82	17	87	24	100	15	96	19	106	0	113	0	90	0	100	0	98	0	110	0	97	0
S22	G	A	77	25	99	19	74	15	98	9	79	0	119	0	74	0	90	0	108	0	112	0	98	0
S23	A	G	56	28	114	20	69	22	58	17	93	0	98	0	95	0	102	0	102	0	114	0	97	0
S24	T	G	57	22	57	18	81	15	75	15	104	0	82	0	84	0	110	0	99	0	119	0	109	0
S25	G	C	95	0	99	0	101	0	90	0	100	0	106	0	111	0	87	0	83	0	106	0	66	21
S26	T	C	102	0	87	0	91	0	91	0	110	0	83	0	106	0	90	0	89	0	103	0	76	18
S27	C	A	115	0	87	0	87	0	102	0	81	0	103	0	93	0	93	0	101	0	108	0	73	21
S28	T	C	94	0	102	0	99	0	89	0	113	0	99	0	110	0	117	0	105	0	95	0	77	17
S29	C	T	83	0	119	0	112	0	107	0	102	0	103	0	90	0	94	0	97	0	108	0	82	16
S30	C	A	96	0	101	0	128	0	91	0	94	0	117	0	116	0	100	0	111	0	101	0	81	22
S31	T	C	94	0	94	0	115	0	92	0	103	3	94	0	109	0	92	0	79	12	69	11	92	0
S32	A	C	98	0	107	0	109	0	88	0	82	2	92	0	101	0	93	0	80	16	105	13	122	0
S33	C	A	90	0	93	0	105	0	110	0	76	6	103	0	117	0	97	0	78	15	112	12	98	0
S34	T	A	100	0	111	0	89	0	105	0	87	5	94	0	97	0	100	0	82	18	93	18	88	0
S35	A	T	110	0	95	0	96	0	93	0	84	5	92	0	102	0	106	0	98	12	73	13	82	0
S36	T	G	103	0	94	0	105	0	92	0	88	4	101	0	121	0	91	0	102	11	66	20	90	0
S37	C	T	110	0	82	0	83	0	111	0	95	7	108	0	95	0	92	0	78	18	75	17	109	0
S38	C	G	92	0	87	0	104	0	102	0	106	4	82	0	100	0	107	0	81	14	75	18	95	0
S39	T	G	99	0	87	0	113	0	104	0	109	7	111	0	103	0	119	0	98	0	100	0	77	0
S40	T	G	101	0	102	0	91	0	105	0	95	6	115	0	125	0	106	0	99	0	99	0	108	0
S41	G	C	84	0	115	0	87	0	106	0	84	5	106	0	88	0	112	0	92	0	95	0	97	0
S42	T	C	97	0	87	0	86	0	81	0	97	3	92	0	104	0	112	0	95	0	95	0	85	0
S43	A	C	90	0	103	0	98	0	105	0	126	3	78	0	89	0	109	0	105	0	106	0	87	0
S44	T	G	113	0	94	0	93	0	94	0	86	4	117	0	93	0	121	0	83	0	96	0	105	0
S45	T	A	114	0	108	0	106	0	117	0	84	5	102	0	98	0	80	0	86	0	105	0	89	0
S46	C	G	102	0	110	0	100	0	92	0	99	5	101	0	88	0	102	0	102	0	88	0	107	0
S47	C	G	104	0	99	0	107	0	95	0	77	7	111	0	96	0	94	0	108	0	99	0	111	0
S48	T	C	93	0	109	0	106	0	86	0	92	0	85	0	111	0	98	0	89	12	70	13	93	0
S49	T	C	102	0	107	0	95	0	101	0	84	0	106	0	80	0	103	0	84	11	90	17	89	0
S50	A	C	93	0	113	0	86	0	95	0	96	0	116	0	86	0	98	0	90	14	88	17	105	0
S51	C	T	105	0	109	0	95	0	92	0	125	0	111	0	97	0	97	0	75	25	84	23	89	0
S52	C	A	102	0	99	0	118	0	103	0	98	0	105	0	103	0	97	0	84	16	85	22	95	0
S53	T	C	106	0	112	0	107	0	96	0	101	0	96	0	98	0	85	0	103	6	114	0	108	0
S54	C	A	92	0	100	0	99	0	114	0	107	0	102	0	92	0	93	0	90	10	87	0	103	0
S55	G	A	105	0	106	0	104	0	95	0	112	0	110	0	116	0	111	0	91	12	109	0	92	0
S56	T	G	116	0	105	0	101	0	107	0	102	0	117	0	86	0	102	0	84	9	95	0	112	0
S57	C	G	108	0	99	0	105	0	94	0	102	0	101	0	105	0	92	0	112	5	105	0	102	0
S58	C	T	111	0	92	0	93	0	107	0	102	0	105	0	99	0	101	0	98	11	101	0	93	0
S59	G	T	103	0	104	0	117	0	100	0	92	0	112	0	97	0	83	0	97	0	108	8	104	0
S60	C	A	99	0	96	0	74	19	96	15	95	0	95	0	107	0	99	0	96	0	101	0	105	0
S61	C	G	101	0	99	0	99	19	86	17	93	0	94	0	107	0	94	0	112	0	102	0	110	0
S62	T	G	96	5	62	22	108	0	92	0	94	0	97	0	108	0	120	0	102	0	105	0	116	0
S63	C	T	94	1	75	21	96	0	100	0	104	0	113	0	86	0	82	0	112	0	102	0	94	0
S64	T	A	93	1	82	22	125	0	126	0	109	0	108	0	103	0	89	0	105	0	95	0	104	0
S65	A	C	89	4	71	17	117	0	89	0	85	0	125	0	104	0	98	0	109	0	103	0	101	0
S66	G	A	89	7	85	21	105	0	112	0	101	0	110	0	109	0	109	0	103	0	112	0	92	0
S67	G	C	96	7	79	23	95	0	97	0	117	0	89	0	87	0	113	0	106	0	83	0	97	0
S68	C	G	103	7	91	14	108	0	98	0	92	0	88	0	88	0	99	0	90	0	103	0	98	0
S69	T	A	100	7	85	19	99	0	95	0	101	0	111	0	94	0	84	0	95	0	104	0	106	0
S70	T	G	96	6	64	17	104	0	105	0	114	0	96	0	90	0	107	0	121	0	101	0	97	0
S71	G	A	95	3	88	15	88	0	110	0	112	0	108	0	96	0	94	0	91	0	87	0	87	0
