SNVID	Wild	Mut	R1:ref	R1:alt	R2:ref	R2:alt	R3:ref	R3:alt	R4:ref	R4:alt	R5:ref	R5:alt	R6:ref	R6:alt	R7:ref	R7:alt	R8:ref	R8:alt	R9:ref	R9:alt	R10:ref	R10:alt	R11:ref	R11:alt	
S1	T	A	79	20	84	19	77	22	88	18	84	18	81	11	114	10	94	18	74	22	83	15	83	24
S2	C	T	87	21	80	17	82	16	93	16	87	15	90	18	86	14	75	22	83	10	71	17	55	24
S3	G	A	67	26	84	18	70	19	82	15	77	19	111	8	98	13	72	23	87	18	74	18	53	30
S4	C	T	86	24	82	14	85	18	78	15	81	14	98	16	96	10	74	17	73	20	74	16	77	29
S5	G	C	65	23	104	14	80	26	86	15	87	11	100	11	104	7	87	19	87	16	79	14	79	22
S6	T	C	75	23	85	22	83	12	77	16	88	17	74	18	92	13	68	16	76	15	76	19	76	26
S7	C	T	68	25	81	11	91	21	92	9	92	16	78	16	90	9	70	21	70	17	62	19	85	23
S8	A	C	82	18	70	22	72	19	76	17	65	22	92	14	99	8	77	20	77	11	90	14	59	20
S9	T	C	81	19	86	17	73	19	82	13	91	13	92	15	81	15	77	20	82	14	83	19	73	23
S10	G	T	81	19	88	20	79	26	82	14	86	7	106	0	94	0	92	0	79	18	78	18	94	19
S11	G	A	109	0	113	0	114	0	115	0	99	9	105	7	98	11	76	19	100	0	95	0	89	0
S12	T	G	103	0	123	0	106	0	116	0	100	0	106	0	104	0	110	10	99	0	100	0	98	0
S13	C	T	97	0	95	0	109	0	109	0	97	0	103	0	110	0	102	16	106	0	99	0	90	0
S14	T	C	94	0	90	0	101	0	95	0	103	0	111	0	108	0	104	14	114	0	78	0	97	0
S15	G	C	94	0	76	0	99	0	89	0	89	0	111	0	98	0	89	13	107	0	92	0	82	0
S16	G	A	95	0	95	0	102	0	96	0	80	0	92	0	91	0	68	13	112	0	97	0	99	0
S17	A	G	102	0	100	0	127	0	98	0	99	0	91	11	87	0	82	0	95	0	91	0	100	0
S18	T	G	107	21	96	14	80	17	90	11	106	0	115	0	102	0	97	0	110	0	95	0	112	0
S19	A	G	71	25	75	19	83	22	63	18	108	0	113	0	95	0	96	0	118	0	85	0	104	0
S20	T	A	78	22	91	17	81	16	86	10	104	0	116	0	90	0	106	0	85	0	105	0	112	0
S21	T	C	68	17	108	16	88	24	87	13	102	0	108	0	112	0	118	0	108	0	81	0	111	0
S22	T	A	83	22	70	14	66	27	87	17	116	0	103	0	84	0	104	0	122	0	94	0	85	0
S23	G	T	88	16	91	12	80	23	85	24	101	0	107	0	92	0	90	0	87	0	110	0	104	0
S24	T	C	101	14	90	19	80	15	82	15	95	0	89	0	86	0	97	0	114	0	112	0	96	0
S25	T	C	74	26	91	20	70	17	87	19	92	0	99	0	86	0	91	0	103	0	100	0	98	0
S26	G	A	109	0	100	0	88	0	94	0	89	0	102	0	97	0	89	0	99	0	108	0	88	18
S27	C	T	92	0	96	0	102	0	107	0	88	0	109	0	103	0	84	0	107	0	113	0	54	21
S28	G	T	105	0	90	0	88	0	111	0	79	0	106	0	107	0	118	0	88	0	104	0	75	18
S29	G	C	98	0	102	0	92	0	89	0	97	0	114	0	110	0	87	0	105	0	91	0	63	19
S30	C	T	94	0	110	0	113	0	109	0	87	0	99	0	96	0	92	0	114	0	113	0	69	28
S31	A	T	89	0	95	0	86	0	112	0	85	0	97	0	97	0	97	0	123	0	86	0	71	27
S32	T	A	118	0	92	0	103	0	111	0	104	0	95	0	102	0	97	0	71	0	102	0	93	19
S33	C	G	109	0	100	0	105	0	92	0	90	4	106	0	121	0	92	0	106	10	70	19	102	0
S34	T	A	115	0	102	0	99	0	84	0	94	5	100	0	96	0	110	0	70	15	63	23	75	0
S35	T	A	119	0	90	0	87	0	111	0	95	7	99	0	86	0	102	0	93	10	79	17	115	0
S36	A	T	105	0	92	0	106	0	99	0	94	2	91	0	92	0	117	0	75	18	95	11	100	0
S37	G	C	105	0	100	0	113	0	108	0	110	6	108	0	90	0	100	0	97	17	67	24	107	0
S38	A	G	101	0	106	0	104	0	103	0	92	4	102	0	101	0	90	0	74	16	92	6	100	0
S39	G	A	108	0	100	0	102	0	94	0	87	4	95	0	97	0	99	0	97	0	90	0	100	0
S40	G	A	105	0	93	0	82	0	112	0	102	9	88	0	97	0	103	0	108	0	105	0	94	0
S41	T	A	88	0	89	0	100	0	101	0	95	6	84	0	91	0	122	0	96	0	98	0	114	0
S42	C	T	101	0	90	0	106	0	101	0	88	4	95	0	95	0	101	0	99	0	76	0	91	0
S43	G	A	97	0	101	0	102	0	103	0	109	4	85	0	82	0	102	0	83	0	124	0	123	0
S44	G	A	94	0	98	0	110	0	96	0	94	0	97	0	93	0	102	0	73	14	88	12	105	0
S45	C	T	98	0	94	0	111	0	105	0	95	0	107	0	99	0	101	0	94	14	90	18	89	0
S46	G	C	89	0	115	0	100	0	103	0	110	0	103	0	114	0	112	0	83	15	84	17	99	0
S47	A	T	111	0	107	0	95	0	111	0	105	0	126	0	101	0	100	0	73	22	66	26	122	0
S48	C	T	98	0	92	0	103	0	102	0	116	0	119	0	87	0	92	0	98	12	82	20	118	0
S49	T	A	90	0	101	0	111	0	96	0	109	0	101	0	105	0	102	0	88	11	84	19	105	0
S50	C	T	128	0	90	0	105	0	90	0	81	0	89	0	116	0	97	0	84	13	74	20	107	0
S51	C	A	100	0	92	0	120	0	89	0	97	0	87	0	106	0	104	0	78	12	68	19	108	0
S52	C	G	97	0	95	0	110	0	101	0	112	0	102	0	89	0	102	0	92	18	81	0	100	0
S53	C	A	91	0	94	0	102	0	112	0	105	0	110	0	113	0	100	0	89	9	113	0	97	0
S54	T	A	99	0	102	0	125	0	90	0	114	0	95	0	103	0	116	0	87	16	119	0	86	0
S55	C	G	102	0	90	0	97	0	108	0	96	0	100	0	117	0	84	0	103	3	96	0	105	0
S56	G	T	99	0	99	0	104	0	102	0	127	0	97	0	87	0	102	0	84	10	92	0	98	0
S57	C	A	102	0	112	0	112	0	83	0	90	0	99	0	111	0	93	0	92	9	91	0	113	0
S58	C	T	115	0	93	0	111	0	100	0	92	0	121	0	107	0	108	0	76	12	114	0	104	0
S59	G	C	93	0	92	0	97	0	102	0	108	0	103	0	89	0	98	0	76	6	113	0	106	0
S60	C	A	111	0	109	0	99	0	100	0	100	0	94	0	106	0	107	0	101	0	105	8	89	0
S61	G	C	79	0	98	0	74	18	86	17	95	0	93	0	117	0	83	0	118	0	102	0	98	0
S62	A	G	91	0	90	0	93	17	81	7	95	0	78	0	87	0	91	0	111	0	112	0	85	0
S63	T	C	96	10	96	23	107	0	104	0	102	0	104	0	107	0	91	0	117	0	83	0	98	0
S64	G	T	80	5	82	12	104	0	102	0	90	0	84	0	98	0	109	0	104	0	94	0	91	0
S65	A	G	84	8	91	20	108	0	114	0	102	0	98	0	100	0	94	0	107	0	109	0	93	0
S66	T	A	106	2	93	16	100	0	90	0	91	0	87	0	98	0	116	0	73	0	108	0	82	0
S67	T	A	71	9	65	17	97	0	96	0	75	0	114	0	79	0	101	0	92	0	115	0	97	0
S68	T	A	98	5	82	12	112	0	123	0	108	0	100	0	97	0	96	0	84	0	112	0	110	0
S69	A	C	87	7	69	16	105	0	109	0	87	0	84	0	114	0	85	0	104	0	119	0	99	0
