SNVID	Wild	Mut	R1:ref	R1:alt	R2:ref	R2:alt	R3:ref	R3:alt	R4:ref	R4:alt	R5:ref	R5:alt	R6:ref	R6:alt	R7:ref	R7:alt	R8:ref	R8:alt	R9:ref	R9:alt	R10:ref	R10:alt	R11:ref	R11:alt	
S1	A	C	92	17	79	23	83	17	86	15	102	9	94	6	95	9	81	23	82	8	77	18	67	28
S2	G	C	70	22	106	11	95	16	81	19	75	13	92	9	84	10	95	20	70	11	90	9	94	19
S3	A	G	80	17	86	18	77	21	92	16	84	13	76	16	77	5	68	13	96	15	66	20	71	16
S4	C	A	97	28	83	19	54	23	92	18	79	13	103	5	82	8	97	12	110	10	89	14	79	21
S5	C	G	77	12	88	18	64	20	88	21	83	14	90	11	106	10	68	19	81	18	77	22	97	20
S6	A	T	67	21	84	17	78	26	89	14	87	16	95	12	110	8	64	24	83	10	84	21	76	25
S7	T	A	75	15	84	13	77	25	95	15	77	17	72	17	92	12	71	21	64	23	82	15	89	25
S8	C	G	71	17	100	13	84	13	87	12	93	11	77	12	77	12	89	20	83	18	80	22	60	29
S9	G	C	92	19	87	19	103	21	85	14	69	23	90	14	94	11	90	14	76	13	62	22	77	27
S10	T	A	101	11	83	22	91	11	66	18	80	13	109	17	89	10	82	20	74	12	90	16	78	21
S11	G	T	100	13	103	17	68	16	79	21	105	6	86	0	85	0	109	0	83	13	81	15	89	18
S12	G	T	108	0	106	0	106	0	100	0	72	12	92	14	77	7	77	14	98	0	107	0	92	0
S13	G	A	107	0	108	0	101	0	106	0	93	0	99	0	92	0	89	13	101	0	107	0	112	0
S14	C	G	101	0	96	0	108	0	94	0	82	0	99	0	116	0	105	11	102	0	105	0	97	0
S15	G	A	79	0	87	0	94	0	108	0	97	0	105	0	97	0	105	14	92	0	106	0	101	0
S16	C	A	107	0	102	0	97	0	95	0	100	0	104	0	98	0	95	9	92	0	103	0	98	0
S17	G	C	95	0	98	0	106	0	81	0	92	0	94	0	111	0	91	10	97	0	99	0	87	0
S18	A	C	94	0	101	0	86	0	103	0	90	0	98	0	112	0	88	14	105	0	98	0	93	0
S19	A	T	111	0	103	0	101	0	112	0	114	0	106	0	92	0	78	20	102	0	110	0	101	0
S20	C	G	96	0	100	0	96	0	87	0	112	0	92	0	109	0	77	8	120	0	100	0	96	0
S21	T	A	91	0	100	0	91	0	93	0	92	0	86	12	112	0	96	0	106	0	106	0	92	0
S22	T	C	69	25	90	17	98	15	88	20	98	0	83	0	108	0	114	0	117	0	94	0	100	0
S23	G	T	81	23	91	13	68	32	92	14	107	0	113	0	105	0	111	0	105	0	96	0	86	0
S24	T	C	60	23	90	19	96	19	108	14	100	0	92	0	94	0	117	0	86	0	81	0	103	0
S25	T	G	69	23	89	18	63	29	74	8	96	0	113	0	94	0	103	0	78	0	105	0	114	0
S26	C	T	69	20	96	19	75	15	81	21	84	0	93	0	104	0	88	0	94	0	90	0	106	0
S27	T	A	66	27	81	11	96	17	90	10	84	0	69	0	104	0	107	0	119	0	97	0	104	0
S28	G	T	67	22	70	20	88	20	77	17	84	0	109	0	92	0	107	0	101	0	103	0	121	0
S29	T	C	83	23	83	18	79	15	87	13	108	0	99	0	106	0	104	0	97	0	105	0	109	0
S30	T	A	86	19	63	31	87	22	89	24	100	0	90	0	97	0	98	0	90	0	109	0	112	0
S31	C	A	89	0	76	0	101	0	95	0	85	0	91	0	96	0	117	0	100	0	96	0	72	19
S32	T	C	111	0	94	0	88	0	101	0	111	0	87	0	109	0	107	0	101	0	98	0	65	22
S33	G	A	116	0	104	0	82	0	103	0	105	0	109	0	91	0	84	0	101	0	87	0	77	21
S34	G	T	108	0	115	0	97	0	110	0	84	0	101	0	95	0	98	0	117	0	114	0	91	13
S35	A	T	101	0	112	0	99	0	94	0	101	0	101	0	93	0	107	0	118	0	81	0	73	20
S36	A	C	111	0	96	0	87	0	103	0	79	0	95	0	99	0	104	0	92	0	85	0	90	19
S37	G	T	99	0	108	0	111	0	91	0	103	4	123	0	110	0	93	0	84	20	81	14	91	0
S38	A	T	89	0	102	0	111	0	93	0	94	1	119	0	74	0	112	0	83	18	96	20	98	0
S39	C	T	99	0	96	0	98	0	99	0	93	5	90	0	110	0	102	0	92	16	72	19	85	0
S40	C	A	98	0	107	0	85	0	88	0	79	6	100	0	89	0	95	0	81	17	75	17	111	0
S41	C	T	89	0	94	0	93	0	102	0	100	6	96	0	104	0	109	0	88	10	79	17	83	0
S42	A	G	111	0	94	0	82	0	93	0	94	3	84	0	92	0	101	0	85	15	74	12	99	0
S43	T	A	92	0	96	0	92	0	78	0	94	6	91	0	92	0	94	0	84	17	92	17	109	0
S44	A	G	99	0	98	0	97	0	93	0	95	3	102	0	92	0	93	0	101	0	80	0	104	0
S45	A	C	82	0	110	0	100	0	128	0	114	5	114	0	97	0	98	0	90	0	95	0	101	0
S46	G	T	101	0	100	0	96	0	111	0	96	3	103	0	106	0	101	0	102	0	83	0	96	0
S47	C	G	95	0	94	0	108	0	89	0	112	5	88	0	94	0	99	0	106	0	102	0	104	0
S48	G	C	105	0	100	0	104	0	94	0	91	5	107	0	101	0	101	0	99	0	110	0	89	0
S49	G	T	99	0	99	0	106	0	92	0	97	0	103	0	113	0	112	0	78	11	67	25	93	0
S50	C	T	101	0	104	0	110	0	109	0	91	0	95	0	107	0	106	0	88	22	88	14	89	0
S51	A	G	96	0	107	0	107	0	93	0	100	0	101	0	88	0	91	0	84	20	87	19	83	0
S52	A	T	108	0	98	0	88	0	102	0	98	0	86	0	83	0	98	0	83	17	76	22	129	0
S53	C	A	91	0	127	0	91	0	109	0	78	0	102	0	114	0	106	0	100	18	95	14	98	0
S54	G	C	102	0	106	0	91	0	78	0	98	0	98	0	96	0	112	0	91	12	122	0	89	0
S55	T	C	118	0	94	0	116	0	103	0	96	0	103	0	98	0	103	0	81	8	102	0	91	0
S56	G	T	78	0	84	0	96	0	98	0	97	0	91	0	106	0	112	0	98	10	108	0	101	0
S57	A	G	69	0	101	0	119	0	94	0	119	0	109	0	112	0	104	0	70	9	106	0	105	0
S58	A	G	108	0	99	0	99	0	99	0	96	0	90	0	107	0	93	0	99	8	109	0	100	0
S59	G	T	104	0	108	0	91	0	93	0	90	0	86	0	98	0	98	0	88	0	97	3	97	0
S60	C	T	100	0	105	0	77	20	91	10	103	0	78	0	97	0	101	0	80	0	95	0	101	0
S61	C	A	92	5	63	26	101	0	105	0	98	0	95	0	84	0	96	0	114	0	80	0	113	0
S62	G	A	93	3	86	20	94	0	89	0	82	0	99	0	108	0	113	0	82	0	96	0	100	0
S63	G	T	97	6	71	22	88	0	92	0	92	0	83	0	100	0	93	0	105	0	93	0	103	0
S64	A	C	91	1	72	20	109	0	91	0	99	0	99	0	108	0	71	0	110	0	117	0	82	0
S65	A	T	91	6	93	20	88	0	112	0	96	0	96	0	104	0	100	0	120	0	89	0	86	0
S66	G	T	92	5	80	18	103	0	93	0	99	0	97	0	95	0	102	0	87	0	82	0	98	0
