SNVID	Wild	Mut	R1:ref	R1:alt	R2:ref	R2:alt	R3:ref	R3:alt	R4:ref	R4:alt	R5:ref	R5:alt	R6:ref	R6:alt	R7:ref	R7:alt	R8:ref	R8:alt	R9:ref	R9:alt	R10:ref	R10:alt	R11:ref	R11:alt	
S1	A	T	82	13	72	18	74	29	86	17	77	13	118	6	86	16	91	13	95	13	85	14	75	23
S2	G	C	78	17	93	13	84	17	83	18	81	12	82	14	84	14	88	19	73	17	81	17	89	24
S3	C	T	71	21	85	20	82	20	110	12	66	13	96	13	82	9	84	17	72	25	75	21	65	16
S4	G	A	81	15	84	17	83	22	84	15	84	16	89	10	99	9	58	19	79	15	77	19	79	21
S5	G	A	80	21	69	20	100	18	98	15	62	17	86	16	92	8	73	24	81	13	65	23	74	20
S6	G	C	69	18	72	17	88	17	80	14	86	19	86	13	79	14	79	15	80	15	75	16	51	24
S7	G	T	71	20	79	17	69	20	74	19	106	18	92	16	97	11	97	18	103	18	83	21	84	27
S8	C	T	78	29	84	17	83	21	75	16	57	14	108	9	105	9	83	15	76	20	87	14	82	22
S9	A	T	86	19	54	28	73	19	90	13	107	4	108	0	85	0	105	0	97	12	95	13	87	15
S10	T	C	86	0	89	0	98	0	87	0	79	11	98	13	84	13	84	12	99	0	96	0	118	0
S11	G	A	96	0	104	0	99	0	103	0	101	0	106	0	117	0	78	12	96	0	92	0	112	0
S12	A	T	99	0	91	0	114	0	111	0	109	0	92	0	101	0	90	9	110	0	102	0	98	0
S13	A	T	100	0	104	0	107	0	98	0	100	0	90	0	89	0	69	14	105	0	102	0	108	0
S14	G	C	105	0	95	0	109	0	86	0	102	0	117	0	89	0	85	14	101	0	93	0	97	0
S15	C	G	86	0	112	0	95	0	81	0	98	0	98	0	97	0	101	11	97	0	114	0	77	0
S16	C	G	105	0	91	0	93	0	115	0	98	0	88	0	104	0	95	13	100	0	106	0	95	0
S17	G	A	81	0	90	0	91	0	121	0	110	0	96	7	98	0	97	0	100	0	99	0	96	0
S18	G	C	119	0	86	0	117	0	107	0	99	0	96	7	102	0	112	0	97	0	110	0	102	0
S19	G	A	73	25	79	20	77	19	87	14	97	0	89	0	106	0	111	0	106	0	83	0	133	0
S20	A	G	78	18	73	14	80	21	69	12	105	0	94	0	105	0	100	0	103	0	114	0	98	0
S21	G	C	101	22	74	18	71	16	79	16	95	0	91	0	93	0	97	0	102	0	82	0	104	0
S22	G	A	90	26	94	15	79	17	90	11	80	0	100	0	95	0	95	0	105	0	107	0	99	0
S23	G	C	91	22	88	20	91	16	104	10	108	0	101	0	93	0	95	0	110	0	99	0	84	0
S24	C	T	77	25	71	22	78	20	78	13	95	0	89	0	101	0	107	0	92	0	97	0	92	0
S25	A	C	99	0	106	0	78	0	93	0	93	0	110	0	109	0	98	0	102	0	99	0	62	18
S26	T	A	107	0	98	0	106	0	100	0	99	0	83	0	98	0	93	0	96	0	114	0	85	16
S27	C	A	106	0	109	0	91	0	106	0	94	0	106	0	109	0	102	0	96	0	112	0	71	20
S28	A	G	100	0	93	0	118	0	85	0	92	0	125	0	101	0	94	0	76	0	109	0	75	22
S29	C	A	113	0	93	0	88	0	105	0	95	0	100	0	110	0	96	0	101	0	91	0	76	16
S30	C	T	82	0	106	0	102	0	98	0	86	0	110	0	80	0	104	0	87	0	102	0	82	25
S31	G	T	109	0	100	0	101	0	113	0	93	0	109	0	92	0	112	0	96	0	95	0	76	23
S32	T	A	93	0	116	0	106	0	98	0	101	0	90	0	103	0	79	0	81	0	100	0	74	24
S33	A	T	86	0	110	0	83	0	124	0	101	7	93	0	96	0	92	0	82	9	78	15	106	0
S34	A	G	114	0	98	0	94	0	96	0	99	3	86	0	92	0	117	0	94	19	75	29	104	0
S35	A	T	109	0	85	0	104	0	95	0	108	7	102	0	119	0	105	0	99	14	81	20	113	0
S36	C	T	92	0	116	0	102	0	90	0	67	12	98	0	101	0	93	0	86	22	87	22	112	0
S37	C	G	121	0	94	0	118	0	97	0	93	4	98	0	78	0	104	0	78	11	84	15	91	0
S38	C	T	91	0	103	0	97	0	97	0	86	6	100	0	104	0	97	0	92	11	100	17	102	0
S39	T	A	107	0	93	0	96	0	88	0	101	2	109	0	119	0	106	0	74	14	84	16	93	0
S40	C	A	81	0	101	0	85	0	105	0	88	3	99	0	95	0	84	0	75	9	69	16	74	0
S41	C	T	105	0	100	0	99	0	113	0	96	3	102	0	98	0	105	0	86	17	70	20	104	0
S42	C	A	97	0	100	0	109	0	89	0	100	1	101	0	93	0	117	0	96	12	77	17	102	0
S43	G	C	95	0	104	0	114	0	101	0	98	5	104	0	101	0	96	0	104	0	95	0	104	0
S44	G	C	101	0	92	0	118	0	100	0	99	1	96	0	94	0	87	0	100	0	104	0	103	0
S45	T	A	100	0	99	0	84	0	91	0	109	4	93	0	121	0	109	0	99	0	93	0	96	0
S46	C	A	96	0	92	0	93	0	109	0	94	6	93	0	80	0	90	0	103	0	78	0	84	0
S47	G	C	105	0	117	0	87	0	97	0	88	4	107	0	113	0	106	0	93	0	124	0	115	0
S48	G	A	106	0	93	0	90	0	104	0	91	2	102	0	83	0	98	0	104	0	95	0	96	0
S49	A	T	110	0	111	0	94	0	109	0	83	5	103	0	103	0	117	0	93	0	92	0	90	0
S50	T	A	102	0	129	0	88	0	88	0	93	2	109	0	93	0	110	0	99	0	104	0	110	0
S51	A	G	100	0	125	0	106	0	102	0	104	0	87	0	113	0	100	0	80	19	99	10	89	0
S52	G	A	97	0	104	0	107	0	114	0	104	0	90	0	104	0	88	0	85	7	77	21	98	0
S53	G	T	89	0	77	0	81	0	91	0	89	0	97	0	97	0	80	0	71	12	65	17	107	0
S54	C	T	103	0	106	0	97	0	109	0	103	0	92	0	103	0	105	0	73	17	100	13	92	0
S55	C	T	112	0	86	0	124	0	106	0	96	0	96	0	92	0	105	0	76	11	78	21	109	0
S56	T	G	92	0	99	0	106	0	100	0	107	0	112	0	95	0	112	0	68	17	82	16	103	0
S57	C	G	95	0	93	0	114	0	118	0	113	0	80	0	120	0	93	0	72	17	76	26	109	0
S58	C	T	101	0	106	0	99	0	104	0	105	0	115	0	106	0	99	0	88	16	80	11	106	0
S59	G	A	97	0	91	0	112	0	96	0	84	0	114	0	92	0	103	0	83	15	73	26	104	0
S60	C	T	99	0	104	0	105	0	105	0	116	0	95	0	111	0	103	0	96	10	89	0	105	0
S61	C	T	116	0	92	0	91	0	101	0	110	0	102	0	106	0	90	0	89	14	96	0	81	0
S62	G	C	98	0	109	0	112	0	96	0	88	0	95	0	97	0	99	0	87	4	111	0	97	0
S63	A	T	96	0	104	0	86	0	101	0	107	0	89	0	102	0	88	0	98	12	122	0	85	0
S64	C	G	101	0	101	0	103	0	109	0	108	0	93	0	106	0	102	0	83	14	94	0	115	0
S65	A	G	103	0	112	0	88	0	79	0	93	0	101	0	106	0	111	0	82	12	82	0	89	0
S66	T	G	107	0	113	0	97	0	96	0	98	0	87	0	102	0	96	0	99	13	114	0	104	0
S67	A	C	103	0	100	0	99	0	108	0	110	0	99	0	113	0	119	0	97	0	102	6	115	0
S68	T	A	112	0	100	0	106	13	94	17	90	0	98	0	119	0	118	0	89	0	105	0	99	0
S69	G	C	82	1	83	16	81	0	103	0	104	0	88	0	106	0	116	0	97	0	99	0	95	0
S70	A	T	96	4	75	17	96	0	104	0	96	0	109	0	103	0	90	0	90	0	75	0	100	0
S71	T	A	100	5	81	17	100	0	109	0	79	0	102	0	94	0	100	0	101	0	104	0	100	0
S72	G	A	92	4	73	21	104	0	105	0	122	0	98	0	111	0	104	0	107	0	93	0	90	0
S73	C	T	90	5	82	13	103	0	109	0	91	0	101	0	105	0	89	0	109	0	110	0	111	0
