SNVID	Wild	Mut	R1:ref	R1:alt	R2:ref	R2:alt	R3:ref	R3:alt	R4:ref	R4:alt	R5:ref	R5:alt	R6:ref	R6:alt	R7:ref	R7:alt	R8:ref	R8:alt	R9:ref	R9:alt	R10:ref	R10:alt	R11:ref	R11:alt	
S1	T	C	102	19	99	21	91	14	85	15	84	23	80	15	88	7	86	18	75	20	73	20	84	23
S2	C	G	78	25	81	20	89	22	74	13	68	25	89	10	86	9	77	14	86	16	97	17	91	14
S3	A	C	95	16	67	20	71	21	61	13	101	16	93	11	69	19	72	16	87	13	70	25	53	28
S4	A	G	75	25	95	22	72	22	92	9	75	14	103	9	81	9	82	18	84	16	94	12	78	24
S5	G	C	73	28	77	18	82	21	79	14	81	17	87	10	75	14	99	16	85	22	79	18	56	27
S6	A	C	76	24	79	20	75	25	80	14	89	15	85	10	100	12	85	11	96	14	102	13	104	21
S7	G	A	80	16	77	17	75	21	94	16	72	18	78	12	86	11	82	9	89	12	104	12	54	29
S8	G	C	78	23	98	15	81	22	76	19	108	5	105	0	109	0	100	0	101	16	85	17	82	21
S9	G	A	105	0	96	0	93	0	102	0	88	8	82	8	98	7	85	23	103	0	89	0	75	0
S10	A	G	100	0	117	0	113	0	97	0	96	0	85	0	100	0	78	17	108	0	105	0	97	0
S11	C	T	101	0	99	0	103	0	100	0	119	0	101	0	106	0	84	7	116	0	96	0	96	0
S12	C	A	98	0	103	0	95	0	91	0	96	0	98	0	104	0	91	13	97	0	108	0	104	0
S13	C	G	89	0	105	0	119	0	114	0	105	0	101	0	105	0	90	8	107	0	121	0	118	0
S14	C	A	116	0	108	0	113	0	114	0	104	0	98	0	107	0	85	16	96	0	88	0	82	0
S15	G	C	76	0	95	0	101	0	91	0	107	0	95	0	114	0	86	14	103	0	105	0	103	0
S16	T	G	94	0	110	0	98	0	93	0	95	0	77	11	114	0	97	0	89	0	105	0	106	0
S17	A	T	96	0	105	0	103	0	125	0	91	0	98	12	97	0	87	0	113	0	118	0	107	0
S18	G	C	62	23	98	20	91	15	88	14	103	0	100	0	101	0	97	0	110	0	97	0	108	0
S19	T	C	81	19	84	16	81	21	68	18	89	0	106	0	84	0	121	0	87	0	114	0	100	0
S20	G	A	91	23	73	22	75	20	77	19	100	0	113	0	109	0	101	0	94	0	94	0	97	0
S21	T	C	98	17	85	17	80	19	85	18	102	0	105	0	127	0	114	0	92	0	103	0	94	0
S22	T	G	66	25	81	15	83	16	88	14	110	0	94	0	97	0	81	0	123	0	114	0	97	0
S23	C	T	113	0	105	0	96	0	94	0	105	0	89	0	77	0	112	0	79	0	107	0	88	23
S24	G	T	94	0	89	0	90	0	82	0	98	0	103	0	104	0	96	0	95	0	100	0	77	27
S25	C	G	91	0	97	0	99	0	83	0	98	0	101	0	102	0	106	0	99	0	94	0	75	19
S26	A	C	99	0	98	0	84	0	91	0	106	0	115	0	116	0	89	0	108	0	101	0	84	30
S27	G	C	108	0	114	0	110	0	103	0	101	0	109	0	95	0	96	0	88	0	111	0	106	12
S28	T	G	86	0	103	0	89	0	94	0	105	2	105	0	98	0	91	0	95	12	84	17	119	0
S29	C	T	87	0	93	0	99	0	90	0	113	3	94	0	82	0	89	0	81	17	74	25	88	0
S30	A	G	131	0	96	0	89	0	102	0	88	7	88	0	101	0	112	0	82	14	83	16	107	0
S31	T	G	114	0	105	0	96	0	101	0	106	3	102	0	117	0	92	0	92	12	90	8	107	0
S32	C	T	105	0	118	0	104	0	92	0	93	9	99	0	97	0	105	0	84	13	72	16	101	0
S33	G	T	104	0	82	0	101	0	92	0	120	4	106	0	108	0	101	0	70	20	101	17	106	0
S34	C	T	118	0	89	0	106	0	89	0	91	6	100	0	78	0	101	0	77	14	70	26	91	0
S35	A	T	111	0	110	0	85	0	102	0	82	3	98	0	92	0	103	0	88	17	75	23	111	0
S36	C	G	98	0	110	0	104	0	96	0	89	3	129	0	96	0	91	0	106	10	83	18	98	0
S37	G	T	100	0	99	0	99	0	87	0	99	5	100	0	109	0	96	0	88	12	83	17	111	0
S38	A	T	115	0	110	0	113	0	103	0	85	6	117	0	83	0	87	0	97	0	83	0	117	0
S39	C	A	111	0	87	0	98	0	119	0	100	3	109	0	114	0	121	0	76	0	111	0	89	0
S40	G	C	108	0	102	0	92	0	101	0	86	5	91	0	109	0	82	0	98	0	86	0	94	0
S41	A	G	107	0	98	0	100	0	110	0	96	2	93	0	93	0	84	0	119	0	110	0	115	0
S42	G	A	96	0	98	0	97	0	98	0	92	7	99	0	89	0	109	0	104	0	109	0	104	0
S43	T	C	95	0	108	0	98	0	91	0	101	9	107	0	115	0	94	0	113	0	100	0	106	0
S44	A	C	101	0	88	0	92	0	111	0	108	0	101	0	100	0	91	0	85	13	62	25	113	0
S45	C	G	93	0	98	0	98	0	104	0	101	0	96	0	93	0	113	0	74	18	92	13	128	0
S46	G	C	89	0	68	0	97	0	100	0	74	0	91	0	95	0	108	0	81	14	94	12	96	0
S47	C	A	103	0	106	0	94	0	95	0	111	0	108	0	100	0	105	0	73	20	81	16	123	0
S48	A	C	101	0	100	0	110	0	107	0	92	0	90	0	90	0	87	0	80	12	100	15	88	0
S49	C	G	108	0	96	0	98	0	94	0	100	0	110	0	105	0	98	0	115	20	61	16	106	0
S50	C	A	106	0	118	0	73	0	122	0	106	0	119	0	98	0	94	0	83	7	97	0	86	0
S51	G	T	101	0	95	0	98	0	97	0	103	0	101	0	104	0	113	0	90	12	110	0	93	0
S52	A	T	96	0	95	0	97	0	96	0	89	0	106	0	99	0	108	0	83	15	88	0	101	0
S53	A	G	86	0	93	0	101	0	101	0	85	0	110	0	101	0	99	0	83	16	102	0	92	0
S54	G	A	94	0	105	0	106	0	107	0	115	0	109	0	93	0	109	0	92	8	97	0	101	0
S55	C	T	88	0	122	0	111	0	109	0	114	0	100	0	100	0	100	0	109	10	103	0	118	0
S56	A	C	101	0	96	0	87	0	113	0	93	0	95	0	101	0	100	0	102	5	102	0	107	0
S57	T	C	101	0	112	0	90	0	106	0	112	0	118	0	118	0	89	0	93	8	85	0	84	0
S58	C	A	109	0	83	0	94	0	88	0	94	0	119	0	115	0	98	0	84	12	99	0	77	0
S59	C	A	90	0	111	0	110	0	94	0	99	0	127	0	98	0	101	0	89	10	97	0	80	0
S60	T	A	81	0	87	0	105	0	117	0	120	0	100	0	112	0	103	0	82	0	96	5	114	0
S61	C	A	100	0	106	0	84	0	108	0	109	0	102	0	92	0	107	0	104	0	82	6	97	0
S62	A	G	103	0	97	0	99	17	83	19	105	0	94	0	102	0	106	0	84	0	100	0	87	0
S63	T	C	106	0	111	0	59	24	78	13	93	0	105	0	101	0	102	0	79	0	92	0	100	0
S64	T	A	91	4	72	15	89	0	120	0	96	0	108	0	102	0	97	0	106	0	118	0	109	0
S65	G	C	101	2	85	15	99	0	112	0	105	0	118	0	88	0	101	0	102	0	95	0	101	0
S66	A	C	101	2	89	19	99	0	108	0	118	0	102	0	106	0	104	0	92	0	96	0	99	0
S67	C	A	97	5	93	14	122	0	92	0	119	0	99	0	94	0	105	0	94	0	114	0	101	0
S68	T	A	93	2	88	17	94	0	96	0	114	0	98	0	104	0	84	0	96	0	105	0	107	0
S69	A	T	107	7	95	25	98	0	87	0	99	0	88	0	103	0	93	0	110	0	100	0	89	0
