SNVID	Wild	Mut	R1:ref	R1:alt	R2:ref	R2:alt	R3:ref	R3:alt	R4:ref	R4:alt	R5:ref	R5:alt	R6:ref	R6:alt	R7:ref	R7:alt	R8:ref	R8:alt	R9:ref	R9:alt	R10:ref	R10:alt	R11:ref	R11:alt	
S1	G	C	84	15	78	14	76	24	93	16	73	15	83	13	80	13	79	12	84	21	76	25	59	30
S2	A	G	55	19	80	13	76	23	78	18	81	11	75	14	103	9	84	15	101	17	91	14	77	17
S3	A	G	74	23	73	17	90	23	76	17	78	14	100	15	75	16	89	17	88	16	74	26	79	24
S4	G	C	77	16	116	13	82	21	95	8	82	18	71	15	91	8	71	19	87	14	83	23	69	15
S5	T	A	85	24	86	19	88	26	91	20	89	17	97	8	85	11	79	12	71	18	84	22	67	25
S6	T	A	63	23	55	17	76	21	95	14	85	7	105	14	69	8	80	16	95	14	71	23	72	21
S7	T	G	91	18	110	14	92	17	63	17	75	9	114	0	97	0	107	0	82	12	88	15	74	27
S8	A	T	91	0	96	0	105	0	103	0	90	12	87	13	77	15	71	17	85	0	104	0	92	0
S9	T	G	101	0	99	0	106	0	106	0	107	0	105	0	103	0	73	18	92	0	96	0	79	0
S10	C	T	112	0	90	0	96	0	89	0	94	0	102	0	104	0	103	16	99	0	99	0	80	0
S11	C	G	103	0	98	0	97	0	97	0	102	0	113	0	105	0	79	12	89	0	118	0	106	0
S12	C	A	105	0	106	0	111	0	97	0	99	0	93	0	92	0	84	12	103	0	90	0	112	0
S13	A	C	98	0	120	0	109	0	115	0	89	0	84	0	102	0	86	12	94	0	99	0	98	0
S14	T	G	107	0	81	0	116	0	115	0	121	0	127	0	95	0	91	7	113	0	93	0	100	0
S15	C	A	105	0	109	0	97	0	121	0	85	0	103	0	98	0	95	10	78	0	100	0	108	0
S16	C	T	69	0	101	0	69	0	86	0	117	0	94	0	100	0	85	5	92	0	100	0	114	0
S17	T	G	94	0	98	0	102	0	83	0	91	0	113	0	104	0	85	12	101	0	78	0	104	0
S18	C	G	104	0	94	0	108	0	83	0	88	0	88	0	110	0	78	16	95	0	115	0	103	0
S19	C	T	97	0	97	0	96	0	101	0	97	0	92	11	90	0	115	0	111	0	100	0	99	0
S20	T	A	88	22	76	14	84	18	83	16	101	0	111	0	97	0	88	0	119	0	107	0	102	0
S21	A	T	70	25	86	19	68	25	102	15	92	0	102	0	102	0	106	0	111	0	90	0	100	0
S22	G	A	69	18	76	19	69	22	105	8	102	0	101	0	93	0	125	0	103	0	99	0	85	0
S23	A	T	72	19	87	18	70	22	88	13	127	0	92	0	84	0	96	0	87	0	117	0	100	0
S24	G	A	64	22	85	22	80	18	69	14	122	0	114	0	103	0	104	0	107	0	96	0	100	0
S25	A	T	93	0	110	0	86	0	96	0	126	0	98	0	93	0	101	0	98	0	105	0	80	20
S26	G	C	100	0	104	0	92	0	96	0	105	0	95	0	87	0	93	0	111	0	105	0	75	18
S27	A	G	113	0	94	0	94	0	108	0	118	0	94	0	102	0	109	0	98	0	97	0	87	15
S28	G	C	103	0	109	0	99	0	109	0	111	0	102	0	92	0	86	0	100	0	108	0	87	22
S29	T	A	102	0	86	0	94	0	109	0	107	0	98	0	91	0	95	0	98	0	95	0	79	21
S30	C	G	110	0	110	0	117	0	84	0	94	7	104	0	110	0	98	0	83	9	86	22	103	0
S31	G	T	108	0	95	0	101	0	101	0	95	4	114	0	103	0	106	0	91	18	76	28	116	0
S32	G	T	88	0	100	0	82	0	106	0	99	9	106	0	97	0	98	0	106	15	75	11	99	0
S33	C	T	93	0	99	0	108	0	88	0	98	6	94	0	105	0	109	0	96	15	91	17	101	0
S34	C	T	102	0	120	0	107	0	92	0	128	3	98	0	104	0	102	0	66	19	76	20	101	0
S35	A	G	122	0	95	0	103	0	100	0	100	2	88	0	88	0	112	0	85	24	79	17	86	0
S36	A	C	102	0	92	0	97	0	100	0	76	12	110	0	93	0	93	0	89	17	70	20	90	0
S37	T	G	104	0	91	0	120	0	111	0	92	6	88	0	109	0	104	0	73	15	92	15	92	0
S38	T	G	95	0	94	0	126	0	96	0	88	2	100	0	100	0	98	0	94	11	88	15	93	0
S39	T	A	114	0	110	0	93	0	95	0	114	4	98	0	112	0	105	0	85	0	105	0	102	0
S40	G	T	87	0	106	0	84	0	95	0	82	9	100	0	74	0	111	0	99	0	106	0	110	0
S41	G	A	127	0	101	0	93	0	105	0	99	4	110	0	90	0	98	0	93	0	112	0	93	0
S42	T	G	116	0	96	0	86	0	97	0	94	3	92	0	89	0	109	0	94	0	99	0	105	0
S43	T	A	112	0	107	0	89	0	88	0	88	3	89	0	88	0	105	0	93	0	116	0	92	0
S44	A	C	88	0	95	0	80	0	84	0	81	4	107	0	100	0	89	0	94	0	97	0	112	0
S45	G	A	111	0	92	0	102	0	120	0	97	7	117	0	86	0	101	0	96	0	103	0	91	0
S46	T	C	118	0	113	0	106	0	85	0	90	7	106	0	111	0	103	0	89	0	105	0	103	0
S47	T	G	113	0	97	0	83	0	78	0	101	1	108	0	80	0	103	0	85	0	89	0	97	0
S48	A	G	81	0	94	0	78	0	92	0	92	0	97	0	97	0	110	0	98	13	76	16	104	0
S49	T	A	98	0	81	0	88	0	93	0	100	0	84	0	105	0	100	0	88	14	91	22	95	0
S50	G	T	103	0	123	0	86	0	103	0	93	0	90	0	97	0	106	0	76	14	86	14	109	0
S51	C	T	104	0	100	0	102	0	99	0	105	0	77	0	112	0	92	0	98	19	88	15	108	0
S52	A	C	97	0	98	0	100	0	121	0	96	0	105	0	105	0	95	0	85	16	95	12	107	0
S53	C	T	115	0	108	0	101	0	97	0	101	0	83	0	93	0	98	0	91	13	95	0	100	0
S54	G	T	104	0	101	0	89	0	93	0	91	0	97	0	68	0	90	0	88	14	104	0	119	0
S55	G	T	98	0	106	0	107	0	112	0	102	0	86	0	104	0	94	0	110	9	99	0	112	0
S56	T	G	103	0	89	0	80	0	83	0	105	0	93	0	107	0	94	0	72	11	95	0	121	0
S57	G	A	115	0	117	0	126	0	91	0	108	0	104	0	85	0	77	0	92	7	97	0	84	0
S58	C	G	104	0	75	0	105	0	100	0	107	0	108	0	118	0	104	0	89	9	94	0	101	0
S59	A	T	85	0	116	0	105	0	114	0	94	0	104	0	99	0	88	0	86	9	105	0	85	0
S60	T	A	102	0	99	0	94	0	88	0	96	0	114	0	101	0	103	0	99	3	82	0	86	0
S61	C	A	94	0	70	0	99	0	79	0	88	0	99	0	98	0	98	0	88	12	97	0	100	0
S62	A	T	101	0	127	0	101	0	93	0	89	0	110	0	105	0	100	0	94	0	86	4	106	0
S63	C	A	94	0	98	0	82	20	91	17	109	0	101	0	100	0	102	0	121	0	96	0	98	0
S64	T	A	81	6	76	19	80	0	89	0	105	0	97	0	91	0	97	0	102	0	99	0	98	0
S65	T	G	88	7	90	13	111	0	101	0	104	0	98	0	122	0	91	0	104	0	99	0	104	0
S66	A	G	87	9	80	19	93	0	114	0	84	0	113	0	104	0	103	0	104	0	122	0	106	0
S67	T	C	79	7	90	14	103	0	106	0	110	0	73	0	97	0	96	0	93	0	106	0	122	0
S68	G	T	90	3	79	17	101	0	105	0	104	0	112	0	102	0	103	0	104	0	97	0	94	0
S69	T	A	108	2	101	17	101	0	98	0	96	0	94	0	107	0	108	0	83	0	101	0	109	0
S70	G	A	111	1	86	24	106	0	115	0	104	0	110	0	86	0	121	0	94	0	92	0	108	0
S71	C	T	105	4	98	18	92	0	83	0	101	0	112	0	84	0	100	0	105	0	104	0	118	0
S72	C	T	87	6	75	16	108	0	101	0	83	0	104	0	85	0	99	0	101	0	130	0	84	0
S73	A	T	81	5	93	17	86	0	85	0	98	0	95	0	108	0	103	0	110	0	106	0	92	0
