SNVID	Wild	Mut	R1:ref	R1:alt	R2:ref	R2:alt	R3:ref	R3:alt	R4:ref	R4:alt	R5:ref	R5:alt	R6:ref	R6:alt	R7:ref	R7:alt	R8:ref	R8:alt	R9:ref	R9:alt	R10:ref	R10:alt	R11:ref	R11:alt	
S1	T	C	71	24	83	14	81	18	86	12	76	16	98	7	93	9	83	16	98	15	77	18	88	20
S2	A	C	76	11	90	14	94	17	77	8	79	13	94	13	73	16	80	14	71	17	70	25	76	26
S3	G	A	80	11	86	21	78	21	66	21	74	21	99	13	88	9	74	18	82	19	62	25	71	26
S4	C	G	97	23	83	14	89	19	76	16	89	15	87	14	103	8	93	15	92	11	79	23	76	17
S5	G	T	75	24	84	19	77	19	96	10	88	14	69	13	75	5	68	17	81	21	80	22	65	20
S6	C	T	79	16	96	18	90	19	61	27	88	17	104	6	100	11	85	27	107	9	87	13	67	22
S7	G	C	96	20	85	19	84	16	86	11	88	19	77	17	100	10	88	12	67	19	94	22	69	22
S8	G	C	84	17	59	19	76	23	93	15	120	4	100	0	115	0	83	0	70	18	99	19	73	15
S9	T	C	111	0	101	0	87	0	93	0	104	8	100	13	80	10	84	20	105	0	105	0	98	0
S10	T	G	113	0	92	0	86	0	105	0	96	0	89	0	113	0	84	9	88	0	96	0	100	0
S11	G	T	86	0	105	0	110	0	89	0	95	0	90	0	96	0	75	20	90	0	116	0	94	0
S12	G	C	99	0	79	0	93	0	101	0	101	0	105	0	117	0	105	8	106	0	91	0	97	0
S13	A	T	107	0	97	0	98	0	94	0	100	0	121	0	120	0	111	8	86	0	130	0	91	0
S14	T	G	103	0	90	0	111	0	101	0	107	0	117	0	92	0	76	13	97	0	108	0	92	0
S15	G	T	96	0	82	0	104	0	95	0	115	0	101	0	91	0	101	13	100	0	111	0	81	0
S16	A	T	90	0	94	0	102	0	97	0	85	0	112	0	85	0	93	12	103	0	108	0	102	0
S17	T	C	98	0	95	0	95	0	90	0	110	0	118	0	105	0	85	13	107	0	113	0	105	0
S18	C	G	94	0	100	0	95	0	89	0	113	0	75	0	95	0	85	15	102	0	92	0	97	0
S19	G	C	103	0	102	0	83	0	79	0	101	0	105	0	85	0	89	6	97	0	97	0	98	0
S20	G	C	106	0	104	0	94	0	107	0	104	0	94	6	89	0	95	0	106	0	81	0	101	0
S21	A	G	71	22	87	13	78	24	74	17	119	0	119	0	98	0	91	0	106	0	109	0	113	0
S22	G	A	86	20	58	19	96	19	97	17	115	0	80	0	105	0	111	0	83	0	99	0	96	0
S23	G	T	68	14	75	14	81	18	86	15	111	0	76	0	105	0	101	0	112	0	104	0	98	0
S24	T	C	98	19	85	19	87	19	87	19	131	0	109	0	120	0	100	0	95	0	87	0	120	0
S25	G	T	84	26	74	18	85	17	99	10	81	0	91	0	101	0	93	0	89	0	105	0	82	0
S26	T	C	107	0	93	0	93	0	102	0	99	0	90	0	89	0	109	0	96	0	93	0	94	18
S27	G	T	99	0	108	0	92	0	89	0	96	0	100	0	97	0	97	0	86	0	102	0	92	20
S28	G	T	96	0	111	0	91	0	101	0	99	0	100	0	105	0	111	0	100	0	119	0	65	28
S29	G	A	98	0	87	0	104	0	111	0	105	0	105	0	99	0	98	0	104	0	119	0	70	23
S30	T	G	101	0	93	0	100	0	109	0	104	0	93	0	95	0	131	0	102	0	96	0	74	20
S31	T	C	114	0	96	0	89	0	100	0	103	0	101	0	107	0	98	0	107	0	97	0	79	19
S32	C	T	87	0	106	0	85	0	82	0	77	0	105	0	97	0	99	0	105	0	112	0	104	15
S33	G	T	107	0	100	0	117	0	103	0	97	5	97	0	93	0	100	0	100	10	88	15	93	0
S34	G	T	93	0	101	0	98	0	98	0	88	3	111	0	100	0	105	0	85	13	93	15	114	0
S35	A	G	99	0	110	0	99	0	96	0	95	2	89	0	103	0	105	0	88	14	80	12	99	0
S36	G	A	103	0	100	0	96	0	84	0	87	6	105	0	91	0	91	0	80	19	92	16	100	0
S37	C	G	90	0	110	0	114	0	101	0	104	5	102	0	94	0	96	0	73	16	87	12	102	0
S38	C	A	110	0	122	0	109	0	101	0	86	4	96	0	85	0	122	0	86	13	93	23	99	0
S39	C	G	97	0	108	0	107	0	101	0	105	5	102	0	88	0	91	0	89	12	90	13	108	0
S40	A	T	104	0	112	0	111	0	96	0	80	6	96	0	98	0	113	0	84	17	81	19	81	0
S41	A	G	86	0	115	0	100	0	116	0	91	6	109	0	91	0	95	0	92	0	98	0	90	0
S42	T	G	108	0	108	0	92	0	112	0	90	5	103	0	93	0	97	0	88	0	114	0	105	0
S43	T	C	102	0	88	0	96	0	89	0	92	5	91	0	91	0	103	0	104	0	97	0	101	0
S44	C	T	105	0	96	0	103	0	110	0	94	5	84	0	92	0	100	0	113	0	98	0	96	0
S45	A	C	87	0	98	0	99	0	100	0	105	5	100	0	108	0	105	0	100	0	96	0	107	0
S46	G	C	99	0	94	0	102	0	96	0	94	0	91	0	90	0	91	0	84	12	80	18	119	0
S47	T	C	107	0	85	0	98	0	103	0	88	0	106	0	104	0	100	0	83	13	105	19	108	0
S48	G	T	96	0	112	0	90	0	93	0	87	0	118	0	98	0	106	0	85	20	90	19	90	0
S49	G	A	104	0	105	0	106	0	110	0	89	0	100	0	97	0	97	0	105	17	93	24	87	0
S50	G	C	84	0	106	0	96	0	101	0	88	0	95	0	85	0	99	0	77	21	75	29	113	0
S51	C	T	85	0	104	0	84	0	100	0	112	0	101	0	106	0	91	0	84	19	85	20	107	0
S52	C	G	100	0	96	0	93	0	96	0	92	0	115	0	115	0	94	0	92	11	90	13	107	0
S53	T	A	92	0	101	0	103	0	110	0	97	0	92	0	96	0	101	0	85	12	102	0	88	0
S54	C	A	93	0	109	0	113	0	94	0	104	0	87	0	102	0	90	0	84	15	97	0	96	0
S55	A	C	100	0	107	0	114	0	76	0	84	0	113	0	117	0	114	0	94	11	99	0	79	0
S56	A	G	109	0	120	0	111	0	115	0	102	0	95	0	90	0	113	0	101	12	102	0	97	0
S57	A	T	104	0	93	0	82	0	100	0	98	0	96	0	101	0	110	0	86	11	112	0	114	0
S58	A	G	100	0	115	0	102	0	111	0	109	0	106	0	104	0	85	0	80	10	99	0	108	0
S59	C	A	96	0	100	0	74	0	115	0	106	0	95	0	94	0	116	0	88	0	87	7	78	0
S60	C	T	111	0	99	0	75	23	94	15	89	0	95	0	86	0	97	0	107	0	106	0	95	0
S61	T	A	103	0	102	0	86	13	81	8	87	0	102	0	86	0	88	0	100	0	83	0	121	0
S62	A	C	99	9	87	18	96	0	107	0	95	0	100	0	100	0	101	0	88	0	103	0	112	0
S63	T	A	91	6	71	26	89	0	101	0	98	0	106	0	102	0	108	0	86	0	102	0	101	0
S64	A	G	94	5	96	16	109	0	98	0	93	0	96	0	102	0	91	0	96	0	115	0	120	0
S65	C	T	81	4	71	16	87	0	121	0	106	0	100	0	104	0	113	0	95	0	81	0	87	0
S66	T	C	111	3	94	19	91	0	107	0	99	0	108	0	107	0	94	0	89	0	100	0	102	0
S67	C	G	96	4	68	17	88	0	90	0	100	0	92	0	98	0	104	0	100	0	98	0	106	0
S68	G	A	73	6	81	22	107	0	89	0	99	0	92	0	105	0	84	0	95	0	100	0	96	0
S69	C	A	105	7	68	16	96	0	112	0	96	0	106	0	92	0	95	0	105	0	91	0	101	0
