SNVID	Wild	Mut	R1:ref	R1:alt	R2:ref	R2:alt	R3:ref	R3:alt	R4:ref	R4:alt	R5:ref	R5:alt	R6:ref	R6:alt	R7:ref	R7:alt	R8:ref	R8:alt	R9:ref	R9:alt	R10:ref	R10:alt	R11:ref	R11:alt	
S1	T	G	79	19	75	18	93	13	78	12	80	13	105	11	88	9	69	27	89	11	84	20	78	23
S2	T	G	80	17	97	15	68	26	81	15	101	12	93	16	88	12	90	21	75	17	90	21	74	25
S3	C	T	99	15	89	16	64	19	79	18	95	11	93	8	77	10	94	18	80	18	100	13	68	26
S4	G	C	65	19	87	17	90	16	93	10	81	8	106	12	82	11	83	13	86	10	90	17	74	21
S5	A	C	81	17	82	15	77	21	84	11	78	22	82	13	87	6	69	23	87	17	75	20	65	27
S6	T	A	71	17	84	15	77	21	93	15	88	14	96	11	92	11	91	16	72	11	89	18	84	19
S7	C	T	61	25	93	22	78	20	85	11	107	14	96	11	103	12	83	16	73	18	93	19	69	32
S8	C	T	100	15	71	23	69	23	93	12	78	20	89	13	99	9	94	22	96	13	88	19	77	20
S9	C	G	65	17	103	18	67	26	94	14	114	6	100	0	95	0	101	0	83	17	79	20	89	16
S10	G	C	112	0	100	0	110	0	109	0	87	11	89	15	96	15	78	20	92	0	79	0	88	0
S11	C	A	102	0	103	0	116	0	114	0	106	0	83	0	113	0	100	15	102	0	99	0	89	0
S12	C	A	98	0	109	0	99	0	106	0	75	0	104	0	107	0	95	9	107	0	102	0	104	0
S13	A	T	84	0	112	0	110	0	102	0	102	0	99	0	99	0	83	9	124	0	118	0	103	0
S14	T	G	104	0	74	0	112	0	84	0	104	0	98	0	108	0	89	17	111	0	115	0	84	0
S15	A	G	97	0	96	0	97	0	91	0	106	0	117	0	110	0	101	10	88	0	122	0	95	0
S16	A	G	84	0	93	0	96	0	96	0	107	0	95	0	117	0	105	6	114	0	97	0	116	0
S17	G	C	90	0	105	0	115	0	83	0	101	0	89	8	99	0	89	0	95	0	120	0	102	0
S18	T	G	93	0	93	0	86	0	94	0	83	0	87	11	105	0	105	0	91	0	101	0	82	0
S19	T	A	69	13	111	16	75	26	102	17	93	0	87	0	93	0	102	0	116	0	90	0	91	0
S20	A	G	77	24	78	20	86	15	95	10	93	0	107	0	96	0	96	0	115	0	110	0	88	0
S21	C	T	88	18	90	16	65	24	71	16	118	0	89	0	108	0	107	0	106	0	108	0	82	0
S22	G	C	74	25	92	23	84	15	101	14	92	0	108	0	98	0	92	0	99	0	100	0	113	0
S23	G	C	89	26	78	18	94	17	96	19	104	0	79	0	97	0	105	0	96	0	108	0	95	0
S24	G	T	79	0	112	0	102	0	86	0	101	0	102	0	88	0	111	0	131	0	97	0	78	21
S25	T	C	92	0	103	0	75	0	110	0	100	0	108	0	102	0	120	0	113	0	85	0	106	20
S26	G	C	108	0	97	0	109	0	103	0	96	0	96	0	100	0	95	0	99	0	94	0	71	22
S27	C	G	102	0	87	0	113	0	91	0	99	0	95	0	106	0	109	0	92	0	102	0	91	18
S28	A	C	85	0	88	0	97	0	94	0	115	0	99	0	92	0	92	0	100	0	111	0	61	22
S29	T	C	103	0	111	0	124	0	104	0	93	0	84	0	94	0	79	0	95	0	99	0	80	22
S30	C	G	94	0	89	0	95	0	120	0	104	0	104	0	117	0	101	0	84	0	87	0	70	15
S31	C	T	114	0	107	0	91	0	94	0	89	0	105	0	80	0	89	0	95	0	97	0	81	21
S32	A	T	114	0	101	0	97	0	112	0	131	0	105	0	91	0	109	0	91	0	97	0	79	20
S33	G	T	106	0	116	0	93	0	114	0	107	0	89	0	79	0	105	0	101	0	98	0	76	26
S34	G	A	101	0	110	0	69	0	100	0	126	1	98	0	88	0	99	0	102	9	67	22	80	0
S35	G	A	102	0	93	0	94	0	95	0	106	5	115	0	103	0	108	0	87	18	86	15	105	0
S36	G	A	113	0	104	0	92	0	113	0	104	4	91	0	114	0	98	0	105	15	81	20	104	0
S37	T	A	98	0	94	0	103	0	93	0	95	4	101	0	86	0	95	0	80	22	76	18	91	0
S38	G	A	101	0	86	0	111	0	119	0	92	2	96	0	106	0	104	0	95	17	82	23	104	0
S39	G	T	107	0	78	0	100	0	94	0	104	5	103	0	103	0	77	0	97	11	88	16	111	0
S40	T	A	87	0	108	0	114	0	99	0	97	6	91	0	100	0	91	0	72	22	70	27	102	0
S41	G	A	109	0	116	0	96	0	97	0	114	3	86	0	107	0	104	0	112	0	98	0	100	0
S42	C	T	79	0	96	0	105	0	107	0	88	7	98	0	86	0	98	0	100	0	105	0	98	0
S43	A	T	102	0	108	0	103	0	105	0	77	6	91	0	85	0	90	0	95	0	107	0	100	0
S44	A	C	113	0	95	0	114	0	108	0	108	6	97	0	79	0	93	0	107	0	113	0	104	0
S45	A	G	102	0	102	0	99	0	86	0	83	5	95	0	112	0	93	0	92	0	94	0	97	0
S46	A	C	111	0	107	0	85	0	90	0	108	4	109	0	103	0	95	0	105	0	104	0	96	0
S47	A	C	105	0	91	0	111	0	103	0	96	4	105	0	93	0	98	0	90	0	94	0	111	0
S48	C	A	102	0	95	0	118	0	105	0	99	0	99	0	99	0	99	0	86	11	63	13	98	0
S49	C	A	101	0	115	0	106	0	95	0	98	0	120	0	85	0	108	0	94	12	63	20	95	0
S50	T	A	108	0	102	0	101	0	96	0	114	0	114	0	87	0	107	0	87	15	89	16	100	0
S51	C	T	98	0	118	0	127	0	73	0	83	0	108	0	94	0	109	0	86	18	76	20	101	0
S52	A	T	111	0	99	0	107	0	101	0	88	0	107	0	96	0	108	0	72	10	77	18	109	0
S53	T	A	95	0	95	0	99	0	88	0	86	0	109	0	107	0	97	0	91	10	111	0	99	0
S54	A	T	97	0	120	0	101	0	100	0	100	0	93	0	93	0	97	0	97	6	103	0	101	0
S55	T	C	95	0	91	0	97	0	98	0	90	0	93	0	91	0	111	0	95	12	90	0	107	0
S56	G	A	105	0	83	0	81	0	94	0	90	0	86	0	100	0	94	0	80	18	105	0	95	0
S57	T	A	101	0	90	0	100	0	104	0	91	0	96	0	96	0	80	0	95	6	85	0	112	0
S58	A	C	91	0	99	0	95	0	79	0	88	0	106	0	118	0	123	0	75	8	112	0	92	0
S59	G	T	111	0	97	0	99	0	101	0	117	0	102	0	96	0	93	0	89	13	88	0	87	0
S60	G	C	110	0	104	0	94	0	86	0	104	0	113	0	106	0	109	0	101	8	118	0	84	0
S61	G	A	82	0	109	0	100	0	107	0	97	0	115	0	117	0	99	0	77	8	100	0	105	0
S62	T	C	98	0	102	0	104	0	105	0	104	0	99	0	104	0	95	0	87	11	95	0	80	0
S63	A	C	87	0	98	0	101	0	102	0	102	0	99	0	100	0	114	0	96	0	80	7	96	0
S64	T	C	102	0	110	0	67	26	92	15	101	0	108	0	99	0	97	0	96	0	99	0	109	0
S65	A	C	102	0	102	0	77	15	100	11	99	0	74	0	110	0	89	0	87	0	89	0	106	0
S66	C	T	102	3	105	12	103	0	99	0	98	0	99	0	96	0	93	0	99	0	108	0	106	0
S67	G	A	102	5	76	13	98	0	109	0	113	0	108	0	94	0	100	0	112	0	94	0	99	0
S68	G	T	112	6	61	18	93	0	93	0	98	0	95	0	98	0	97	0	103	0	107	0	96	0
S69	G	C	95	4	91	20	91	0	91	0	93	0	114	0	90	0	95	0	100	0	96	0	122	0
S70	C	G	103	8	54	25	116	0	103	0	95	0	92	0	108	0	84	0	83	0	106	0	96	0
S71	T	A	80	12	80	20	87	0	101	0	91	0	103	0	96	0	77	0	96	0	113	0	102	0
S72	C	G	108	6	92	15	94	0	113	0	100	0	94	0	97	0	97	0	87	0	98	0	108	0
S73	T	A	118	5	75	23	99	0	106	0	118	0	109	0	90	0	121	0	92	0	100	0	119	0
S74	C	T	112	5	78	22	88	0	105	0	103	0	107	0	91	0	92	0	101	0	91	0	99	0
