SNVID	Wild	Mut	R1:ref	R1:alt	R2:ref	R2:alt	R3:ref	R3:alt	R4:ref	R4:alt	R5:ref	R5:alt	R6:ref	R6:alt	R7:ref	R7:alt	R8:ref	R8:alt	R9:ref	R9:alt	R10:ref	R10:alt	R11:ref	R11:alt	
S1	G	C	52	30	94	14	98	14	75	13	81	16	90	14	89	6	99	15	80	14	86	16	83	19
S2	T	A	101	15	100	20	76	15	85	10	97	10	94	13	73	17	97	17	105	13	86	20	86	13
S3	T	C	90	15	74	22	83	22	94	9	91	10	102	14	77	9	75	12	93	21	68	20	63	24
S4	T	G	97	19	69	17	83	16	87	19	90	16	110	10	95	9	65	18	98	14	71	17	94	28
S5	G	T	91	15	70	14	73	22	84	10	74	15	89	11	89	6	91	15	87	14	99	17	82	22
S6	T	C	93	16	75	21	80	23	92	11	101	8	83	12	103	6	76	11	82	9	99	18	82	29
S7	A	G	68	25	98	8	92	15	83	14	91	14	83	15	83	14	84	11	83	22	75	16	75	24
S8	T	A	79	25	87	18	64	21	69	21	78	21	77	16	88	10	93	15	94	17	81	19	80	16
S9	T	G	81	23	99	15	76	18	89	20	95	12	82	13	101	8	91	20	95	15	90	15	75	23
S10	G	T	80	25	90	13	88	19	93	7	98	1	104	0	112	0	98	0	96	16	73	20	87	18
S11	G	T	119	0	84	0	93	0	87	0	90	12	79	11	85	11	87	25	95	0	107	0	90	0
S12	G	A	122	0	94	0	96	0	103	0	103	0	104	0	98	0	92	15	109	0	106	0	94	0
S13	C	A	101	0	124	0	105	0	105	0	107	0	101	0	107	0	94	17	103	0	109	0	123	0
S14	G	A	86	0	88	0	83	0	113	0	100	0	75	0	117	0	76	14	111	0	100	0	102	0
S15	G	T	112	0	97	0	93	0	108	0	91	0	95	0	81	0	86	15	108	0	93	0	101	0
S16	T	G	106	0	86	0	118	0	98	0	94	0	86	0	97	0	80	13	92	0	100	0	86	0
S17	A	C	112	0	111	0	102	0	101	0	110	0	96	0	114	0	101	10	118	0	98	0	88	0
S18	T	G	87	0	97	0	103	0	110	0	88	0	101	0	93	0	91	11	110	0	89	0	101	0
S19	T	A	125	0	96	0	88	0	88	0	104	0	100	0	111	0	94	5	103	0	113	0	102	0
S20	C	T	105	0	96	0	108	0	111	0	98	0	88	6	100	0	98	0	96	0	83	0	100	0
S21	A	C	101	0	104	0	109	0	92	0	91	0	90	11	96	0	82	0	103	0	88	0	100	0
S22	T	A	83	22	66	13	68	22	84	15	116	0	95	0	106	0	108	0	93	0	118	0	104	0
S23	A	G	80	25	93	22	87	16	76	19	83	0	95	0	98	0	111	0	106	0	93	0	81	0
S24	C	G	82	22	82	25	60	17	82	15	93	0	87	0	88	0	88	0	114	0	96	0	102	0
S25	C	A	75	18	78	19	93	17	85	15	99	0	91	0	115	0	91	0	98	0	101	0	95	0
S26	G	A	86	19	94	16	71	19	81	14	112	0	112	0	109	0	94	0	104	0	101	0	115	0
S27	C	G	105	0	93	0	102	0	107	0	93	0	100	0	102	0	90	0	92	0	102	0	60	17
S28	G	A	106	0	110	0	98	0	85	0	92	0	116	0	94	0	91	0	101	0	84	0	77	17
S29	C	A	115	0	91	0	106	0	96	0	99	0	86	0	93	0	99	0	117	0	100	0	84	18
S30	T	G	98	0	111	0	93	0	110	0	110	0	98	0	105	0	83	0	97	0	87	0	82	20
S31	A	T	111	0	106	0	93	0	118	0	99	0	111	0	96	0	111	0	108	0	93	0	89	18
S32	T	A	93	0	116	0	105	0	99	0	101	0	109	0	105	0	105	0	104	0	104	0	69	17
S33	T	G	89	0	110	0	86	0	109	0	114	0	94	0	97	0	104	0	104	0	103	0	92	22
S34	C	A	110	0	103	0	110	0	98	0	119	0	96	0	114	0	98	0	96	0	103	0	92	21
S35	C	G	104	0	106	0	105	0	87	0	94	0	93	0	99	0	112	0	85	0	110	0	67	25
S36	T	G	94	0	94	0	107	0	100	0	85	1	100	0	99	0	104	0	74	12	86	15	105	0
S37	T	A	101	0	99	0	90	0	106	0	96	5	109	0	109	0	93	0	77	12	87	17	93	0
S38	A	G	97	0	104	0	112	0	91	0	117	4	100	0	97	0	83	0	91	14	78	15	88	0
S39	C	A	97	0	94	0	107	0	96	0	83	6	95	0	82	0	103	0	84	16	91	16	101	0
S40	T	G	120	0	99	0	85	0	112	0	88	8	102	0	103	0	113	0	72	15	79	23	97	0
S41	T	C	119	0	78	0	114	0	81	0	73	6	108	0	100	0	112	0	94	12	81	26	93	0
S42	T	G	108	0	97	0	80	0	111	0	85	6	95	0	108	0	100	0	93	0	111	0	95	0
S43	A	G	87	0	95	0	67	0	103	0	87	1	111	0	104	0	95	0	96	0	105	0	100	0
S44	C	T	102	0	98	0	91	0	113	0	109	3	120	0	106	0	111	0	118	0	110	0	123	0
S45	G	C	92	0	100	0	97	0	88	0	97	3	100	0	110	0	100	0	98	0	83	0	119	0
S46	A	G	110	0	104	0	101	0	102	0	88	7	104	0	98	0	112	0	96	0	96	0	109	0
S47	T	G	105	0	114	0	113	0	113	0	91	0	95	0	105	0	84	0	102	16	99	16	83	0
S48	A	T	100	0	99	0	95	0	101	0	97	0	95	0	106	0	106	0	83	13	77	18	110	0
S49	T	G	107	0	103	0	89	0	91	0	100	0	99	0	104	0	97	0	81	21	92	14	106	0
S50	C	T	90	0	96	0	96	0	83	0	107	0	119	0	92	0	82	0	86	14	93	17	107	0
S51	A	G	93	0	92	0	102	0	117	0	96	0	103	0	90	0	92	0	89	14	67	17	105	0
S52	A	T	88	0	84	0	109	0	105	0	101	0	92	0	107	0	112	0	80	18	86	16	101	0
S53	A	G	109	0	100	0	106	0	125	0	101	0	95	0	96	0	108	0	119	12	77	15	80	0
S54	A	G	103	0	88	0	114	0	110	0	116	0	92	0	84	0	98	0	66	18	98	14	87	0
S55	A	C	98	0	98	0	109	0	107	0	96	0	89	0	99	0	99	0	93	14	90	11	110	0
S56	G	T	100	0	108	0	103	0	86	0	96	0	94	0	116	0	102	0	94	10	110	0	76	0
S57	C	A	96	0	103	0	100	0	89	0	107	0	87	0	84	0	96	0	85	11	106	0	105	0
S58	T	G	86	0	84	0	104	0	125	0	85	0	105	0	86	0	104	0	99	6	103	0	76	0
S59	T	G	113	0	108	0	102	0	90	0	105	0	97	0	98	0	107	0	89	16	97	0	105	0
S60	T	G	98	0	104	0	108	0	84	0	102	0	91	0	94	0	110	0	105	11	104	0	96	0
S61	C	T	87	0	106	0	106	0	81	0	105	0	93	0	99	0	104	0	77	14	105	0	102	0
S62	T	G	102	0	108	0	83	0	100	0	106	0	83	0	91	0	84	0	97	10	110	0	109	0
S63	T	C	94	0	110	0	110	0	104	0	83	0	97	0	107	0	97	0	86	16	88	0	98	0
S64	G	T	87	0	97	0	90	0	103	0	97	0	100	0	94	0	80	0	102	0	66	11	108	0
S65	C	G	105	0	107	0	86	21	76	17	107	0	110	0	100	0	92	0	96	0	120	0	102	0
S66	G	C	98	0	98	0	88	30	90	10	125	0	100	0	99	0	92	0	81	0	96	0	89	0
S67	A	T	76	9	93	19	102	0	96	0	102	0	91	0	100	0	99	0	94	0	110	0	99	0
S68	A	C	88	8	86	22	116	0	96	0	108	0	106	0	107	0	110	0	101	0	97	0	101	0
S69	A	G	92	8	104	13	98	0	82	0	94	0	101	0	114	0	86	0	95	0	117	0	98	0
S70	T	A	94	5	92	19	108	0	90	0	96	0	91	0	87	0	115	0	94	0	86	0	102	0
S71	C	A	102	6	80	16	98	0	109	0	104	0	94	0	93	0	84	0	77	0	112	0	90	0
S72	T	A	92	4	76	16	94	0	94	0	106	0	103	0	87	0	102	0	111	0	85	0	113	0
S73	G	C	92	6	99	16	96	0	114	0	93	0	99	0	110	0	100	0	94	0	102	0	98	0
S74	A	C	89	6	82	20	93	0	91	0	120	0	106	0	109	0	103	0	99	0	97	0	94	0
S75	G	C	89	2	81	15	97	0	123	0	98	0	98	0	85	0	104	0	94	0	108	0	105	0
S76	G	A	77	7	88	12	89	0	92	0	94	0	105	0	93	0	101	0	107	0	101	0	93	0
