SNVID	Wild	Mut	R1:ref	R1:alt	R2:ref	R2:alt	R3:ref	R3:alt	R4:ref	R4:alt	R5:ref	R5:alt	R6:ref	R6:alt	R7:ref	R7:alt	R8:ref	R8:alt	R9:ref	R9:alt	R10:ref	R10:alt	R11:ref	R11:alt	
S1	G	T	74	20	61	21	75	22	100	13	73	10	93	7	104	10	82	12	75	14	72	14	65	16
S2	C	A	78	13	87	22	59	18	99	11	78	15	102	12	86	9	90	20	101	19	90	13	86	11
S3	A	G	88	15	86	12	82	21	81	17	85	13	90	16	85	8	79	17	74	23	81	14	80	25
S4	T	G	86	23	79	16	81	24	83	18	79	18	78	11	97	7	91	14	90	16	69	22	84	20
S5	C	A	96	16	86	16	88	17	89	13	84	20	109	13	90	13	66	22	95	14	94	18	61	21
S6	T	C	81	17	110	13	86	19	72	14	76	13	98	9	86	12	78	19	73	13	98	11	82	24
S7	C	A	83	19	84	15	91	24	107	12	82	16	97	13	110	5	70	26	75	15	62	19	71	28
S8	T	A	65	25	78	19	73	23	105	12	91	10	68	8	84	8	71	23	88	10	93	20	66	31
S9	A	G	63	23	91	13	83	18	83	18	88	26	94	9	79	18	85	14	98	13	90	16	57	29
S10	A	G	90	12	96	19	66	27	88	16	77	12	84	18	78	18	92	15	81	17	74	19	70	26
S11	C	T	90	21	98	17	90	17	98	11	99	7	100	0	99	0	90	0	85	21	65	22	79	21
S12	G	T	116	0	92	0	111	0	114	0	79	9	80	11	86	11	96	12	105	0	86	0	109	0
S13	T	A	112	0	93	0	83	0	120	0	119	0	95	0	91	0	110	11	107	0	97	0	92	0
S14	C	G	95	0	96	0	86	0	88	0	121	0	106	0	113	0	76	11	81	0	92	0	116	0
S15	T	A	98	0	99	0	112	0	110	0	98	0	92	0	104	0	91	15	97	0	92	0	85	0
S16	G	T	102	0	94	0	118	0	114	0	93	0	104	0	102	0	72	12	92	0	103	0	104	0
S17	A	G	95	0	104	0	99	0	104	0	116	0	100	0	86	0	111	7	98	0	103	0	110	0
S18	C	G	95	0	85	0	103	0	105	0	101	0	100	12	107	0	98	0	86	0	85	0	94	0
S19	A	G	82	19	105	18	76	18	93	12	92	0	113	0	107	0	93	0	97	0	93	0	90	0
S20	G	T	89	19	78	15	69	18	94	17	104	0	91	0	100	0	91	0	87	0	96	0	103	0
S21	G	A	91	13	116	7	93	23	86	15	101	0	84	0	104	0	99	0	90	0	97	0	91	0
S22	C	A	69	19	76	16	89	17	77	26	89	0	93	0	100	0	118	0	101	0	99	0	89	0
S23	C	T	65	15	95	17	73	17	93	13	94	0	101	0	86	0	91	0	105	0	101	0	101	0
S24	G	C	97	0	92	0	106	0	107	0	105	0	99	0	111	0	105	0	98	0	121	0	66	21
S25	T	C	104	0	112	0	87	0	106	0	114	0	97	0	113	0	116	0	112	0	108	0	102	13
S26	T	G	106	0	102	0	105	0	92	0	107	0	90	0	113	0	101	0	106	0	97	0	80	19
S27	A	G	84	0	120	0	105	0	106	0	101	0	110	0	88	0	97	0	95	0	111	0	81	18
S28	A	C	105	0	107	0	98	0	103	0	101	0	94	0	106	0	112	0	111	0	106	0	78	21
S29	A	C	115	0	89	0	106	0	100	0	119	0	114	0	116	0	93	0	98	0	103	0	68	26
S30	C	G	114	0	110	0	96	0	107	0	93	0	98	0	115	0	88	0	104	0	82	0	71	12
S31	A	C	107	0	115	0	111	0	109	0	110	0	103	0	94	0	88	0	105	0	73	0	81	22
S32	A	G	88	0	89	0	106	0	101	0	95	0	97	0	99	0	90	0	91	0	108	0	66	22
S33	A	C	92	0	105	0	105	0	102	0	86	7	110	0	108	0	90	0	93	10	69	21	90	0
S34	A	T	96	0	106	0	109	0	98	0	99	5	102	0	92	0	95	0	85	10	81	18	89	0
S35	G	T	94	0	115	0	88	0	100	0	95	4	106	0	95	0	95	0	99	16	88	17	90	0
S36	A	T	92	0	94	0	102	0	113	0	98	3	91	0	91	0	111	0	90	19	82	24	88	0
S37	G	C	98	0	90	0	107	0	95	0	99	1	111	0	102	0	98	0	85	16	62	23	93	0
S38	A	T	100	0	106	0	112	0	88	0	108	4	96	0	109	0	98	0	99	11	62	21	79	0
S39	A	G	81	0	104	0	103	0	91	0	96	4	108	0	110	0	102	0	103	0	107	0	102	0
S40	C	T	82	0	109	0	100	0	112	0	97	2	100	0	107	0	93	0	90	0	102	0	101	0
S41	T	G	90	0	109	0	87	0	86	0	102	3	112	0	91	0	99	0	111	0	102	0	99	0
S42	G	T	96	0	97	0	104	0	102	0	97	4	106	0	104	0	97	0	102	0	104	0	94	0
S43	C	T	118	0	100	0	93	0	111	0	89	5	119	0	104	0	114	0	80	0	108	0	95	0
S44	A	T	106	0	93	0	126	0	106	0	100	3	100	0	107	0	95	0	94	0	105	0	104	0
S45	C	T	106	0	98	0	110	0	87	0	114	0	82	0	104	0	90	0	79	15	92	19	95	0
S46	A	T	91	0	109	0	101	0	101	0	102	0	102	0	88	0	114	0	85	14	94	15	111	0
S47	G	C	93	0	93	0	104	0	99	0	103	0	86	0	107	0	103	0	81	17	103	7	116	0
S48	T	A	86	0	99	0	96	0	86	0	105	0	105	0	90	0	103	0	86	15	75	17	105	0
S49	C	G	120	0	101	0	111	0	113	0	104	0	100	0	104	0	98	0	76	19	76	17	116	0
S50	C	A	94	0	111	0	102	0	96	0	100	0	98	0	100	0	79	0	83	14	75	17	107	0
S51	G	T	122	0	113	0	101	0	117	0	95	0	95	0	108	0	109	0	81	14	75	23	90	0
S52	A	G	102	0	107	0	118	0	102	0	105	0	108	0	87	0	106	0	89	7	115	0	88	0
S53	A	G	89	0	99	0	108	0	90	0	117	0	86	0	104	0	113	0	81	13	103	0	102	0
S54	G	A	96	0	110	0	105	0	106	0	108	0	103	0	117	0	84	0	86	7	114	0	100	0
S55	T	A	103	0	115	0	104	0	97	0	87	0	102	0	104	0	99	0	91	10	86	0	112	0
S56	C	T	116	0	98	0	117	0	97	0	91	0	86	0	111	0	88	0	83	11	99	0	105	0
S57	G	T	91	0	97	0	108	0	85	0	104	0	102	0	105	0	87	0	97	12	111	0	97	0
S58	A	T	118	0	89	0	94	0	94	0	107	0	93	0	97	0	98	0	87	15	86	0	86	0
S59	C	G	90	0	101	0	96	0	115	0	96	0	94	0	85	0	103	0	91	11	87	0	119	0
S60	G	C	107	0	95	0	99	0	102	0	122	0	103	0	104	0	115	0	110	11	90	0	94	0
S61	T	G	99	0	98	0	112	0	93	0	92	0	107	0	105	0	90	0	88	16	80	0	104	0
S62	C	T	97	0	109	0	94	0	79	0	89	0	97	0	90	0	99	0	107	0	101	3	94	0
S63	C	A	104	0	101	0	105	0	96	0	93	0	98	0	91	0	114	0	87	0	83	9	83	0
S64	G	T	106	0	101	0	65	22	83	14	86	0	108	0	82	0	106	0	89	0	100	0	84	0
S65	G	A	99	5	83	17	107	0	92	0	105	0	101	0	89	0	118	0	97	0	103	0	90	0
S66	C	A	95	1	85	19	101	0	117	0	99	0	116	0	84	0	89	0	95	0	91	0	91	0
S67	G	T	103	8	86	15	107	0	109	0	113	0	106	0	83	0	101	0	105	0	97	0	110	0
S68	G	A	77	12	83	18	101	0	107	0	87	0	108	0	109	0	106	0	97	0	105	0	96	0
S69	A	T	101	6	77	13	91	0	100	0	93	0	106	0	82	0	85	0	92	0	88	0	116	0
S70	T	G	100	5	76	24	91	0	116	0	91	0	92	0	92	0	102	0	95	0	100	0	97	0
S71	A	G	108	3	94	15	104	0	104	0	98	0	103	0	107	0	86	0	98	0	100	0	86	0
S72	C	T	93	3	78	16	105	0	100	0	96	0	99	0	102	0	86	0	95	0	107	0	97	0
