SNVID	Wild	Mut	R1:ref	R1:alt	R2:ref	R2:alt	R3:ref	R3:alt	R4:ref	R4:alt	R5:ref	R5:alt	R6:ref	R6:alt	R7:ref	R7:alt	R8:ref	R8:alt	R9:ref	R9:alt	R10:ref	R10:alt	R11:ref	R11:alt	
S1	T	C	90	21	83	23	85	17	70	16	91	17	72	12	94	13	72	22	92	11	75	14	89	15
S2	C	A	59	25	66	27	82	17	103	15	69	15	76	7	89	7	79	23	65	20	94	13	98	21
S3	C	G	72	19	100	17	74	25	76	20	86	20	85	15	99	8	76	20	75	14	94	11	82	27
S4	A	C	93	20	94	19	74	20	83	14	89	13	84	13	81	7	72	15	92	15	90	20	72	26
S5	G	A	70	27	90	12	84	22	95	12	88	11	82	14	87	7	65	13	78	17	79	25	83	25
S6	G	C	52	28	101	16	75	22	93	17	92	7	94	4	75	15	85	25	65	27	77	17	51	23
S7	C	T	61	24	69	22	72	21	80	20	92	7	108	0	122	0	101	0	96	12	86	16	73	20
S8	C	A	109	0	113	0	99	0	111	0	90	10	106	10	99	11	83	15	93	0	95	0	102	0
S9	A	C	95	0	112	0	77	0	99	0	110	0	89	0	118	0	104	10	90	0	99	0	100	0
S10	A	T	76	0	101	0	114	0	80	0	99	0	109	0	96	0	104	7	81	0	96	0	91	0
S11	G	C	93	0	89	0	92	0	97	0	115	0	96	0	92	0	84	11	103	0	98	0	97	0
S12	A	T	97	0	113	0	97	0	111	0	94	0	90	0	89	0	82	12	86	0	93	0	113	0
S13	A	C	117	0	104	0	118	0	115	0	107	0	76	0	104	0	74	12	107	0	97	0	90	0
S14	T	A	106	0	96	0	107	0	91	0	91	0	87	0	108	0	89	17	85	0	86	0	82	0
S15	C	G	106	0	102	0	98	0	109	0	96	0	97	2	97	0	120	0	110	0	75	0	104	0
S16	T	G	105	0	94	0	88	0	107	0	84	0	94	14	98	0	116	0	94	0	110	0	108	0
S17	C	G	76	22	64	25	67	22	90	15	81	0	113	0	86	0	112	0	112	0	93	0	106	0
S18	A	C	78	19	80	18	72	23	90	11	94	0	109	0	96	0	108	0	95	0	97	0	95	0
S19	A	T	76	17	96	21	75	12	89	15	117	0	90	0	99	0	103	0	116	0	100	0	101	0
S20	G	A	84	24	92	11	83	16	82	13	91	0	91	0	101	0	100	0	97	0	78	0	104	0
S21	T	G	65	23	69	22	94	24	82	16	99	0	110	0	93	0	95	0	92	0	108	0	112	0
S22	A	G	91	16	80	13	65	22	93	12	123	0	114	0	106	0	102	0	72	0	97	0	83	0
S23	C	T	71	21	71	15	94	12	87	15	122	0	96	0	103	0	104	0	112	0	102	0	96	0
S24	A	C	88	19	83	17	74	18	71	20	95	0	105	0	109	0	93	0	108	0	94	0	92	0
S25	T	G	73	14	77	21	54	24	83	11	97	0	82	0	107	0	84	0	102	0	87	0	91	0
S26	A	G	88	20	83	19	77	17	103	12	110	0	106	0	102	0	100	0	103	0	87	0	99	0
S27	T	A	91	0	104	0	95	0	95	0	102	0	95	0	112	0	97	0	115	0	103	0	86	24
S28	G	T	100	0	91	0	90	0	100	0	83	0	89	0	106	0	88	0	111	0	99	0	89	20
S29	T	G	104	0	97	0	100	0	91	0	88	0	101	0	100	0	99	0	95	0	78	0	75	19
S30	A	C	103	0	99	0	90	0	98	0	97	0	88	0	92	0	89	0	97	0	75	0	95	19
S31	A	T	101	0	75	0	97	0	99	0	99	0	95	0	95	0	90	0	71	0	105	0	84	17
S32	C	A	97	0	105	0	111	0	103	0	84	0	113	0	121	0	106	0	116	0	90	0	69	22
S33	T	A	98	0	105	0	89	0	94	0	97	0	93	0	98	0	84	0	97	0	104	0	67	16
S34	C	A	117	0	102	0	95	0	89	0	78	0	93	0	91	0	101	0	119	0	100	0	60	19
S35	C	A	103	0	111	0	106	0	87	0	103	0	105	0	98	0	99	0	99	0	97	0	66	20
S36	G	A	108	0	92	0	98	0	99	0	113	0	104	0	86	0	98	0	93	0	108	0	77	20
S37	T	G	104	0	102	0	101	0	90	0	117	3	95	0	75	0	78	0	100	13	91	17	112	0
S38	G	A	103	0	101	0	99	0	104	0	111	4	93	0	93	0	117	0	85	15	89	14	107	0
S39	A	T	87	0	101	0	95	0	102	0	87	5	106	0	96	0	113	0	91	13	90	19	78	0
S40	T	C	96	0	95	0	91	0	117	0	95	4	111	0	86	0	123	0	99	19	86	11	87	0
S41	T	A	111	0	83	0	94	0	100	0	89	0	89	0	99	0	125	0	79	15	79	21	92	0
S42	T	C	107	0	94	0	108	0	104	0	90	7	102	0	100	0	108	0	100	22	85	13	84	0
S43	G	A	96	0	94	0	93	0	107	0	99	7	105	0	89	0	93	0	90	14	89	16	116	0
S44	T	G	96	0	100	0	119	0	103	0	95	9	92	0	96	0	99	0	79	18	72	23	98	0
S45	A	C	107	0	91	0	96	0	112	0	92	3	103	0	97	0	106	0	67	12	93	18	88	0
S46	A	G	111	0	103	0	75	0	109	0	91	4	92	0	106	0	90	0	80	10	62	20	88	0
S47	A	G	85	0	106	0	111	0	106	0	90	4	103	0	95	0	117	0	99	0	108	0	81	0
S48	G	T	101	0	83	0	113	0	100	0	92	7	87	0	129	0	85	0	113	0	90	0	98	0
S49	G	C	89	0	95	0	83	0	109	0	84	5	108	0	94	0	100	0	118	0	121	0	94	0
S50	T	A	92	0	89	0	102	0	94	0	97	3	100	0	98	0	105	0	109	0	98	0	91	0
S51	C	A	91	0	86	0	108	0	107	0	88	7	90	0	103	0	98	0	99	0	99	0	94	0
S52	T	C	96	0	117	0	81	0	113	0	102	4	97	0	106	0	124	0	117	0	102	0	79	0
S53	T	G	90	0	96	0	95	0	94	0	92	4	104	0	98	0	119	0	91	0	108	0	92	0
S54	C	G	104	0	98	0	107	0	106	0	90	3	103	0	100	0	107	0	102	0	90	0	100	0
S55	C	A	90	0	93	0	94	0	92	0	89	5	93	0	101	0	93	0	96	0	98	0	94	0
S56	A	G	91	0	127	0	107	0	94	0	99	0	89	0	95	0	93	0	81	18	91	10	94	0
S57	A	C	90	0	105	0	84	0	113	0	101	0	118	0	88	0	95	0	82	14	76	15	104	0
S58	T	G	101	0	96	0	99	0	93	0	100	0	89	0	118	0	100	0	76	18	68	28	90	0
S59	T	A	111	0	96	0	97	0	114	0	83	0	105	0	113	0	109	0	74	19	69	20	110	0
S60	A	T	98	0	102	0	111	0	94	0	105	0	100	0	88	0	110	0	96	8	63	19	96	0
S61	C	A	97	0	120	0	99	0	97	0	104	0	87	0	118	0	107	0	93	10	81	19	98	0
S62	C	G	96	0	96	0	99	0	99	0	88	0	95	0	108	0	99	0	84	7	98	0	100	0
S63	G	C	100	0	100	0	97	0	101	0	117	0	103	0	94	0	104	0	95	12	92	0	101	0
S64	T	A	106	0	127	0	92	0	91	0	89	0	105	0	115	0	105	0	89	11	107	0	96	0
S65	G	T	102	0	85	0	118	0	99	0	99	0	98	0	96	0	106	0	62	13	99	0	85	0
S66	G	T	86	0	109	0	96	0	105	0	103	0	89	0	110	0	95	0	82	7	97	0	95	0
S67	G	T	108	0	104	0	106	0	99	0	91	0	95	0	95	0	106	0	74	15	101	0	83	0
S68	T	C	106	0	101	0	112	0	114	0	116	0	88	0	82	0	100	0	85	12	101	0	84	0
S69	T	C	92	0	95	0	113	0	98	0	105	0	99	0	105	0	100	0	98	9	84	0	110	0
S70	T	C	108	0	113	0	99	0	94	0	97	0	104	0	101	0	85	0	85	12	97	0	95	0
S71	G	T	107	0	77	0	102	0	109	0	93	0	102	0	91	0	102	0	120	0	88	12	100	0
S72	A	G	109	0	92	0	102	0	91	0	94	0	89	0	123	0	102	0	106	0	85	9	111	0
S73	C	G	113	0	90	0	70	23	79	14	82	0	96	0	91	0	108	0	102	0	101	0	100	0
S74	A	G	86	3	89	16	104	0	100	0	106	0	105	0	97	0	98	0	104	0	84	0	107	0
S75	G	T	91	5	84	13	100	0	125	0	97	0	89	0	106	0	98	0	109	0	84	0	77	0
S76	T	C	76	3	105	18	89	0	105	0	106	0	92	0	114	0	110	0	100	0	99	0	86	0
S77	A	T	96	1	83	16	99	0	105	0	97	0	114	0	102	0	87	0	97	0	125	0	111	0
S78	G	C	102	6	78	14	108	0	98	0	84	0	109	0	90	0	99	0	95	0	94	0	91	0
S79	T	A	95	8	79	18	87	0	103	0	109	0	75	0	101	0	98	0	106	0	105	0	80	0
S80	T	C	103	4	63	18	113	0	110	0	103	0	114	0	95	0	97	0	119	0	87	0	111	0
S81	T	A	101	9	92	22	95	0	94	0	94	0	96	0	96	0	99	0	103	0	110	0	106	0
S82	C	A	81	5	82	23	101	0	99	0	85	0	113	0	99	0	107	0	105	0	106	0	86	0
