SNVID	Wild	Mut	R1:ref	R1:alt	R2:ref	R2:alt	R3:ref	R3:alt	R4:ref	R4:alt	R5:ref	R5:alt	R6:ref	R6:alt	R7:ref	R7:alt	R8:ref	R8:alt	R9:ref	R9:alt	R10:ref	R10:alt	R11:ref	R11:alt	
S1	T	G	81	20	65	12	74	23	95	21	84	18	80	12	87	4	85	15	76	18	95	15	73	16
S2	A	C	75	22	81	14	71	20	91	17	90	13	92	12	98	12	84	19	82	18	106	10	94	17
S3	T	G	83	18	88	14	61	21	97	9	83	16	93	12	90	8	79	12	82	10	70	19	86	25
S4	G	A	77	28	88	13	76	20	102	10	89	15	75	19	84	14	86	9	69	16	74	17	71	23
S5	A	C	82	15	68	22	76	22	85	16	76	14	88	16	91	6	66	20	81	19	67	17	82	15
S6	C	T	72	27	87	19	71	29	88	17	79	13	92	10	84	9	73	16	94	21	77	23	87	15
S7	C	A	71	23	88	14	79	23	87	10	79	18	93	17	88	11	79	18	92	13	93	18	77	18
S8	C	G	68	21	88	17	84	17	98	17	86	13	94	12	85	7	80	19	80	6	87	16	73	27
S9	C	T	85	19	76	15	80	14	73	21	97	18	101	7	81	10	86	16	62	19	96	13	103	23
S10	A	T	78	20	82	20	83	20	84	20	88	15	87	10	99	7	90	14	93	16	80	14	58	18
S11	G	T	94	19	76	19	64	27	103	14	82	4	101	0	125	0	93	0	90	14	98	13	78	16
S12	A	G	94	0	94	0	95	0	100	0	84	9	97	13	96	10	86	15	109	0	105	0	108	0
S13	A	G	115	0	114	0	88	0	110	0	109	0	106	0	96	0	71	15	106	0	96	0	90	0
S14	A	T	110	0	101	0	96	0	92	0	100	0	112	0	100	0	78	17	128	0	93	0	114	0
S15	T	C	96	0	98	0	81	0	94	0	96	0	108	0	90	0	93	15	83	0	105	0	109	0
S16	A	C	101	0	107	0	91	0	106	0	107	0	111	0	102	0	94	15	116	0	107	0	82	0
S17	C	A	97	0	99	0	115	0	99	0	82	0	91	0	93	0	87	15	89	0	92	0	106	0
S18	C	A	117	0	105	0	96	0	86	0	123	0	89	0	117	0	69	17	85	0	94	0	101	0
S19	A	C	121	0	106	0	105	0	102	0	81	0	113	0	88	0	97	11	110	0	121	0	98	0
S20	A	G	96	0	97	0	102	0	84	0	95	0	90	9	103	0	100	0	101	0	112	0	106	0
S21	G	C	110	0	101	0	93	0	106	0	107	0	107	11	96	0	94	0	96	0	96	0	104	0
S22	G	A	97	16	110	10	87	27	85	18	123	0	86	0	101	0	98	0	92	0	90	0	112	0
S23	G	C	94	16	105	12	77	25	81	13	91	0	88	0	90	0	102	0	107	0	97	0	106	0
S24	G	T	76	17	68	20	92	18	94	18	107	0	91	0	90	0	101	0	99	0	86	0	93	0
S25	A	T	77	26	76	16	75	22	92	21	102	0	78	0	110	0	93	0	108	0	93	0	123	0
S26	C	A	80	20	98	12	78	24	75	18	131	0	90	0	128	0	95	0	96	0	115	0	103	0
S27	A	T	70	15	66	19	75	16	90	16	102	0	113	0	97	0	96	0	107	0	96	0	110	0
S28	T	A	84	22	94	13	80	25	84	14	83	0	98	0	102	0	94	0	107	0	91	0	104	0
S29	C	G	103	0	122	0	94	0	106	0	108	0	98	0	96	0	127	0	91	0	93	0	79	16
S30	A	G	88	0	103	0	100	0	98	0	98	0	101	0	109	0	104	0	93	0	92	0	73	23
S31	C	T	101	0	102	0	96	0	81	0	99	0	91	0	114	0	122	0	98	0	116	0	75	24
S32	A	T	94	0	104	0	120	0	84	0	103	0	99	0	85	0	119	0	113	0	101	0	92	18
S33	G	A	99	0	93	0	100	0	112	0	105	0	101	0	97	0	124	0	93	0	105	0	80	16
S34	A	G	98	0	122	0	91	0	106	0	111	0	86	0	100	0	99	0	96	0	108	0	58	23
S35	A	G	88	0	120	0	93	0	103	0	99	4	91	0	99	0	103	0	82	13	85	17	93	0
S36	T	A	100	0	101	0	106	0	97	0	116	6	109	0	89	0	84	0	76	13	71	19	88	0
S37	A	G	92	0	103	0	107	0	108	0	88	5	95	0	112	0	111	0	96	11	72	18	94	0
S38	T	G	98	0	94	0	102	0	110	0	106	6	112	0	85	0	96	0	83	15	86	20	119	0
S39	G	T	109	0	88	0	112	0	97	0	99	1	103	0	98	0	91	0	76	18	87	18	102	0
S40	G	C	95	0	101	0	103	0	85	0	122	7	111	0	108	0	118	0	75	22	76	24	94	0
S41	T	G	105	0	99	0	113	0	105	0	114	4	102	0	107	0	101	0	99	9	94	16	97	0
S42	A	G	122	0	104	0	128	0	97	0	92	7	94	0	95	0	96	0	75	10	86	12	102	0
S43	G	A	80	0	101	0	91	0	101	0	101	5	123	0	111	0	92	0	86	14	93	16	86	0
S44	G	A	110	0	95	0	108	0	94	0	97	6	113	0	85	0	105	0	112	11	66	25	106	0
S45	T	A	92	0	109	0	117	0	92	0	87	4	85	0	93	0	87	0	102	0	88	0	101	0
S46	C	G	99	0	93	0	92	0	104	0	93	6	117	0	116	0	101	0	87	0	84	0	99	0
S47	T	G	105	0	104	0	106	0	102	0	81	3	108	0	97	0	95	0	89	0	99	0	94	0
S48	T	A	95	0	105	0	90	0	84	0	101	4	99	0	110	0	104	0	105	0	101	0	96	0
S49	A	T	102	0	101	0	100	0	91	0	85	3	88	0	104	0	93	0	96	0	98	0	97	0
S50	T	A	101	0	92	0	103	0	90	0	98	5	89	0	92	0	98	0	99	0	104	0	103	0
S51	G	C	106	0	104	0	79	0	95	0	98	5	117	0	95	0	97	0	102	0	106	0	102	0
S52	G	T	101	0	97	0	102	0	104	0	89	9	101	0	96	0	89	0	101	0	118	0	96	0
S53	C	G	82	0	96	0	106	0	90	0	103	0	101	0	110	0	90	0	91	12	87	21	104	0
S54	T	C	92	0	95	0	93	0	105	0	90	0	120	0	94	0	95	0	86	15	96	14	93	0
S55	G	C	104	0	96	0	118	0	104	0	106	0	105	0	90	0	94	0	113	20	88	20	104	0
S56	A	C	116	0	88	0	90	0	95	0	105	0	104	0	106	0	106	0	93	11	84	15	93	0
S57	A	T	94	0	106	0	102	0	112	0	102	0	102	0	107	0	97	0	111	9	94	12	89	0
S58	T	G	98	0	89	0	100	0	94	0	100	0	123	0	90	0	107	0	86	18	101	24	96	0
S59	T	C	93	0	97	0	111	0	99	0	91	0	104	0	94	0	92	0	77	18	75	17	118	0
S60	A	C	82	0	93	0	90	0	91	0	103	0	94	0	85	0	97	0	75	14	100	10	85	0
S61	C	T	108	0	102	0	88	0	93	0	93	0	107	0	103	0	84	0	92	16	68	18	111	0
S62	C	A	104	0	119	0	114	0	107	0	104	0	85	0	101	0	113	0	85	17	81	16	98	0
S63	A	G	89	0	125	0	97	0	91	0	106	0	89	0	101	0	102	0	80	11	113	0	97	0
S64	C	G	100	0	95	0	113	0	89	0	109	0	107	0	91	0	110	0	90	17	97	0	105	0
S65	A	T	103	0	96	0	102	0	94	0	117	0	96	0	97	0	105	0	93	6	113	0	90	0
S66	G	T	121	0	98	0	107	0	114	0	93	0	95	0	98	0	107	0	98	10	101	0	102	0
S67	G	A	112	0	100	0	78	0	89	0	84	0	92	0	91	0	97	0	80	9	100	0	111	0
S68	G	T	106	0	88	0	110	0	93	0	94	0	106	0	96	0	103	0	92	7	109	0	98	0
S69	A	G	76	0	83	0	105	0	99	0	84	0	88	0	105	0	108	0	90	13	92	0	100	0
S70	T	C	101	0	101	0	112	0	85	0	102	0	90	0	95	0	102	0	86	8	90	0	99	0
S71	T	A	99	0	95	0	100	0	88	0	103	0	101	0	88	0	100	0	89	6	82	0	99	0
S72	C	A	102	0	85	0	98	0	101	0	97	0	105	0	94	0	90	0	106	11	96	0	106	0
S73	A	G	98	0	117	0	92	0	85	0	124	0	106	0	104	0	103	0	107	0	111	7	114	0
S74	G	C	90	0	85	0	90	0	106	0	87	0	79	0	99	0	106	0	106	0	99	7	100	0
S75	A	G	120	0	103	0	82	25	83	12	108	0	102	0	103	0	93	0	95	0	117	0	113	0
S76	A	G	93	0	93	0	82	17	76	15	100	0	92	0	91	0	117	0	90	0	100	0	91	0
S77	A	G	91	8	67	19	100	0	92	0	89	0	104	0	100	0	94	0	96	0	109	0	104	0
S78	C	G	88	2	75	19	93	0	108	0	109	0	86	0	84	0	108	0	99	0	84	0	102	0
S79	G	C	72	5	86	14	106	0	98	0	94	0	95	0	90	0	96	0	95	0	107	0	107	0
S80	A	G	90	5	98	13	117	0	99	0	105	0	112	0	102	0	90	0	85	0	106	0	103	0
S81	C	A	93	5	106	15	91	0	98	0	99	0	103	0	106	0	118	0	90	0	103	0	85	0
S82	C	T	103	3	74	17	84	0	112	0	97	0	94	0	116	0	96	0	114	0	107	0	95	0
S83	A	C	113	7	96	18	91	0	94	0	106	0	86	0	96	0	102	0	84	0	90	0	106	0
S84	G	A	86	13	97	16	111	0	127	0	94	0	105	0	96	0	101	0	110	0	105	0	95	0
S85	G	A	97	4	82	16	109	0	105	0	83	0	97	0	96	0	93	0	116	0	86	0	99	0
S86	C	T	103	7	80	21	101	0	92	0	112	0	102	0	90	0	104	0	91	0	90	0	91	0
