SNVID	Wild	Mut	R1:ref	R1:alt	R2:ref	R2:alt	R3:ref	R3:alt	R4:ref	R4:alt	R5:ref	R5:alt	R6:ref	R6:alt	R7:ref	R7:alt	R8:ref	R8:alt	R9:ref	R9:alt	R10:ref	R10:alt	R11:ref	R11:alt	
S1	G	T	73	18	76	23	86	22	80	12	87	14	112	12	93	7	74	16	90	16	68	18	74	21
S2	A	C	93	19	87	20	86	18	65	16	80	27	100	5	92	10	92	16	87	16	72	22	73	23
S3	G	C	88	16	82	13	67	25	86	16	95	15	103	13	87	15	87	20	86	18	78	18	68	22
S4	C	T	63	21	84	15	81	18	74	21	82	17	87	12	76	11	81	23	81	14	108	17	83	20
S5	T	C	107	20	83	27	75	22	87	14	99	10	94	13	94	5	88	16	80	18	91	17	65	18
S6	C	G	81	19	87	17	80	20	90	15	95	14	75	12	89	12	87	14	87	20	88	15	61	27
S7	A	C	99	13	82	17	98	23	90	20	97	13	87	14	78	15	73	30	86	16	69	23	72	24
S8	G	C	84	21	70	13	79	15	79	14	90	20	88	10	96	11	80	16	81	12	100	16	92	15
S9	G	C	67	22	67	18	69	19	80	17	109	6	97	0	111	0	108	0	80	15	77	19	75	23
S10	C	G	106	0	89	0	101	0	126	0	81	10	93	7	86	12	101	12	116	0	87	0	103	0
S11	C	G	100	0	78	0	86	0	110	0	103	0	98	0	94	0	104	6	94	0	112	0	108	0
S12	G	A	90	0	86	0	93	0	81	0	94	0	120	0	94	0	94	9	101	0	96	0	99	0
S13	C	T	84	0	96	0	85	0	94	0	97	0	94	0	107	0	90	8	95	0	99	0	128	0
S14	T	C	122	0	106	0	106	0	113	0	88	0	109	0	100	0	91	8	106	0	96	0	130	0
S15	G	A	81	0	91	0	104	0	88	0	82	0	94	0	113	0	95	11	108	0	93	0	110	0
S16	G	C	111	0	92	0	88	0	96	0	93	0	115	0	95	0	79	17	95	0	110	0	89	0
S17	C	G	93	0	121	0	98	0	105	0	99	0	92	0	90	0	66	19	92	0	125	0	115	0
S18	T	C	107	0	109	0	110	0	93	0	107	0	94	0	91	0	87	15	98	0	97	0	94	0
S19	C	T	82	0	117	0	91	0	109	0	95	0	83	8	83	0	92	0	101	0	108	0	99	0
S20	G	A	99	16	88	13	70	20	74	22	101	0	94	0	102	0	98	0	98	0	93	0	88	0
S21	A	G	85	22	77	16	82	13	99	8	116	0	103	0	114	0	99	0	104	0	116	0	121	0
S22	G	T	68	21	93	20	63	20	93	12	100	0	102	0	114	0	87	0	104	0	87	0	104	0
S23	A	T	79	21	78	21	69	26	75	23	87	0	117	0	106	0	79	0	100	0	98	0	101	0
S24	C	G	79	18	88	17	79	16	81	19	107	0	106	0	103	0	97	0	87	0	107	0	104	0
S25	A	C	66	23	71	13	77	25	86	14	101	0	100	0	99	0	100	0	95	0	102	0	94	0
S26	A	T	86	0	104	0	91	0	97	0	89	0	84	0	112	0	95	0	93	0	114	0	74	20
S27	C	G	106	0	99	0	103	0	102	0	104	0	88	0	104	0	135	0	108	0	93	0	67	24
S28	G	T	104	0	104	0	104	0	93	0	103	0	111	0	97	0	128	0	106	0	95	0	70	18
S29	C	A	112	0	92	0	95	0	91	0	102	0	112	0	116	0	103	0	96	0	109	0	92	23
S30	T	A	100	0	90	0	88	0	93	0	101	0	100	0	99	0	102	0	119	0	94	0	73	19
S31	C	T	97	0	109	0	97	0	94	0	97	0	84	0	107	0	103	0	94	0	95	0	89	18
S32	T	C	112	0	99	0	104	0	108	0	113	0	88	0	105	0	107	0	74	0	93	0	85	24
S33	G	C	112	0	95	0	91	0	96	0	97	0	113	0	98	0	97	0	92	0	97	0	83	22
S34	T	C	115	0	104	0	94	0	98	0	86	0	101	0	90	0	103	0	103	0	103	0	86	19
S35	C	A	106	0	91	0	101	0	90	0	127	0	98	0	86	0	113	0	122	0	103	0	82	23
S36	C	A	91	0	99	0	90	0	95	0	83	9	87	0	98	0	85	0	91	12	69	17	104	0
S37	A	T	87	0	102	0	113	0	111	0	90	5	99	0	93	0	93	0	86	8	70	26	106	0
S38	G	T	84	0	101	0	90	0	100	0	111	3	86	0	99	0	108	0	74	22	69	15	113	0
S39	G	T	108	0	80	0	92	0	100	0	99	2	102	0	96	0	117	0	72	22	62	27	101	0
S40	G	T	90	0	120	0	108	0	102	0	106	1	89	0	86	0	94	0	97	15	82	21	102	0
S41	C	G	90	0	102	0	105	0	106	0	80	6	97	0	83	0	89	0	71	18	80	19	125	0
S42	C	T	107	0	107	0	96	0	95	0	77	5	100	0	104	0	92	0	91	0	97	0	86	0
S43	T	C	78	0	103	0	99	0	97	0	93	5	92	0	114	0	90	0	88	0	107	0	110	0
S44	G	T	102	0	98	0	96	0	91	0	97	9	96	0	89	0	104	0	103	0	104	0	83	0
S45	G	C	114	0	97	0	100	0	100	0	81	6	87	0	104	0	108	0	98	0	93	0	94	0
S46	C	A	107	0	104	0	105	0	90	0	98	5	82	0	89	0	93	0	95	0	106	0	101	0
S47	C	G	117	0	90	0	106	0	104	0	97	0	102	0	96	0	78	0	88	19	87	20	92	0
S48	T	G	89	0	108	0	102	0	90	0	105	0	103	0	111	0	97	0	74	13	92	16	94	0
S49	C	T	99	0	87	0	124	0	93	0	104	0	101	0	106	0	98	0	114	8	60	26	102	0
S50	A	G	89	0	106	0	101	0	92	0	115	0	104	0	116	0	97	0	67	18	71	24	83	0
S51	A	C	97	0	91	0	101	0	98	0	85	0	116	0	113	0	103	0	91	23	85	15	112	0
S52	G	C	104	0	102	0	120	0	106	0	100	0	88	0	93	0	111	0	85	12	80	23	100	0
S53	A	C	108	0	102	0	95	0	107	0	98	0	101	0	97	0	95	0	84	9	107	0	106	0
S54	A	C	83	0	107	0	93	0	83	0	96	0	97	0	87	0	84	0	86	11	100	0	105	0
S55	G	A	86	0	92	0	84	0	110	0	105	0	85	0	106	0	105	0	80	9	99	0	107	0
S56	C	T	97	0	118	0	114	0	103	0	97	0	103	0	84	0	97	0	92	14	88	0	101	0
S57	C	A	88	0	107	0	109	0	97	0	91	0	108	0	96	0	117	0	86	9	88	0	117	0
S58	G	A	98	0	118	0	112	0	106	0	91	0	93	0	108	0	113	0	84	5	99	0	86	0
S59	C	G	77	0	93	0	94	0	110	0	77	0	96	0	86	0	100	0	90	6	116	0	123	0
S60	A	T	112	0	96	0	88	0	107	0	99	0	101	0	91	0	99	0	92	10	87	0	104	0
S61	T	A	97	0	102	0	94	0	97	0	110	0	90	0	92	0	92	0	89	7	104	0	96	0
S62	A	T	83	0	106	0	83	0	107	0	96	0	90	0	106	0	98	0	101	11	130	0	101	0
S63	G	T	92	0	97	0	103	0	103	0	92	0	107	0	91	0	90	0	132	0	103	7	105	0
S64	A	G	104	0	91	0	93	0	100	0	93	0	100	0	92	0	83	0	85	0	99	6	106	0
S65	G	A	92	0	96	0	89	16	96	15	89	0	102	0	114	0	86	0	102	0	91	0	121	0
S66	C	A	95	0	93	0	76	22	89	18	99	0	87	0	101	0	84	0	81	0	117	0	118	0
S67	C	G	85	9	90	16	92	0	100	0	89	0	110	0	95	0	91	0	111	0	104	0	118	0
S68	G	A	101	6	79	20	99	0	113	0	105	0	106	0	102	0	88	0	104	0	102	0	99	0
S69	G	C	90	3	80	15	103	0	105	0	101	0	98	0	93	0	104	0	102	0	103	0	92	0
S70	C	A	90	5	81	10	107	0	114	0	115	0	88	0	101	0	105	0	90	0	91	0	108	0
S71	T	A	111	2	88	18	88	0	108	0	99	0	96	0	94	0	86	0	92	0	112	0	88	0
