SNVID	Wild	Mut	R1:ref	R1:alt	R2:ref	R2:alt	R3:ref	R3:alt	R4:ref	R4:alt	R5:ref	R5:alt	R6:ref	R6:alt	R7:ref	R7:alt	R8:ref	R8:alt	R9:ref	R9:alt	R10:ref	R10:alt	R11:ref	R11:alt	
S1	G	A	72	23	90	22	71	27	78	11	78	13	89	14	87	11	81	16	79	9	76	16	98	16
S2	T	C	77	22	84	13	80	19	79	20	83	10	90	19	83	8	90	11	84	17	80	20	58	20
S3	G	A	92	22	76	14	94	24	73	15	71	15	94	13	101	10	99	14	103	15	91	17	89	21
S4	C	G	84	30	85	16	71	20	100	10	79	9	87	13	84	8	74	25	106	16	86	15	98	17
S5	C	T	70	21	81	15	87	16	78	18	74	10	93	10	101	3	91	24	114	15	84	16	47	35
S6	A	T	81	21	89	20	87	12	77	14	85	12	94	15	88	9	75	13	84	16	67	26	79	25
S7	T	A	59	18	89	17	98	17	72	20	92	3	93	0	97	0	106	0	98	9	87	15	69	19
S8	C	G	104	0	85	0	99	0	106	0	93	11	87	8	89	14	78	17	99	0	110	0	99	0
S9	A	G	104	0	89	0	79	0	92	0	117	0	115	0	104	0	86	7	93	0	96	0	119	0
S10	T	A	114	0	112	0	89	0	97	0	112	0	110	0	102	0	99	10	90	0	109	0	104	0
S11	T	G	110	0	105	0	92	0	115	0	109	0	99	0	113	0	89	12	91	0	105	0	94	0
S12	G	A	100	0	108	0	111	0	97	0	104	0	91	0	103	0	114	12	83	0	92	0	103	0
S13	T	G	110	0	97	0	82	0	103	0	101	0	99	0	99	0	84	12	101	0	84	0	103	0
S14	C	G	110	0	101	0	92	0	94	0	117	0	90	0	119	0	110	16	101	0	104	0	107	0
S15	G	T	120	0	86	0	105	0	99	0	99	0	94	10	96	0	94	0	86	0	94	0	103	0
S16	G	T	100	0	100	0	94	0	101	0	103	0	85	12	108	0	96	0	99	0	95	0	96	0
S17	T	G	78	21	86	23	70	19	72	25	108	0	107	0	114	0	91	0	126	0	94	0	101	0
S18	G	T	73	21	95	19	86	18	92	14	118	0	83	0	116	0	112	0	111	0	100	0	94	0
S19	T	C	64	24	82	20	75	19	81	15	93	0	122	0	92	0	100	0	95	0	117	0	95	0
S20	G	T	99	11	84	16	67	25	88	11	102	0	98	0	99	0	118	0	98	0	112	0	88	0
S21	T	G	65	18	81	23	52	27	75	14	103	0	112	0	104	0	109	0	89	0	116	0	100	0
S22	A	C	71	24	74	19	88	13	88	12	122	0	112	0	98	0	110	0	92	0	96	0	87	0
S23	C	T	74	30	85	15	70	22	101	15	111	0	98	0	118	0	93	0	86	0	100	0	94	0
S24	C	G	82	0	103	0	106	0	91	0	102	0	94	0	87	0	90	0	105	0	112	0	79	24
S25	G	A	107	0	102	0	88	0	111	0	110	0	98	0	105	0	102	0	109	0	99	0	73	21
S26	T	C	111	0	112	0	85	0	102	0	97	0	99	0	89	0	95	0	101	0	94	0	70	19
S27	G	A	84	0	86	0	98	0	103	0	72	0	96	0	99	0	109	0	99	0	97	0	63	19
S28	A	G	106	0	117	0	100	0	111	0	100	0	109	0	83	0	88	0	97	0	99	0	99	17
S29	A	G	102	0	108	0	106	0	91	0	97	0	110	0	111	0	93	0	100	0	79	0	80	18
S30	C	T	105	0	115	0	90	0	118	0	97	0	93	0	98	0	106	0	98	0	103	0	86	22
S31	C	G	103	0	77	0	77	0	88	0	96	0	95	0	95	0	104	0	92	0	109	0	67	12
S32	T	C	100	0	79	0	98	0	92	0	76	8	102	0	94	0	80	0	99	13	102	22	109	0
S33	G	C	134	0	91	0	114	0	113	0	113	5	92	0	92	0	105	0	107	11	70	22	104	0
S34	A	G	117	0	105	0	100	0	74	0	90	5	94	0	89	0	89	0	86	12	78	17	98	0
S35	A	G	84	0	82	0	89	0	100	0	91	6	101	0	102	0	104	0	104	17	65	15	102	0
S36	T	A	96	0	115	0	106	0	102	0	99	2	104	0	123	0	92	0	90	16	98	8	92	0
S37	A	C	99	0	99	0	105	0	90	0	81	5	94	0	84	0	102	0	82	9	91	19	111	0
S38	A	T	105	0	121	0	112	0	102	0	100	3	115	0	98	0	90	0	84	14	83	16	88	0
S39	T	A	99	0	101	0	103	0	117	0	96	3	104	0	104	0	101	0	94	0	92	0	81	0
S40	C	G	84	0	113	0	100	0	105	0	94	5	93	0	101	0	92	0	107	0	103	0	86	0
S41	C	G	115	0	124	0	93	0	105	0	103	5	101	0	116	0	110	0	105	0	103	0	104	0
S42	T	A	95	0	105	0	94	0	110	0	91	6	86	0	91	0	91	0	111	0	103	0	105	0
S43	G	T	83	0	102	0	118	0	113	0	111	6	100	0	101	0	105	0	114	0	96	0	96	0
S44	C	A	106	0	81	0	124	0	90	0	92	13	115	0	103	0	98	0	102	0	104	0	89	0
S45	G	A	92	0	107	0	92	0	101	0	97	7	104	0	107	0	106	0	102	0	83	0	98	0
S46	T	C	121	0	78	0	93	0	96	0	87	7	70	0	97	0	105	0	87	0	113	0	103	0
S47	A	C	91	0	103	0	105	0	98	0	105	0	115	0	107	0	87	0	64	15	99	12	101	0
S48	C	A	102	0	87	0	114	0	84	0	93	0	93	0	97	0	103	0	107	10	81	21	89	0
S49	C	A	108	0	89	0	109	0	100	0	99	0	88	0	99	0	106	0	90	14	84	16	107	0
S50	C	T	95	0	92	0	115	0	93	0	99	0	101	0	100	0	113	0	81	17	83	11	94	0
S51	A	T	108	0	104	0	102	0	81	0	104	0	97	0	97	0	95	0	74	20	84	14	103	0
S52	G	T	107	0	94	0	107	0	99	0	99	0	93	0	122	0	110	0	90	15	77	22	104	0
S53	G	A	81	0	108	0	93	0	109	0	97	0	81	0	110	0	105	0	108	11	86	16	102	0
S54	A	G	97	0	110	0	85	0	90	0	97	0	89	0	99	0	114	0	76	19	89	17	96	0
S55	G	A	108	0	106	0	84	0	111	0	105	0	112	0	91	0	124	0	85	10	79	19	102	0
S56	G	T	112	0	106	0	108	0	105	0	104	0	84	0	76	0	90	0	81	13	84	19	104	0
S57	C	T	81	0	96	0	112	0	94	0	112	0	112	0	104	0	93	0	90	15	105	0	100	0
S58	T	C	109	0	112	0	87	0	88	0	119	0	108	0	103	0	87	0	98	8	109	0	94	0
S59	G	A	99	0	93	0	120	0	103	0	128	0	100	0	94	0	81	0	92	10	103	0	93	0
S60	T	C	118	0	103	0	107	0	109	0	95	0	86	0	94	0	99	0	100	12	83	0	111	0
S61	C	A	95	0	104	0	83	0	99	0	114	0	99	0	114	0	110	0	78	13	100	0	99	0
S62	A	T	100	0	99	0	100	0	103	0	90	0	105	0	93	0	102	0	96	10	120	0	95	0
S63	G	T	92	0	100	0	85	0	94	0	100	0	112	0	101	0	103	0	74	8	97	0	119	0
S64	A	T	101	0	119	0	116	0	88	0	93	0	91	0	86	0	97	0	93	0	86	9	100	0
S65	T	C	99	0	85	0	80	20	77	15	104	0	117	0	107	0	107	0	85	0	106	0	102	0
S66	C	G	120	0	108	0	80	21	94	14	90	0	84	0	97	0	101	0	102	0	99	0	100	0
S67	T	C	93	5	84	15	111	0	102	0	91	0	89	0	99	0	96	0	107	0	100	0	87	0
S68	T	A	89	7	71	23	93	0	108	0	90	0	103	0	99	0	112	0	107	0	112	0	101	0
S69	T	G	101	3	58	20	132	0	96	0	102	0	92	0	116	0	99	0	99	0	100	0	90	0
S70	A	C	111	3	78	13	121	0	102	0	109	0	99	0	119	0	130	0	97	0	96	0	90	0
S71	A	T	92	4	94	23	86	0	102	0	93	0	99	0	101	0	82	0	90	0	89	0	109	0
S72	A	T	97	2	76	20	98	0	101	0	105	0	98	0	96	0	84	0	100	0	103	0	102	0
S73	A	G	84	7	67	15	102	0	113	0	98	0	94	0	99	0	106	0	92	0	97	0	100	0
S74	C	G	90	9	94	23	99	0	108	0	112	0	98	0	111	0	97	0	121	0	102	0	109	0
S75	T	A	108	3	89	21	105	0	105	0	103	0	82	0	101	0	94	0	89	0	110	0	114	0
