SNVID	Wild	Mut	R1:ref	R1:alt	R2:ref	R2:alt	R3:ref	R3:alt	R4:ref	R4:alt	R5:ref	R5:alt	R6:ref	R6:alt	R7:ref	R7:alt	R8:ref	R8:alt	R9:ref	R9:alt	R10:ref	R10:alt	R11:ref	R11:alt	
S1	C	A	84	19	81	24	88	18	71	20	76	14	80	12	106	10	93	15	68	18	89	11	71	20
S2	T	C	83	19	95	17	99	18	74	12	96	15	81	10	100	13	87	19	86	15	86	15	84	22
S3	A	C	78	25	86	18	67	26	99	20	86	9	99	14	90	11	81	22	65	17	87	18	82	17
S4	C	A	100	22	68	20	69	14	95	14	96	11	87	18	88	8	73	23	77	18	86	19	96	22
S5	T	A	68	22	70	25	96	16	89	16	77	20	83	15	81	12	80	13	95	13	76	22	85	15
S6	A	C	66	28	64	23	99	17	73	18	92	15	86	15	96	10	70	21	90	17	72	24	75	33
S7	C	G	78	21	91	17	57	28	88	15	84	26	104	12	92	10	112	14	92	14	84	14	72	22
S8	A	G	61	18	95	20	80	19	92	19	90	8	100	16	93	13	88	17	67	24	91	16	84	26
S9	A	T	88	18	93	16	74	21	102	14	118	0	101	0	107	0	98	0	76	15	106	20	81	20
S10	T	G	95	0	102	0	120	0	101	0	77	12	90	12	92	12	86	21	100	0	117	0	90	0
S11	C	G	97	0	100	0	93	0	100	0	100	0	101	0	92	0	77	19	86	0	88	0	103	0
S12	G	C	97	0	108	0	113	0	108	0	95	0	99	0	96	0	87	13	90	0	120	0	101	0
S13	T	A	98	0	102	0	87	0	94	0	100	0	98	0	116	0	97	9	94	0	95	0	95	0
S14	C	A	113	0	111	0	113	0	97	0	106	0	116	0	86	0	79	12	105	0	102	0	102	0
S15	A	T	94	0	86	0	101	0	116	0	82	0	100	0	119	0	97	11	97	0	100	0	87	0
S16	T	A	111	0	86	0	101	0	91	0	106	0	94	0	90	0	92	12	87	0	113	0	99	0
S17	T	C	89	0	94	0	92	0	94	0	100	0	104	0	108	0	85	9	119	0	104	0	102	0
S18	G	C	75	0	83	0	86	0	94	0	92	0	120	0	106	0	85	14	104	0	95	0	115	0
S19	A	G	108	0	98	0	112	0	102	0	105	0	100	0	96	0	88	10	110	0	125	0	105	0
S20	G	T	114	0	107	0	116	0	82	0	110	0	93	0	85	0	72	18	90	0	107	0	91	0
S21	C	T	104	0	101	0	92	0	108	0	99	0	75	12	88	0	111	0	106	0	96	0	120	0
S22	C	A	101	0	78	0	103	0	86	0	94	0	99	11	112	0	93	0	113	0	93	0	103	0
S23	A	T	59	21	71	21	76	18	78	17	103	0	100	0	94	0	105	0	97	0	88	0	116	0
S24	C	A	80	22	64	16	80	21	71	12	96	0	100	0	90	0	100	0	104	0	107	0	112	0
S25	C	G	77	17	72	23	86	16	72	15	107	0	115	0	111	0	82	0	114	0	81	0	120	0
S26	G	C	85	27	89	12	90	14	94	14	95	0	101	0	121	0	99	0	98	0	120	0	103	0
S27	A	T	74	17	73	21	77	17	87	17	93	0	95	0	104	0	118	0	105	0	117	0	100	0
S28	A	C	87	22	85	24	82	24	90	13	106	0	103	0	102	0	101	0	99	0	119	0	111	0
S29	T	A	95	18	84	27	77	17	101	8	107	0	112	0	87	0	101	0	90	0	95	0	90	0
S30	G	T	63	27	101	16	69	21	79	15	112	0	100	0	111	0	82	0	111	0	93	0	104	0
S31	G	C	63	25	104	18	83	15	86	18	101	0	109	0	84	0	106	0	99	0	86	0	88	0
S32	T	C	88	0	106	0	89	0	90	0	96	0	94	0	89	0	103	0	93	0	88	0	71	21
S33	G	C	81	0	102	0	111	0	87	0	89	0	111	0	121	0	95	0	96	0	116	0	113	17
S34	A	C	100	0	99	0	112	0	90	0	111	0	124	0	82	0	98	0	91	0	91	0	70	22
S35	C	G	99	0	90	0	117	0	83	0	91	0	106	0	118	0	103	0	100	0	91	0	82	14
S36	G	A	93	0	88	0	99	0	106	0	103	0	101	0	99	0	94	0	93	0	81	0	83	20
S37	T	G	110	0	110	0	100	0	101	0	100	0	99	0	101	0	96	0	106	0	90	0	87	18
S38	C	G	90	0	108	0	111	0	97	0	111	0	102	0	107	0	120	0	105	0	104	0	83	18
S39	C	T	100	0	117	0	109	0	103	0	107	0	115	0	95	0	92	0	93	0	88	0	80	17
S40	T	C	123	0	97	0	103	0	85	0	105	4	105	0	98	0	93	0	72	17	82	14	106	0
S41	T	C	87	0	117	0	91	0	93	0	99	6	85	0	95	0	107	0	112	12	87	13	109	0
S42	A	T	96	0	98	0	106	0	127	0	94	5	124	0	115	0	106	0	83	11	74	13	107	0
S43	A	T	98	0	100	0	109	0	109	0	108	6	93	0	96	0	103	0	82	13	75	16	108	0
S44	G	A	101	0	91	0	100	0	85	0	86	2	97	0	109	0	90	0	101	13	75	23	103	0
S45	T	A	89	0	112	0	108	0	102	0	85	6	110	0	98	0	96	0	85	16	94	13	99	0
S46	A	G	106	0	108	0	101	0	94	0	88	6	114	0	95	0	102	0	102	0	94	0	109	0
S47	C	G	109	0	105	0	104	0	105	0	98	2	83	0	105	0	98	0	97	0	108	0	106	0
S48	G	A	91	0	107	0	120	0	108	0	91	5	100	0	114	0	105	0	89	0	117	0	90	0
S49	T	C	106	0	106	0	104	0	103	0	106	6	91	0	113	0	98	0	91	0	117	0	95	0
S50	T	C	86	0	103	0	106	0	113	0	91	4	112	0	91	0	106	0	111	0	111	0	104	0
S51	A	C	86	0	100	0	105	0	89	0	108	1	110	0	102	0	99	0	88	0	104	0	102	0
S52	C	T	98	0	111	0	102	0	105	0	107	6	111	0	101	0	94	0	93	0	92	0	104	0
S53	C	A	99	0	111	0	80	0	106	0	110	3	123	0	114	0	98	0	100	0	102	0	92	0
S54	C	G	101	0	111	0	94	0	98	0	95	7	104	0	111	0	102	0	106	0	102	0	103	0
S55	G	C	99	0	100	0	83	0	113	0	95	3	93	0	95	0	102	0	112	0	103	0	104	0
S56	A	C	98	0	108	0	104	0	102	0	99	0	90	0	88	0	96	0	82	18	78	19	125	0
S57	T	C	96	0	100	0	114	0	98	0	93	0	97	0	97	0	99	0	80	20	66	23	113	0
S58	T	C	105	0	97	0	85	0	115	0	103	0	110	0	92	0	118	0	92	11	69	16	84	0
S59	T	A	103	0	100	0	101	0	92	0	92	0	104	0	90	0	104	0	67	20	70	24	106	0
S60	C	T	101	0	97	0	111	0	86	0	90	0	102	0	102	0	103	0	108	7	85	21	91	0
S61	A	C	95	0	104	0	110	0	97	0	102	0	94	0	103	0	113	0	74	8	101	0	111	0
S62	T	A	88	0	107	0	109	0	108	0	101	0	89	0	87	0	102	0	84	8	108	0	105	0
S63	A	C	79	0	121	0	104	0	102	0	103	0	104	0	116	0	101	0	94	12	102	0	106	0
S64	T	C	100	0	75	0	98	0	88	0	91	0	107	0	97	0	79	0	76	9	103	0	92	0
S65	T	C	113	0	97	0	107	0	100	0	118	0	90	0	105	0	102	0	108	7	94	0	115	0
S66	G	C	94	0	90	0	115	0	99	0	98	0	95	0	85	0	100	0	102	8	96	0	102	0
S67	C	A	96	0	100	0	92	0	96	0	112	0	92	0	105	0	112	0	85	7	86	0	93	0
S68	C	T	88	0	94	0	108	0	103	0	93	0	107	0	78	0	99	0	85	10	92	0	100	0
S69	G	T	102	0	92	0	122	0	109	0	120	0	82	0	104	0	106	0	96	11	127	0	96	0
S70	A	C	89	0	91	0	96	0	103	0	92	0	95	0	93	0	81	0	104	0	90	9	99	0
S71	C	T	108	0	85	0	87	17	77	14	114	0	109	0	114	0	103	0	120	0	113	0	89	0
S72	A	G	108	4	88	21	103	0	104	0	87	0	83	0	94	0	86	0	101	0	88	0	97	0
S73	C	T	90	2	69	22	91	0	103	0	103	0	95	0	102	0	99	0	85	0	111	0	110	0
S74	A	G	93	5	83	15	107	0	106	0	99	0	88	0	96	0	111	0	111	0	94	0	90	0
S75	T	C	92	6	77	23	110	0	117	0	87	0	129	0	95	0	108	0	95	0	91	0	105	0
S76	T	C	102	4	77	19	86	0	109	0	82	0	91	0	103	0	90	0	106	0	108	0	106	0
