SNVID	Wild	Mut	R1:ref	R1:alt	R2:ref	R2:alt	R3:ref	R3:alt	R4:ref	R4:alt	R5:ref	R5:alt	R6:ref	R6:alt	R7:ref	R7:alt	R8:ref	R8:alt	R9:ref	R9:alt	R10:ref	R10:alt	R11:ref	R11:alt	
S1	A	C	84	18	97	11	67	24	84	15	71	17	77	14	87	10	74	19	89	15	85	22	75	19
S2	A	C	80	28	82	14	86	13	87	16	75	21	94	12	79	11	93	13	97	11	85	12	78	16
S3	G	T	81	22	67	16	81	14	92	12	80	14	82	12	119	9	89	25	84	12	88	16	100	25
S4	A	T	82	17	79	15	76	19	85	14	67	16	91	16	78	12	84	13	88	12	74	21	76	20
S5	G	C	84	22	75	18	86	24	72	18	68	19	82	18	81	16	85	20	91	15	89	15	70	24
S6	G	T	81	17	72	23	73	19	98	8	88	9	96	7	99	7	81	16	87	13	95	18	78	23
S7	C	A	88	25	85	25	73	21	95	17	99	9	85	10	81	14	97	18	88	9	103	17	90	17
S8	T	C	69	20	85	14	86	20	86	17	94	13	83	13	82	13	88	15	86	23	74	23	58	28
S9	G	T	73	16	107	20	97	16	93	13	95	8	79	10	75	14	97	13	93	14	77	18	78	34
S10	T	G	85	20	103	19	62	22	92	17	100	11	81	11	98	11	85	18	92	13	77	20	78	20
S11	T	C	75	21	83	24	77	22	101	9	92	7	96	0	94	0	97	0	86	18	79	18	77	30
S12	T	G	100	0	122	0	90	0	98	0	81	9	67	12	90	11	67	23	96	0	92	0	91	0
S13	A	T	84	0	92	0	103	0	118	0	99	0	86	0	114	0	79	11	97	0	98	0	98	0
S14	T	C	103	0	95	0	92	0	100	0	98	0	121	0	105	0	71	15	98	0	114	0	100	0
S15	G	A	124	0	108	0	87	0	109	0	112	0	109	0	100	0	93	11	104	0	115	0	108	0
S16	A	C	110	0	93	0	87	0	110	0	95	0	121	0	78	0	83	12	106	0	89	0	97	0
S17	T	C	102	0	112	0	123	0	101	0	100	0	107	0	104	0	96	8	97	0	110	0	108	0
S18	C	G	114	0	110	0	102	0	106	0	93	0	113	0	104	0	77	15	96	0	99	0	92	0
S19	A	C	113	0	96	0	94	0	102	0	111	0	128	0	107	0	99	10	101	0	107	0	87	0
S20	A	G	78	0	102	0	100	0	98	0	107	0	98	14	101	0	92	0	93	0	97	0	93	0
S21	A	T	66	22	84	14	64	26	85	21	119	0	100	0	106	0	112	0	96	0	93	0	107	0
S22	A	C	93	22	100	12	68	22	93	12	108	0	89	0	101	0	110	0	97	0	94	0	107	0
S23	G	T	77	24	87	19	100	22	81	12	84	0	102	0	95	0	95	0	101	0	105	0	102	0
S24	A	T	57	23	104	17	76	19	88	14	104	0	95	0	97	0	99	0	91	0	85	0	105	0
S25	G	T	78	17	89	11	101	18	101	11	105	0	91	0	108	0	84	0	87	0	89	0	99	0
S26	G	T	68	19	78	17	70	20	85	9	107	0	101	0	98	0	80	0	98	0	93	0	86	0
S27	G	A	97	0	111	0	103	0	98	0	105	0	115	0	106	0	91	0	107	0	87	0	83	17
S28	G	C	98	0	110	0	110	0	107	0	98	0	105	0	108	0	103	0	111	0	109	0	87	16
S29	A	T	108	0	98	0	89	0	92	0	82	0	93	0	91	0	102	0	104	0	90	0	86	16
S30	C	G	86	0	111	0	90	0	113	0	92	0	109	0	106	0	85	0	104	0	93	0	74	19
S31	G	T	94	0	101	0	97	0	104	0	90	0	112	0	108	0	97	0	102	0	84	0	85	19
S32	C	A	106	0	97	0	87	0	102	0	107	0	99	0	107	0	98	0	90	0	97	0	73	26
S33	G	A	73	0	122	0	102	0	102	0	82	0	94	0	89	0	106	0	100	0	96	0	74	23
S34	C	G	102	0	101	0	89	0	101	0	88	0	92	0	93	0	90	0	85	0	96	0	81	16
S35	T	C	90	0	92	0	96	0	93	0	85	0	100	0	103	0	95	0	95	0	107	0	74	21
S36	T	A	106	0	105	0	93	0	103	0	99	3	101	0	103	0	92	0	99	15	77	24	98	0
S37	T	C	94	0	94	0	98	0	86	0	94	6	100	0	128	0	109	0	86	17	82	18	92	0
S38	C	G	97	0	113	0	105	0	104	0	82	6	97	0	95	0	90	0	65	14	72	19	97	0
S39	C	A	97	0	94	0	90	0	90	0	92	3	96	0	91	0	111	0	88	16	69	24	111	0
S40	T	A	102	0	110	0	103	0	110	0	92	4	94	0	99	0	98	0	74	22	83	13	116	0
S41	T	G	108	0	74	0	92	0	102	0	91	5	101	0	99	0	106	0	88	17	66	12	93	0
S42	T	C	96	0	108	0	110	0	123	0	97	4	105	0	91	0	83	0	98	11	72	21	111	0
S43	C	G	99	0	96	0	106	0	98	0	112	2	101	0	91	0	96	0	78	20	108	15	97	0
S44	C	A	99	0	91	0	116	0	89	0	91	8	84	0	77	0	96	0	99	0	95	0	92	0
S45	T	C	104	0	109	0	107	0	96	0	91	6	113	0	92	0	97	0	94	0	102	0	101	0
S46	A	T	111	0	100	0	97	0	93	0	92	7	102	0	112	0	112	0	106	0	121	0	103	0
S47	T	G	110	0	108	0	98	0	85	0	100	6	102	0	103	0	87	0	130	0	124	0	111	0
S48	A	T	100	0	111	0	104	0	112	0	105	4	84	0	93	0	93	0	102	0	110	0	86	0
S49	A	C	97	0	99	0	92	0	102	0	88	6	113	0	96	0	98	0	122	0	105	0	108	0
S50	G	C	107	0	101	0	110	0	99	0	94	3	79	0	103	0	91	0	105	0	109	0	110	0
S51	A	G	108	0	108	0	85	0	93	0	117	5	98	0	99	0	108	0	109	0	119	0	102	0
S52	A	T	107	0	87	0	101	0	106	0	104	7	80	0	96	0	88	0	99	0	107	0	87	0
S53	C	G	106	0	123	0	96	0	103	0	100	0	103	0	109	0	106	0	79	20	114	16	89	0
S54	A	G	92	0	110	0	114	0	103	0	99	0	103	0	124	0	103	0	87	13	88	10	118	0
S55	G	A	99	0	105	0	125	0	106	0	92	0	101	0	116	0	99	0	89	20	85	15	106	0
S56	C	A	95	0	88	0	98	0	106	0	87	0	94	0	98	0	108	0	73	13	92	18	107	0
S57	A	T	113	0	95	0	86	0	82	0	97	0	88	0	94	0	98	0	91	18	81	16	92	0
S58	A	G	103	0	101	0	115	0	95	0	90	0	95	0	99	0	105	0	81	17	69	29	102	0
S59	A	T	103	0	103	0	112	0	95	0	98	0	105	0	92	0	86	0	69	11	83	0	91	0
S60	G	A	96	0	120	0	99	0	108	0	96	0	104	0	92	0	104	0	100	14	95	0	98	0
S61	G	A	102	0	90	0	102	0	104	0	112	0	96	0	107	0	115	0	81	13	110	0	92	0
S62	T	C	110	0	81	0	80	0	104	0	112	0	110	0	102	0	92	0	109	8	101	0	94	0
S63	C	T	92	0	90	0	109	0	103	0	108	0	109	0	97	0	115	0	105	7	89	0	97	0
S64	A	G	97	0	105	0	96	0	95	0	90	0	90	0	87	0	92	0	89	11	96	0	110	0
S65	A	G	92	0	95	0	108	0	99	0	98	0	108	0	100	0	106	0	97	0	92	9	115	0
S66	G	T	97	0	97	0	113	0	84	0	85	0	109	0	110	0	112	0	128	0	99	6	96	0
S67	T	C	107	0	94	0	94	21	70	17	91	0	105	0	110	0	88	0	94	0	89	0	88	0
S68	G	C	106	3	89	19	97	0	104	0	95	0	109	0	103	0	104	0	96	0	105	0	115	0
S69	C	G	100	3	77	16	115	0	96	0	105	0	115	0	88	0	95	0	97	0	105	0	109	0
S70	C	A	98	4	81	19	107	0	105	0	97	0	98	0	95	0	95	0	100	0	86	0	96	0
S71	T	A	97	6	90	17	112	0	97	0	112	0	103	0	90	0	92	0	107	0	92	0	104	0
S72	C	G	98	6	86	12	91	0	91	0	98	0	106	0	100	0	91	0	100	0	95	0	92	0
S73	G	C	83	8	75	20	101	0	82	0	91	0	105	0	98	0	94	0	102	0	88	0	106	0
