SNVID	Wild	Mut	R1:ref	R1:alt	R2:ref	R2:alt	R3:ref	R3:alt	R4:ref	R4:alt	R5:ref	R5:alt	R6:ref	R6:alt	R7:ref	R7:alt	R8:ref	R8:alt	R9:ref	R9:alt	R10:ref	R10:alt	R11:ref	R11:alt	
S1	C	G	91	20	79	19	71	19	77	13	99	5	81	10	105	7	75	18	90	13	65	17	71	16
S2	A	C	87	25	82	28	80	21	86	18	96	13	87	12	70	17	82	17	71	16	76	24	71	19
S3	A	T	76	21	96	16	83	18	78	16	78	12	79	13	103	8	81	21	70	18	104	10	84	21
S4	G	A	69	26	65	23	88	23	88	14	82	16	76	13	97	11	90	19	75	15	92	18	93	16
S5	C	A	83	18	81	12	102	13	105	15	92	10	72	16	103	7	83	11	85	18	70	17	79	19
S6	A	C	94	17	87	13	83	24	93	14	81	12	86	13	99	10	97	17	80	16	82	17	92	21
S7	C	A	79	17	81	21	81	16	104	10	87	17	89	15	85	12	100	18	82	13	81	20	73	23
S8	T	C	62	23	84	17	63	22	83	17	81	11	112	16	76	9	95	15	75	14	95	11	65	18
S9	G	C	60	26	77	18	67	21	98	17	116	11	88	17	103	6	86	17	51	21	90	19	71	22
S10	C	A	75	23	87	19	80	18	65	17	91	2	106	0	82	0	106	0	89	16	103	14	97	23
S11	G	C	96	0	98	0	96	0	102	0	94	6	103	7	106	7	85	16	102	0	98	0	89	0
S12	G	T	106	0	102	0	115	0	117	0	96	0	94	0	85	0	80	15	89	0	106	0	92	0
S13	G	A	129	0	114	0	86	0	104	0	101	0	110	0	118	0	87	15	112	0	117	0	100	0
S14	T	A	97	0	103	0	96	0	117	0	115	0	96	0	99	0	93	13	87	0	84	0	93	0
S15	G	A	89	0	110	0	88	0	103	0	96	0	97	0	122	0	91	13	106	0	93	0	112	0
S16	A	C	96	0	80	0	100	0	104	0	92	0	106	0	103	0	90	5	92	0	87	0	91	0
S17	C	G	91	0	95	0	89	0	104	0	95	0	99	0	97	0	69	15	93	0	111	0	122	0
S18	C	G	103	0	89	0	90	0	106	0	111	0	111	0	96	0	72	15	115	0	76	0	105	0
S19	T	G	101	0	99	0	112	0	87	0	108	0	100	0	105	0	89	17	107	0	105	0	119	0
S20	T	G	81	0	93	0	102	0	112	0	105	0	101	0	106	0	83	17	92	0	104	0	99	0
S21	A	G	97	0	112	0	114	0	93	0	101	0	90	0	83	0	73	18	102	0	95	0	100	0
S22	C	A	103	0	98	0	93	0	96	0	83	0	74	14	82	0	98	0	87	0	89	0	100	0
S23	C	T	96	0	86	0	115	0	106	0	112	0	90	9	110	0	94	0	123	0	94	0	87	0
S24	C	G	71	29	88	8	85	21	87	21	92	0	104	0	106	0	94	0	91	0	97	0	110	0
S25	T	G	73	18	111	16	91	16	86	26	102	0	82	0	99	0	98	0	101	0	95	0	90	0
S26	A	C	84	24	95	17	85	21	90	15	108	0	111	0	94	0	109	0	110	0	111	0	95	0
S27	A	G	76	23	90	13	84	15	97	15	95	0	102	0	108	0	84	0	107	0	97	0	101	0
S28	A	C	91	15	73	22	70	19	89	11	84	0	98	0	106	0	100	0	94	0	85	0	103	0
S29	C	T	91	28	75	18	82	22	95	15	95	0	101	0	123	0	86	0	88	0	98	0	95	0
S30	T	G	83	22	67	19	60	30	92	19	112	0	95	0	101	0	95	0	110	0	104	0	111	0
S31	T	A	67	36	81	19	71	22	98	11	81	0	103	0	107	0	95	0	101	0	105	0	96	0
S32	A	T	90	0	107	0	99	0	96	0	101	0	97	0	91	0	102	0	104	0	93	0	103	12
S33	T	C	114	0	88	0	107	0	102	0	108	0	102	0	103	0	112	0	88	0	94	0	100	15
S34	A	C	101	0	78	0	98	0	83	0	95	0	106	0	90	0	98	0	93	0	95	0	85	12
S35	C	G	105	0	103	0	112	0	88	0	102	0	98	0	92	0	100	0	117	0	116	0	77	25
S36	G	T	91	0	87	0	107	0	115	0	96	0	117	0	109	0	100	0	95	0	95	0	74	17
S37	A	C	99	0	109	0	96	0	95	0	90	0	110	0	111	0	98	0	91	0	110	0	67	18
S38	G	C	110	0	97	0	94	0	78	0	97	0	98	0	96	0	87	0	87	0	97	0	85	23
S39	T	C	91	0	88	0	83	0	112	0	103	0	107	0	93	0	101	0	98	0	92	0	69	22
S40	A	G	125	0	100	0	102	0	100	0	98	2	88	0	81	0	98	0	70	9	64	24	100	0
S41	T	G	104	0	114	0	101	0	85	0	89	4	94	0	111	0	103	0	78	16	70	16	77	0
S42	C	A	104	0	123	0	80	0	93	0	107	3	101	0	93	0	104	0	69	21	51	17	85	0
S43	T	C	98	0	95	0	84	0	106	0	120	2	99	0	93	0	100	0	81	16	76	14	102	0
S44	G	T	97	0	101	0	104	0	127	0	104	4	106	0	98	0	97	0	73	20	89	18	114	0
S45	G	C	103	0	85	0	100	0	121	0	105	6	106	0	105	0	94	0	101	15	75	18	105	0
S46	A	C	104	0	90	0	104	0	98	0	92	2	97	0	104	0	108	0	86	14	86	19	112	0
S47	G	A	101	0	88	0	102	0	96	0	104	3	119	0	100	0	116	0	97	0	104	0	96	0
S48	G	A	94	0	102	0	105	0	81	0	100	4	90	0	87	0	105	0	86	0	94	0	85	0
S49	C	A	95	0	97	0	97	0	92	0	94	8	84	0	85	0	101	0	70	0	90	0	88	0
S50	C	A	98	0	105	0	89	0	74	0	95	3	99	0	97	0	107	0	116	0	80	0	98	0
S51	G	C	89	0	90	0	105	0	88	0	98	8	111	0	92	0	91	0	105	0	107	0	99	0
S52	T	A	103	0	93	0	104	0	90	0	94	6	104	0	111	0	105	0	98	0	113	0	108	0
S53	C	A	119	0	102	0	107	0	104	0	103	0	83	0	96	0	115	0	89	15	74	12	104	0
S54	C	G	93	0	105	0	88	0	99	0	102	0	103	0	113	0	86	0	70	10	77	22	103	0
S55	T	C	96	0	97	0	94	0	98	0	118	0	110	0	102	0	90	0	86	19	84	23	112	0
S56	G	C	113	0	97	0	119	0	104	0	100	0	93	0	93	0	103	0	94	11	83	18	103	0
S57	T	A	102	0	90	0	96	0	102	0	114	0	105	0	110	0	97	0	86	12	70	11	113	0
S58	G	C	109	0	112	0	104	0	89	0	92	0	99	0	103	0	81	0	90	10	69	24	104	0
S59	G	T	99	0	91	0	89	0	99	0	91	0	90	0	95	0	95	0	95	12	98	16	100	0
S60	C	A	100	0	92	0	93	0	98	0	109	0	95	0	99	0	107	0	90	13	90	15	99	0
S61	C	T	94	0	104	0	121	0	107	0	104	0	119	0	88	0	92	0	81	16	96	24	102	0
S62	G	C	96	0	111	0	109	0	95	0	97	0	109	0	102	0	112	0	87	11	97	0	107	0
S63	G	A	100	0	102	0	94	0	81	0	105	0	90	0	107	0	85	0	99	15	100	0	104	0
S64	A	T	108	0	119	0	94	0	94	0	100	0	99	0	112	0	92	0	96	9	88	0	105	0
S65	G	A	107	0	95	0	89	0	111	0	91	0	113	0	101	0	102	0	91	11	99	0	116	0
S66	G	C	124	0	91	0	112	0	101	0	105	0	104	0	83	0	99	0	96	4	99	0	84	0
S67	A	T	110	0	87	0	111	0	97	0	97	0	116	0	83	0	89	0	82	11	100	0	103	0
S68	T	A	97	0	100	0	114	0	106	0	113	0	94	0	93	0	92	0	97	10	109	0	103	0
S69	G	T	90	0	97	0	88	0	91	0	101	0	105	0	85	0	108	0	95	0	68	8	88	0
S70	A	C	89	0	108	0	68	23	77	11	100	0	90	0	107	0	88	0	86	0	95	0	93	0
S71	A	C	107	0	110	0	80	20	84	16	90	0	114	0	100	0	84	0	96	0	83	0	126	0
S72	T	A	110	3	79	18	99	0	93	0	87	0	92	0	82	0	108	0	99	0	87	0	113	0
S73	C	A	101	4	95	18	117	0	104	0	109	0	102	0	100	0	87	0	106	0	96	0	107	0
S74	A	C	89	5	88	18	99	0	85	0	91	0	121	0	108	0	108	0	87	0	93	0	83	0
S75	G	A	83	2	54	27	88	0	103	0	107	0	84	0	110	0	94	0	107	0	103	0	110	0
S76	C	A	112	4	81	18	81	0	92	0	103	0	112	0	99	0	104	0	115	0	97	0	93	0
S77	A	T	93	5	84	12	125	0	111	0	86	0	94	0	109	0	102	0	88	0	101	0	115	0
