SNVID	Wild	Mut	R1:ref	R1:alt	R2:ref	R2:alt	R3:ref	R3:alt	R4:ref	R4:alt	R5:ref	R5:alt	R6:ref	R6:alt	R7:ref	R7:alt	R8:ref	R8:alt	R9:ref	R9:alt	R10:ref	R10:alt	R11:ref	R11:alt	
S1	G	A	61	17	91	24	87	21	84	15	85	19	84	9	77	9	81	21	88	20	86	14	79	24
S2	T	A	72	19	54	17	69	27	75	18	74	22	86	14	111	12	82	22	93	10	69	25	113	13
S3	C	A	77	17	79	15	62	19	95	16	99	18	92	11	87	5	82	16	106	8	82	20	63	30
S4	C	G	92	21	83	19	90	20	90	12	91	15	75	11	94	9	94	17	106	7	75	19	58	26
S5	G	C	70	15	79	22	73	21	80	17	102	11	109	15	94	10	84	16	77	7	80	18	67	31
S6	T	C	78	18	79	19	73	17	88	25	81	6	103	0	109	0	106	0	74	20	87	18	88	21
S7	G	C	94	0	106	0	101	0	73	0	81	7	97	7	84	8	73	13	118	0	86	0	90	0
S8	A	G	96	0	91	0	104	0	89	0	106	0	101	0	87	0	68	11	96	0	100	0	86	0
S9	G	T	95	0	105	0	92	0	80	0	93	0	114	0	113	0	94	15	95	0	101	0	86	0
S10	A	C	110	0	106	0	93	0	104	0	97	0	113	0	96	0	76	13	107	0	94	0	97	0
S11	T	G	116	0	111	0	114	0	90	0	80	0	77	0	86	0	88	13	112	0	93	0	106	0
S12	C	A	96	0	97	0	93	0	94	0	97	0	102	0	91	0	89	9	86	0	104	0	106	0
S13	C	G	109	0	113	0	79	0	93	0	105	0	89	0	96	0	60	14	109	0	89	0	124	0
S14	C	T	106	0	117	0	115	0	95	0	87	0	112	0	101	0	77	13	103	0	89	0	96	0
S15	T	C	82	0	86	0	102	0	104	0	76	0	111	0	95	0	77	19	97	0	99	0	100	0
S16	T	C	98	0	99	0	87	0	96	0	98	0	98	0	115	0	84	13	113	0	117	0	115	0
S17	C	T	100	0	92	0	94	0	95	0	100	0	90	0	95	0	75	16	104	0	115	0	93	0
S18	A	C	93	0	99	0	98	0	88	0	110	0	82	9	100	0	110	0	106	0	107	0	95	0
S19	C	A	93	20	66	20	75	15	97	16	95	0	87	0	90	0	79	0	97	0	107	0	92	0
S20	T	A	65	23	100	16	85	17	88	15	101	0	89	0	98	0	116	0	104	0	102	0	120	0
S21	T	A	81	19	90	16	77	19	70	18	102	0	107	0	97	0	114	0	104	0	109	0	111	0
S22	A	C	78	22	73	15	79	18	68	16	102	0	82	0	106	0	103	0	102	0	80	0	107	0
S23	C	T	86	25	85	20	84	19	100	15	112	0	90	0	121	0	104	0	113	0	102	0	94	0
S24	G	T	89	21	68	21	73	23	108	15	89	0	119	0	103	0	118	0	112	0	95	0	73	0
S25	T	G	88	13	92	12	75	21	86	15	91	0	120	0	99	0	97	0	105	0	101	0	105	0
S26	T	G	61	24	69	25	86	15	87	15	102	0	78	0	93	0	109	0	104	0	96	0	97	0
S27	G	A	73	19	77	21	71	20	108	14	114	0	101	0	97	0	78	0	98	0	101	0	88	0
S28	C	G	82	25	85	18	83	13	74	17	103	0	104	0	86	0	97	0	94	0	102	0	113	0
S29	C	A	102	0	100	0	95	0	104	0	102	0	118	0	88	0	102	0	113	0	88	0	79	25
S30	T	A	118	0	102	0	84	0	97	0	91	0	105	0	89	0	92	0	96	0	109	0	63	15
S31	T	C	95	0	101	0	98	0	104	0	103	0	93	0	101	0	98	0	99	0	108	0	82	14
S32	C	T	94	0	99	0	97	0	92	0	100	0	103	0	110	0	112	0	125	0	110	0	72	18
S33	A	G	100	0	93	0	96	0	80	0	96	0	89	0	101	0	104	0	82	0	110	0	85	21
S34	G	A	91	0	112	0	95	0	101	0	101	0	100	0	104	0	101	0	82	0	109	0	87	19
S35	T	A	99	0	105	0	101	0	90	0	100	0	96	0	103	0	90	0	116	0	124	0	104	19
S36	G	T	95	0	99	0	100	0	105	0	95	0	110	0	107	0	101	0	96	0	104	0	82	25
S37	C	A	99	0	84	0	109	0	99	0	108	0	115	0	98	0	94	0	84	0	99	0	67	17
S38	T	C	99	0	116	0	106	0	118	0	89	0	96	0	88	0	110	0	84	0	90	0	81	15
S39	C	A	105	0	117	0	112	0	89	0	103	5	98	0	97	0	111	0	80	15	85	21	118	0
S40	C	A	107	0	94	0	113	0	90	0	91	3	101	0	114	0	108	0	107	17	89	19	102	0
S41	G	C	102	0	107	0	101	0	118	0	86	11	99	0	103	0	89	0	96	9	84	13	111	0
S42	T	A	108	0	95	0	89	0	88	0	105	6	91	0	117	0	98	0	81	14	72	19	105	0
S43	A	C	92	0	98	0	103	0	108	0	91	7	122	0	82	0	97	0	74	10	86	25	98	0
S44	T	A	115	0	96	0	107	0	107	0	104	5	104	0	110	0	114	0	100	10	77	19	101	0
S45	T	C	106	0	85	0	112	0	102	0	92	8	94	0	99	0	113	0	79	14	85	20	112	0
S46	G	C	97	0	99	0	97	0	98	0	89	4	85	0	96	0	86	0	99	0	94	0	91	0
S47	T	G	111	0	109	0	91	0	111	0	107	6	97	0	109	0	113	0	105	0	111	0	95	0
S48	A	G	102	0	108	0	89	0	103	0	106	6	94	0	93	0	122	0	97	0	95	0	88	0
S49	T	A	93	0	98	0	100	0	97	0	104	3	92	0	100	0	84	0	115	0	109	0	105	0
S50	C	T	91	0	111	0	102	0	87	0	88	4	89	0	100	0	99	0	101	0	103	0	99	0
S51	C	T	103	0	113	0	100	0	98	0	98	4	108	0	103	0	98	0	104	0	101	0	109	0
S52	C	T	95	0	87	0	96	0	106	0	95	3	104	0	85	0	107	0	103	0	93	0	126	0
S53	A	G	118	0	119	0	85	0	101	0	98	5	112	0	89	0	89	0	91	0	99	0	98	0
S54	A	G	117	0	116	0	106	0	109	0	101	0	100	0	123	0	115	0	60	17	102	14	109	0
S55	C	T	98	0	94	0	93	0	94	0	106	0	105	0	86	0	96	0	101	15	107	20	94	0
S56	A	T	117	0	127	0	110	0	98	0	108	0	89	0	110	0	105	0	96	16	84	28	100	0
S57	G	T	105	0	96	0	103	0	124	0	110	0	99	0	88	0	97	0	87	16	88	20	87	0
S58	G	A	89	0	105	0	100	0	89	0	94	0	102	0	94	0	104	0	97	9	83	18	89	0
S59	T	C	111	0	114	0	122	0	104	0	102	0	95	0	96	0	107	0	96	5	102	0	106	0
S60	C	T	81	0	97	0	80	0	91	0	103	0	92	0	99	0	114	0	77	7	95	0	102	0
S61	G	T	99	0	104	0	93	0	119	0	103	0	91	0	92	0	92	0	86	10	95	0	113	0
S62	T	G	110	0	114	0	77	0	95	0	98	0	104	0	100	0	87	0	85	9	95	0	83	0
S63	C	G	86	0	98	0	107	0	98	0	104	0	95	0	83	0	103	0	86	11	95	0	100	0
S64	A	T	103	0	91	0	102	0	100	0	86	0	89	0	96	0	99	0	96	10	106	0	97	0
S65	G	T	91	0	89	0	96	0	96	0	109	0	97	0	90	0	88	0	71	11	108	0	90	0
S66	C	T	106	0	94	0	98	0	98	0	100	0	100	0	96	0	105	0	97	13	99	0	103	0
S67	C	A	89	0	96	0	98	0	99	0	80	0	111	0	105	0	94	0	87	13	98	0	95	0
S68	G	T	103	0	99	0	88	0	103	0	99	0	99	0	110	0	104	0	75	10	85	0	113	0
S69	G	C	100	0	93	0	98	0	109	0	104	0	101	0	107	0	100	0	105	0	98	2	108	0
S70	T	C	108	0	96	0	94	17	76	21	89	0	103	0	105	0	98	0	91	0	104	0	99	0
S71	T	G	120	0	87	0	104	14	82	17	100	0	103	0	105	0	102	0	91	0	124	0	109	0
S72	G	T	95	2	89	18	102	0	94	0	110	0	104	0	84	0	104	0	92	0	105	0	114	0
S73	A	G	105	2	113	11	103	0	108	0	97	0	84	0	88	0	120	0	88	0	102	0	98	0
S74	A	G	97	3	90	16	100	0	82	0	75	0	96	0	102	0	89	0	103	0	103	0	99	0
S75	G	A	102	3	79	22	112	0	89	0	109	0	95	0	95	0	107	0	90	0	96	0	95	0
S76	C	T	83	8	88	22	114	0	100	0	89	0	93	0	112	0	93	0	91	0	94	0	98	0
S77	T	C	95	4	84	24	112	0	100	0	102	0	94	0	97	0	83	0	100	0	94	0	79	0
S78	T	G	118	4	74	15	102	0	112	0	86	0	97	0	85	0	104	0	107	0	91	0	102	0
