SNVID	Wild	Mut	R1:ref	R1:alt	R2:ref	R2:alt	R3:ref	R3:alt	R4:ref	R4:alt	R5:ref	R5:alt	R6:ref	R6:alt	R7:ref	R7:alt	R8:ref	R8:alt	R9:ref	R9:alt	R10:ref	R10:alt	R11:ref	R11:alt	
S1	T	C	89	22	73	20	99	18	71	21	82	16	82	15	92	5	74	26	90	7	80	19	74	28
S2	A	T	86	19	82	23	67	18	76	18	97	9	84	10	96	7	70	16	98	18	74	17	77	26
S3	C	A	75	22	65	18	92	13	83	12	91	17	63	12	68	15	90	20	83	17	82	15	74	16
S4	A	C	59	24	79	14	83	22	92	14	89	17	82	13	83	16	98	16	68	19	69	23	79	19
S5	T	G	82	18	55	18	84	25	83	14	92	12	98	16	83	18	65	22	94	11	70	19	83	21
S6	A	G	79	20	71	23	90	15	77	13	84	8	89	0	86	0	91	0	79	14	57	16	76	26
S7	C	G	96	0	107	0	93	0	106	0	93	9	87	12	85	13	73	18	102	0	96	0	108	0
S8	C	A	106	0	106	0	93	0	95	0	110	0	121	0	103	0	87	9	93	0	93	0	103	0
S9	C	G	81	0	105	0	95	0	106	0	99	0	98	0	90	0	83	9	113	0	118	0	103	0
S10	G	T	109	0	108	0	98	0	106	0	93	0	110	0	104	0	89	16	107	0	113	0	110	0
S11	T	G	104	0	97	0	99	0	114	0	90	0	80	0	98	0	92	17	89	0	91	0	84	0
S12	G	C	97	0	85	0	86	0	83	0	105	0	89	0	91	0	89	19	105	0	111	0	107	0
S13	G	A	96	0	113	0	77	0	86	0	103	0	98	0	105	0	73	18	99	0	95	0	94	0
S14	A	G	115	0	115	0	101	0	95	0	102	0	65	15	97	0	109	0	79	0	94	0	94	0
S15	C	T	104	0	106	0	102	0	114	0	86	0	104	10	98	0	110	0	100	0	104	0	109	0
S16	C	G	68	30	75	22	78	21	86	10	99	0	95	0	126	0	101	0	98	0	112	0	112	0
S17	G	A	67	17	90	17	93	28	75	16	98	0	88	0	98	0	84	0	103	0	107	0	132	0
S18	A	T	81	19	86	17	83	23	76	18	101	0	113	0	100	0	98	0	100	0	116	0	103	0
S19	A	G	70	21	75	17	89	18	99	8	98	0	96	0	104	0	100	0	96	0	79	0	100	0
S20	T	G	74	19	79	16	74	20	80	17	104	0	102	0	104	0	100	0	103	0	88	0	98	0
S21	C	T	78	15	90	14	108	20	71	19	96	0	123	0	92	0	96	0	94	0	92	0	111	0
S22	A	G	73	26	93	11	95	27	70	17	98	0	112	0	97	0	114	0	99	0	94	0	107	0
S23	C	G	82	24	74	15	87	23	91	17	99	0	84	0	91	0	116	0	103	0	117	0	103	0
S24	C	G	86	0	97	0	96	0	96	0	105	0	88	0	90	0	96	0	109	0	103	0	87	28
S25	T	A	108	0	90	0	100	0	110	0	107	0	95	0	100	0	104	0	104	0	91	0	65	24
S26	G	T	106	0	96	0	86	0	103	0	101	0	106	0	109	0	126	0	113	0	96	0	86	19
S27	C	A	88	0	109	0	105	0	93	0	95	0	99	0	91	0	96	0	85	0	107	0	97	20
S28	C	T	113	0	92	0	97	0	83	0	104	0	92	0	95	0	105	0	103	0	111	0	80	15
S29	A	C	103	0	98	0	98	0	99	0	87	0	111	0	93	0	93	0	96	0	107	0	88	22
S30	T	G	110	0	99	0	93	0	81	0	106	3	93	0	96	0	85	0	88	13	91	10	99	0
S31	C	G	114	0	104	0	93	0	93	0	117	2	93	0	105	0	102	0	78	15	79	16	110	0
S32	A	C	98	0	93	0	107	0	96	0	108	2	86	0	84	0	108	0	78	19	77	20	115	0
S33	A	G	95	0	102	0	99	0	100	0	103	3	104	0	93	0	106	0	97	11	80	23	89	0
S34	T	C	83	0	74	0	91	0	79	0	86	4	91	0	121	0	121	0	78	18	99	14	106	0
S35	A	G	103	0	118	0	107	0	115	0	97	7	113	0	92	0	86	0	84	14	82	17	102	0
S36	A	G	112	0	89	0	91	0	87	0	103	4	86	0	97	0	77	0	107	0	82	0	107	0
S37	T	A	120	0	92	0	103	0	114	0	96	3	95	0	92	0	106	0	113	0	93	0	96	0
S38	A	T	103	0	108	0	115	0	90	0	105	3	83	0	90	0	104	0	127	0	91	0	84	0
S39	A	G	122	0	117	0	102	0	97	0	85	8	102	0	92	0	100	0	91	0	97	0	120	0
S40	A	T	104	0	95	0	98	0	97	0	98	5	100	0	110	0	83	0	101	0	98	0	102	0
S41	A	T	108	0	82	0	97	0	110	0	92	5	108	0	82	0	98	0	93	0	109	0	107	0
S42	A	G	89	0	98	0	119	0	92	0	94	7	102	0	109	0	103	0	92	0	88	0	89	0
S43	G	T	93	0	106	0	104	0	108	0	112	1	94	0	97	0	98	0	105	0	93	0	102	0
S44	G	T	106	0	95	0	95	0	99	0	67	8	96	0	94	0	99	0	91	0	114	0	95	0
S45	C	A	103	0	100	0	106	0	87	0	94	6	115	0	93	0	105	0	108	0	93	0	105	0
S46	G	A	95	0	100	0	86	0	105	0	88	0	97	0	125	0	109	0	69	22	80	21	77	0
S47	A	G	88	0	117	0	104	0	103	0	95	0	95	0	109	0	102	0	87	21	76	18	106	0
S48	G	C	101	0	89	0	101	0	94	0	97	0	106	0	114	0	109	0	81	16	78	17	99	0
S49	G	A	86	0	108	0	105	0	124	0	106	0	112	0	112	0	93	0	84	17	66	26	94	0
S50	T	C	101	0	92	0	108	0	97	0	91	0	98	0	109	0	88	0	91	15	81	23	115	0
S51	A	C	110	0	97	0	123	0	96	0	94	0	110	0	84	0	100	0	96	10	86	18	91	0
S52	C	T	106	0	117	0	92	0	104	0	92	0	91	0	96	0	90	0	80	4	99	0	88	0
S53	C	T	99	0	109	0	87	0	101	0	96	0	91	0	90	0	94	0	97	17	98	0	87	0
S54	T	G	117	0	95	0	81	0	93	0	105	0	82	0	84	0	97	0	94	10	112	0	92	0
S55	A	T	107	0	98	0	110	0	97	0	107	0	102	0	96	0	106	0	90	10	97	0	99	0
S56	T	A	100	0	92	0	99	0	100	0	90	0	101	0	94	0	93	0	92	8	94	0	108	0
S57	T	C	107	0	112	0	103	0	101	0	95	0	86	0	96	0	110	0	92	10	115	0	91	0
S58	C	A	86	0	108	0	83	0	89	0	111	0	117	0	113	0	94	0	75	8	92	0	111	0
S59	C	A	106	0	82	0	92	0	97	0	108	0	94	0	94	0	112	0	109	0	102	6	114	0
S60	C	T	99	0	102	0	108	0	111	0	90	0	103	0	103	0	86	0	95	0	83	6	97	0
S61	C	A	97	0	127	0	71	22	80	17	100	0	101	0	111	0	93	0	102	0	98	0	117	0
S62	A	T	81	0	99	0	77	16	83	11	94	0	109	0	86	0	98	0	96	0	98	0	109	0
S63	A	T	87	6	86	19	94	0	96	0	100	0	99	0	105	0	108	0	96	0	97	0	105	0
S64	T	C	101	4	92	12	100	0	110	0	112	0	73	0	103	0	108	0	103	0	104	0	93	0
S65	C	T	84	6	77	18	93	0	93	0	106	0	88	0	105	0	107	0	92	0	97	0	98	0
S66	T	G	86	3	89	13	91	0	94	0	117	0	105	0	88	0	109	0	111	0	94	0	107	0
S67	C	A	79	5	77	11	110	0	122	0	76	0	99	0	79	0	80	0	101	0	79	0	98	0
S68	C	G	72	4	96	16	99	0	103	0	104	0	105	0	98	0	93	0	98	0	112	0	107	0
