SNVID	Wild	Mut	R1:ref	R1:alt	R2:ref	R2:alt	R3:ref	R3:alt	R4:ref	R4:alt	R5:ref	R5:alt	R6:ref	R6:alt	R7:ref	R7:alt	R8:ref	R8:alt	R9:ref	R9:alt	R10:ref	R10:alt	R11:ref	R11:alt	
S1	A	G	68	19	94	16	72	17	89	20	100	13	86	21	84	11	93	16	65	15	87	18	66	31
S2	A	C	74	21	82	14	86	16	87	11	80	13	86	13	107	5	79	18	62	20	69	18	91	25
S3	G	A	70	26	70	21	94	26	74	13	80	13	90	13	89	9	76	16	84	16	90	9	68	22
S4	A	G	74	22	77	8	91	17	87	15	87	15	78	16	99	11	81	15	74	21	84	17	86	25
S5	A	G	91	14	91	18	75	23	96	15	74	12	85	7	100	9	96	16	86	18	89	16	81	21
S6	C	A	86	19	74	15	69	22	86	13	81	14	89	15	82	16	66	21	88	7	93	18	104	15
S7	A	C	65	24	61	17	76	18	74	16	81	13	68	19	84	13	88	19	63	13	83	15	93	25
S8	G	T	71	25	81	17	69	23	90	12	74	16	108	9	107	10	74	20	74	14	83	22	79	31
S9	C	G	75	24	97	14	111	16	100	17	66	14	89	9	87	11	84	16	73	14	92	17	77	20
S10	T	G	72	27	80	23	78	18	96	14	72	23	92	16	74	13	105	18	89	15	99	13	102	17
S11	C	T	80	22	75	28	79	20	77	17	102	3	101	0	110	0	84	0	79	14	77	22	62	19
S12	A	G	97	0	99	0	81	0	92	0	90	7	77	18	76	6	72	18	109	0	97	0	83	0
S13	T	A	100	0	98	0	107	0	109	0	92	0	93	0	108	0	78	15	86	0	99	0	100	0
S14	A	C	102	0	118	0	103	0	101	0	96	0	84	0	115	0	91	14	94	0	97	0	94	0
S15	A	G	107	0	104	0	105	0	100	0	95	0	103	0	97	0	95	7	81	0	102	0	85	0
S16	A	G	101	0	102	0	87	0	91	0	110	0	119	0	90	0	84	10	83	0	94	0	93	0
S17	C	A	89	0	96	0	89	0	93	0	106	0	88	0	90	0	65	14	91	0	104	0	99	0
S18	G	C	108	0	110	0	115	0	84	0	97	0	102	0	96	0	84	11	92	0	92	0	101	0
S19	C	G	87	0	105	0	90	0	95	0	93	0	93	0	104	0	72	17	116	0	88	0	131	0
S20	A	T	105	0	97	0	115	0	92	0	84	0	96	0	98	0	98	12	84	0	104	0	91	0
S21	C	A	95	0	96	0	112	0	90	0	101	0	96	0	95	0	90	13	98	0	102	0	99	0
S22	G	C	104	0	96	0	95	0	96	0	100	0	93	10	105	0	106	0	116	0	104	0	94	0
S23	A	T	101	0	91	0	110	0	101	0	117	0	80	13	97	0	91	0	105	0	113	0	111	0
S24	C	T	69	27	92	22	75	16	72	15	97	0	121	0	102	0	93	0	112	0	104	0	92	0
S25	C	G	68	27	86	24	53	24	77	15	107	0	109	0	103	0	95	0	106	0	82	0	108	0
S26	A	G	110	13	82	20	99	20	77	19	87	0	90	0	108	0	98	0	103	0	100	0	107	0
S27	A	T	77	21	101	15	80	18	95	15	109	0	104	0	104	0	94	0	108	0	100	0	107	0
S28	C	A	81	22	91	13	76	22	89	16	109	0	117	0	94	0	94	0	97	0	90	0	98	0
S29	G	T	76	13	96	16	85	23	78	20	86	0	103	0	98	0	100	0	110	0	105	0	97	0
S30	T	C	93	0	92	0	89	0	96	0	109	0	93	0	98	0	83	0	88	0	93	0	88	23
S31	A	C	98	0	91	0	112	0	89	0	106	0	114	0	95	0	90	0	94	0	97	0	103	18
S32	T	G	98	0	116	0	104	0	123	0	78	0	100	0	102	0	103	0	96	0	90	0	85	23
S33	C	A	106	0	106	0	101	0	99	0	100	0	93	0	91	0	109	0	82	0	108	0	75	26
S34	A	C	105	0	98	0	97	0	102	0	112	0	110	0	90	0	104	0	97	0	85	0	75	23
S35	C	G	82	0	107	0	85	0	103	0	87	0	85	0	103	0	107	0	89	0	111	0	73	24
S36	A	G	81	0	103	0	111	0	105	0	92	0	111	0	103	0	99	0	100	0	91	0	78	19
S37	G	A	87	0	104	0	99	0	118	0	89	0	97	0	104	0	108	0	73	0	93	0	79	22
S38	C	T	93	0	98	0	89	0	87	0	101	4	112	0	99	0	120	0	81	11	66	18	98	0
S39	G	C	119	0	91	0	91	0	106	0	87	7	92	0	86	0	89	0	83	15	71	14	99	0
S40	A	G	96	0	86	0	85	0	88	0	91	5	112	0	95	0	88	0	73	14	107	20	108	0
S41	C	G	98	0	94	0	104	0	82	0	84	4	90	0	95	0	103	0	67	22	78	19	91	0
S42	T	C	115	0	127	0	101	0	94	0	96	8	109	0	88	0	94	0	110	12	81	24	98	0
S43	A	T	101	0	111	0	98	0	103	0	98	1	98	0	102	0	99	0	81	16	107	20	116	0
S44	G	C	94	0	103	0	100	0	101	0	118	5	106	0	103	0	113	0	90	19	86	6	102	0
S45	A	C	99	0	86	0	101	0	112	0	78	5	98	0	120	0	101	0	102	0	99	0	100	0
S46	T	A	105	0	103	0	99	0	98	0	105	4	89	0	91	0	85	0	95	0	114	0	95	0
S47	G	A	91	0	102	0	87	0	113	0	88	7	90	0	117	0	109	0	81	0	97	0	107	0
S48	C	A	103	0	120	0	97	0	107	0	106	2	99	0	92	0	105	0	108	0	95	0	106	0
S49	T	A	87	0	105	0	81	0	101	0	79	3	91	0	93	0	108	0	111	0	113	0	87	0
S50	T	A	106	0	83	0	101	0	95	0	105	0	105	0	112	0	101	0	63	18	111	16	94	0
S51	G	A	109	0	107	0	90	0	105	0	93	0	90	0	99	0	95	0	69	20	72	17	123	0
S52	A	G	89	0	110	0	95	0	101	0	109	0	90	0	114	0	93	0	72	21	76	19	91	0
S53	A	G	99	0	98	0	93	0	91	0	101	0	104	0	109	0	113	0	119	9	77	17	84	0
S54	G	C	93	0	101	0	77	0	105	0	106	0	85	0	93	0	100	0	89	16	94	21	106	0
S55	C	G	103	0	105	0	86	0	92	0	108	0	84	0	98	0	105	0	101	7	112	0	93	0
S56	A	T	93	0	99	0	109	0	94	0	114	0	92	0	125	0	99	0	95	9	104	0	90	0
S57	G	T	85	0	88	0	109	0	109	0	115	0	95	0	88	0	110	0	89	14	96	0	89	0
S58	G	T	112	0	98	0	110	0	111	0	100	0	98	0	103	0	105	0	91	11	92	0	90	0
S59	T	A	106	0	96	0	108	0	93	0	102	0	92	0	115	0	102	0	89	6	112	0	92	0
S60	A	T	100	0	116	0	101	0	86	0	95	0	105	0	111	0	100	0	85	9	101	0	80	0
S61	T	C	101	0	86	0	99	0	96	0	108	0	87	0	82	0	110	0	78	15	99	0	103	0
S62	C	T	94	0	97	0	108	0	95	0	91	0	99	0	93	0	103	0	95	0	107	7	104	0
S63	A	T	97	0	109	0	88	17	79	12	112	0	121	0	94	0	92	0	106	0	112	0	97	0
S64	A	T	111	0	80	0	78	23	82	14	84	0	108	0	104	0	111	0	79	0	88	0	87	0
S65	A	C	104	4	85	16	96	0	87	0	101	0	105	0	99	0	99	0	87	0	77	0	83	0
S66	T	A	101	6	90	23	94	0	114	0	90	0	95	0	100	0	101	0	100	0	107	0	103	0
S67	A	T	96	7	72	26	106	0	90	0	104	0	99	0	125	0	81	0	108	0	102	0	106	0
S68	T	G	105	5	74	18	101	0	97	0	108	0	106	0	99	0	98	0	106	0	90	0	95	0
S69	C	G	98	2	72	22	90	0	99	0	95	0	95	0	114	0	113	0	119	0	92	0	103	0
