SNVID	Wild	Mut	R1:ref	R1:alt	R2:ref	R2:alt	R3:ref	R3:alt	R4:ref	R4:alt	R5:ref	R5:alt	R6:ref	R6:alt	R7:ref	R7:alt	R8:ref	R8:alt	R9:ref	R9:alt	R10:ref	R10:alt	R11:ref	R11:alt	
S1	C	G	73	29	91	16	83	16	94	10	78	17	92	10	88	13	80	21	93	11	86	18	66	19
S2	A	G	76	13	79	15	99	11	85	17	71	9	78	11	87	11	68	17	89	12	73	18	78	22
S3	A	G	100	18	81	24	56	25	85	14	76	12	91	9	86	9	77	18	85	14	71	25	63	25
S4	T	G	93	21	83	17	79	25	74	14	91	12	84	10	98	5	79	16	100	16	76	20	62	28
S5	A	G	69	19	89	10	79	19	82	8	78	15	98	11	107	6	82	16	82	11	55	27	69	28
S6	C	G	72	22	99	20	62	22	91	14	93	10	76	9	72	11	102	17	64	18	78	25	88	21
S7	A	T	66	21	69	14	61	23	67	21	82	21	77	8	76	10	84	18	82	17	83	23	68	24
S8	C	A	85	22	79	18	76	21	78	15	85	14	85	13	74	12	70	12	79	14	69	22	78	11
S9	G	T	80	23	81	17	72	21	83	15	75	21	77	10	103	13	84	22	78	15	90	18	85	23
S10	C	A	79	21	97	9	75	19	84	18	102	8	86	0	101	0	107	0	102	15	86	12	77	20
S11	G	C	120	0	92	0	116	0	96	0	96	9	82	22	81	8	82	15	109	0	82	0	100	0
S12	A	T	105	0	103	0	102	0	99	0	108	0	87	0	102	0	95	11	97	0	117	0	107	0
S13	G	C	95	0	92	0	103	0	99	0	101	0	102	0	98	0	98	10	112	0	91	0	86	0
S14	A	G	87	0	93	0	103	0	125	0	87	0	92	0	92	0	86	9	100	0	108	0	82	0
S15	T	C	99	0	109	0	91	0	110	0	113	0	93	0	117	0	91	11	95	0	103	0	102	0
S16	T	C	89	0	84	0	97	0	112	0	95	0	87	0	110	0	86	16	95	0	92	0	105	0
S17	C	T	80	0	80	0	92	0	98	0	93	0	87	0	111	0	81	16	93	0	106	0	96	0
S18	C	G	114	0	101	0	92	0	96	0	99	0	82	5	99	0	105	0	100	0	110	0	97	0
S19	A	T	71	19	50	26	81	19	94	13	90	0	114	0	92	0	112	0	92	0	107	0	98	0
S20	T	G	84	21	81	21	77	26	95	13	115	0	85	0	100	0	104	0	99	0	99	0	99	0
S21	T	G	79	27	97	11	89	21	73	12	95	0	99	0	105	0	84	0	96	0	92	0	79	0
S22	C	T	83	25	75	24	76	31	82	17	91	0	98	0	104	0	97	0	97	0	122	0	94	0
S23	T	A	68	20	67	18	78	22	81	15	102	0	103	0	108	0	98	0	99	0	105	0	92	0
S24	A	G	74	19	84	13	70	15	75	16	85	0	105	0	100	0	99	0	104	0	87	0	100	0
S25	G	C	104	0	93	0	85	0	95	0	82	0	113	0	109	0	104	0	111	0	107	0	92	20
S26	G	C	112	0	92	0	94	0	109	0	77	0	100	0	122	0	82	0	92	0	121	0	91	21
S27	G	A	101	0	104	0	115	0	110	0	89	0	103	0	102	0	99	0	109	0	85	0	85	15
S28	T	G	105	0	102	0	109	0	102	0	103	0	109	0	112	0	81	0	107	0	87	0	80	20
S29	C	T	115	0	100	0	104	0	104	0	94	0	109	0	101	0	84	0	106	0	97	0	95	15
S30	G	A	100	0	96	0	94	0	99	0	100	0	100	0	86	0	92	0	93	0	103	0	83	13
S31	A	G	88	0	101	0	118	0	87	0	106	3	90	0	111	0	100	0	80	12	100	18	106	0
S32	T	A	100	0	112	0	99	0	94	0	108	3	111	0	101	0	102	0	99	7	76	15	92	0
S33	T	C	106	0	106	0	100	0	107	0	96	1	80	0	115	0	98	0	76	12	100	13	100	0
S34	G	A	95	0	98	0	108	0	104	0	107	3	120	0	93	0	104	0	84	10	84	15	101	0
S35	G	A	105	0	91	0	102	0	118	0	80	11	100	0	108	0	112	0	88	15	93	11	94	0
S36	G	T	110	0	106	0	100	0	103	0	98	8	96	0	102	0	105	0	110	10	83	19	95	0
S37	T	C	100	0	112	0	115	0	113	0	88	6	107	0	99	0	102	0	90	12	98	13	93	0
S38	C	G	83	0	106	0	106	0	92	0	92	8	93	0	90	0	121	0	80	12	76	15	104	0
S39	T	C	95	0	112	0	113	0	116	0	91	7	114	0	102	0	99	0	102	0	89	0	96	0
S40	A	G	95	0	96	0	115	0	103	0	103	5	113	0	83	0	111	0	129	0	99	0	117	0
S41	C	A	88	0	101	0	93	0	103	0	86	13	93	0	107	0	108	0	88	0	90	0	106	0
S42	A	C	99	0	111	0	91	0	124	0	102	3	108	0	95	0	89	0	89	0	85	0	103	0
S43	T	G	111	0	93	0	111	0	100	0	79	6	101	0	113	0	117	0	100	0	89	0	117	0
S44	T	G	106	0	104	0	100	0	93	0	112	0	85	0	117	0	97	0	79	13	75	18	107	0
S45	T	C	107	0	115	0	97	0	103	0	102	0	101	0	115	0	96	0	82	6	78	17	103	0
S46	T	A	111	0	95	0	127	0	104	0	117	0	102	0	101	0	101	0	81	14	72	19	103	0
S47	G	C	100	0	88	0	95	0	97	0	114	0	93	0	94	0	89	0	77	16	94	13	115	0
S48	T	G	109	0	103	0	102	0	86	0	96	0	98	0	111	0	100	0	77	14	75	19	82	0
S49	T	G	97	0	106	0	119	0	103	0	109	0	104	0	121	0	98	0	74	15	88	18	100	0
S50	A	C	103	0	89	0	105	0	102	0	91	0	100	0	94	0	113	0	78	12	78	14	103	0
S51	C	T	98	0	104	0	98	0	128	0	93	0	107	0	101	0	100	0	75	22	82	16	104	0
S52	C	T	87	0	104	0	100	0	109	0	85	0	88	0	100	0	110	0	97	15	98	17	88	0
S53	C	T	87	0	98	0	99	0	113	0	83	0	95	0	85	0	99	0	93	12	84	23	97	0
S54	A	C	111	0	92	0	108	0	104	0	103	0	86	0	96	0	105	0	84	9	106	0	103	0
S55	C	A	104	0	98	0	98	0	98	0	107	0	94	0	94	0	109	0	87	13	114	0	85	0
S56	T	A	95	0	99	0	93	0	102	0	97	0	113	0	99	0	111	0	104	5	106	0	90	0
S57	T	G	102	0	99	0	104	0	110	0	107	0	99	0	102	0	98	0	91	9	89	0	107	0
S58	C	A	93	0	101	0	112	0	97	0	118	0	123	0	94	0	102	0	90	9	106	0	99	0
S59	C	T	115	0	94	0	116	0	108	0	94	0	93	0	100	0	82	0	99	10	101	0	72	0
S60	G	A	100	0	89	0	98	0	92	0	94	0	99	0	97	0	97	0	84	10	90	0	112	0
S61	A	C	102	0	111	0	119	0	113	0	121	0	85	0	115	0	98	0	93	0	103	6	85	0
S62	T	A	98	0	83	0	94	12	96	15	100	0	104	0	84	0	96	0	89	0	106	0	98	0
S63	A	G	90	5	86	10	91	0	102	0	95	0	98	0	96	0	101	0	81	0	97	0	96	0
S64	C	G	89	7	64	18	101	0	110	0	114	0	107	0	96	0	93	0	113	0	95	0	91	0
S65	A	G	78	5	72	18	107	0	105	0	99	0	101	0	99	0	102	0	121	0	79	0	98	0
S66	G	T	82	4	81	18	110	0	93	0	87	0	98	0	95	0	97	0	100	0	86	0	90	0
S67	T	C	101	6	73	19	113	0	93	0	101	0	89	0	113	0	106	0	120	0	86	0	91	0
S68	G	C	80	6	75	16	123	0	93	0	106	0	105	0	86	0	103	0	93	0	97	0	91	0
S69	A	G	81	9	84	16	105	0	87	0	96	0	109	0	72	0	93	0	96	0	108	0	97	0
