SNVID	Wild	Mut	R1:ref	R1:alt	R2:ref	R2:alt	R3:ref	R3:alt	R4:ref	R4:alt	R5:ref	R5:alt	R6:ref	R6:alt	R7:ref	R7:alt	R8:ref	R8:alt	R9:ref	R9:alt	R10:ref	R10:alt	R11:ref	R11:alt	
S1	T	A	83	17	85	18	89	22	84	14	75	13	84	13	82	11	86	14	71	16	80	20	77	20
S2	A	C	83	21	78	23	70	12	83	15	95	19	82	18	79	6	103	16	74	20	73	20	54	23
S3	G	A	82	19	74	24	92	15	100	12	95	11	69	17	72	9	94	11	82	16	112	15	70	24
S4	A	C	98	12	94	15	71	24	81	6	85	20	91	13	101	9	61	17	94	17	83	13	86	19
S5	G	T	73	20	69	20	83	27	66	15	85	17	86	16	75	11	74	17	89	14	103	15	63	24
S6	C	A	87	14	87	18	78	24	95	16	87	17	90	15	88	10	67	16	76	9	71	18	91	15
S7	C	T	65	30	81	18	77	22	74	12	83	13	83	11	93	8	90	12	87	12	95	22	83	21
S8	C	A	89	16	84	19	75	26	78	20	95	16	65	15	86	17	81	15	85	15	58	17	83	26
S9	C	A	100	17	86	14	84	16	94	15	67	15	67	14	96	12	88	14	99	14	80	12	63	28
S10	T	A	74	19	80	17	76	23	96	15	86	15	77	10	94	14	83	17	82	12	88	26	92	24
S11	A	C	89	24	72	25	72	18	94	16	96	8	115	0	92	0	101	0	94	15	73	26	88	19
S12	A	G	88	0	97	0	106	0	92	0	87	10	94	12	75	15	70	19	105	0	103	0	115	0
S13	T	G	92	0	101	0	104	0	103	0	105	0	90	0	113	0	75	13	107	0	99	0	97	0
S14	T	C	109	0	85	0	101	0	108	0	114	0	99	0	96	0	78	13	102	0	117	0	102	0
S15	A	G	103	0	107	0	107	0	84	0	98	0	105	0	112	0	81	13	106	0	102	0	91	0
S16	C	A	94	0	96	0	92	0	110	0	101	0	105	0	108	0	73	20	95	0	98	0	102	0
S17	G	C	95	0	90	0	97	0	78	0	92	0	109	0	109	0	91	13	107	0	110	0	102	0
S18	T	C	111	0	109	0	86	0	118	0	100	0	92	0	100	0	99	13	114	0	112	0	92	0
S19	T	A	89	0	78	0	77	0	76	0	92	0	104	0	90	0	83	10	90	0	111	0	95	0
S20	A	T	83	0	99	0	110	0	85	0	108	0	82	16	105	0	107	0	98	0	79	0	83	0
S21	G	T	76	18	74	24	91	18	102	16	104	0	85	0	98	0	101	0	113	0	95	0	112	0
S22	C	G	87	20	79	18	93	13	102	12	85	0	89	0	88	0	117	0	106	0	107	0	94	0
S23	G	T	84	13	81	19	94	19	64	15	119	0	117	0	96	0	93	0	91	0	103	0	107	0
S24	C	G	110	17	86	15	116	15	97	20	96	0	102	0	104	0	98	0	105	0	109	0	93	0
S25	C	A	47	30	82	20	74	20	97	17	100	0	101	0	124	0	120	0	84	0	86	0	101	0
S26	A	G	88	14	85	15	81	23	91	12	84	0	86	0	81	0	104	0	93	0	103	0	104	0
S27	G	A	94	11	83	18	86	16	63	19	103	0	105	0	92	0	102	0	110	0	120	0	82	0
S28	A	G	100	0	116	0	117	0	111	0	104	0	93	0	91	0	100	0	102	0	107	0	87	23
S29	C	A	104	0	101	0	107	0	93	0	83	0	113	0	117	0	106	0	104	0	108	0	108	18
S30	C	T	99	0	97	0	107	0	98	0	109	0	95	0	118	0	82	0	95	0	109	0	94	14
S31	A	T	114	0	94	0	115	0	104	0	96	0	82	0	100	0	118	0	105	0	95	0	77	23
S32	T	A	109	0	120	0	107	0	83	0	105	0	84	0	105	0	93	0	100	0	95	0	88	12
S33	A	G	102	0	95	0	110	0	89	0	86	0	103	0	116	0	125	0	94	0	140	0	71	23
S34	G	A	87	0	99	0	102	0	87	0	95	0	109	0	98	0	98	0	95	0	111	0	63	20
S35	T	G	107	0	94	0	115	0	87	0	94	0	99	0	81	0	103	0	107	0	101	0	81	24
S36	T	G	113	0	105	0	109	0	89	0	99	0	91	0	88	0	91	0	96	0	87	0	86	18
S37	A	G	98	0	105	0	110	0	104	0	101	0	105	0	101	0	102	0	95	0	102	0	76	17
S38	T	C	104	0	94	0	94	0	108	0	106	4	115	0	112	0	99	0	64	14	73	21	93	0
S39	C	T	114	0	88	0	126	0	95	0	98	4	95	0	111	0	106	0	72	18	77	26	98	0
S40	T	C	89	0	123	0	112	0	107	0	90	4	99	0	111	0	87	0	75	18	59	26	107	0
S41	A	C	78	0	110	0	104	0	93	0	86	7	94	0	106	0	104	0	87	17	83	24	98	0
S42	A	C	102	0	85	0	124	0	95	0	93	8	106	0	99	0	107	0	100	10	65	21	124	0
S43	T	A	102	0	86	0	89	0	103	0	114	5	91	0	78	0	86	0	78	13	86	10	92	0
S44	G	T	95	0	107	0	101	0	93	0	101	5	76	0	80	0	97	0	81	18	77	13	97	0
S45	G	C	99	0	111	0	91	0	111	0	101	3	100	0	108	0	95	0	86	0	108	0	92	0
S46	A	G	102	0	119	0	86	0	111	0	100	6	135	0	99	0	110	0	109	0	94	0	87	0
S47	C	T	89	0	111	0	117	0	83	0	100	5	101	0	110	0	96	0	108	0	111	0	108	0
S48	T	G	86	0	102	0	111	0	111	0	97	9	117	0	102	0	93	0	109	0	106	0	111	0
S49	G	T	113	0	94	0	118	0	88	0	81	10	104	0	93	0	123	0	113	0	87	0	98	0
S50	G	T	109	0	96	0	98	0	95	0	108	5	107	0	105	0	115	0	100	0	111	0	99	0
S51	G	T	87	0	92	0	109	0	114	0	107	1	129	0	102	0	94	0	103	0	112	0	95	0
S52	A	C	102	0	91	0	93	0	119	0	104	0	107	0	91	0	106	0	78	9	88	18	96	0
S53	A	C	95	0	94	0	101	0	106	0	85	0	102	0	91	0	103	0	88	14	92	14	94	0
S54	A	G	88	0	121	0	105	0	100	0	94	0	108	0	92	0	95	0	79	14	70	24	101	0
S55	A	G	109	0	92	0	109	0	108	0	82	0	100	0	120	0	113	0	70	17	92	15	110	0
S56	C	A	108	0	91	0	98	0	122	0	92	0	88	0	116	0	88	0	72	16	66	15	95	0
S57	C	T	115	0	103	0	87	0	100	0	89	0	110	0	104	0	97	0	79	18	80	16	106	0
S58	T	A	104	0	86	0	89	0	108	0	89	0	84	0	87	0	102	0	68	13	83	16	90	0
S59	T	G	101	0	88	0	104	0	94	0	101	0	91	0	103	0	124	0	112	10	108	0	111	0
S60	G	A	100	0	90	0	105	0	105	0	100	0	103	0	93	0	81	0	93	11	116	0	95	0
S61	G	T	114	0	103	0	104	0	95	0	79	0	102	0	100	0	85	0	89	8	89	0	83	0
S62	T	C	103	0	97	0	106	0	116	0	105	0	107	0	107	0	111	0	101	10	119	0	112	0
S63	A	T	112	0	99	0	80	0	101	0	93	0	127	0	97	0	116	0	87	12	110	0	101	0
S64	A	C	92	0	112	0	105	0	92	0	97	0	115	0	102	0	101	0	80	10	120	0	86	0
S65	C	G	98	0	80	0	109	0	93	0	91	0	88	0	113	0	87	0	89	7	96	0	90	0
S66	T	C	107	0	95	0	100	0	96	0	110	0	101	0	106	0	107	0	97	0	95	4	104	0
S67	A	C	104	0	98	0	89	0	102	0	102	0	104	0	103	0	110	0	106	0	94	8	93	0
S68	T	C	104	0	87	0	57	17	73	18	108	0	106	0	107	0	96	0	107	0	80	0	111	0
S69	T	C	92	5	78	18	95	0	104	0	88	0	112	0	111	0	103	0	95	0	100	0	107	0
S70	G	A	96	6	69	22	110	0	95	0	80	0	99	0	106	0	118	0	120	0	96	0	108	0
S71	T	A	93	4	95	21	94	0	101	0	97	0	95	0	96	0	99	0	75	0	94	0	90	0
S72	G	T	90	5	95	20	104	0	109	0	93	0	119	0	106	0	103	0	106	0	110	0	121	0
S73	C	A	86	4	72	17	92	0	104	0	130	0	112	0	103	0	108	0	119	0	90	0	114	0
S74	G	C	84	5	98	12	95	0	110	0	106	0	101	0	108	0	96	0	98	0	112	0	86	0
