SNVID	Wild	Mut	R1:ref	R1:alt	R2:ref	R2:alt	R3:ref	R3:alt	R4:ref	R4:alt	R5:ref	R5:alt	R6:ref	R6:alt	R7:ref	R7:alt	R8:ref	R8:alt	R9:ref	R9:alt	R10:ref	R10:alt	R11:ref	R11:alt	
S1	T	G	62	27	90	22	88	12	76	19	93	13	75	20	71	10	73	26	67	11	87	15	89	16
S2	A	G	78	23	74	18	87	20	87	10	81	12	87	10	83	18	96	15	103	12	80	21	102	16
S3	C	A	72	19	82	19	73	16	65	19	98	17	75	12	95	1	68	25	94	12	82	15	88	22
S4	G	T	69	19	75	19	74	20	96	10	88	12	94	11	91	9	104	21	70	16	107	18	85	19
S5	G	C	89	25	70	23	83	15	98	20	79	14	86	11	89	5	90	14	92	9	67	27	56	24
S6	A	C	104	22	101	18	70	26	75	12	103	6	101	0	93	0	99	0	70	21	84	13	79	21
S7	T	A	107	0	98	0	106	0	103	0	91	9	85	17	92	7	72	26	101	0	97	0	92	0
S8	C	G	104	0	115	0	101	0	107	0	100	0	110	0	110	0	76	21	96	0	104	0	91	0
S9	G	C	103	0	98	0	112	0	109	0	121	0	112	0	84	0	92	18	121	0	107	0	113	0
S10	C	G	91	0	114	0	124	0	104	0	96	0	82	0	109	0	104	13	99	0	83	0	103	0
S11	G	A	109	0	102	0	99	0	100	0	114	0	100	0	87	0	96	8	90	0	101	0	105	0
S12	G	A	92	0	93	0	109	0	86	0	91	0	99	0	104	0	90	9	95	0	118	0	103	0
S13	T	A	106	0	111	0	94	0	91	0	106	0	109	0	89	0	95	15	101	0	106	0	84	0
S14	A	C	105	0	106	0	105	0	110	0	113	0	104	0	100	0	91	14	89	0	95	0	92	0
S15	A	T	108	0	103	0	114	0	108	0	110	0	76	13	115	0	115	0	93	0	96	0	95	0
S16	A	G	116	0	107	0	100	0	123	0	95	0	94	9	95	0	100	0	114	0	102	0	103	0
S17	G	C	99	15	73	12	81	26	90	18	112	0	109	0	122	0	96	0	89	0	102	0	98	0
S18	A	T	80	23	94	13	86	17	81	16	103	0	102	0	95	0	99	0	122	0	95	0	96	0
S19	A	C	101	15	84	20	77	22	78	14	116	0	111	0	71	0	90	0	91	0	113	0	102	0
S20	T	G	77	27	86	16	84	18	80	26	101	0	128	0	94	0	86	0	108	0	93	0	111	0
S21	T	G	62	17	83	15	69	21	85	11	86	0	110	0	85	0	110	0	95	0	107	0	94	0
S22	C	A	89	16	92	20	89	20	92	14	106	0	102	0	101	0	98	0	100	0	97	0	91	0
S23	T	A	83	14	67	11	85	21	96	10	87	0	84	0	105	0	104	0	94	0	109	0	114	0
S24	A	C	84	18	105	17	77	15	108	19	81	0	100	0	109	0	96	0	90	0	76	0	102	0
S25	A	T	89	0	112	0	85	0	106	0	94	0	109	0	99	0	86	0	96	0	105	0	93	17
S26	A	C	94	0	89	0	101	0	114	0	109	0	115	0	92	0	95	0	110	0	95	0	92	17
S27	C	G	104	0	91	0	100	0	106	0	92	0	106	0	95	0	106	0	105	0	96	0	98	18
S28	T	C	103	0	86	0	105	0	94	0	95	0	93	0	107	0	110	0	98	0	109	0	69	18
S29	C	T	112	0	91	0	113	0	86	0	88	0	93	0	105	0	94	0	97	0	94	0	65	17
S30	T	G	102	0	95	0	91	0	109	0	84	5	99	0	104	0	104	0	85	8	92	15	95	0
S31	A	G	97	0	90	0	102	0	111	0	107	4	113	0	103	0	124	0	72	15	100	16	98	0
S32	C	G	109	0	109	0	116	0	107	0	79	9	92	0	93	0	115	0	70	25	86	12	110	0
S33	T	A	94	0	111	0	109	0	106	0	106	4	97	0	98	0	101	0	89	13	84	19	80	0
S34	T	A	83	0	92	0	89	0	104	0	103	6	98	0	94	0	98	0	94	21	90	10	103	0
S35	A	C	90	0	95	0	87	0	84	0	93	4	80	0	99	0	130	0	77	21	87	15	103	0
S36	C	T	92	0	102	0	95	0	95	0	83	9	101	0	91	0	107	0	100	0	103	0	87	0
S37	C	T	109	0	93	0	87	0	81	0	95	5	107	0	91	0	95	0	107	0	104	0	89	0
S38	T	A	97	0	73	0	94	0	108	0	72	4	94	0	104	0	98	0	100	0	117	0	101	0
S39	C	T	100	0	82	0	103	0	85	0	93	4	97	0	88	0	100	0	91	0	87	0	104	0
S40	T	A	91	0	103	0	112	0	102	0	112	3	109	0	102	0	87	0	98	0	97	0	88	0
S41	T	G	98	0	124	0	103	0	114	0	87	2	92	0	111	0	101	0	99	0	94	0	97	0
S42	T	C	98	0	116	0	99	0	103	0	108	3	88	0	93	0	93	0	95	0	90	0	76	0
S43	A	T	105	0	109	0	95	0	112	0	112	6	106	0	104	0	85	0	91	0	94	0	87	0
S44	G	C	104	0	105	0	111	0	90	0	97	0	89	0	97	0	99	0	79	13	92	21	88	0
S45	C	A	93	0	91	0	95	0	105	0	91	0	90	0	93	0	109	0	66	17	75	20	110	0
S46	T	A	98	0	86	0	121	0	101	0	107	0	96	0	115	0	100	0	97	16	82	25	121	0
S47	T	C	113	0	102	0	98	0	108	0	106	0	94	0	106	0	115	0	82	24	99	14	105	0
S48	T	G	91	0	99	0	102	0	120	0	96	0	89	0	100	0	98	0	97	19	68	23	81	0
S49	C	G	93	0	90	0	118	0	117	0	101	0	89	0	103	0	107	0	98	17	82	13	92	0
S50	G	C	93	0	107	0	95	0	101	0	90	0	92	0	88	0	119	0	88	17	76	27	90	0
S51	T	C	97	0	104	0	102	0	90	0	94	0	109	0	110	0	113	0	88	19	76	14	87	0
S52	T	C	101	0	91	0	95	0	95	0	100	0	122	0	108	0	93	0	87	11	90	0	87	0
S53	G	C	96	0	95	0	100	0	97	0	107	0	100	0	97	0	85	0	84	9	113	0	109	0
S54	A	T	94	0	102	0	95	0	101	0	91	0	106	0	95	0	97	0	91	7	80	0	94	0
S55	C	A	111	0	100	0	85	0	99	0	111	0	82	0	101	0	95	0	80	9	96	0	90	0
S56	A	C	106	0	94	0	83	0	109	0	104	0	105	0	98	0	89	0	96	12	111	0	107	0
S57	G	A	105	0	95	0	83	0	90	0	102	0	112	0	106	0	104	0	84	7	125	0	110	0
S58	T	C	100	0	105	0	99	0	116	0	106	0	103	0	92	0	86	0	98	14	102	0	89	0
S59	A	C	92	0	98	0	96	0	123	0	110	0	102	0	110	0	106	0	86	8	103	0	103	0
S60	A	G	99	0	111	0	98	0	113	0	110	0	108	0	106	0	103	0	91	11	101	0	103	0
S61	A	T	89	0	104	0	106	0	112	0	98	0	107	0	125	0	90	0	91	10	89	0	118	0
S62	C	T	97	0	114	0	108	0	105	0	81	0	93	0	87	0	97	0	78	0	83	7	101	0
S63	A	G	98	0	103	0	100	0	111	0	91	0	100	0	106	0	98	0	85	0	96	9	94	0
S64	A	G	111	0	96	0	94	21	56	21	105	0	90	0	96	0	92	0	117	0	97	0	76	0
S65	A	T	100	0	107	0	67	27	94	11	87	0	81	0	106	0	93	0	122	0	97	0	93	0
S66	T	A	94	3	87	20	79	0	85	0	101	0	107	0	99	0	98	0	103	0	126	0	97	0
S67	G	T	93	5	103	14	76	0	94	0	103	0	103	0	100	0	99	0	98	0	90	0	105	0
S68	T	C	84	3	93	13	109	0	106	0	113	0	105	0	106	0	105	0	117	0	102	0	90	0
S69	G	C	92	3	66	16	91	0	81	0	121	0	102	0	108	0	92	0	100	0	103	0	92	0
S70	A	C	107	4	103	18	104	0	109	0	92	0	95	0	101	0	91	0	112	0	102	0	95	0
S71	T	A	98	2	74	16	98	0	99	0	79	0	94	0	98	0	93	0	114	0	112	0	92	0
S72	C	T	100	5	92	15	93	0	94	0	94	0	90	0	95	0	97	0	96	0	95	0	81	0
S73	C	G	77	5	88	18	101	0	85	0	106	0	102	0	100	0	99	0	89	0	108	0	73	0
S74	T	G	80	8	75	15	103	0	97	0	101	0	121	0	106	0	98	0	121	0	93	0	94	0
S75	T	A	83	5	82	22	86	0	73	0	98	0	97	0	98	0	104	0	82	0	99	0	101	0
