SNVID	Wild	Mut	R1:ref	R1:alt	R2:ref	R2:alt	R3:ref	R3:alt	R4:ref	R4:alt	R5:ref	R5:alt	R6:ref	R6:alt	R7:ref	R7:alt	R8:ref	R8:alt	R9:ref	R9:alt	R10:ref	R10:alt	R11:ref	R11:alt	
S1	C	A	80	20	97	15	73	24	102	10	79	17	113	10	99	12	98	14	72	22	97	15	93	25
S2	T	A	56	25	79	17	76	18	87	11	77	22	78	15	85	15	81	11	75	16	78	16	90	18
S3	G	A	77	25	82	16	70	18	104	11	90	20	104	14	92	9	75	18	78	17	73	22	72	26
S4	G	C	72	10	76	18	79	16	76	18	88	20	104	9	99	12	90	19	90	15	93	21	86	19
S5	G	T	81	14	93	19	67	17	77	14	78	16	91	13	89	12	58	20	80	11	96	16	76	22
S6	T	C	86	19	79	13	83	23	106	14	67	18	96	18	96	7	67	15	88	16	74	16	79	30
S7	G	T	72	18	81	18	93	20	87	16	79	15	87	17	88	10	66	19	89	13	83	10	71	24
S8	C	T	80	22	71	21	78	28	75	17	80	14	72	11	102	12	60	19	77	21	66	16	84	28
S9	T	C	84	13	101	17	77	21	65	16	84	11	94	17	91	8	79	22	87	13	71	18	93	19
S10	A	G	85	12	75	27	80	9	58	21	95	20	87	13	87	14	67	22	71	14	67	19	71	25
S11	C	A	77	18	86	15	87	24	90	14	97	7	92	0	92	0	87	0	82	14	76	21	91	15
S12	G	T	105	0	116	0	102	0	101	0	96	7	87	14	86	14	90	16	101	0	91	0	103	0
S13	A	C	83	0	89	0	114	0	102	0	92	0	97	0	101	0	74	12	95	0	101	0	99	0
S14	A	G	108	0	110	0	92	0	104	0	97	0	94	0	101	0	90	8	102	0	99	0	110	0
S15	C	G	107	0	113	0	109	0	90	0	92	0	101	0	86	0	88	13	74	0	104	0	115	0
S16	T	C	87	0	106	0	97	0	91	0	92	0	108	0	106	0	101	11	88	0	99	0	105	0
S17	A	G	101	0	116	0	94	0	129	0	111	0	83	0	92	0	68	15	96	0	112	0	92	0
S18	T	A	102	0	96	0	106	0	92	0	90	0	104	6	92	0	94	0	87	0	107	0	112	0
S19	T	A	83	0	116	0	117	0	104	0	97	0	93	6	122	0	96	0	97	0	91	0	119	0
S20	C	G	67	24	92	14	75	24	89	11	91	0	99	0	87	0	86	0	71	0	86	0	89	0
S21	C	A	55	26	86	23	82	17	92	15	103	0	128	0	80	0	94	0	104	0	89	0	97	0
S22	G	T	66	31	70	17	72	26	87	12	86	0	106	0	89	0	108	0	103	0	106	0	88	0
S23	A	C	87	18	67	26	82	20	94	16	97	0	107	0	87	0	88	0	92	0	90	0	106	0
S24	G	C	73	17	93	14	61	27	96	12	95	0	87	0	103	0	101	0	101	0	98	0	97	0
S25	T	G	89	0	90	0	106	0	107	0	93	0	113	0	106	0	91	0	97	0	100	0	81	21
S26	C	G	96	0	94	0	92	0	113	0	89	0	100	0	93	0	103	0	85	0	96	0	69	24
S27	C	T	88	0	102	0	119	0	114	0	92	0	85	0	96	0	94	0	72	0	85	0	76	22
S28	T	G	102	0	113	0	105	0	101	0	109	0	93	0	99	0	87	0	110	0	80	0	77	21
S29	A	C	92	0	89	0	106	0	102	0	122	0	83	0	94	0	100	0	108	0	94	0	73	19
S30	C	A	90	0	121	0	113	0	117	0	112	0	118	0	98	0	99	0	80	0	101	0	80	21
S31	T	A	100	0	97	0	107	0	93	0	94	0	93	0	96	0	92	0	104	0	88	0	74	16
S32	T	C	99	0	125	0	104	0	97	0	114	0	84	0	100	0	102	0	94	0	103	0	99	17
S33	C	A	92	0	101	0	110	0	94	0	112	0	103	0	107	0	107	0	94	0	105	0	78	17
S34	T	G	102	0	96	0	107	0	97	0	85	7	89	0	105	0	94	0	89	18	72	15	95	0
S35	A	C	83	0	112	0	111	0	95	0	95	6	97	0	101	0	106	0	97	9	86	20	103	0
S36	A	T	99	0	111	0	103	0	103	0	82	10	98	0	124	0	96	0	80	15	77	15	99	0
S37	G	T	95	0	91	0	103	0	96	0	94	6	119	0	99	0	116	0	105	13	90	19	94	0
S38	C	G	77	0	105	0	108	0	86	0	110	7	84	0	85	0	93	0	84	12	81	18	97	0
S39	G	C	105	0	90	0	94	0	123	0	92	2	89	0	100	0	98	0	95	18	86	16	108	0
S40	A	C	117	0	105	0	107	0	96	0	96	4	112	0	111	0	107	0	87	13	105	14	91	0
S41	G	A	121	0	106	0	93	0	93	0	97	2	96	0	102	0	109	0	100	11	100	16	106	0
S42	A	G	95	0	101	0	95	0	109	0	79	9	84	0	106	0	110	0	96	14	85	17	113	0
S43	A	C	109	0	94	0	104	0	97	0	103	6	100	0	96	0	97	0	100	0	98	0	108	0
S44	A	C	82	0	86	0	114	0	98	0	84	4	114	0	109	0	102	0	86	0	99	0	97	0
S45	A	T	105	0	102	0	109	0	106	0	96	1	91	0	82	0	99	0	91	0	72	0	85	0
S46	A	G	105	0	74	0	82	0	124	0	86	5	91	0	101	0	94	0	90	0	93	0	91	0
S47	C	T	116	0	92	0	95	0	91	0	90	6	103	0	101	0	94	0	93	0	107	0	99	0
S48	T	G	76	0	109	0	112	0	88	0	100	4	99	0	77	0	91	0	94	0	87	0	96	0
S49	A	G	100	0	118	0	98	0	94	0	108	2	98	0	76	0	95	0	91	0	98	0	95	0
S50	G	A	99	0	116	0	97	0	88	0	101	4	113	0	117	0	110	0	100	0	90	0	106	0
S51	G	T	120	0	100	0	86	0	103	0	70	6	95	0	84	0	114	0	106	0	95	0	109	0
S52	C	A	82	0	107	0	102	0	109	0	104	0	85	0	96	0	101	0	64	19	85	12	103	0
S53	C	T	108	0	92	0	87	0	81	0	100	0	117	0	99	0	111	0	69	21	79	23	101	0
S54	C	T	85	0	95	0	91	0	91	0	108	0	105	0	117	0	110	0	87	18	80	15	102	0
S55	G	T	118	0	125	0	104	0	105	0	107	0	109	0	95	0	80	0	94	14	73	25	116	0
S56	T	C	111	0	85	0	104	0	94	0	106	0	99	0	96	0	108	0	69	22	69	19	106	0
S57	T	A	96	0	91	0	93	0	93	0	93	0	82	0	117	0	101	0	67	19	97	12	86	0
S58	G	C	96	0	105	0	110	0	93	0	101	0	112	0	106	0	91	0	63	16	73	20	93	0
S59	C	G	117	0	103	0	100	0	111	0	90	0	95	0	113	0	93	0	78	14	88	14	107	0
S60	A	G	102	0	105	0	73	0	109	0	98	0	103	0	90	0	94	0	96	17	102	12	100	0
S61	A	C	98	0	118	0	92	0	97	0	88	0	100	0	101	0	99	0	102	2	107	0	107	0
S62	G	T	81	0	95	0	110	0	114	0	104	0	113	0	148	0	98	0	83	10	104	0	98	0
S63	G	A	96	0	98	0	92	0	109	0	99	0	95	0	99	0	81	0	81	9	96	0	107	0
S64	A	T	87	0	107	0	107	0	105	0	111	0	92	0	102	0	115	0	93	10	92	0	121	0
S65	G	T	97	0	104	0	96	0	104	0	103	0	66	0	104	0	89	0	85	15	106	0	85	0
S66	T	A	96	0	110	0	96	0	99	0	92	0	98	0	107	0	96	0	82	12	83	0	89	0
S67	C	G	89	0	85	0	87	0	90	0	101	0	99	0	93	0	109	0	104	0	79	11	108	0
S68	A	C	97	0	103	0	113	0	103	0	106	0	91	0	112	0	99	0	112	0	99	7	106	0
S69	C	A	105	0	104	0	70	23	88	20	98	0	90	0	93	0	110	0	116	0	89	0	103	0
S70	T	A	72	6	78	16	90	0	98	0	96	0	91	0	90	0	109	0	88	0	96	0	93	0
S71	C	T	82	6	83	20	96	0	106	0	116	0	87	0	86	0	85	0	99	0	103	0	99	0
S72	A	C	97	3	75	19	96	0	90	0	96	0	95	0	103	0	92	0	109	0	97	0	93	0
S73	G	A	89	10	74	15	104	0	107	0	93	0	100	0	96	0	92	0	103	0	95	0	104	0
S74	A	T	110	4	72	21	86	0	105	0	118	0	110	0	98	0	95	0	110	0	113	0	87	0
S75	T	G	112	4	68	24	92	0	109	0	117	0	81	0	121	0	94	0	91	0	107	0	104	0
S76	T	G	103	4	71	19	110	0	108	0	92	0	99	0	110	0	113	0	101	0	94	0	95	0
S77	C	A	102	7	78	24	96	0	98	0	95	0	95	0	103	0	100	0	117	0	105	0	98	0
S78	A	C	100	3	70	22	103	0	100	0	80	0	98	0	109	0	92	0	88	0	105	0	106	0
