SNVID	Wild	Mut	R1:ref	R1:alt	R2:ref	R2:alt	R3:ref	R3:alt	R4:ref	R4:alt	R5:ref	R5:alt	R6:ref	R6:alt	R7:ref	R7:alt	R8:ref	R8:alt	R9:ref	R9:alt	R10:ref	R10:alt	R11:ref	R11:alt	
S1	G	A	66	18	66	21	66	14	84	10	80	16	102	11	77	14	94	18	90	10	56	22	65	21
S2	C	A	90	21	81	17	91	13	69	21	78	15	85	13	86	15	104	17	73	12	62	20	74	21
S3	A	T	86	21	80	20	65	24	86	15	81	14	79	11	88	15	89	20	81	20	73	25	58	30
S4	G	C	64	31	73	18	79	16	96	12	93	17	99	13	71	5	87	22	90	10	69	21	76	22
S5	T	A	82	19	77	19	70	23	95	13	80	12	83	13	97	10	86	11	58	17	107	17	95	21
S6	C	T	72	27	83	15	85	22	88	14	87	11	103	12	101	9	89	18	94	15	77	20	75	17
S7	T	C	88	18	91	25	85	17	84	15	77	16	100	13	100	11	81	25	85	12	103	15	78	20
S8	C	G	83	12	86	13	77	19	94	12	66	14	97	10	80	12	101	12	89	11	73	17	69	20
S9	G	T	78	20	79	21	102	21	103	8	64	16	78	11	83	7	74	20	82	13	66	24	61	27
S10	C	A	64	22	83	22	90	16	87	11	82	6	107	0	99	0	82	0	79	16	82	15	92	19
S11	G	A	82	0	97	0	91	0	102	0	92	8	78	14	75	16	83	14	100	0	97	0	96	0
S12	A	T	100	0	94	0	94	0	114	0	106	0	121	0	117	0	89	14	125	0	104	0	112	0
S13	T	A	114	0	109	0	105	0	104	0	120	0	105	0	95	0	83	12	93	0	106	0	108	0
S14	A	C	104	0	101	0	99	0	104	0	100	0	102	0	95	0	92	9	115	0	97	0	109	0
S15	G	C	111	0	96	0	95	0	101	0	95	0	96	0	90	0	81	8	104	0	96	0	102	0
S16	G	C	109	0	116	0	100	0	94	0	95	0	96	0	100	0	64	14	93	0	86	0	95	0
S17	A	C	95	0	93	0	105	0	96	0	102	0	108	0	105	0	95	13	98	0	119	0	100	0
S18	G	T	104	0	100	0	99	0	89	0	96	0	110	0	102	0	68	15	90	0	84	0	85	0
S19	C	T	103	0	117	0	100	0	101	0	103	0	91	17	97	0	96	0	115	0	97	0	85	0
S20	G	C	106	17	74	29	81	13	92	13	83	0	81	0	118	0	120	0	107	0	114	0	82	0
S21	A	T	63	27	76	18	80	17	90	14	81	0	88	0	97	0	112	0	102	0	116	0	95	0
S22	G	A	86	21	73	19	69	19	74	16	94	0	107	0	92	0	102	0	103	0	99	0	83	0
S23	A	C	79	17	79	17	78	14	81	20	77	0	109	0	82	0	108	0	95	0	84	0	88	0
S24	G	A	96	15	89	20	82	19	93	14	128	0	90	0	99	0	104	0	112	0	114	0	99	0
S25	G	A	75	18	82	18	83	23	83	15	91	0	101	0	83	0	110	0	94	0	89	0	100	0
S26	A	T	99	0	95	0	116	0	88	0	100	0	112	0	98	0	104	0	81	0	75	0	70	20
S27	T	G	91	0	98	0	103	0	100	0	101	0	95	0	103	0	102	0	106	0	98	0	63	26
S28	G	T	89	0	86	0	97	0	114	0	80	0	98	0	94	0	96	0	100	0	109	0	84	19
S29	A	C	81	0	101	0	97	0	96	0	116	0	90	0	102	0	112	0	100	0	109	0	87	15
S30	A	C	95	0	92	0	104	0	92	0	95	0	94	0	99	0	107	0	105	0	99	0	85	17
S31	T	G	97	0	110	0	97	0	87	0	100	0	101	0	96	0	104	0	94	0	100	0	83	17
S32	T	A	104	0	89	0	100	0	94	0	95	0	105	0	66	0	96	0	98	0	89	0	76	21
S33	G	C	96	0	109	0	98	0	101	0	90	0	101	0	97	0	99	0	95	0	88	0	77	22
S34	G	A	123	0	94	0	96	0	108	0	107	3	90	0	98	0	98	0	84	17	81	21	101	0
S35	T	C	99	0	106	0	97	0	106	0	102	3	101	0	97	0	110	0	106	10	82	18	104	0
S36	G	A	110	0	121	0	93	0	103	0	89	4	87	0	91	0	107	0	94	11	77	19	90	0
S37	C	T	90	0	109	0	100	0	99	0	99	5	108	0	104	0	112	0	106	10	89	21	99	0
S38	G	C	107	0	98	0	108	0	113	0	91	1	86	0	77	0	116	0	78	13	92	17	88	0
S39	T	C	93	0	134	0	96	0	97	0	112	5	99	0	113	0	112	0	88	0	92	0	89	0
S40	G	A	91	0	109	0	110	0	97	0	93	1	116	0	93	0	91	0	101	0	107	0	91	0
S41	C	T	108	0	115	0	103	0	96	0	89	4	110	0	102	0	94	0	104	0	89	0	96	0
S42	A	T	100	0	126	0	115	0	92	0	102	4	108	0	98	0	112	0	100	0	97	0	114	0
S43	C	G	102	0	115	0	109	0	107	0	97	5	100	0	102	0	93	0	102	0	104	0	113	0
S44	C	T	111	0	107	0	97	0	91	0	109	0	90	0	89	0	105	0	92	17	77	22	94	0
S45	C	G	115	0	91	0	104	0	97	0	97	0	105	0	89	0	98	0	85	14	72	15	99	0
S46	C	A	102	0	104	0	107	0	100	0	102	0	99	0	108	0	82	0	90	16	74	20	79	0
S47	T	A	94	0	102	0	94	0	93	0	94	0	103	0	74	0	89	0	90	13	72	19	88	0
S48	G	T	108	0	90	0	88	0	102	0	120	0	92	0	103	0	103	0	71	15	79	14	100	0
S49	G	C	97	0	92	0	105	0	98	0	91	0	114	0	83	0	81	0	84	12	83	17	104	0
S50	T	C	91	0	101	0	87	0	110	0	97	0	107	0	111	0	102	0	92	14	103	20	104	0
S51	G	C	91	0	97	0	85	0	104	0	116	0	105	0	94	0	95	0	106	11	90	18	95	0
S52	T	A	112	0	84	0	113	0	82	0	100	0	101	0	105	0	89	0	92	9	95	0	106	0
S53	T	G	102	0	105	0	87	0	101	0	84	0	85	0	92	0	87	0	86	10	103	0	119	0
S54	T	G	100	0	97	0	99	0	88	0	106	0	105	0	109	0	102	0	93	12	107	0	109	0
S55	C	T	104	0	86	0	93	0	91	0	102	0	100	0	88	0	91	0	115	5	85	0	111	0
S56	A	G	88	0	106	0	108	0	105	0	111	0	90	0	111	0	111	0	95	16	93	0	100	0
S57	A	T	111	0	81	0	100	0	105	0	92	0	101	0	113	0	99	0	92	8	95	0	102	0
S58	G	A	91	0	94	0	107	0	125	0	94	0	102	0	89	0	92	0	85	8	112	0	106	0
S59	T	G	101	0	93	0	94	0	96	0	103	0	85	0	108	0	107	0	94	9	106	0	112	0
S60	G	C	109	0	92	0	97	0	103	0	110	0	99	0	88	0	107	0	95	0	88	6	107	0
S61	G	T	112	0	89	0	93	23	81	17	101	0	106	0	108	0	100	0	108	0	98	0	96	0
S62	A	C	117	0	93	0	81	20	91	8	92	0	114	0	94	0	101	0	95	0	102	0	123	0
S63	A	G	91	4	93	18	96	0	109	0	114	0	105	0	102	0	85	0	111	0	108	0	112	0
S64	A	T	87	6	77	18	96	0	117	0	120	0	93	0	113	0	89	0	110	0	95	0	91	0
S65	A	T	94	3	87	17	99	0	109	0	83	0	102	0	109	0	93	0	106	0	124	0	97	0
S66	C	T	80	10	91	15	109	0	86	0	100	0	80	0	97	0	98	0	111	0	97	0	102	0
S67	T	A	97	6	98	19	99	0	110	0	98	0	101	0	96	0	102	0	106	0	89	0	99	0
S68	C	A	84	6	80	15	98	0	100	0	85	0	90	0	89	0	98	0	87	0	93	0	96	0
S69	G	T	112	7	93	19	91	0	103	0	103	0	107	0	113	0	100	0	93	0	97	0	90	0
S70	A	C	106	4	91	20	91	0	102	0	98	0	108	0	97	0	105	0	107	0	96	0	93	0
S71	C	G	94	5	76	17	74	0	94	0	115	0	105	0	94	0	106	0	114	0	103	0	102	0
