SNVID	Wild	Mut	R1:ref	R1:alt	R2:ref	R2:alt	R3:ref	R3:alt	R4:ref	R4:alt	R5:ref	R5:alt	R6:ref	R6:alt	R7:ref	R7:alt	R8:ref	R8:alt	R9:ref	R9:alt	R10:ref	R10:alt	R11:ref	R11:alt	
S1	G	A	91	16	97	16	92	23	93	19	95	17	107	9	98	12	83	16	88	6	62	14	84	21
S2	A	C	73	23	79	10	75	25	83	15	90	15	90	14	95	6	91	11	81	13	61	23	62	29
S3	G	T	112	13	89	13	78	20	83	16	92	15	87	14	89	10	79	15	91	16	72	20	75	31
S4	G	T	87	18	74	16	86	17	75	18	86	13	94	12	87	10	93	15	106	15	91	21	89	25
S5	T	C	65	25	96	16	77	18	70	27	96	13	72	20	99	10	77	17	74	11	67	18	90	18
S6	G	A	83	19	106	17	72	18	81	18	69	14	82	7	90	9	73	20	89	15	91	14	61	25
S7	G	C	86	22	90	20	91	15	72	16	102	6	112	0	84	0	92	0	78	15	71	18	83	23
S8	C	A	89	0	92	0	92	0	89	0	75	11	91	14	105	7	76	16	101	0	105	0	105	0
S9	T	C	106	0	87	0	100	0	92	0	88	0	100	0	104	0	108	14	112	0	108	0	103	0
S10	C	T	88	0	87	0	104	0	84	0	107	0	103	0	99	0	108	9	80	0	104	0	86	0
S11	T	A	70	0	116	0	101	0	91	0	103	0	101	0	94	0	90	19	103	0	108	0	88	0
S12	A	C	90	0	101	0	97	0	95	0	83	0	107	0	99	0	83	11	95	0	88	0	107	0
S13	C	A	95	0	104	0	113	0	96	0	118	0	110	0	90	0	76	15	90	0	117	0	87	0
S14	A	C	95	0	98	0	103	0	113	0	99	0	91	0	88	0	105	7	92	0	89	0	103	0
S15	A	G	98	0	123	0	98	0	109	0	112	0	101	0	112	0	73	14	93	0	107	0	106	0
S16	A	G	92	0	97	0	105	0	95	0	100	0	101	0	105	0	85	17	86	0	74	0	72	0
S17	A	C	98	0	82	0	89	0	111	0	84	0	77	15	106	0	100	0	87	0	102	0	101	0
S18	A	C	86	10	72	17	94	18	72	13	90	0	86	0	74	0	103	0	95	0	94	0	91	0
S19	T	G	80	15	86	9	92	19	91	17	110	0	117	0	91	0	98	0	98	0	104	0	102	0
S20	C	G	92	18	76	23	75	15	102	12	106	0	100	0	99	0	85	0	93	0	109	0	110	0
S21	C	A	63	22	69	21	64	27	78	14	94	0	101	0	85	0	103	0	101	0	91	0	104	0
S22	T	C	78	14	99	16	79	19	76	15	102	0	85	0	93	0	106	0	90	0	103	0	92	0
S23	T	A	90	18	80	17	84	24	98	13	120	0	107	0	98	0	114	0	109	0	92	0	91	0
S24	G	A	55	20	51	20	74	24	95	16	102	0	104	0	101	0	92	0	117	0	111	0	92	0
S25	T	A	114	0	110	0	95	0	95	0	106	0	102	0	117	0	112	0	105	0	104	0	93	18
S26	G	C	112	0	103	0	94	0	88	0	88	0	92	0	101	0	98	0	95	0	111	0	76	24
S27	C	A	101	0	104	0	104	0	87	0	92	0	88	0	95	0	106	0	104	0	110	0	89	17
S28	A	T	91	0	105	0	97	0	100	0	100	0	88	0	103	0	85	0	101	0	100	0	70	21
S29	A	G	102	0	83	0	94	0	96	0	88	0	114	0	109	0	92	0	79	0	102	0	93	26
S30	G	A	107	0	84	0	104	0	92	0	108	0	106	0	105	0	102	0	87	0	100	0	67	24
S31	G	A	96	0	103	0	92	0	109	0	89	0	110	0	101	0	111	0	107	0	94	0	92	23
S32	T	A	102	0	88	0	90	0	101	0	95	0	112	0	104	0	118	0	97	0	114	0	83	21
S33	A	G	105	0	103	0	103	0	83	0	95	0	94	0	105	0	89	0	110	0	102	0	79	19
S34	G	A	94	0	97	0	109	0	127	0	89	7	78	0	104	0	120	0	102	19	86	21	109	0
S35	C	A	109	0	112	0	103	0	101	0	94	2	81	0	101	0	111	0	80	17	80	20	91	0
S36	G	A	93	0	119	0	99	0	120	0	81	6	112	0	102	0	101	0	83	13	89	21	117	0
S37	G	C	103	0	81	0	97	0	90	0	108	6	105	0	104	0	92	0	76	15	78	20	107	0
S38	C	A	87	0	76	0	84	0	98	0	86	10	107	0	95	0	107	0	75	14	92	17	106	0
S39	C	A	108	0	90	0	116	0	98	0	83	5	112	0	114	0	100	0	107	18	76	17	91	0
S40	C	T	104	0	88	0	99	0	90	0	92	2	96	0	107	0	96	0	66	14	90	20	110	0
S41	G	A	98	0	105	0	100	0	116	0	96	4	116	0	103	0	101	0	77	22	81	22	117	0
S42	A	T	112	0	102	0	102	0	99	0	101	2	106	0	89	0	102	0	75	16	82	14	112	0
S43	G	A	97	0	106	0	99	0	97	0	85	3	117	0	93	0	82	0	90	12	95	18	110	0
S44	G	T	106	0	102	0	98	0	85	0	107	7	95	0	97	0	94	0	111	0	102	0	85	0
S45	T	A	86	0	100	0	101	0	111	0	101	3	83	0	117	0	94	0	117	0	98	0	97	0
S46	T	C	90	0	98	0	89	0	105	0	97	6	88	0	107	0	113	0	107	0	97	0	107	0
S47	T	C	106	0	107	0	96	0	98	0	91	4	120	0	83	0	97	0	112	0	77	0	105	0
S48	G	C	114	0	100	0	92	0	119	0	78	8	114	0	96	0	99	0	100	0	112	0	102	0
S49	C	T	87	0	96	0	114	0	83	0	107	5	89	0	93	0	89	0	85	0	125	0	95	0
S50	T	A	100	0	93	0	87	0	102	0	96	6	115	0	94	0	88	0	99	0	100	0	103	0
S51	C	A	83	0	107	0	101	0	104	0	115	0	102	0	92	0	106	0	79	13	73	20	97	0
S52	C	T	98	0	90	0	130	0	109	0	101	0	107	0	102	0	90	0	89	10	81	17	105	0
S53	A	G	96	0	104	0	114	0	111	0	107	0	103	0	89	0	107	0	69	14	84	19	112	0
S54	G	C	98	0	96	0	91	0	97	0	122	0	91	0	86	0	94	0	69	21	77	17	98	0
S55	A	G	108	0	89	0	115	0	102	0	97	0	91	0	86	0	83	0	97	20	93	17	94	0
S56	C	G	112	0	107	0	107	0	102	0	110	0	84	0	104	0	98	0	74	12	87	12	98	0
S57	G	T	83	0	84	0	103	0	99	0	104	0	102	0	93	0	117	0	88	16	92	16	95	0
S58	T	C	94	0	83	0	102	0	107	0	108	0	90	0	103	0	88	0	93	13	78	17	99	0
S59	C	A	88	0	121	0	75	0	96	0	84	0	95	0	91	0	109	0	80	11	104	0	111	0
S60	A	G	115	0	81	0	119	0	105	0	93	0	103	0	104	0	92	0	92	7	103	0	86	0
S61	G	A	85	0	93	0	100	0	111	0	91	0	100	0	91	0	99	0	103	6	106	0	108	0
S62	C	A	86	0	104	0	93	0	101	0	95	0	85	0	98	0	103	0	71	9	90	0	104	0
S63	T	A	110	0	94	0	105	0	99	0	98	0	90	0	105	0	98	0	105	15	90	0	90	0
S64	A	T	103	0	89	0	100	0	121	0	101	0	93	0	109	0	111	0	81	11	97	0	102	0
S65	G	T	78	0	88	0	89	0	98	0	117	0	93	0	103	0	80	0	97	10	84	0	93	0
S66	A	C	110	0	100	0	84	0	110	0	106	0	104	0	98	0	98	0	75	12	112	0	96	0
S67	T	G	94	0	128	0	106	0	87	0	96	0	104	0	119	0	105	0	106	0	103	3	101	0
S68	G	A	106	0	104	0	78	22	87	12	98	0	96	0	92	0	93	0	115	0	88	0	117	0
S69	C	G	93	3	96	12	102	0	99	0	115	0	104	0	91	0	101	0	98	0	119	0	115	0
S70	A	C	106	3	79	24	105	0	102	0	104	0	93	0	105	0	86	0	90	0	96	0	87	0
S71	G	C	109	3	75	18	104	0	88	0	102	0	111	0	106	0	94	0	110	0	86	0	107	0
S72	T	G	92	9	72	15	109	0	95	0	99	0	103	0	94	0	107	0	125	0	83	0	89	0
S73	G	C	117	4	99	30	100	0	104	0	91	0	106	0	81	0	94	0	98	0	98	0	104	0
S74	T	C	87	5	110	13	102	0	91	0	99	0	100	0	96	0	88	0	92	0	100	0	101	0
