SNVID	Wild	Mut	R1:ref	R1:alt	R2:ref	R2:alt	R3:ref	R3:alt	R4:ref	R4:alt	R5:ref	R5:alt	R6:ref	R6:alt	R7:ref	R7:alt	R8:ref	R8:alt	R9:ref	R9:alt	R10:ref	R10:alt	R11:ref	R11:alt	
S1	C	G	79	20	49	25	82	25	84	16	81	14	79	11	85	7	72	23	87	14	81	19	71	29
S2	A	T	100	19	74	18	100	13	79	20	89	9	96	9	69	15	82	17	81	11	76	15	63	31
S3	A	C	73	19	85	19	75	22	95	13	69	14	101	14	96	8	77	21	85	12	71	17	66	33
S4	G	C	87	23	82	21	81	21	81	17	98	18	83	18	89	10	81	20	90	13	92	14	73	25
S5	G	C	70	26	84	10	70	19	76	21	89	12	99	9	90	9	89	20	99	10	81	23	80	19
S6	C	A	59	26	82	11	102	16	99	12	62	14	74	11	96	13	99	22	84	13	83	16	90	16
S7	A	T	83	20	88	16	84	21	69	18	68	20	76	19	89	7	54	21	83	16	112	11	87	27
S8	C	G	92	18	85	21	65	29	84	14	74	12	92	10	78	15	72	18	70	14	74	19	63	30
S9	T	C	105	13	93	20	90	20	109	17	81	4	94	0	120	0	96	0	86	18	69	23	82	16
S10	C	T	100	0	103	0	104	0	101	0	82	13	75	11	115	8	83	16	84	0	80	0	85	0
S11	C	G	114	0	129	0	104	0	105	0	102	0	102	0	105	0	101	14	92	0	102	0	94	0
S12	G	A	104	0	108	0	101	0	84	0	92	0	110	0	104	0	84	15	109	0	111	0	111	0
S13	C	T	112	0	92	0	100	0	111	0	99	0	107	0	87	0	87	7	110	0	109	0	122	0
S14	C	G	97	0	113	0	98	0	112	0	120	0	90	0	99	0	78	10	113	0	105	0	89	0
S15	A	C	97	0	103	0	97	0	123	0	91	0	88	0	86	0	70	16	101	0	95	0	96	0
S16	T	G	102	0	111	0	96	0	101	0	105	0	88	9	110	0	96	0	104	0	102	0	106	0
S17	C	A	72	25	88	10	75	24	54	23	105	0	105	0	113	0	119	0	103	0	95	0	88	0
S18	A	C	104	19	107	13	68	22	88	9	92	0	92	0	105	0	112	0	95	0	99	0	111	0
S19	C	A	79	11	85	16	75	20	86	14	87	0	98	0	112	0	94	0	99	0	97	0	107	0
S20	G	A	83	23	74	25	90	20	81	19	88	0	87	0	94	0	86	0	102	0	112	0	98	0
S21	G	C	81	20	89	11	79	22	96	16	80	0	96	0	109	0	98	0	92	0	98	0	86	0
S22	T	C	79	26	81	14	91	21	84	16	99	0	92	0	96	0	95	0	99	0	111	0	84	0
S23	G	T	79	20	72	16	103	19	107	6	89	0	98	0	111	0	115	0	99	0	103	0	100	0
S24	A	T	81	17	73	18	75	22	81	18	99	0	84	0	103	0	117	0	120	0	99	0	108	0
S25	A	C	61	23	78	15	83	17	89	17	91	0	94	0	98	0	102	0	99	0	99	0	92	0
S26	T	A	85	17	75	18	102	18	82	24	93	0	97	0	107	0	107	0	87	0	105	0	99	0
S27	A	G	107	0	108	0	93	0	94	0	88	0	98	0	92	0	96	0	100	0	109	0	89	25
S28	T	G	100	0	85	0	114	0	94	0	100	0	106	0	105	0	105	0	102	0	99	0	70	18
S29	C	G	110	0	95	0	119	0	93	0	96	0	93	0	98	0	108	0	91	0	98	0	71	21
S30	C	G	102	0	101	0	95	0	90	0	92	0	104	0	91	0	120	0	83	0	97	0	100	15
S31	G	A	79	0	83	0	102	0	87	0	103	0	106	0	94	0	100	0	115	0	98	0	84	25
S32	T	C	97	0	104	0	102	0	96	0	106	0	89	0	130	0	105	0	118	0	95	0	75	22
S33	G	T	84	0	67	0	107	0	98	0	111	6	106	0	94	0	105	0	87	13	85	14	91	0
S34	T	C	85	0	115	0	94	0	114	0	97	4	96	0	78	0	100	0	87	13	100	13	110	0
S35	T	G	105	0	93	0	97	0	98	0	93	4	101	0	96	0	97	0	78	12	85	14	109	0
S36	G	C	98	0	108	0	110	0	88	0	89	4	88	0	99	0	96	0	94	12	89	22	122	0
S37	G	C	128	0	112	0	79	0	99	0	101	7	106	0	95	0	97	0	85	16	71	20	104	0
S38	T	G	87	0	87	0	100	0	106	0	84	4	105	0	103	0	93	0	70	19	78	22	113	0
S39	T	G	90	0	86	0	119	0	99	0	120	3	90	0	98	0	91	0	97	0	97	0	116	0
S40	T	G	90	0	95	0	108	0	81	0	80	2	115	0	103	0	115	0	82	0	86	0	97	0
S41	T	A	87	0	98	0	117	0	113	0	104	5	92	0	96	0	105	0	87	0	114	0	103	0
S42	A	G	117	0	108	0	93	0	84	0	93	6	129	0	82	0	86	0	123	0	110	0	102	0
S43	A	G	104	0	98	0	106	0	107	0	90	6	112	0	116	0	101	0	99	0	103	0	107	0
S44	G	T	96	0	95	0	109	0	105	0	119	0	86	0	97	0	105	0	82	20	68	25	68	0
S45	T	A	115	0	112	0	112	0	86	0	93	0	100	0	119	0	101	0	96	12	77	20	126	0
S46	C	G	101	0	106	0	108	0	111	0	84	0	118	0	98	0	96	0	81	14	74	19	88	0
S47	T	A	101	0	95	0	119	0	94	0	94	0	97	0	99	0	108	0	106	12	88	19	97	0
S48	T	C	100	0	75	0	89	0	105	0	105	0	89	0	97	0	94	0	76	16	74	16	91	0
S49	A	C	96	0	99	0	108	0	102	0	115	0	96	0	104	0	86	0	79	16	97	12	96	0
S50	C	G	94	0	121	0	106	0	120	0	100	0	108	0	99	0	102	0	70	15	85	24	81	0
S51	C	A	90	0	92	0	120	0	97	0	101	0	86	0	108	0	95	0	92	15	93	16	95	0
S52	C	T	111	0	106	0	87	0	101	0	100	0	112	0	103	0	92	0	79	17	103	0	100	0
S53	A	G	104	0	106	0	86	0	103	0	115	0	91	0	100	0	101	0	96	10	109	0	106	0
S54	T	C	102	0	105	0	105	0	104	0	100	0	100	0	89	0	94	0	86	9	90	0	105	0
S55	T	G	110	0	113	0	100	0	101	0	99	0	100	0	110	0	102	0	90	8	108	0	98	0
S56	A	G	100	0	110	0	87	0	103	0	98	0	109	0	95	0	93	0	86	11	80	0	93	0
S57	C	G	96	0	89	0	106	0	102	0	93	0	107	0	82	0	95	0	91	12	96	0	95	0
S58	A	G	98	0	105	0	86	0	104	0	96	0	80	0	98	0	100	0	82	12	105	0	106	0
S59	C	T	104	0	106	0	94	0	101	0	109	0	77	0	101	0	103	0	76	10	96	0	114	0
S60	A	T	95	0	111	0	86	0	100	0	93	0	114	0	101	0	91	0	95	13	104	0	95	0
S61	T	A	100	0	92	0	104	0	86	0	96	0	99	0	102	0	104	0	92	7	103	0	105	0
S62	G	C	85	0	96	0	84	0	114	0	89	0	86	0	107	0	103	0	98	0	75	8	102	0
S63	A	T	95	0	102	0	77	19	79	14	105	0	98	0	102	0	96	0	109	0	99	0	103	0
S64	C	A	87	0	84	0	71	20	102	10	96	0	91	0	94	0	97	0	101	0	107	0	115	0
S65	G	T	113	1	80	21	106	0	84	0	95	0	108	0	84	0	116	0	93	0	89	0	107	0
S66	C	G	105	4	89	19	98	0	101	0	108	0	83	0	91	0	81	0	116	0	108	0	97	0
S67	T	G	93	6	88	23	88	0	91	0	97	0	97	0	100	0	75	0	105	0	101	0	93	0
S68	A	C	99	10	95	12	116	0	88	0	95	0	101	0	96	0	91	0	90	0	105	0	88	0
S69	A	T	98	7	96	14	99	0	95	0	94	0	108	0	93	0	100	0	86	0	111	0	107	0
S70	A	G	91	4	68	19	111	0	100	0	99	0	118	0	90	0	103	0	102	0	105	0	103	0
S71	A	T	99	7	89	9	89	0	83	0	118	0	106	0	97	0	108	0	105	0	110	0	117	0
S72	G	C	92	3	77	23	98	0	105	0	106	0	105	0	99	0	101	0	94	0	84	0	98	0
