SNVID	Wild	Mut	R1:ref	R1:alt	R2:ref	R2:alt	R3:ref	R3:alt	R4:ref	R4:alt	R5:ref	R5:alt	R6:ref	R6:alt	R7:ref	R7:alt	R8:ref	R8:alt	R9:ref	R9:alt	R10:ref	R10:alt	R11:ref	R11:alt	
S1	A	T	67	16	89	22	62	23	78	17	102	16	96	14	67	6	80	18	88	14	99	15	90	19
S2	T	C	73	22	85	13	70	29	84	14	87	18	85	12	89	5	51	24	80	11	87	15	74	21
S3	A	T	78	24	70	20	92	15	102	12	81	19	63	22	107	7	108	11	84	8	84	23	75	22
S4	G	C	92	18	92	13	86	17	74	19	104	14	79	16	78	11	81	7	83	17	102	21	66	28
S5	T	C	85	21	68	21	81	24	87	18	85	15	76	22	83	11	69	12	81	10	86	11	90	30
S6	C	A	69	23	80	22	81	12	84	12	67	21	94	8	74	12	68	22	96	14	80	20	65	22
S7	C	G	91	21	76	16	92	12	73	17	80	22	98	10	106	6	73	22	90	13	66	21	72	29
S8	A	G	92	21	77	16	79	15	73	16	93	15	88	12	94	8	70	13	93	14	90	15	82	26
S9	C	T	81	24	66	21	80	22	71	14	94	20	79	10	93	11	77	29	102	9	79	22	81	18
S10	A	G	90	17	85	18	80	18	93	17	85	13	88	16	92	18	81	15	75	14	82	15	91	23
S11	A	T	95	24	89	18	79	24	75	20	107	3	102	0	99	0	91	0	92	8	73	18	79	22
S12	A	C	93	0	122	0	87	0	102	0	86	10	98	5	82	11	79	17	104	0	106	0	102	0
S13	G	T	103	0	104	0	112	0	104	0	105	0	107	0	92	0	87	15	78	0	117	0	96	0
S14	G	T	89	0	94	0	126	0	92	0	94	0	97	0	98	0	94	12	96	0	95	0	112	0
S15	T	C	93	0	102	0	107	0	94	0	102	0	96	0	86	0	90	9	89	0	100	0	94	0
S16	G	T	111	0	88	0	101	0	80	0	111	0	102	0	90	0	86	9	102	0	109	0	108	0
S17	A	G	80	0	98	0	103	0	89	0	109	0	99	0	105	0	74	11	106	0	99	0	87	0
S18	G	C	105	0	91	0	103	0	121	0	103	0	75	0	112	0	79	14	108	0	87	0	106	0
S19	A	C	95	0	102	0	97	0	96	0	101	0	95	12	96	0	94	0	92	0	107	0	101	0
S20	C	T	78	17	82	23	67	16	57	13	98	0	112	0	107	0	98	0	90	0	108	0	114	0
S21	A	T	77	18	86	24	79	18	76	19	103	0	105	0	110	0	98	0	97	0	92	0	85	0
S22	C	A	95	18	83	27	103	20	73	16	112	0	100	0	69	0	111	0	98	0	99	0	95	0
S23	T	G	85	21	89	15	80	22	87	20	97	0	102	0	108	0	116	0	96	0	94	0	102	0
S24	T	C	89	28	92	17	77	20	83	17	112	0	93	0	91	0	107	0	94	0	101	0	111	0
S25	C	T	75	12	89	16	74	25	84	16	102	0	98	0	97	0	97	0	104	0	101	0	102	0
S26	T	G	85	24	81	16	64	26	82	14	93	0	111	0	104	0	104	0	106	0	80	0	102	0
S27	C	T	72	16	79	17	88	17	82	18	98	0	120	0	94	0	86	0	95	0	93	0	81	0
S28	A	T	79	19	80	12	71	17	86	4	108	0	86	0	105	0	101	0	89	0	102	0	105	0
S29	G	C	71	20	92	22	96	16	72	15	95	0	97	0	92	0	97	0	104	0	104	0	100	0
S30	G	C	105	0	93	0	101	0	99	0	95	0	98	0	94	0	107	0	88	0	107	0	57	24
S31	G	C	99	0	98	0	86	0	88	0	103	0	98	0	102	0	103	0	117	0	104	0	78	17
S32	C	A	128	0	102	0	108	0	79	0	88	0	86	0	100	0	105	0	95	0	116	0	79	24
S33	G	A	110	0	88	0	112	0	126	0	95	0	100	0	111	0	107	0	110	0	107	0	80	12
S34	G	A	97	0	95	0	104	0	89	0	91	0	98	0	89	0	102	0	89	0	95	0	97	14
S35	G	A	99	0	90	0	96	0	101	0	113	0	106	0	107	0	102	0	102	0	97	0	112	22
S36	G	T	116	0	111	0	81	0	119	0	86	4	109	0	105	0	114	0	84	13	80	16	100	0
S37	C	T	98	0	96	0	111	0	100	0	96	4	113	0	84	0	91	0	106	12	75	25	90	0
S38	A	T	90	0	93	0	120	0	94	0	100	3	93	0	114	0	97	0	76	20	87	14	109	0
S39	T	C	90	0	99	0	91	0	115	0	84	5	99	0	95	0	103	0	66	26	71	22	87	0
S40	A	G	110	0	89	0	104	0	101	0	78	6	91	0	88	0	113	0	91	11	90	14	105	0
S41	A	C	100	0	105	0	96	0	98	0	100	5	103	0	108	0	109	0	110	0	103	0	108	0
S42	T	G	93	0	98	0	80	0	99	0	101	6	108	0	116	0	81	0	119	0	97	0	97	0
S43	C	T	91	0	99	0	95	0	100	0	73	6	111	0	90	0	91	0	93	0	119	0	110	0
S44	A	G	112	0	105	0	99	0	98	0	92	4	97	0	109	0	105	0	95	0	98	0	119	0
S45	C	T	115	0	96	0	106	0	93	0	87	8	88	0	79	0	122	0	97	0	97	0	100	0
S46	C	G	121	0	97	0	112	0	97	0	100	2	101	0	114	0	80	0	109	0	117	0	96	0
S47	T	G	94	0	95	0	106	0	124	0	82	6	101	0	80	0	88	0	113	0	97	0	107	0
S48	G	A	100	0	99	0	101	0	95	0	97	6	102	0	115	0	99	0	110	0	104	0	101	0
S49	G	C	96	0	96	0	116	0	106	0	91	7	96	0	95	0	109	0	113	0	101	0	95	0
S50	G	T	111	0	109	0	83	0	94	0	107	8	93	0	111	0	109	0	91	0	98	0	84	0
S51	G	A	95	0	97	0	118	0	93	0	119	0	101	0	97	0	96	0	70	23	70	18	109	0
S52	A	C	96	0	95	0	110	0	106	0	109	0	90	0	89	0	108	0	92	17	62	29	91	0
S53	T	G	99	0	101	0	115	0	91	0	90	0	109	0	95	0	97	0	90	9	102	12	98	0
S54	T	G	93	0	123	0	97	0	91	0	123	0	100	0	101	0	91	0	96	16	86	20	107	0
S55	A	G	91	0	115	0	92	0	117	0	106	0	98	0	95	0	89	0	58	24	65	18	90	0
S56	C	A	99	0	96	0	99	0	93	0	112	0	91	0	98	0	118	0	87	15	83	18	89	0
S57	T	C	107	0	108	0	104	0	108	0	92	0	95	0	108	0	94	0	87	20	80	18	112	0
S58	A	T	85	0	90	0	112	0	97	0	107	0	95	0	76	0	102	0	86	13	87	21	109	0
S59	C	G	95	0	101	0	102	0	101	0	101	0	91	0	97	0	85	0	64	14	79	19	112	0
S60	T	C	86	0	102	0	103	0	99	0	105	0	103	0	97	0	101	0	67	13	89	0	96	0
S61	C	A	93	0	119	0	102	0	104	0	125	0	100	0	109	0	106	0	84	4	96	0	106	0
S62	T	C	89	0	110	0	76	0	98	0	110	0	107	0	100	0	106	0	72	17	104	0	114	0
S63	G	T	109	0	84	0	101	0	117	0	97	0	96	0	90	0	116	0	80	4	108	0	94	0
S64	A	G	111	0	98	0	115	0	106	0	88	0	95	0	99	0	80	0	78	10	108	0	95	0
S65	C	A	94	0	93	0	91	0	105	0	100	0	107	0	95	0	89	0	102	0	83	5	90	0
S66	C	G	90	0	109	0	93	19	83	10	99	0	103	0	120	0	102	0	107	0	93	0	109	0
S67	T	A	95	0	114	0	71	20	76	17	103	0	113	0	101	0	101	0	97	0	111	0	87	0
S68	C	G	109	3	89	18	98	0	95	0	99	0	104	0	102	0	101	0	95	0	111	0	116	0
S69	C	T	90	3	81	26	100	0	87	0	114	0	118	0	104	0	113	0	105	0	79	0	111	0
S70	T	A	96	3	71	18	89	0	106	0	103	0	105	0	109	0	98	0	104	0	90	0	89	0
S71	A	C	93	5	86	19	83	0	102	0	96	0	102	0	103	0	86	0	97	0	96	0	73	0
S72	T	C	85	9	82	16	97	0	82	0	93	0	84	0	104	0	100	0	107	0	111	0	97	0
S73	A	G	97	4	78	15	101	0	90	0	95	0	85	0	102	0	105	0	100	0	89	0	98	0
S74	G	C	91	4	78	15	102	0	83	0	94	0	101	0	107	0	120	0	113	0	109	0	85	0
S75	T	C	90	7	83	15	100	0	80	0	106	0	106	0	118	0	102	0	110	0	100	0	109	0
S76	A	G	99	6	86	21	89	0	107	0	95	0	112	0	100	0	96	0	101	0	97	0	99	0
