SNVID	Wild	Mut	R1:ref	R1:alt	R2:ref	R2:alt	R3:ref	R3:alt	R4:ref	R4:alt	R5:ref	R5:alt	R6:ref	R6:alt	R7:ref	R7:alt	R8:ref	R8:alt	R9:ref	R9:alt	R10:ref	R10:alt	R11:ref	R11:alt	
S1	A	T	85	19	86	16	94	20	91	10	86	17	80	15	93	13	88	17	85	18	81	18	94	18
S2	C	A	68	23	90	12	93	21	94	9	81	12	86	18	103	8	86	15	66	21	94	11	71	21
S3	A	G	86	24	92	21	74	23	92	11	82	16	103	12	89	14	77	18	87	16	97	18	77	16
S4	C	T	85	24	89	13	76	24	97	12	87	17	84	15	91	14	86	16	91	9	85	17	89	18
S5	C	A	84	24	75	24	81	17	75	13	77	16	99	10	83	7	88	13	90	15	88	15	85	18
S6	G	C	92	17	82	20	86	15	78	15	105	12	88	17	109	11	74	24	89	16	69	18	90	20
S7	G	T	91	19	73	20	86	24	75	13	98	10	97	11	103	6	76	17	94	15	100	23	96	18
S8	G	A	116	6	83	13	93	21	93	15	82	10	84	15	95	5	59	23	99	12	87	24	67	19
S9	G	C	97	23	82	15	98	26	86	17	83	13	110	8	80	13	100	15	89	15	67	24	99	16
S10	C	G	54	21	80	19	86	17	95	10	88	13	73	9	115	8	74	18	80	15	68	24	81	18
S11	C	G	80	23	87	17	106	17	90	15	110	4	117	0	103	0	90	0	86	14	77	16	94	14
S12	T	C	104	0	98	0	98	0	95	0	93	13	89	12	108	6	79	22	98	0	95	0	90	0
S13	T	C	103	0	97	0	101	0	103	0	95	0	90	0	100	0	93	16	99	0	91	0	105	0
S14	T	C	126	0	97	0	107	0	102	0	86	0	105	0	95	0	83	13	103	0	91	0	116	0
S15	A	G	104	0	82	0	107	0	94	0	95	0	107	0	104	0	77	23	98	0	93	0	95	0
S16	T	C	108	0	96	0	104	0	93	0	107	0	85	0	98	0	87	16	96	0	107	0	87	0
S17	G	C	103	0	91	0	107	0	105	0	92	0	109	0	86	0	99	12	99	0	91	0	84	0
S18	A	C	102	0	92	0	97	0	107	0	97	0	89	8	74	0	88	0	103	0	80	0	114	0
S19	G	A	87	14	78	21	72	22	90	11	93	0	91	0	104	0	87	0	115	0	101	0	110	0
S20	G	C	77	12	89	14	71	16	89	12	81	0	85	0	123	0	90	0	111	0	90	0	111	0
S21	C	G	62	24	96	16	98	19	87	4	113	0	101	0	92	0	115	0	102	0	91	0	97	0
S22	T	C	77	21	103	19	86	11	53	18	86	0	94	0	98	0	100	0	103	0	116	0	88	0
S23	A	G	94	23	73	23	90	18	96	9	98	0	105	0	108	0	98	0	92	0	86	0	86	0
S24	A	C	73	19	102	16	82	17	89	13	86	0	107	0	91	0	103	0	105	0	96	0	98	0
S25	A	T	78	18	79	16	81	16	115	17	120	0	103	0	97	0	96	0	113	0	122	0	86	0
S26	G	C	84	14	83	24	89	20	82	15	93	0	91	0	93	0	103	0	104	0	99	0	113	0
S27	G	T	93	17	86	20	84	14	85	13	107	0	106	0	97	0	101	0	105	0	96	0	105	0
S28	G	T	92	0	98	0	91	0	100	0	109	0	111	0	115	0	90	0	87	0	114	0	84	24
S29	C	G	105	0	89	0	112	0	116	0	92	0	98	0	107	0	86	0	97	0	87	0	74	20
S30	C	G	86	0	117	0	93	0	100	0	113	0	98	0	88	0	97	0	93	0	98	0	83	26
S31	A	T	85	0	108	0	96	0	100	0	99	0	94	0	100	0	120	0	96	0	112	0	63	22
S32	C	G	102	0	78	0	88	0	87	0	106	0	109	0	91	0	118	0	98	0	96	0	75	20
S33	G	A	102	0	91	0	105	0	103	0	89	0	107	0	107	0	93	0	102	0	92	0	84	18
S34	G	C	78	0	103	0	89	0	105	0	91	6	95	0	98	0	112	0	79	20	62	19	98	0
S35	T	A	101	0	119	0	104	0	111	0	97	4	102	0	107	0	102	0	96	10	80	16	84	0
S36	G	C	97	0	94	0	100	0	93	0	99	5	98	0	108	0	78	0	89	12	88	20	94	0
S37	G	C	106	0	107	0	103	0	120	0	91	5	87	0	100	0	103	0	77	19	70	18	110	0
S38	A	G	118	0	86	0	91	0	90	0	101	4	107	0	92	0	93	0	93	8	61	20	112	0
S39	G	A	91	0	87	0	92	0	94	0	88	4	87	0	86	0	98	0	94	17	69	16	97	0
S40	A	T	116	0	108	0	99	0	87	0	92	5	84	0	111	0	103	0	101	13	82	13	110	0
S41	C	G	94	0	116	0	98	0	117	0	83	8	105	0	109	0	112	0	79	16	79	17	104	0
S42	C	A	96	0	94	0	87	0	96	0	95	3	101	0	103	0	99	0	82	15	58	26	90	0
S43	C	T	115	0	92	0	103	0	101	0	101	4	111	0	87	0	109	0	108	0	94	0	104	0
S44	T	A	103	0	90	0	96	0	113	0	92	9	117	0	82	0	85	0	102	0	106	0	95	0
S45	C	G	105	0	103	0	107	0	109	0	105	7	118	0	102	0	86	0	89	0	101	0	93	0
S46	T	A	93	0	86	0	95	0	95	0	104	8	97	0	101	0	93	0	92	0	116	0	90	0
S47	T	G	113	0	104	0	107	0	88	0	101	2	128	0	100	0	87	0	96	0	108	0	100	0
S48	T	A	90	0	85	0	104	0	119	0	92	11	120	0	111	0	123	0	112	0	105	0	102	0
S49	G	T	103	0	101	0	107	0	95	0	89	0	88	0	94	0	90	0	88	9	96	17	94	0
S50	T	A	105	0	101	0	107	0	95	0	111	0	94	0	112	0	101	0	75	17	96	17	105	0
S51	G	T	105	0	118	0	88	0	108	0	82	0	107	0	111	0	104	0	93	13	78	23	118	0
S52	T	C	78	0	111	0	118	0	100	0	90	0	104	0	106	0	90	0	87	15	75	17	99	0
S53	C	T	107	0	99	0	97	0	97	0	118	0	84	0	109	0	100	0	87	13	95	15	102	0
S54	G	A	97	0	87	0	84	0	113	0	83	0	109	0	97	0	99	0	85	17	88	20	96	0
S55	G	T	103	0	100	0	99	0	87	0	113	0	91	0	104	0	119	0	89	11	88	10	97	0
S56	A	C	105	0	89	0	95	0	95	0	119	0	111	0	88	0	101	0	98	14	87	0	104	0
S57	T	A	104	0	114	0	101	0	109	0	103	0	96	0	94	0	113	0	87	16	101	0	90	0
S58	T	G	99	0	100	0	102	0	108	0	101	0	124	0	83	0	106	0	87	11	91	0	89	0
S59	C	A	104	0	82	0	99	0	90	0	107	0	107	0	102	0	116	0	80	13	98	0	115	0
S60	C	G	97	0	94	0	95	0	104	0	86	0	106	0	104	0	96	0	97	12	88	0	100	0
S61	G	C	81	0	92	0	126	0	90	0	101	0	101	0	117	0	98	0	93	7	93	0	99	0
S62	G	C	98	0	93	0	97	0	107	0	100	0	78	0	107	0	107	0	82	0	111	8	104	0
S63	A	T	92	0	112	0	74	18	69	14	93	0	99	0	98	0	130	0	99	0	83	0	105	0
S64	T	C	120	0	117	0	71	26	93	11	108	0	102	0	120	0	99	0	114	0	83	0	88	0
S65	G	T	86	3	84	15	87	0	109	0	79	0	95	0	98	0	117	0	92	0	90	0	90	0
S66	T	A	102	3	80	15	90	0	110	0	120	0	97	0	97	0	97	0	86	0	118	0	101	0
S67	A	C	84	9	64	13	99	0	111	0	95	0	106	0	91	0	107	0	97	0	96	0	108	0
S68	G	T	90	6	72	18	119	0	90	0	106	0	101	0	105	0	86	0	113	0	121	0	102	0
S69	A	C	92	6	82	22	90	0	91	0	99	0	110	0	102	0	104	0	90	0	87	0	78	0
S70	T	C	86	5	103	13	103	0	113	0	106	0	99	0	106	0	105	0	92	0	103	0	90	0
S71	T	A	75	7	99	16	114	0	101	0	91	0	90	0	98	0	95	0	80	0	85	0	96	0
