SNVID	Wild	Mut	R1:ref	R1:alt	R2:ref	R2:alt	R3:ref	R3:alt	R4:ref	R4:alt	R5:ref	R5:alt	R6:ref	R6:alt	R7:ref	R7:alt	R8:ref	R8:alt	R9:ref	R9:alt	R10:ref	R10:alt	R11:ref	R11:alt	
S1	G	A	66	18	62	15	55	21	101	18	97	20	76	15	98	9	68	21	76	19	93	14	83	24
S2	G	T	83	17	82	22	83	15	92	16	77	14	99	11	103	9	73	25	77	26	70	19	76	22
S3	T	A	75	14	75	14	105	21	81	12	75	11	82	10	83	5	79	19	95	18	74	22	83	26
S4	C	T	87	23	76	18	79	18	88	14	70	13	89	17	91	8	81	17	79	19	86	24	94	16
S5	T	G	76	19	94	13	79	25	90	15	86	19	82	12	88	12	57	17	72	15	70	18	86	16
S6	A	C	86	17	87	21	90	26	75	13	84	11	96	8	90	14	69	22	89	20	78	25	66	27
S7	G	T	76	26	74	18	88	18	82	13	74	16	93	10	95	17	73	17	87	10	87	15	78	30
S8	C	T	82	19	87	25	80	21	92	10	95	13	84	10	72	14	94	17	81	18	74	17	51	24
S9	A	T	107	21	86	21	80	18	89	18	93	15	69	16	77	12	83	11	86	8	84	12	90	25
S10	C	G	86	22	80	16	74	24	85	15	103	8	89	0	103	0	96	0	77	14	78	25	69	28
S11	C	A	98	0	94	0	107	0	91	0	73	13	91	10	73	16	75	25	116	0	109	0	107	0
S12	A	C	100	0	111	0	103	0	92	0	92	0	96	0	97	0	94	10	104	0	101	0	108	0
S13	C	A	99	0	96	0	92	0	106	0	104	0	113	0	82	0	72	13	81	0	113	0	102	0
S14	A	T	100	0	98	0	103	0	96	0	89	0	93	0	103	0	91	12	101	0	99	0	78	0
S15	T	G	103	0	97	0	98	0	115	0	95	0	96	0	95	0	95	9	102	0	103	0	101	0
S16	C	T	74	0	107	0	90	0	110	0	101	0	110	0	100	0	98	12	79	0	111	0	99	0
S17	A	T	90	0	109	0	112	0	110	0	94	0	89	0	100	0	100	13	94	0	90	0	105	0
S18	C	T	95	0	119	0	93	0	99	0	110	0	90	0	96	0	79	19	93	0	92	0	114	0
S19	C	T	98	0	104	0	98	0	109	0	97	0	102	0	90	0	89	10	97	0	97	0	101	0
S20	T	G	91	0	98	0	97	0	103	0	99	0	99	9	94	0	119	0	96	0	95	0	100	0
S21	A	C	69	18	103	17	101	17	79	16	110	0	120	0	96	0	100	0	90	0	87	0	126	0
S22	G	T	86	18	87	27	84	19	85	11	105	0	128	0	111	0	104	0	101	0	89	0	123	0
S23	A	C	77	22	79	17	67	18	87	18	84	0	96	0	105	0	92	0	101	0	93	0	107	0
S24	A	G	81	20	61	22	78	18	79	12	89	0	77	0	90	0	91	0	99	0	89	0	123	0
S25	A	C	89	16	87	18	76	25	80	16	117	0	99	0	93	0	121	0	101	0	113	0	94	0
S26	A	T	58	21	82	17	75	29	95	13	110	0	114	0	109	0	98	0	109	0	98	0	88	0
S27	T	A	80	19	97	13	69	22	91	14	100	0	98	0	115	0	92	0	115	0	103	0	112	0
S28	A	C	69	25	85	21	105	17	88	12	100	0	91	0	132	0	108	0	98	0	84	0	120	0
S29	T	G	91	0	105	0	94	0	111	0	92	0	106	0	93	0	117	0	98	0	111	0	82	24
S30	A	T	108	0	118	0	103	0	103	0	112	0	86	0	79	0	96	0	102	0	105	0	68	18
S31	C	G	104	0	111	0	106	0	96	0	99	0	104	0	94	0	86	0	113	0	83	0	80	18
S32	C	T	82	0	106	0	96	0	95	0	89	0	87	0	98	0	91	0	109	0	87	0	78	14
S33	C	T	123	0	123	0	100	0	71	0	110	0	105	0	108	0	94	0	90	0	90	0	102	19
S34	A	C	91	0	99	0	97	0	86	0	94	0	95	0	103	0	98	0	108	0	91	0	61	24
S35	T	A	108	0	104	0	107	0	76	0	89	0	90	0	106	0	99	0	89	0	102	0	94	12
S36	T	A	97	0	109	0	108	0	117	0	85	0	95	0	89	0	80	0	109	0	96	0	79	18
S37	C	A	116	0	89	0	86	0	108	0	109	3	99	0	100	0	93	0	80	15	66	22	102	0
S38	T	G	90	0	96	0	103	0	111	0	95	3	87	0	99	0	119	0	75	13	77	18	108	0
S39	C	A	122	0	102	0	111	0	109	0	86	12	94	0	111	0	95	0	76	18	78	17	104	0
S40	C	A	100	0	101	0	102	0	106	0	91	4	86	0	108	0	98	0	93	13	79	17	95	0
S41	T	A	91	0	94	0	103	0	105	0	88	8	114	0	76	0	101	0	97	16	88	18	114	0
S42	C	G	101	0	95	0	80	0	88	0	88	7	96	0	100	0	104	0	79	12	84	17	87	0
S43	G	T	88	0	109	0	101	0	103	0	102	4	104	0	98	0	84	0	96	0	85	0	102	0
S44	C	A	86	0	94	0	83	0	106	0	87	1	122	0	106	0	107	0	95	0	87	0	90	0
S45	C	T	89	0	105	0	91	0	125	0	96	7	109	0	89	0	106	0	105	0	110	0	106	0
S46	T	A	79	0	102	0	101	0	115	0	84	5	97	0	108	0	99	0	85	0	113	0	100	0
S47	A	C	109	0	120	0	84	0	101	0	104	8	93	0	101	0	82	0	106	0	89	0	89	0
S48	G	C	99	0	97	0	95	0	113	0	94	6	94	0	98	0	90	0	106	0	109	0	121	0
S49	T	A	103	0	91	0	80	0	112	0	90	5	82	0	83	0	108	0	83	0	90	0	106	0
S50	G	C	97	0	105	0	104	0	109	0	95	4	97	0	97	0	95	0	119	0	107	0	86	0
S51	G	C	113	0	100	0	101	0	73	0	91	0	110	0	94	0	78	0	94	5	87	20	107	0
S52	A	G	107	0	97	0	103	0	94	0	98	0	79	0	104	0	103	0	84	6	81	19	93	0
S53	A	C	113	0	104	0	117	0	88	0	95	0	92	0	85	0	112	0	77	13	79	17	91	0
S54	G	T	80	0	95	0	94	0	79	0	89	0	89	0	97	0	99	0	79	18	88	13	94	0
S55	G	A	97	0	100	0	97	0	107	0	99	0	87	0	108	0	88	0	76	20	83	16	82	0
S56	A	C	83	0	98	0	89	0	102	0	89	0	90	0	87	0	116	0	107	14	78	0	93	0
S57	C	G	93	0	87	0	103	0	94	0	114	0	77	0	96	0	102	0	74	12	106	0	91	0
S58	G	C	97	0	97	0	102	0	105	0	105	0	99	0	88	0	96	0	78	12	98	0	95	0
S59	A	C	88	0	89	0	85	0	92	0	82	0	94	0	108	0	86	0	86	13	117	0	104	0
S60	A	C	115	0	83	0	98	0	106	0	101	0	98	0	96	0	115	0	83	9	88	0	98	0
S61	T	G	101	0	101	0	107	0	121	0	89	0	98	0	100	0	98	0	109	0	104	2	101	0
S62	T	A	102	0	100	0	70	24	86	18	114	0	101	0	112	0	107	0	93	0	83	0	88	0
S63	C	G	89	0	106	0	103	14	102	16	95	0	105	0	105	0	115	0	85	0	101	0	105	0
S64	C	A	93	6	79	16	107	0	88	0	89	0	101	0	83	0	94	0	93	0	103	0	101	0
S65	T	A	107	4	72	11	106	0	115	0	94	0	81	0	86	0	101	0	97	0	107	0	95	0
S66	G	C	106	8	70	15	99	0	89	0	93	0	120	0	105	0	97	0	94	0	96	0	100	0
S67	G	C	98	3	82	19	101	0	107	0	93	0	87	0	91	0	105	0	84	0	108	0	88	0
S68	T	A	98	8	83	13	102	0	98	0	113	0	119	0	102	0	106	0	104	0	107	0	91	0
S69	T	C	81	6	67	26	86	0	109	0	98	0	103	0	111	0	96	0	96	0	97	0	96	0
S70	C	A	122	4	79	17	98	0	109	0	105	0	106	0	110	0	97	0	117	0	100	0	89	0
S71	T	C	82	7	92	22	101	0	101	0	104	0	97	0	105	0	104	0	94	0	98	0	92	0
S72	A	C	89	5	85	18	95	0	109	0	118	0	94	0	97	0	91	0	110	0	99	0	106	0
S73	T	C	100	3	81	17	83	0	88	0	111	0	101	0	92	0	91	0	91	0	83	0	114	0
