SNVID	Wild	Mut	R1:ref	R1:alt	R2:ref	R2:alt	R3:ref	R3:alt	R4:ref	R4:alt	R5:ref	R5:alt	R6:ref	R6:alt	R7:ref	R7:alt	R8:ref	R8:alt	R9:ref	R9:alt	R10:ref	R10:alt	R11:ref	R11:alt	
S1	C	A	81	23	77	20	81	16	98	13	89	14	69	13	82	9	74	16	89	15	92	22	80	21
S2	G	T	80	18	86	21	78	15	112	18	71	15	73	15	85	13	91	15	92	14	100	14	72	21
S3	C	G	82	24	81	19	80	15	106	5	82	9	87	14	96	16	80	19	76	14	107	19	74	27
S4	G	A	57	29	90	19	100	19	79	19	80	17	78	10	95	7	77	13	81	14	81	14	84	21
S5	G	T	66	27	103	19	72	21	106	12	86	14	70	13	98	9	83	15	79	15	70	22	112	10
S6	G	T	102	20	91	19	65	19	93	14	85	12	65	10	89	7	80	19	81	14	89	14	68	26
S7	A	C	88	22	80	20	72	19	96	14	100	4	75	0	92	0	118	0	88	18	67	18	103	15
S8	A	T	87	0	88	0	83	0	112	0	120	9	87	9	90	11	62	14	107	0	106	0	111	0
S9	G	A	122	0	97	0	90	0	115	0	103	0	89	0	92	0	67	12	102	0	103	0	101	0
S10	C	A	125	0	103	0	99	0	99	0	101	0	114	0	99	0	87	8	105	0	107	0	86	0
S11	C	A	98	0	103	0	107	0	96	0	93	0	104	0	102	0	79	14	114	0	105	0	104	0
S12	A	C	90	0	101	0	103	0	92	0	82	0	100	0	87	0	65	21	105	0	98	0	103	0
S13	A	C	105	0	89	0	93	0	108	0	103	0	96	0	95	0	93	12	108	0	100	0	89	0
S14	A	G	118	0	90	0	101	0	91	0	97	0	94	0	107	0	83	13	75	0	105	0	94	0
S15	A	T	92	0	118	0	113	0	127	0	110	0	106	8	122	0	101	0	97	0	99	0	112	0
S16	G	T	72	17	84	21	76	16	71	18	106	0	95	0	95	0	86	0	111	0	94	0	88	0
S17	G	A	71	18	72	13	80	20	80	14	101	0	99	0	106	0	90	0	84	0	90	0	105	0
S18	A	C	83	23	87	17	83	26	100	14	86	0	104	0	104	0	90	0	105	0	104	0	120	0
S19	G	C	51	38	95	14	85	20	74	18	89	0	92	0	104	0	114	0	97	0	110	0	112	0
S20	T	G	72	23	81	11	71	19	90	11	98	0	97	0	132	0	103	0	90	0	83	0	99	0
S21	A	C	65	30	61	24	78	19	84	17	84	0	78	0	106	0	86	0	117	0	103	0	90	0
S22	G	A	110	0	116	0	93	0	135	0	81	0	89	0	103	0	95	0	101	0	109	0	86	18
S23	A	C	100	0	83	0	114	0	105	0	97	0	104	0	98	0	102	0	87	0	85	0	106	16
S24	C	A	86	0	104	0	87	0	114	0	93	0	89	0	114	0	107	0	88	0	107	0	69	15
S25	A	C	103	0	102	0	102	0	120	0	88	0	106	0	106	0	90	0	101	0	120	0	94	22
S26	T	A	98	0	113	0	112	0	89	0	92	0	110	0	111	0	82	0	72	0	104	0	80	15
S27	A	C	103	0	114	0	97	0	112	0	103	0	108	0	104	0	88	0	87	0	105	0	83	19
S28	T	A	92	0	99	0	105	0	78	0	117	3	93	0	113	0	92	0	73	15	85	16	103	0
S29	G	T	128	0	98	0	82	0	106	0	101	8	116	0	124	0	103	0	79	20	97	18	107	0
S30	G	C	92	0	97	0	96	0	101	0	95	3	119	0	89	0	96	0	66	17	83	15	93	0
S31	A	C	106	0	109	0	120	0	96	0	89	4	119	0	95	0	103	0	75	17	90	12	104	0
S32	G	A	96	0	94	0	94	0	90	0	90	7	82	0	117	0	87	0	106	17	90	16	101	0
S33	C	T	94	0	91	0	86	0	108	0	101	4	102	0	91	0	110	0	99	15	76	19	99	0
S34	G	A	95	0	107	0	90	0	86	0	107	6	90	0	111	0	86	0	90	16	62	25	107	0
S35	T	G	95	0	92	0	117	0	91	0	87	8	101	0	95	0	100	0	74	14	92	15	103	0
S36	A	T	98	0	107	0	91	0	111	0	87	6	125	0	95	0	116	0	98	0	101	0	98	0
S37	C	T	116	0	87	0	108	0	98	0	95	2	83	0	105	0	114	0	95	0	103	0	87	0
S38	C	T	98	0	101	0	79	0	89	0	104	8	102	0	87	0	113	0	96	0	80	0	100	0
S39	T	C	93	0	104	0	100	0	93	0	98	3	95	0	105	0	88	0	90	0	100	0	93	0
S40	A	G	90	0	99	0	105	0	97	0	105	3	90	0	95	0	88	0	111	0	115	0	93	0
S41	A	G	75	0	114	0	98	0	98	0	117	6	86	0	115	0	98	0	92	0	91	0	92	0
S42	G	T	96	0	96	0	106	0	95	0	107	7	103	0	95	0	94	0	104	0	102	0	93	0
S43	A	C	108	0	94	0	80	0	88	0	100	5	104	0	101	0	102	0	90	0	107	0	96	0
S44	G	T	103	0	113	0	96	0	98	0	104	0	95	0	106	0	101	0	85	14	68	21	82	0
S45	C	G	95	0	109	0	112	0	124	0	127	0	102	0	102	0	94	0	112	11	102	14	97	0
S46	C	G	100	0	105	0	104	0	101	0	98	0	92	0	99	0	108	0	87	12	72	21	106	0
S47	A	C	104	0	104	0	129	0	112	0	92	0	100	0	105	0	78	0	98	16	87	24	102	0
S48	T	G	101	0	104	0	78	0	118	0	85	0	93	0	109	0	98	0	81	14	92	14	123	0
S49	G	A	95	0	110	0	98	0	97	0	98	0	106	0	102	0	105	0	83	15	70	17	120	0
S50	C	G	104	0	81	0	98	0	101	0	89	0	116	0	96	0	96	0	87	5	87	0	81	0
S51	G	T	93	0	104	0	102	0	105	0	107	0	94	0	97	0	111	0	88	7	105	0	84	0
S52	A	G	117	0	99	0	114	0	105	0	93	0	90	0	101	0	88	0	83	8	108	0	104	0
S53	A	C	104	0	95	0	92	0	101	0	102	0	98	0	101	0	85	0	91	8	82	0	109	0
S54	A	T	104	0	90	0	103	0	95	0	115	0	110	0	83	0	87	0	82	8	109	0	91	0
S55	G	A	88	0	99	0	106	0	85	0	100	0	98	0	99	0	106	0	94	5	122	0	88	0
S56	A	T	88	0	89	0	78	0	105	0	94	0	105	0	93	0	82	0	97	10	109	0	94	0
S57	G	T	103	0	126	0	92	0	113	0	104	0	112	0	101	0	107	0	94	10	114	0	91	0
S58	A	T	88	0	95	0	100	0	115	0	109	0	95	0	109	0	106	0	91	0	107	6	112	0
S59	G	C	107	0	96	0	83	20	87	11	84	0	118	0	88	0	115	0	96	0	91	0	99	0
S60	G	A	83	3	73	17	94	0	107	0	113	0	82	0	85	0	102	0	103	0	101	0	105	0
S61	T	G	91	4	94	20	106	0	95	0	105	0	102	0	106	0	105	0	85	0	76	0	96	0
S62	A	G	105	5	80	18	96	0	135	0	93	0	105	0	108	0	94	0	87	0	91	0	90	0
S63	A	C	97	5	66	22	109	0	98	0	98	0	94	0	105	0	112	0	92	0	102	0	89	0
S64	T	A	107	1	76	19	97	0	107	0	88	0	98	0	101	0	98	0	97	0	85	0	108	0
S65	A	G	87	4	93	19	106	0	94	0	111	0	105	0	111	0	100	0	130	0	92	0	111	0
S66	G	C	91	6	77	14	83	0	107	0	95	0	108	0	113	0	102	0	89	0	93	0	96	0
