SNVID	Wild	Mut	R1:ref	R1:alt	R2:ref	R2:alt	R3:ref	R3:alt	R4:ref	R4:alt	R5:ref	R5:alt	R6:ref	R6:alt	R7:ref	R7:alt	R8:ref	R8:alt	R9:ref	R9:alt	R10:ref	R10:alt	R11:ref	R11:alt	
S1	G	T	85	17	80	15	79	17	96	21	76	13	86	4	91	11	98	12	88	18	97	19	71	24
S2	G	T	92	15	81	19	86	23	88	12	79	13	84	11	101	8	83	20	69	20	84	20	71	23
S3	C	T	73	22	109	11	70	24	69	14	96	9	97	11	107	4	65	21	90	16	73	22	55	25
S4	T	G	83	18	86	23	85	17	87	16	96	12	84	7	109	6	104	14	69	12	77	20	77	28
S5	G	A	75	19	88	17	73	17	97	15	74	17	74	13	97	12	85	21	78	13	70	19	89	20
S6	G	C	64	24	65	18	92	11	101	11	76	4	113	0	90	0	93	0	73	18	64	22	82	23
S7	G	A	109	0	84	0	110	0	123	0	79	10	92	15	89	3	88	20	86	0	101	0	81	0
S8	A	T	103	0	118	0	94	0	103	0	82	0	106	0	82	0	81	10	108	0	93	0	99	0
S9	G	C	95	0	102	0	107	0	105	0	95	0	103	0	98	0	91	15	105	0	104	0	99	0
S10	C	T	107	0	94	0	105	0	86	0	102	0	78	0	114	0	103	10	98	0	96	0	104	0
S11	C	A	73	0	103	0	113	0	98	0	89	0	102	0	107	0	86	18	91	0	98	0	111	0
S12	A	T	90	0	113	0	84	0	111	0	100	0	97	0	101	0	101	9	92	0	98	0	108	0
S13	T	G	102	0	109	0	99	0	93	0	101	0	102	6	108	0	83	0	100	0	90	0	115	0
S14	A	C	71	22	103	20	82	21	90	17	97	0	78	0	83	0	99	0	106	0	97	0	100	0
S15	C	G	69	31	84	12	89	8	96	16	96	0	87	0	115	0	102	0	89	0	90	0	110	0
S16	T	A	61	26	85	19	82	14	82	17	99	0	101	0	125	0	83	0	107	0	98	0	74	0
S17	C	G	85	20	106	19	85	25	79	14	109	0	99	0	107	0	99	0	102	0	112	0	110	0
S18	T	G	103	17	85	16	87	21	87	17	95	0	88	0	117	0	106	0	102	0	95	0	95	0
S19	T	G	81	24	92	23	78	23	77	19	103	0	101	0	103	0	116	0	118	0	96	0	87	0
S20	G	T	96	13	85	25	67	15	97	18	96	0	108	0	114	0	100	0	103	0	98	0	99	0
S21	T	A	86	19	100	18	75	23	94	13	102	0	105	0	91	0	100	0	86	0	96	0	99	0
S22	C	T	92	13	108	14	92	18	80	18	101	0	90	0	99	0	115	0	94	0	75	0	98	0
S23	G	A	88	0	108	0	100	0	105	0	93	0	100	0	101	0	106	0	108	0	99	0	82	17
S24	A	C	102	0	80	0	119	0	98	0	89	0	106	0	121	0	100	0	93	0	95	0	79	25
S25	C	G	99	0	113	0	96	0	109	0	78	0	103	0	107	0	112	0	95	0	106	0	79	29
S26	T	A	109	0	90	0	103	0	79	0	109	0	96	0	89	0	101	0	91	0	99	0	69	23
S27	T	C	103	0	101	0	100	0	93	0	84	0	92	0	102	0	104	0	96	0	96	0	96	19
S28	G	A	101	0	101	0	108	0	106	0	107	0	84	0	86	0	105	0	93	0	118	0	91	14
S29	A	T	96	0	92	0	111	0	85	0	100	0	97	0	111	0	99	0	88	0	92	0	64	19
S30	T	G	97	0	85	0	106	0	95	0	89	8	97	0	91	0	98	0	87	15	88	16	107	0
S31	T	C	104	0	107	0	84	0	107	0	104	1	96	0	102	0	85	0	82	14	86	20	101	0
S32	A	T	117	0	95	0	111	0	98	0	103	6	105	0	99	0	101	0	68	15	88	18	88	0
S33	T	C	86	0	117	0	111	0	78	0	80	6	111	0	94	0	122	0	88	17	84	23	97	0
S34	A	T	88	0	91	0	81	0	100	0	94	6	94	0	111	0	101	0	102	9	75	18	101	0
S35	C	T	88	0	117	0	96	0	87	0	67	3	95	0	111	0	80	0	82	12	81	30	103	0
S36	T	G	99	0	103	0	111	0	111	0	100	6	101	0	91	0	88	0	75	24	75	17	105	0
S37	G	C	110	0	100	0	97	0	93	0	59	9	103	0	102	0	95	0	81	20	73	18	104	0
S38	C	T	93	0	92	0	89	0	102	0	95	2	102	0	78	0	92	0	102	15	78	17	70	0
S39	G	T	92	0	82	0	90	0	107	0	77	5	89	0	95	0	102	0	92	0	94	0	106	0
S40	G	A	105	0	107	0	122	0	98	0	106	4	100	0	119	0	104	0	111	0	94	0	97	0
S41	A	G	94	0	127	0	91	0	116	0	95	3	86	0	90	0	86	0	76	0	108	0	108	0
S42	G	T	105	0	105	0	78	0	91	0	94	1	97	0	97	0	105	0	117	0	105	0	97	0
S43	C	T	86	0	96	0	117	0	93	0	102	6	106	0	97	0	88	0	114	0	103	0	98	0
S44	T	A	99	0	103	0	92	0	92	0	95	0	112	0	108	0	101	0	84	9	76	16	96	0
S45	A	C	105	0	99	0	101	0	108	0	91	0	109	0	118	0	117	0	96	17	74	15	107	0
S46	G	T	108	0	113	0	105	0	96	0	99	0	96	0	95	0	85	0	106	14	88	16	89	0
S47	G	C	103	0	100	0	109	0	109	0	96	0	102	0	125	0	93	0	104	15	57	24	93	0
S48	A	C	102	0	94	0	89	0	98	0	106	0	113	0	104	0	104	0	80	11	74	18	102	0
S49	T	G	113	0	100	0	102	0	102	0	110	0	101	0	116	0	95	0	88	13	64	26	101	0
S50	A	C	105	0	128	0	100	0	93	0	100	0	115	0	81	0	104	0	86	10	96	0	96	0
S51	A	C	102	0	94	0	108	0	84	0	99	0	106	0	99	0	99	0	77	8	84	0	100	0
S52	C	T	91	0	92	0	105	0	97	0	112	0	103	0	91	0	92	0	101	9	95	0	93	0
S53	G	C	98	0	92	0	89	0	106	0	107	0	99	0	97	0	113	0	122	7	103	0	115	0
S54	G	A	106	0	77	0	96	0	109	0	103	0	98	0	111	0	106	0	81	11	98	0	101	0
S55	G	C	108	0	95	0	104	0	113	0	106	0	103	0	96	0	90	0	80	10	84	0	98	0
S56	A	G	129	0	104	0	108	0	106	0	109	0	93	0	95	0	102	0	125	4	79	0	91	0
S57	C	A	99	0	109	0	100	0	76	0	96	0	86	0	103	0	93	0	87	0	110	1	106	0
S58	C	A	114	0	95	0	82	20	91	14	116	0	106	0	94	0	96	0	100	0	101	0	94	0
S59	A	C	101	0	96	0	74	21	80	17	83	0	109	0	91	0	92	0	106	0	83	0	99	0
S60	G	A	83	1	76	21	118	0	90	0	105	0	96	0	83	0	102	0	99	0	125	0	102	0
S61	T	C	87	2	90	18	95	0	98	0	103	0	97	0	95	0	102	0	76	0	100	0	119	0
S62	T	A	103	6	72	19	97	0	93	0	85	0	98	0	93	0	94	0	105	0	98	0	107	0
S63	T	G	90	7	78	11	91	0	100	0	97	0	95	0	100	0	116	0	91	0	90	0	104	0
S64	T	A	111	8	88	24	99	0	104	0	103	0	101	0	111	0	101	0	120	0	91	0	83	0
S65	T	A	94	6	88	13	126	0	92	0	94	0	100	0	105	0	103	0	90	0	106	0	117	0
