SNVID	Wild	Mut	R1:ref	R1:alt	R2:ref	R2:alt	R3:ref	R3:alt	R4:ref	R4:alt	R5:ref	R5:alt	R6:ref	R6:alt	R7:ref	R7:alt	R8:ref	R8:alt	R9:ref	R9:alt	R10:ref	R10:alt	R11:ref	R11:alt	
S1	G	T	75	17	79	22	88	20	85	13	96	10	87	17	85	14	95	19	103	16	80	19	88	24
S2	G	C	95	18	85	19	74	19	119	10	82	17	67	20	95	6	54	25	87	12	82	17	80	24
S3	A	T	57	19	93	19	66	25	80	17	83	19	85	10	95	4	82	18	76	26	88	12	89	19
S4	C	G	72	23	83	19	76	20	89	17	85	12	104	11	85	10	89	21	77	20	85	18	73	13
S5	T	C	76	22	83	14	74	12	66	14	76	20	81	18	94	8	71	21	93	11	81	15	84	23
S6	G	A	65	29	76	12	93	19	92	17	114	7	94	0	101	0	110	0	99	8	72	19	82	17
S7	G	C	83	0	88	0	126	0	91	0	92	8	100	11	91	6	90	19	116	0	96	0	108	0
S8	T	A	95	0	95	0	95	0	118	0	100	0	101	0	100	0	91	9	92	0	89	0	99	0
S9	C	T	93	0	89	0	100	0	111	0	107	0	108	0	106	0	94	18	98	0	87	0	96	0
S10	C	A	101	0	96	0	97	0	116	0	97	0	118	0	89	0	104	17	87	0	103	0	86	0
S11	C	A	104	0	97	0	117	0	109	0	85	0	90	0	92	0	83	10	108	0	110	0	105	0
S12	C	T	96	0	108	0	103	0	89	0	88	0	110	0	100	0	79	15	95	0	85	0	97	0
S13	T	C	99	0	88	0	93	0	88	0	91	0	73	0	84	0	89	13	100	0	86	0	108	0
S14	G	C	112	0	102	0	102	0	85	0	117	0	89	11	97	0	112	0	106	0	108	0	122	0
S15	C	T	60	26	99	17	93	25	72	10	98	0	98	0	100	0	101	0	112	0	98	0	94	0
S16	C	A	75	21	79	17	81	14	88	10	93	0	102	0	106	0	104	0	102	0	92	0	106	0
S17	C	T	86	25	67	18	83	23	100	12	91	0	98	0	104	0	84	0	89	0	112	0	93	0
S18	A	G	74	19	86	19	69	27	98	14	103	0	119	0	80	0	102	0	85	0	103	0	106	0
S19	A	C	75	25	103	15	67	24	79	16	107	0	98	0	111	0	98	0	91	0	102	0	104	0
S20	A	G	84	25	89	10	55	20	74	18	114	0	108	0	111	0	116	0	100	0	72	0	99	0
S21	T	G	73	15	85	22	72	14	80	16	109	0	110	0	115	0	101	0	114	0	102	0	103	0
S22	G	T	54	28	96	13	56	23	88	12	88	0	95	0	86	0	126	0	117	0	92	0	92	0
S23	T	A	105	0	100	0	92	0	107	0	99	0	104	0	88	0	102	0	98	0	95	0	82	16
S24	C	A	104	0	104	0	106	0	105	0	116	0	97	0	109	0	85	0	112	0	94	0	85	18
S25	G	C	116	0	98	0	102	0	93	0	90	0	88	0	105	0	105	0	97	0	99	0	86	21
S26	A	T	99	0	122	0	86	0	101	0	92	0	101	0	82	0	109	0	86	0	109	0	64	28
S27	T	G	90	0	91	0	102	0	111	0	103	0	93	0	100	0	104	0	105	0	121	0	77	19
S28	A	G	117	0	93	0	103	0	83	0	100	0	118	0	113	0	109	0	97	0	95	0	70	16
S29	T	G	103	0	89	0	96	0	95	0	99	0	87	0	103	0	98	0	79	0	100	0	81	24
S30	C	A	102	0	98	0	89	0	94	0	109	0	113	0	94	0	98	0	102	0	91	0	94	18
S31	C	T	95	0	88	0	99	0	98	0	90	0	95	0	117	0	103	0	117	0	115	0	79	19
S32	T	A	81	0	103	0	120	0	101	0	109	0	100	0	98	0	101	0	110	0	90	0	67	24
S33	A	G	105	0	99	0	110	0	104	0	88	3	106	0	110	0	105	0	96	17	90	22	104	0
S34	T	C	92	0	123	0	97	0	89	0	98	2	95	0	89	0	100	0	76	12	84	22	94	0
S35	A	T	106	0	90	0	99	0	93	0	90	7	123	0	90	0	104	0	96	21	87	10	94	0
S36	T	G	96	0	83	0	84	0	110	0	103	8	111	0	75	0	93	0	74	21	73	20	98	0
S37	A	T	96	0	114	0	82	0	98	0	99	5	109	0	100	0	114	0	77	14	79	18	113	0
S38	C	A	100	0	82	0	102	0	109	0	82	4	98	0	94	0	101	0	84	18	78	21	101	0
S39	G	A	80	0	94	0	100	0	80	0	83	9	99	0	103	0	88	0	81	18	80	23	109	0
S40	A	G	103	0	118	0	86	0	94	0	100	3	97	0	94	0	92	0	85	11	79	19	96	0
S41	C	G	94	0	102	0	92	0	99	0	112	4	112	0	97	0	105	0	90	10	77	18	110	0
S42	G	C	110	0	116	0	82	0	99	0	94	9	91	0	102	0	109	0	80	23	74	19	91	0
S43	C	T	113	0	100	0	103	0	86	0	74	3	111	0	106	0	85	0	89	0	100	0	97	0
S44	G	T	102	0	85	0	83	0	117	0	92	3	84	0	110	0	92	0	108	0	83	0	91	0
S45	G	T	100	0	115	0	102	0	92	0	95	6	114	0	95	0	89	0	93	0	121	0	102	0
S46	G	A	108	0	96	0	109	0	102	0	84	5	107	0	111	0	108	0	107	0	101	0	96	0
S47	A	G	105	0	120	0	103	0	93	0	120	4	90	0	86	0	108	0	110	0	113	0	113	0
S48	C	A	111	0	80	0	97	0	121	0	84	9	91	0	111	0	98	0	105	0	97	0	89	0
S49	C	A	108	0	85	0	101	0	90	0	88	6	94	0	98	0	106	0	114	0	97	0	98	0
S50	C	T	99	0	107	0	116	0	104	0	105	2	93	0	87	0	101	0	120	0	106	0	101	0
S51	T	G	97	0	78	0	108	0	95	0	111	0	81	0	110	0	96	0	93	12	63	20	100	0
S52	T	C	109	0	87	0	106	0	100	0	93	0	102	0	100	0	97	0	82	17	101	13	100	0
S53	C	G	95	0	93	0	95	0	100	0	97	0	93	0	94	0	95	0	91	18	82	27	112	0
S54	G	T	88	0	96	0	84	0	104	0	97	0	113	0	91	0	93	0	74	16	84	19	100	0
S55	G	T	95	0	98	0	101	0	112	0	115	0	98	0	92	0	93	0	107	16	94	19	96	0
S56	C	T	94	0	92	0	105	0	98	0	107	0	86	0	122	0	111	0	79	15	67	21	79	0
S57	A	C	115	0	104	0	93	0	106	0	102	0	91	0	104	0	108	0	82	18	83	26	100	0
S58	G	T	97	0	95	0	87	0	96	0	97	0	107	0	92	0	102	0	88	12	86	21	115	0
S59	A	C	119	0	87	0	115	0	103	0	94	0	82	0	100	0	83	0	90	18	75	25	91	0
S60	A	T	107	0	88	0	115	0	92	0	92	0	120	0	97	0	100	0	70	13	103	0	99	0
S61	C	A	109	0	110	0	86	0	92	0	103	0	107	0	100	0	85	0	102	8	99	0	95	0
S62	G	A	108	0	103	0	114	0	76	0	110	0	79	0	89	0	101	0	87	8	106	0	86	0
S63	T	A	112	0	93	0	98	0	103	0	100	0	100	0	82	0	123	0	101	10	101	0	113	0
S64	C	A	91	0	103	0	86	0	108	0	110	0	105	0	113	0	83	0	115	10	111	0	96	0
S65	A	C	114	0	104	0	90	0	106	0	94	0	110	0	90	0	90	0	86	9	91	0	99	0
S66	A	T	91	0	90	0	104	0	88	0	102	0	112	0	100	0	119	0	91	0	105	5	106	0
S67	T	G	111	0	104	0	115	0	102	0	97	0	86	0	101	0	91	0	93	0	101	4	107	0
S68	A	T	102	0	105	0	71	22	74	19	103	0	98	0	98	0	92	0	95	0	115	0	94	0
S69	G	A	89	6	95	18	99	0	91	0	107	0	101	0	112	0	101	0	103	0	108	0	111	0
S70	C	T	79	9	80	20	83	0	102	0	115	0	99	0	115	0	102	0	94	0	91	0	98	0
S71	C	T	97	4	93	13	113	0	95	0	109	0	81	0	86	0	95	0	110	0	112	0	117	0
S72	G	T	106	3	82	17	118	0	106	0	109	0	101	0	81	0	92	0	100	0	82	0	110	0
S73	T	G	88	5	87	18	106	0	86	0	107	0	102	0	110	0	104	0	81	0	95	0	98	0
S74	A	T	96	4	95	12	129	0	99	0	99	0	120	0	94	0	105	0	93	0	107	0	89	0
S75	G	C	96	2	88	17	115	0	94	0	77	0	86	0	96	0	95	0	81	0	110	0	82	0
S76	A	C	98	4	94	12	99	0	88	0	101	0	120	0	113	0	101	0	87	0	103	0	101	0
S77	A	C	94	3	87	14	95	0	108	0	90	0	124	0	108	0	102	0	103	0	88	0	104	0
