SNVID	Wild	Mut	R1:ref	R1:alt	R2:ref	R2:alt	R3:ref	R3:alt	R4:ref	R4:alt	R5:ref	R5:alt	R6:ref	R6:alt	R7:ref	R7:alt	R8:ref	R8:alt	R9:ref	R9:alt	R10:ref	R10:alt	R11:ref	R11:alt	
S1	T	G	95	15	88	16	73	24	88	13	87	15	92	11	84	9	80	21	81	19	113	21	93	20
S2	A	G	67	19	63	18	99	12	100	13	87	17	79	23	83	16	100	11	90	14	64	23	88	24
S3	C	G	92	15	85	20	96	21	79	14	57	20	91	17	93	5	87	19	61	19	75	23	78	22
S4	G	A	91	22	63	17	95	11	102	8	88	14	81	15	94	8	97	16	93	9	82	13	70	19
S5	G	T	90	23	77	22	87	18	85	10	87	14	75	12	73	11	97	16	89	15	89	11	85	24
S6	G	C	72	18	74	23	70	23	89	15	85	21	84	10	80	6	76	14	90	10	88	20	67	21
S7	T	G	77	15	77	20	57	19	88	16	90	13	94	9	91	10	88	10	89	12	81	18	90	23
S8	G	A	75	26	101	16	74	24	89	19	100	5	100	0	97	0	96	0	69	14	72	16	71	22
S9	T	G	110	0	107	0	88	0	95	0	90	10	69	18	85	9	88	22	99	0	113	0	95	0
S10	A	T	94	0	87	0	99	0	95	0	99	0	110	0	88	0	96	14	110	0	112	0	97	0
S11	T	A	108	0	90	0	96	0	105	0	102	0	109	0	112	0	73	14	92	0	96	0	104	0
S12	T	C	92	0	104	0	105	0	104	0	98	0	103	0	89	0	93	17	104	0	98	0	92	0
S13	T	C	117	0	105	0	105	0	103	0	92	0	98	0	90	0	103	11	110	0	81	0	106	0
S14	G	C	96	0	104	0	100	0	120	0	99	0	97	0	109	0	93	9	110	0	106	0	102	0
S15	A	C	102	0	97	0	117	0	120	0	112	0	123	0	98	0	91	12	99	0	87	0	84	0
S16	T	A	90	0	117	0	99	0	107	0	93	0	95	0	91	0	109	13	100	0	78	0	108	0
S17	G	T	101	0	98	0	89	0	105	0	97	0	97	0	87	0	89	15	88	0	123	0	84	0
S18	T	G	99	0	109	0	104	0	99	0	97	0	82	7	110	0	101	0	116	0	104	0	108	0
S19	T	G	92	0	93	0	102	0	113	0	79	0	88	11	105	0	120	0	82	0	105	0	91	0
S20	T	A	88	17	79	14	64	27	108	11	108	0	118	0	107	0	104	0	98	0	98	0	100	0
S21	A	T	81	14	83	20	99	11	84	22	127	0	120	0	97	0	103	0	124	0	102	0	98	0
S22	C	G	97	12	83	14	97	23	59	13	87	0	112	0	91	0	109	0	87	0	100	0	98	0
S23	T	A	91	19	74	13	92	16	104	14	117	0	112	0	128	0	119	0	113	0	113	0	122	0
S24	G	C	90	14	90	16	80	21	111	18	104	0	111	0	106	0	87	0	106	0	119	0	95	0
S25	A	G	90	17	78	11	76	21	87	22	91	0	107	0	98	0	91	0	85	0	101	0	95	0
S26	A	C	124	0	101	0	96	0	102	0	83	0	100	0	81	0	87	0	90	0	107	0	94	14
S27	A	T	99	0	88	0	87	0	87	0	118	0	94	0	85	0	96	0	99	0	98	0	73	20
S28	A	G	93	0	93	0	104	0	105	0	113	0	109	0	104	0	97	0	116	0	77	0	75	17
S29	A	G	92	0	101	0	101	0	123	0	83	0	94	0	110	0	104	0	114	0	100	0	82	24
S30	C	A	91	0	109	0	100	0	98	0	111	0	115	0	111	0	95	0	102	0	93	0	61	18
S31	A	C	110	0	99	0	96	0	101	0	95	0	114	0	119	0	99	0	103	0	102	0	81	10
S32	C	G	103	0	103	0	94	0	84	0	98	0	83	0	87	0	113	0	109	0	101	0	63	26
S33	G	A	101	0	105	0	93	0	86	0	89	6	110	0	89	0	89	0	79	14	91	14	90	0
S34	C	T	106	0	77	0	87	0	87	0	89	6	88	0	89	0	88	0	88	14	87	17	92	0
S35	T	A	91	0	108	0	97	0	102	0	80	4	95	0	117	0	91	0	79	18	99	16	99	0
S36	C	G	94	0	93	0	109	0	93	0	92	3	97	0	111	0	89	0	83	19	74	12	89	0
S37	A	G	102	0	116	0	96	0	87	0	88	6	76	0	92	0	89	0	87	13	66	20	97	0
S38	G	C	101	0	99	0	104	0	111	0	78	6	118	0	94	0	93	0	77	16	97	10	97	0
S39	T	A	96	0	112	0	116	0	106	0	78	11	93	0	106	0	91	0	80	14	69	18	106	0
S40	T	C	98	0	132	0	106	0	90	0	90	6	86	0	94	0	91	0	92	11	98	16	110	0
S41	A	C	86	0	87	0	109	0	91	0	99	8	114	0	112	0	102	0	93	17	92	16	103	0
S42	C	G	83	0	101	0	105	0	88	0	103	4	108	0	97	0	92	0	111	0	112	0	104	0
S43	T	G	92	0	102	0	99	0	77	0	89	4	108	0	115	0	109	0	118	0	79	0	108	0
S44	G	A	114	0	96	0	92	0	115	0	73	8	97	0	106	0	87	0	122	0	107	0	99	0
S45	C	A	100	0	98	0	104	0	108	0	97	6	97	0	91	0	92	0	89	0	105	0	86	0
S46	C	T	89	0	81	0	100	0	118	0	98	10	127	0	96	0	104	0	122	0	87	0	100	0
S47	A	C	109	0	99	0	106	0	96	0	108	0	81	0	109	0	90	0	105	0	95	0	98	0
S48	G	T	115	0	97	0	97	0	105	0	95	0	109	0	119	0	94	0	83	15	78	21	92	0
S49	G	A	97	0	113	0	83	0	91	0	86	0	94	0	95	0	112	0	90	16	77	15	87	0
S50	C	T	121	0	83	0	113	0	96	0	100	0	109	0	92	0	95	0	105	11	77	18	114	0
S51	G	A	99	0	115	0	104	0	120	0	124	0	88	0	80	0	100	0	80	14	93	15	96	0
S52	A	C	113	0	106	0	112	0	108	0	97	0	119	0	95	0	102	0	96	11	71	17	102	0
S53	A	T	95	0	99	0	110	0	99	0	88	0	103	0	98	0	86	0	84	15	88	19	102	0
S54	T	G	91	0	101	0	118	0	91	0	117	0	81	0	98	0	105	0	71	17	85	15	98	0
S55	C	A	106	0	101	0	99	0	109	0	107	0	90	0	107	0	88	0	82	10	77	27	86	0
S56	T	C	127	0	108	0	81	0	86	0	98	0	103	0	110	0	121	0	102	8	78	0	100	0
S57	A	G	94	0	107	0	108	0	95	0	101	0	86	0	106	0	93	0	106	13	93	0	101	0
S58	G	C	97	0	88	0	93	0	97	0	105	0	104	0	90	0	111	0	81	10	99	0	115	0
S59	C	A	100	0	97	0	91	0	92	0	106	0	101	0	109	0	94	0	85	15	87	0	113	0
S60	C	A	100	0	98	0	101	0	106	0	98	0	113	0	102	0	105	0	84	7	90	0	108	0
S61	A	C	92	0	110	0	103	0	104	0	111	0	106	0	98	0	112	0	77	11	83	0	111	0
S62	T	G	102	0	106	0	102	0	94	0	101	0	104	0	117	0	97	0	90	7	96	0	127	0
S63	T	G	96	0	108	0	87	0	94	0	104	0	102	0	106	0	97	0	84	12	100	0	115	0
S64	C	T	106	0	114	0	110	0	109	0	83	0	108	0	96	0	114	0	95	4	108	0	95	0
S65	G	A	97	0	121	0	98	0	100	0	100	0	104	0	91	0	107	0	85	12	111	0	108	0
S66	A	T	91	0	75	0	87	0	107	0	84	0	94	0	96	0	89	0	91	0	84	7	102	0
S67	C	A	96	0	105	0	70	15	77	17	76	0	87	0	108	0	110	0	108	0	108	0	107	0
S68	G	C	91	5	83	14	104	0	88	0	110	0	99	0	99	0	87	0	103	0	106	0	121	0
S69	A	C	102	1	82	15	109	0	85	0	90	0	94	0	96	0	99	0	108	0	88	0	116	0
S70	C	A	103	5	94	23	99	0	97	0	88	0	93	0	107	0	97	0	122	0	97	0	101	0
S71	A	T	110	9	86	9	102	0	84	0	99	0	87	0	92	0	100	0	98	0	96	0	91	0
S72	A	C	97	4	83	22	102	0	105	0	87	0	110	0	110	0	121	0	100	0	108	0	127	0
S73	G	C	92	7	74	23	97	0	109	0	104	0	118	0	98	0	99	0	98	0	104	0	95	0
