SNVID	Wild	Mut	R1:ref	R1:alt	R2:ref	R2:alt	R3:ref	R3:alt	R4:ref	R4:alt	R5:ref	R5:alt	R6:ref	R6:alt	R7:ref	R7:alt	R8:ref	R8:alt	R9:ref	R9:alt	R10:ref	R10:alt	R11:ref	R11:alt	
S1	T	A	60	31	81	13	55	24	79	21	87	13	89	12	89	6	87	18	86	16	66	18	68	27
S2	T	C	86	21	80	18	85	12	93	12	82	13	86	11	93	9	81	20	84	18	82	15	69	24
S3	C	G	65	20	93	20	87	14	103	9	97	18	96	18	97	5	68	20	102	9	77	16	76	25
S4	A	T	76	26	99	19	71	26	84	12	79	12	87	17	79	14	89	17	79	15	68	19	75	28
S5	A	G	87	15	82	22	75	19	80	15	93	16	89	8	107	12	67	16	64	13	81	17	77	24
S6	T	C	91	18	87	19	85	21	91	12	80	9	77	12	82	10	79	15	89	13	80	17	74	18
S7	C	T	76	10	79	13	73	26	98	23	100	12	92	15	71	11	91	9	82	23	78	20	75	25
S8	C	A	66	31	73	20	81	28	97	23	88	4	101	0	124	0	115	0	96	17	73	16	76	29
S9	A	G	117	0	97	0	97	0	91	0	94	14	88	17	92	8	83	21	114	0	97	0	104	0
S10	T	G	97	0	86	0	98	0	94	0	105	0	87	0	103	0	90	16	106	0	80	0	96	0
S11	C	G	98	0	116	0	108	0	104	0	111	0	74	0	103	0	88	10	99	0	101	0	100	0
S12	T	C	109	0	88	0	98	0	104	0	84	0	101	0	110	0	80	13	97	0	110	0	92	0
S13	A	T	78	0	98	0	114	0	105	0	102	0	100	0	92	0	91	14	102	0	110	0	87	0
S14	A	G	104	0	89	0	102	0	101	0	98	0	89	0	94	0	91	15	93	0	103	0	97	0
S15	G	T	99	0	112	0	114	0	104	0	85	0	95	11	111	0	110	0	79	0	111	0	99	0
S16	G	C	81	25	96	14	97	21	80	14	111	0	93	0	88	0	102	0	107	0	99	0	98	0
S17	A	T	71	21	66	24	96	5	75	16	105	0	105	0	105	0	113	0	96	0	93	0	101	0
S18	G	C	78	19	74	17	97	17	71	17	100	0	92	0	93	0	95	0	100	0	89	0	89	0
S19	C	G	70	16	86	21	83	16	83	11	114	0	116	0	111	0	92	0	96	0	106	0	99	0
S20	C	G	67	22	76	20	84	30	104	18	98	0	130	0	101	0	90	0	104	0	119	0	103	0
S21	C	G	100	15	88	19	89	12	82	11	104	0	99	0	74	0	115	0	97	0	100	0	89	0
S22	T	C	94	20	86	19	82	23	90	9	111	0	105	0	111	0	111	0	106	0	104	0	104	0
S23	G	C	98	14	84	18	84	19	80	14	104	0	119	0	86	0	102	0	97	0	106	0	105	0
S24	A	G	79	16	79	16	91	19	84	21	85	0	91	0	95	0	93	0	104	0	96	0	113	0
S25	G	A	72	21	87	13	83	16	107	17	98	0	102	0	108	0	103	0	89	0	104	0	100	0
S26	T	A	93	0	106	0	109	0	100	0	111	0	88	0	75	0	94	0	104	0	100	0	73	14
S27	T	A	109	0	99	0	102	0	100	0	95	0	90	0	99	0	107	0	102	0	75	0	55	26
S28	A	G	102	0	89	0	103	0	110	0	107	0	104	0	99	0	92	0	93	0	110	0	57	26
S29	C	A	102	0	103	0	92	0	99	0	86	0	108	0	95	0	112	0	119	0	90	0	103	21
S30	C	T	105	0	96	0	95	0	101	0	101	0	107	0	92	0	101	0	113	0	95	0	75	18
S31	C	A	98	0	106	0	104	0	81	0	82	0	108	0	107	0	103	0	89	0	95	0	94	21
S32	C	A	88	0	105	0	100	0	88	0	96	0	82	0	88	0	94	0	105	0	118	0	76	19
S33	A	T	98	0	97	0	86	0	102	0	89	8	119	0	90	0	105	0	82	18	79	20	115	0
S34	G	T	92	0	97	0	101	0	108	0	106	8	95	0	93	0	100	0	77	13	78	25	113	0
S35	G	C	116	0	107	0	94	0	104	0	95	4	97	0	108	0	98	0	71	9	98	17	100	0
S36	T	A	91	0	126	0	92	0	115	0	95	2	104	0	101	0	112	0	82	13	101	25	123	0
S37	C	A	95	0	86	0	89	0	114	0	107	4	125	0	97	0	101	0	66	22	64	21	103	0
S38	T	A	96	0	105	0	102	0	79	0	79	7	103	0	113	0	83	0	79	16	86	17	95	0
S39	T	A	112	0	102	0	101	0	105	0	100	5	104	0	101	0	99	0	81	18	97	13	104	0
S40	G	C	83	0	107	0	90	0	95	0	106	9	88	0	94	0	86	0	88	12	75	22	102	0
S41	A	C	84	0	110	0	109	0	110	0	105	4	95	0	103	0	107	0	74	21	74	22	100	0
S42	T	G	104	0	79	0	88	0	95	0	95	4	97	0	105	0	94	0	104	0	92	0	116	0
S43	C	A	79	0	88	0	100	0	95	0	90	2	105	0	86	0	114	0	89	0	107	0	103	0
S44	C	T	100	0	99	0	99	0	107	0	84	4	84	0	102	0	89	0	107	0	97	0	111	0
S45	A	G	108	0	111	0	91	0	106	0	101	7	100	0	95	0	117	0	105	0	106	0	99	0
S46	C	A	119	0	107	0	114	0	91	0	100	5	103	0	103	0	85	0	107	0	117	0	103	0
S47	T	C	98	0	107	0	105	0	89	0	101	3	92	0	96	0	103	0	100	0	105	0	122	0
S48	C	T	101	0	100	0	108	0	85	0	79	0	92	0	89	0	87	0	71	22	66	22	99	0
S49	G	C	98	0	91	0	116	0	100	0	93	0	103	0	109	0	88	0	89	16	86	15	108	0
S50	C	G	114	0	105	0	107	0	122	0	101	0	105	0	97	0	115	0	92	14	97	13	89	0
S51	C	T	104	0	94	0	106	0	96	0	115	0	90	0	84	0	98	0	95	15	83	20	105	0
S52	T	A	105	0	96	0	99	0	97	0	86	0	98	0	111	0	107	0	88	19	87	14	109	0
S53	C	T	108	0	90	0	103	0	115	0	98	0	71	0	86	0	89	0	98	16	80	17	94	0
S54	A	C	101	0	92	0	96	0	95	0	94	0	82	0	78	0	112	0	84	13	76	21	83	0
S55	C	A	108	0	114	0	100	0	102	0	98	0	98	0	115	0	112	0	84	10	79	18	101	0
S56	G	C	98	0	97	0	111	0	96	0	111	0	97	0	90	0	89	0	77	16	80	22	88	0
S57	C	A	77	0	94	0	97	0	99	0	83	0	108	0	95	0	99	0	78	20	71	21	102	0
S58	G	T	103	0	98	0	88	0	91	0	111	0	114	0	105	0	104	0	61	11	97	0	83	0
S59	C	A	99	0	94	0	93	0	87	0	103	0	114	0	107	0	109	0	90	11	86	0	106	0
S60	G	C	114	0	106	0	77	0	105	0	97	0	100	0	111	0	110	0	104	7	105	0	100	0
S61	G	A	107	0	103	0	101	0	98	0	81	0	104	0	108	0	107	0	98	8	114	0	98	0
S62	G	C	100	0	109	0	117	0	100	0	94	0	100	0	109	0	105	0	93	9	96	0	106	0
S63	T	A	99	0	113	0	103	0	98	0	99	0	101	0	107	0	106	0	83	10	108	0	111	0
S64	T	A	89	0	107	0	109	0	111	0	106	0	88	0	115	0	98	0	109	0	89	10	103	0
S65	G	A	99	0	122	0	73	24	95	14	97	0	112	0	85	0	89	0	92	0	93	0	97	0
S66	T	C	105	0	128	0	87	18	77	18	104	0	95	0	101	0	99	0	107	0	86	0	93	0
S67	A	T	115	4	85	13	98	0	109	0	101	0	111	0	118	0	101	0	93	0	94	0	100	0
S68	C	A	97	5	75	16	81	0	98	0	100	0	101	0	115	0	81	0	89	0	97	0	114	0
S69	T	A	95	2	72	17	92	0	100	0	97	0	95	0	111	0	104	0	93	0	105	0	96	0
S70	G	A	91	7	101	23	115	0	86	0	87	0	95	0	85	0	97	0	113	0	98	0	93	0
S71	T	G	83	5	80	17	97	0	97	0	94	0	94	0	80	0	94	0	111	0	99	0	100	0
S72	A	T	85	5	95	14	125	0	89	0	113	0	98	0	82	0	94	0	88	0	91	0	94	0
S73	C	A	97	3	112	13	106	0	97	0	120	0	90	0	97	0	88	0	122	0	95	0	98	0
S74	T	C	93	4	72	21	98	0	104	0	114	0	101	0	102	0	103	0	83	0	98	0	97	0
