SNVID	Wild	Mut	R1:ref	R1:alt	R2:ref	R2:alt	R3:ref	R3:alt	R4:ref	R4:alt	R5:ref	R5:alt	R6:ref	R6:alt	R7:ref	R7:alt	R8:ref	R8:alt	R9:ref	R9:alt	R10:ref	R10:alt	R11:ref	R11:alt	
S1	A	G	91	19	66	31	77	17	109	10	89	9	73	17	88	12	79	14	100	10	76	16	70	20
S2	A	T	80	22	81	28	79	21	102	19	98	10	97	10	86	5	98	12	81	12	85	13	72	26
S3	A	C	65	18	81	15	89	20	79	16	99	21	116	10	90	12	93	12	89	15	89	15	81	14
S4	T	G	84	16	104	14	75	24	101	14	79	13	78	13	94	7	90	16	81	15	96	23	67	22
S5	G	T	74	18	86	13	100	19	79	14	89	19	84	12	76	9	68	19	82	14	87	16	65	21
S6	G	C	80	18	106	14	96	18	107	10	95	14	91	13	72	14	68	23	74	12	77	15	83	30
S7	T	G	87	21	96	18	62	23	92	12	87	13	93	13	92	14	80	13	108	13	72	24	78	29
S8	C	G	93	27	73	16	75	27	91	12	85	12	104	11	77	11	70	16	95	10	50	25	73	19
S9	A	C	84	22	89	16	66	28	65	15	95	20	104	15	92	9	97	19	78	21	102	12	96	26
S10	A	G	93	11	77	17	102	13	86	18	106	4	91	0	97	0	111	0	104	16	80	16	97	23
S11	T	G	103	0	98	0	97	0	103	0	77	5	91	11	84	10	84	19	94	0	97	0	95	0
S12	A	C	102	0	96	0	101	0	90	0	116	0	117	0	80	0	89	12	101	0	98	0	94	0
S13	T	A	88	0	99	0	104	0	95	0	98	0	106	0	104	0	105	10	96	0	110	0	92	0
S14	C	T	101	0	88	0	113	0	121	0	90	0	77	0	97	0	76	13	86	0	107	0	91	0
S15	A	C	111	0	111	0	93	0	93	0	105	0	86	0	90	0	88	15	112	0	103	0	110	0
S16	A	G	97	0	101	0	97	0	115	0	108	0	91	0	92	0	96	9	95	0	102	0	112	0
S17	T	G	83	0	111	0	102	0	98	0	95	0	85	9	104	0	107	0	119	0	97	0	97	0
S18	T	G	68	20	83	18	67	20	72	17	105	0	102	0	97	0	99	0	85	0	96	0	111	0
S19	A	C	97	18	98	15	73	18	81	19	100	0	98	0	96	0	87	0	98	0	115	0	92	0
S20	C	T	79	19	105	13	90	14	63	17	111	0	93	0	102	0	88	0	94	0	91	0	91	0
S21	G	A	64	20	81	14	87	15	92	11	98	0	91	0	108	0	95	0	88	0	106	0	110	0
S22	T	G	73	12	117	17	85	18	83	18	109	0	101	0	100	0	91	0	97	0	90	0	100	0
S23	G	C	73	16	91	13	64	23	77	17	87	0	111	0	85	0	107	0	113	0	98	0	93	0
S24	C	A	85	20	81	12	97	17	88	16	119	0	109	0	98	0	114	0	118	0	119	0	99	0
S25	C	T	86	21	60	28	86	12	84	15	94	0	113	0	94	0	92	0	106	0	110	0	85	0
S26	A	T	69	20	82	14	81	24	106	12	90	0	114	0	110	0	104	0	121	0	115	0	118	0
S27	G	T	82	19	72	18	79	21	76	11	99	0	93	0	90	0	114	0	97	0	107	0	114	0
S28	G	T	105	0	118	0	102	0	96	0	90	0	105	0	109	0	87	0	105	0	100	0	76	13
S29	G	T	119	0	102	0	93	0	85	0	103	0	107	0	93	0	108	0	111	0	100	0	81	17
S30	A	C	105	0	102	0	108	0	112	0	111	0	90	0	84	0	96	0	92	0	123	0	83	22
S31	A	T	91	0	99	0	114	0	96	0	98	0	101	0	91	0	95	0	92	0	104	0	65	21
S32	G	C	111	0	102	0	89	0	80	0	97	0	81	0	95	0	96	0	97	0	113	0	73	22
S33	T	G	88	0	105	0	111	0	103	0	108	0	101	0	111	0	97	0	101	0	112	0	71	21
S34	T	C	104	0	97	0	105	0	96	0	102	0	109	0	86	0	102	0	120	0	110	0	73	18
S35	T	A	101	0	82	0	104	0	110	0	114	0	110	0	96	0	115	0	101	0	101	0	86	16
S36	T	C	103	0	112	0	109	0	86	0	107	5	99	0	95	0	115	0	73	18	77	24	80	0
S37	G	C	90	0	109	0	94	0	106	0	84	4	107	0	104	0	90	0	75	11	75	14	107	0
S38	T	C	110	0	89	0	103	0	90	0	94	8	102	0	101	0	100	0	76	19	71	18	109	0
S39	C	A	102	0	93	0	104	0	106	0	91	7	84	0	114	0	97	0	103	15	78	17	79	0
S40	C	A	98	0	93	0	73	0	98	0	82	5	104	0	102	0	93	0	84	18	82	12	95	0
S41	C	T	102	0	93	0	91	0	97	0	87	8	119	0	92	0	106	0	97	12	95	19	95	0
S42	A	G	101	0	91	0	89	0	98	0	89	10	102	0	87	0	88	0	92	16	83	19	112	0
S43	G	A	95	0	95	0	90	0	91	0	81	6	98	0	102	0	119	0	82	12	75	14	116	0
S44	T	C	105	0	116	0	92	0	107	0	95	5	95	0	99	0	111	0	81	8	76	17	106	0
S45	G	T	105	0	97	0	124	0	103	0	105	4	100	0	107	0	87	0	96	0	77	0	116	0
S46	C	A	90	0	108	0	92	0	96	0	114	1	110	0	101	0	103	0	92	0	94	0	92	0
S47	A	G	107	0	100	0	90	0	95	0	108	3	90	0	88	0	116	0	89	0	103	0	129	0
S48	G	T	84	0	110	0	75	0	114	0	107	4	88	0	102	0	101	0	100	0	112	0	87	0
S49	C	G	106	0	105	0	114	0	116	0	85	8	106	0	95	0	98	0	102	0	105	0	117	0
S50	T	A	116	0	103	0	95	0	118	0	113	0	90	0	111	0	109	0	92	17	78	19	104	0
S51	G	C	105	0	99	0	106	0	101	0	107	0	99	0	111	0	104	0	100	15	67	17	105	0
S52	A	G	98	0	92	0	103	0	107	0	107	0	103	0	118	0	108	0	75	6	63	12	98	0
S53	G	T	97	0	101	0	100	0	102	0	89	0	90	0	102	0	109	0	96	20	99	16	98	0
S54	C	G	95	0	91	0	117	0	99	0	104	0	90	0	112	0	94	0	84	17	83	15	94	0
S55	G	C	110	0	108	0	97	0	88	0	111	0	107	0	108	0	103	0	83	10	107	0	111	0
S56	T	A	101	0	111	0	106	0	102	0	101	0	86	0	107	0	97	0	77	11	122	0	94	0
S57	C	A	90	0	92	0	84	0	100	0	98	0	101	0	106	0	74	0	67	12	87	0	113	0
S58	C	T	116	0	89	0	99	0	100	0	100	0	97	0	97	0	86	0	88	11	114	0	109	0
S59	T	C	83	0	106	0	101	0	104	0	97	0	102	0	113	0	104	0	84	16	109	0	118	0
S60	G	T	113	0	102	0	114	0	117	0	85	0	102	0	98	0	95	0	85	7	95	0	114	0
S61	T	C	108	0	102	0	96	0	102	0	103	0	89	0	92	0	97	0	108	7	104	0	104	0
S62	T	A	98	0	103	0	96	0	80	0	101	0	104	0	100	0	97	0	93	6	89	0	105	0
S63	C	A	99	0	111	0	114	0	101	0	86	0	107	0	91	0	76	0	77	12	106	0	114	0
S64	C	G	98	0	109	0	115	0	85	0	97	0	118	0	110	0	89	0	116	0	73	4	115	0
S65	C	T	90	0	113	0	89	0	108	0	91	0	116	0	100	0	98	0	99	0	112	4	115	0
S66	G	A	93	0	127	0	79	16	92	11	109	0	98	0	98	0	105	0	90	0	92	0	89	0
S67	C	A	101	0	83	0	79	24	100	18	98	0	115	0	93	0	91	0	107	0	108	0	114	0
S68	G	C	98	6	78	12	105	0	96	0	99	0	103	0	94	0	94	0	104	0	100	0	110	0
S69	T	G	109	5	95	18	113	0	80	0	84	0	91	0	90	0	105	0	114	0	82	0	104	0
S70	C	A	103	7	81	20	110	0	104	0	112	0	87	0	90	0	97	0	89	0	106	0	101	0
S71	C	T	96	9	88	10	101	0	88	0	109	0	100	0	95	0	104	0	103	0	99	0	95	0
S72	G	A	106	8	87	20	92	0	113	0	93	0	105	0	100	0	109	0	103	0	91	0	87	0
S73	G	T	79	6	95	13	101	0	101	0	102	0	100	0	80	0	93	0	85	0	94	0	83	0
