SNVID	Wild	Mut	R1:ref	R1:alt	R2:ref	R2:alt	R3:ref	R3:alt	R4:ref	R4:alt	R5:ref	R5:alt	R6:ref	R6:alt	R7:ref	R7:alt	R8:ref	R8:alt	R9:ref	R9:alt	R10:ref	R10:alt	R11:ref	R11:alt	
S1	C	A	84	19	56	20	80	20	85	13	83	15	70	9	79	10	74	12	65	19	79	20	92	26
S2	C	G	84	19	71	18	74	24	100	17	85	15	99	8	90	13	83	20	83	14	70	22	82	31
S3	A	C	91	19	65	18	80	25	85	22	89	11	83	12	89	9	78	16	77	11	83	18	68	26
S4	G	C	79	13	92	18	65	29	93	14	86	14	85	10	83	10	73	32	104	16	88	21	82	23
S5	T	A	96	19	62	19	80	18	74	17	97	17	75	12	100	12	74	17	82	22	67	25	80	26
S6	G	A	75	19	87	15	80	15	78	19	81	15	88	10	91	7	88	17	80	13	87	29	107	23
S7	T	C	81	28	72	17	90	12	76	18	87	11	85	12	74	15	65	20	78	14	86	18	88	28
S8	C	G	105	19	80	20	84	15	90	10	97	4	84	0	116	0	107	0	100	18	71	17	90	15
S9	C	A	90	0	116	0	87	0	88	0	90	8	88	12	94	5	69	21	91	0	80	0	105	0
S10	G	C	88	0	93	0	105	0	89	0	109	0	98	0	117	0	92	8	89	0	92	0	107	0
S11	A	T	105	0	100	0	117	0	97	0	119	0	88	0	109	0	88	12	88	0	105	0	99	0
S12	T	C	94	0	103	0	108	0	98	0	105	0	113	0	115	0	81	12	95	0	98	0	89	0
S13	T	G	103	0	114	0	115	0	112	0	99	0	89	0	92	0	88	12	108	0	82	0	80	0
S14	G	A	100	0	90	0	96	0	113	0	100	0	101	0	102	0	89	18	93	0	108	0	123	0
S15	A	G	84	0	106	0	92	0	86	0	96	0	96	0	114	0	105	10	100	0	97	0	84	0
S16	C	G	90	0	91	0	98	0	113	0	110	0	109	0	105	0	72	8	109	0	91	0	98	0
S17	G	T	88	0	105	0	102	0	124	0	106	0	115	0	96	0	90	10	99	0	94	0	85	0
S18	T	C	83	0	111	0	91	0	93	0	95	0	98	0	106	0	83	10	110	0	116	0	83	0
S19	A	C	85	0	104	0	108	0	95	0	90	0	102	9	76	0	90	0	110	0	93	0	108	0
S20	A	G	89	0	101	0	105	0	94	0	124	0	97	10	94	0	102	0	72	0	118	0	87	0
S21	G	A	89	24	92	21	94	15	69	12	109	0	117	0	98	0	95	0	100	0	89	0	119	0
S22	A	T	91	17	81	15	78	22	106	14	95	0	91	0	104	0	129	0	83	0	92	0	104	0
S23	A	G	83	13	104	14	66	20	96	13	103	0	90	0	93	0	95	0	96	0	76	0	129	0
S24	T	C	87	18	71	17	95	18	99	14	80	0	75	0	95	0	100	0	81	0	105	0	103	0
S25	G	A	67	24	71	19	74	24	89	17	97	0	109	0	86	0	91	0	80	0	93	0	94	0
S26	A	G	84	0	102	0	110	0	107	0	96	0	89	0	96	0	101	0	101	0	92	0	98	16
S27	T	C	97	0	86	0	87	0	112	0	107	0	102	0	112	0	92	0	105	0	107	0	63	27
S28	A	T	110	0	112	0	97	0	95	0	91	0	102	0	113	0	106	0	106	0	105	0	92	21
S29	A	G	99	0	97	0	99	0	101	0	96	0	91	0	107	0	100	0	105	0	107	0	87	20
S30	T	G	102	0	93	0	93	0	109	0	111	0	102	0	107	0	116	0	100	0	89	0	81	21
S31	C	A	85	0	97	0	115	0	101	0	99	0	110	0	104	0	117	0	90	0	87	0	77	26
S32	T	A	98	0	100	0	113	0	106	0	91	0	95	0	93	0	103	0	113	0	87	0	101	10
S33	C	G	101	0	105	0	82	0	106	0	95	7	84	0	114	0	96	0	77	15	84	22	99	0
S34	G	C	103	0	80	0	115	0	95	0	74	3	92	0	118	0	96	0	85	11	102	16	99	0
S35	G	T	111	0	108	0	100	0	104	0	87	9	96	0	91	0	91	0	86	13	79	26	96	0
S36	A	T	113	0	99	0	95	0	108	0	94	9	93	0	93	0	102	0	105	16	78	16	106	0
S37	G	C	96	0	90	0	86	0	116	0	92	4	103	0	99	0	97	0	82	14	85	18	88	0
S38	G	C	94	0	95	0	92	0	109	0	106	2	92	0	107	0	108	0	84	13	73	9	98	0
S39	C	A	117	0	95	0	108	0	113	0	96	4	108	0	103	0	106	0	106	0	94	0	95	0
S40	A	T	108	0	89	0	105	0	101	0	103	2	96	0	112	0	103	0	77	0	90	0	94	0
S41	G	C	99	0	90	0	90	0	101	0	99	7	102	0	103	0	104	0	109	0	110	0	80	0
S42	A	G	108	0	94	0	83	0	110	0	81	6	108	0	93	0	100	0	98	0	96	0	92	0
S43	C	T	84	0	104	0	100	0	104	0	102	3	117	0	108	0	87	0	120	0	107	0	101	0
S44	G	A	93	0	87	0	104	0	96	0	97	2	92	0	104	0	103	0	103	0	103	0	92	0
S45	C	G	106	0	99	0	78	0	92	0	96	6	103	0	99	0	80	0	110	0	126	0	88	0
S46	A	G	89	0	82	0	101	0	108	0	85	6	113	0	101	0	94	0	104	0	84	0	103	0
S47	G	T	113	0	90	0	104	0	101	0	93	5	97	0	120	0	102	0	89	0	113	0	88	0
S48	A	T	106	0	114	0	97	0	103	0	91	0	110	0	103	0	97	0	85	14	73	16	104	0
S49	T	C	88	0	102	0	110	0	93	0	79	0	84	0	110	0	109	0	67	19	59	15	98	0
S50	A	C	112	0	85	0	93	0	93	0	91	0	110	0	105	0	96	0	87	16	72	24	87	0
S51	T	G	114	0	88	0	105	0	110	0	97	0	105	0	105	0	108	0	90	18	72	14	103	0
S52	A	T	93	0	96	0	96	0	101	0	93	0	104	0	74	0	108	0	72	18	77	10	107	0
S53	G	A	105	0	102	0	102	0	90	0	99	0	103	0	107	0	92	0	89	13	76	16	85	0
S54	T	G	107	0	108	0	109	0	113	0	117	0	104	0	111	0	93	0	72	23	88	18	93	0
S55	G	C	90	0	108	0	98	0	86	0	94	0	102	0	101	0	102	0	87	22	84	20	86	0
S56	T	A	77	0	86	0	111	0	97	0	90	0	108	0	110	0	87	0	87	12	88	18	110	0
S57	T	C	98	0	87	0	86	0	128	0	97	0	120	0	102	0	94	0	84	22	92	14	94	0
S58	C	T	104	0	107	0	101	0	101	0	97	0	102	0	101	0	102	0	71	7	117	0	103	0
S59	T	A	111	0	98	0	100	0	105	0	103	0	126	0	95	0	104	0	80	8	101	0	92	0
S60	C	G	90	0	105	0	76	0	91	0	101	0	109	0	103	0	103	0	87	10	101	0	112	0
S61	G	C	105	0	94	0	110	0	95	0	100	0	102	0	117	0	114	0	102	7	87	0	105	0
S62	T	C	103	0	82	0	92	0	82	0	85	0	87	0	126	0	132	0	78	12	90	0	101	0
S63	G	T	89	0	89	0	110	0	119	0	82	0	108	0	93	0	114	0	99	13	110	0	128	0
S64	G	T	105	0	92	0	104	0	120	0	107	0	99	0	104	0	107	0	95	11	93	0	102	0
S65	A	T	97	0	93	0	101	0	107	0	110	0	93	0	98	0	85	0	91	10	102	0	107	0
S66	A	G	85	0	96	0	97	0	105	0	96	0	106	0	125	0	107	0	86	14	99	0	112	0
S67	T	A	110	0	125	0	95	0	100	0	104	0	100	0	118	0	83	0	92	7	93	0	115	0
S68	A	C	114	0	90	0	91	0	121	0	101	0	93	0	94	0	105	0	104	0	88	5	114	0
S69	C	T	104	0	116	0	111	0	117	0	98	0	107	0	106	0	80	0	126	0	88	5	96	0
S70	G	A	106	0	95	0	93	18	90	12	98	0	85	0	94	0	87	0	115	0	97	0	116	0
S71	G	A	85	1	65	17	111	0	106	0	98	0	111	0	109	0	94	0	118	0	107	0	91	0
S72	A	C	84	8	79	17	110	0	99	0	109	0	104	0	106	0	100	0	96	0	103	0	92	0
S73	A	C	76	6	75	17	92	0	110	0	100	0	101	0	107	0	88	0	102	0	116	0	107	0
S74	C	T	89	4	69	24	103	0	101	0	85	0	112	0	95	0	111	0	91	0	100	0	112	0
S75	G	A	92	4	88	10	93	0	98	0	92	0	95	0	82	0	89	0	113	0	103	0	93	0
S76	G	T	92	5	67	21	96	0	108	0	96	0	107	0	110	0	103	0	97	0	82	0	95	0
S77	A	G	114	5	94	16	115	0	121	0	122	0	112	0	103	0	107	0	95	0	100	0	95	0
S78	G	C	104	6	104	9	91	0	103	0	86	0	106	0	111	0	83	0	93	0	95	0	112	0
S79	C	T	80	8	68	20	107	0	94	0	104	0	93	0	104	0	97	0	92	0	100	0	113	0
S80	T	C	90	8	78	17	96	0	107	0	83	0	95	0	103	0	95	0	100	0	124	0	99	0
