SNVID	Wild	Mut	R1:ref	R1:alt	R2:ref	R2:alt	R3:ref	R3:alt	R4:ref	R4:alt	R5:ref	R5:alt	R6:ref	R6:alt	R7:ref	R7:alt	R8:ref	R8:alt	R9:ref	R9:alt	R10:ref	R10:alt	R11:ref	R11:alt	
S1	C	G	75	21	59	18	99	22	101	13	97	15	93	9	96	9	86	13	114	5	74	19	78	26
S2	T	A	90	13	93	15	72	21	56	20	71	18	67	11	78	11	75	26	88	10	84	25	80	23
S3	T	C	76	28	81	20	93	12	86	14	79	10	96	14	90	8	96	15	104	10	74	14	92	25
S4	G	T	61	26	102	19	89	15	94	13	77	17	85	8	87	6	66	31	92	12	94	16	92	22
S5	G	A	83	11	73	20	92	18	74	11	94	16	84	11	94	8	59	24	72	15	85	14	75	20
S6	T	C	102	14	92	22	81	19	80	19	79	24	92	10	104	8	98	12	89	11	89	22	73	19
S7	T	G	74	21	83	14	81	17	85	16	113	5	95	0	101	0	96	0	77	16	85	19	71	23
S8	C	G	99	0	75	0	85	0	105	0	98	10	85	11	100	11	74	22	94	0	106	0	117	0
S9	T	A	100	0	97	0	91	0	94	0	100	0	90	0	94	0	84	14	88	0	101	0	88	0
S10	G	T	103	0	89	0	95	0	107	0	91	0	98	0	104	0	60	14	110	0	106	0	97	0
S11	C	T	102	0	100	0	103	0	97	0	116	0	91	0	113	0	92	13	90	0	118	0	99	0
S12	G	A	112	0	106	0	102	0	98	0	102	0	93	0	97	0	89	9	81	0	97	0	88	0
S13	G	T	108	0	106	0	100	0	100	0	80	0	93	0	117	0	90	14	98	0	121	0	100	0
S14	C	G	104	0	97	0	131	0	91	0	78	0	97	0	98	0	103	5	105	0	86	0	85	0
S15	C	A	97	0	84	0	109	0	116	0	103	0	92	14	102	0	99	0	96	0	103	0	96	0
S16	C	G	68	20	70	26	94	22	84	15	96	0	111	0	95	0	110	0	100	0	104	0	96	0
S17	T	G	78	18	93	20	81	19	87	14	108	0	100	0	126	0	103	0	91	0	101	0	88	0
S18	T	A	78	24	81	18	88	14	91	14	80	0	81	0	99	0	95	0	124	0	94	0	95	0
S19	C	G	96	21	67	23	84	18	102	16	102	0	97	0	77	0	98	0	101	0	88	0	102	0
S20	C	T	72	27	71	19	86	19	86	8	106	0	134	0	108	0	101	0	95	0	107	0	110	0
S21	T	C	62	21	87	16	85	24	105	15	107	0	106	0	80	0	99	0	85	0	104	0	93	0
S22	C	A	80	25	78	21	75	22	73	15	106	0	106	0	93	0	109	0	94	0	92	0	92	0
S23	A	T	63	21	78	17	94	22	76	18	108	0	118	0	94	0	101	0	72	0	97	0	101	0
S24	C	G	68	15	85	11	81	19	80	8	111	0	105	0	102	0	105	0	98	0	103	0	90	0
S25	G	T	56	25	88	15	78	21	92	10	107	0	89	0	112	0	110	0	86	0	108	0	110	0
S26	C	A	95	0	102	0	100	0	104	0	98	0	110	0	109	0	101	0	97	0	101	0	71	26
S27	G	C	98	0	97	0	118	0	109	0	117	0	108	0	88	0	84	0	112	0	118	0	79	17
S28	G	C	105	0	92	0	84	0	109	0	99	0	93	0	89	0	91	0	92	0	93	0	77	21
S29	G	C	121	0	110	0	115	0	89	0	117	0	105	0	97	0	84	0	90	0	102	0	83	20
S30	A	G	103	0	110	0	99	0	102	0	99	0	113	0	113	0	99	0	108	0	117	0	87	18
S31	G	T	84	0	118	0	93	0	102	0	93	0	93	0	111	0	107	0	97	0	117	0	105	15
S32	A	G	97	0	99	0	101	0	86	0	122	3	89	0	104	0	89	0	89	12	90	15	93	0
S33	G	C	104	0	105	0	97	0	102	0	75	5	112	0	91	0	103	0	77	12	88	17	101	0
S34	G	T	113	0	104	0	109	0	116	0	82	2	86	0	97	0	121	0	80	16	71	16	96	0
S35	T	C	113	0	112	0	105	0	84	0	109	6	87	0	106	0	85	0	94	9	88	18	87	0
S36	T	A	88	0	90	0	103	0	102	0	109	3	100	0	97	0	95	0	94	15	88	12	98	0
S37	A	T	93	0	98	0	103	0	102	0	100	6	105	0	105	0	107	0	100	0	104	0	78	0
S38	T	A	105	0	100	0	113	0	112	0	102	2	113	0	97	0	90	0	97	0	84	0	116	0
S39	G	T	112	0	96	0	106	0	125	0	89	6	106	0	105	0	88	0	126	0	113	0	100	0
S40	A	C	81	0	98	0	112	0	88	0	102	8	74	0	92	0	82	0	101	0	103	0	94	0
S41	T	G	121	0	106	0	98	0	113	0	81	4	107	0	92	0	90	0	106	0	93	0	95	0
S42	A	C	101	0	111	0	86	0	94	0	82	3	96	0	93	0	103	0	105	0	91	0	95	0
S43	A	C	114	0	112	0	81	0	102	0	126	0	96	0	104	0	104	0	73	17	88	15	111	0
S44	C	T	106	0	93	0	89	0	112	0	70	0	103	0	95	0	112	0	76	15	72	25	101	0
S45	A	C	96	0	92	0	80	0	100	0	95	0	117	0	120	0	102	0	85	19	79	13	107	0
S46	T	C	116	0	115	0	94	0	99	0	103	0	89	0	84	0	95	0	74	21	80	19	91	0
S47	G	A	83	0	104	0	111	0	98	0	98	0	84	0	89	0	103	0	93	18	86	15	93	0
S48	G	T	94	0	88	0	110	0	84	0	75	0	100	0	89	0	90	0	80	17	81	14	109	0
S49	C	A	87	0	108	0	105	0	114	0	86	0	103	0	103	0	91	0	81	12	83	18	112	0
S50	T	C	105	0	97	0	104	0	95	0	104	0	95	0	82	0	94	0	72	17	75	20	89	0
S51	A	C	93	0	91	0	95	0	101	0	111	0	103	0	107	0	106	0	102	10	78	28	110	0
S52	G	A	89	0	111	0	98	0	87	0	110	0	106	0	78	0	111	0	83	10	89	0	87	0
S53	T	A	100	0	92	0	84	0	81	0	89	0	91	0	100	0	89	0	93	4	106	0	94	0
S54	G	C	84	0	111	0	94	0	103	0	99	0	106	0	106	0	89	0	79	8	105	0	91	0
S55	A	T	99	0	105	0	81	0	100	0	110	0	111	0	94	0	99	0	89	8	100	0	122	0
S56	G	A	105	0	103	0	105	0	104	0	102	0	80	0	94	0	105	0	82	10	90	0	111	0
S57	T	A	101	0	93	0	90	0	112	0	109	0	119	0	113	0	91	0	74	10	99	0	82	0
S58	T	C	90	0	102	0	127	0	95	0	96	0	99	0	95	0	104	0	104	0	88	9	77	0
S59	T	A	90	0	99	0	78	22	85	17	115	0	85	0	95	0	91	0	99	0	95	0	107	0
S60	T	A	100	3	67	22	110	0	81	0	87	0	119	0	91	0	103	0	102	0	98	0	86	0
S61	A	G	105	3	85	14	109	0	106	0	82	0	92	0	107	0	100	0	120	0	90	0	102	0
S62	T	G	91	6	79	23	111	0	82	0	84	0	105	0	119	0	105	0	101	0	95	0	114	0
S63	G	A	89	6	100	17	121	0	126	0	89	0	106	0	102	0	93	0	92	0	106	0	99	0
S64	C	A	104	7	66	26	112	0	97	0	110	0	93	0	108	0	93	0	100	0	96	0	91	0
S65	T	C	74	6	84	22	105	0	105	0	107	0	91	0	99	0	113	0	103	0	116	0	122	0
