SNVID	Wild	Mut	R1:ref	R1:alt	R2:ref	R2:alt	R3:ref	R3:alt	R4:ref	R4:alt	R5:ref	R5:alt	R6:ref	R6:alt	R7:ref	R7:alt	R8:ref	R8:alt	R9:ref	R9:alt	R10:ref	R10:alt	R11:ref	R11:alt	
S1	C	G	82	18	89	17	88	24	81	16	81	15	86	14	87	8	85	10	63	28	61	22	77	27
S2	T	C	74	23	67	17	91	19	69	16	69	11	82	11	76	15	98	18	89	12	90	18	69	21
S3	C	A	93	16	65	17	86	17	91	9	81	18	73	15	105	8	90	16	85	14	87	22	52	26
S4	A	G	91	17	71	9	85	22	85	13	76	12	79	15	92	6	70	18	78	14	80	20	67	25
S5	T	A	82	17	85	16	86	20	77	18	103	14	88	13	95	11	81	11	90	14	79	18	54	26
S6	A	C	79	25	89	21	87	18	68	13	84	15	90	10	92	12	103	14	95	15	92	17	85	22
S7	A	C	75	16	71	18	76	20	74	17	77	14	86	10	117	15	95	14	81	17	61	24	78	27
S8	A	T	95	21	75	18	79	20	85	15	74	18	104	9	104	7	67	23	65	15	75	14	72	28
S9	G	C	93	16	92	13	61	26	87	13	74	6	87	0	89	0	91	0	104	15	75	20	69	29
S10	T	G	98	0	90	0	110	0	86	0	84	6	95	13	94	7	88	12	105	0	108	0	100	0
S11	G	A	101	0	90	0	104	0	105	0	96	0	97	0	90	0	77	15	101	0	92	0	96	0
S12	C	G	96	0	96	0	86	0	91	0	99	0	119	0	96	0	95	17	92	0	104	0	96	0
S13	C	A	106	0	113	0	103	0	102	0	92	0	110	0	94	0	91	15	120	0	91	0	108	0
S14	C	G	100	0	97	0	100	0	105	0	93	0	82	0	114	0	93	11	102	0	110	0	115	0
S15	A	T	97	0	87	0	98	0	111	0	93	0	89	0	102	0	77	19	111	0	85	0	99	0
S16	T	C	115	0	108	0	97	0	98	0	81	0	109	0	90	0	86	12	110	0	97	0	100	0
S17	C	G	99	0	95	0	92	0	114	0	87	0	102	0	88	0	81	19	106	0	103	0	91	0
S18	G	C	96	0	98	0	104	0	94	0	117	0	100	0	111	0	91	9	93	0	86	0	106	0
S19	G	C	106	0	107	0	82	0	96	0	95	0	91	9	100	0	98	0	94	0	117	0	90	0
S20	A	G	89	20	79	21	80	29	73	14	110	0	95	0	115	0	96	0	105	0	102	0	127	0
S21	T	A	77	31	90	19	82	16	80	22	119	0	107	0	99	0	86	0	121	0	70	0	97	0
S22	T	G	100	19	103	16	72	14	104	13	91	0	108	0	107	0	96	0	106	0	92	0	90	0
S23	T	G	69	25	76	22	78	18	98	17	104	0	113	0	86	0	106	0	118	0	92	0	88	0
S24	T	C	84	19	84	28	70	17	86	17	91	0	122	0	97	0	103	0	118	0	90	0	113	0
S25	A	T	96	0	96	0	86	0	110	0	105	0	106	0	106	0	95	0	95	0	77	0	100	21
S26	A	G	113	0	96	0	110	0	86	0	124	0	86	0	98	0	114	0	92	0	95	0	65	19
S27	T	G	95	0	84	0	101	0	104	0	101	0	104	0	108	0	79	0	111	0	93	0	69	30
S28	G	T	101	0	107	0	97	0	98	0	92	0	112	0	92	0	108	0	99	0	97	0	77	14
S29	T	A	89	0	84	0	103	0	118	0	94	0	112	0	95	0	105	0	99	0	94	0	87	19
S30	A	C	98	0	91	0	131	0	114	0	96	3	87	0	88	0	104	0	103	10	92	8	97	0
S31	T	C	120	0	99	0	103	0	84	0	93	5	115	0	103	0	113	0	70	16	96	20	101	0
S32	A	T	103	0	98	0	96	0	108	0	103	6	92	0	92	0	91	0	93	16	96	17	101	0
S33	C	T	116	0	117	0	111	0	101	0	112	3	133	0	102	0	111	0	94	11	109	21	106	0
S34	T	C	90	0	98	0	107	0	90	0	93	3	105	0	101	0	113	0	90	11	84	17	114	0
S35	T	A	82	0	102	0	102	0	94	0	102	3	100	0	96	0	88	0	64	18	79	20	92	0
S36	T	G	93	0	99	0	97	0	97	0	90	10	101	0	101	0	106	0	106	0	119	0	92	0
S37	T	C	97	0	94	0	96	0	81	0	104	6	95	0	98	0	91	0	104	0	117	0	91	0
S38	G	C	108	0	84	0	91	0	114	0	84	6	113	0	104	0	94	0	94	0	110	0	99	0
S39	A	C	103	0	115	0	112	0	107	0	103	2	107	0	94	0	94	0	95	0	100	0	116	0
S40	G	A	104	0	90	0	127	0	100	0	111	6	92	0	100	0	116	0	84	0	110	0	92	0
S41	G	C	92	0	105	0	103	0	95	0	83	3	102	0	123	0	101	0	100	0	91	0	103	0
S42	A	T	111	0	115	0	110	0	106	0	82	4	97	0	102	0	98	0	91	0	87	0	98	0
S43	C	A	98	0	96	0	101	0	109	0	97	7	99	0	100	0	84	0	116	0	104	0	107	0
S44	T	A	99	0	105	0	109	0	117	0	106	7	96	0	93	0	106	0	81	0	108	0	117	0
S45	G	C	98	0	104	0	103	0	92	0	109	0	98	0	105	0	107	0	111	9	99	13	101	0
S46	G	C	120	0	103	0	102	0	99	0	91	0	110	0	99	0	109	0	73	12	73	19	100	0
S47	C	G	97	0	95	0	101	0	108	0	95	0	100	0	102	0	108	0	84	14	86	20	89	0
S48	T	C	91	0	121	0	122	0	105	0	84	0	100	0	106	0	82	0	77	18	81	17	95	0
S49	C	T	89	0	111	0	86	0	106	0	101	0	96	0	96	0	98	0	76	14	79	21	102	0
S50	G	A	113	0	109	0	103	0	108	0	97	0	81	0	108	0	100	0	75	18	95	18	77	0
S51	A	C	96	0	100	0	118	0	110	0	106	0	96	0	98	0	87	0	78	13	79	21	97	0
S52	G	T	98	0	108	0	95	0	113	0	100	0	103	0	96	0	102	0	106	9	69	20	89	0
S53	C	T	106	0	98	0	95	0	114	0	99	0	105	0	103	0	116	0	83	11	102	0	112	0
S54	G	A	113	0	112	0	86	0	96	0	86	0	105	0	77	0	81	0	91	12	97	0	97	0
S55	A	G	103	0	83	0	100	0	92	0	114	0	98	0	100	0	114	0	87	10	103	0	100	0
S56	G	C	109	0	114	0	85	0	96	0	92	0	110	0	102	0	124	0	98	6	101	0	90	0
S57	C	G	103	0	87	0	91	0	97	0	96	0	95	0	87	0	101	0	96	12	109	0	102	0
S58	C	G	77	0	83	0	99	0	113	0	93	0	101	0	96	0	92	0	86	7	85	0	114	0
S59	G	A	94	0	99	0	103	0	93	0	94	0	119	0	87	0	104	0	91	9	89	0	107	0
S60	G	T	88	0	94	0	108	0	100	0	94	0	89	0	110	0	113	0	91	0	96	4	89	0
S61	T	A	100	0	116	0	89	0	101	0	94	0	117	0	88	0	98	0	101	0	90	4	113	0
S62	C	T	96	0	96	0	73	22	67	17	90	0	109	0	99	0	96	0	111	0	106	0	107	0
S63	T	C	89	5	78	16	122	0	99	0	109	0	86	0	120	0	101	0	106	0	95	0	89	0
S64	C	A	101	3	96	24	116	0	99	0	102	0	98	0	99	0	101	0	87	0	104	0	103	0
S65	T	C	101	5	84	13	91	0	93	0	96	0	107	0	92	0	113	0	106	0	97	0	102	0
S66	A	G	116	4	75	23	85	0	100	0	107	0	95	0	108	0	100	0	115	0	101	0	110	0
S67	G	C	97	6	79	13	100	0	107	0	113	0	101	0	102	0	95	0	102	0	124	0	111	0
S68	A	T	81	5	84	18	85	0	108	0	114	0	109	0	107	0	98	0	106	0	90	0	79	0
S69	A	G	105	6	77	26	93	0	109	0	108	0	96	0	102	0	103	0	90	0	98	0	98	0
S70	T	G	97	3	92	18	105	0	100	0	103	0	98	0	108	0	105	0	94	0	90	0	115	0
S71	G	C	93	2	88	21	95	0	107	0	96	0	116	0	97	0	110	0	102	0	103	0	90	0
S72	G	C	83	3	74	23	93	0	86	0	104	0	102	0	86	0	86	0	123	0	99	0	109	0
