SNVID	Wild	Mut	R1:ref	R1:alt	R2:ref	R2:alt	R3:ref	R3:alt	R4:ref	R4:alt	R5:ref	R5:alt	R6:ref	R6:alt	R7:ref	R7:alt	R8:ref	R8:alt	R9:ref	R9:alt	R10:ref	R10:alt	R11:ref	R11:alt	
S1	G	A	90	21	78	14	71	20	89	18	78	17	79	15	93	13	72	14	78	15	81	18	58	20
S2	T	A	79	28	78	13	75	15	88	11	71	14	84	15	95	8	101	17	75	16	66	24	85	14
S3	G	C	77	21	78	13	84	19	98	14	92	18	83	14	106	9	71	18	73	19	84	21	97	19
S4	A	T	83	19	69	25	82	23	103	12	90	14	89	12	83	9	83	17	77	14	61	24	73	23
S5	A	T	81	17	79	18	74	18	73	24	65	14	91	12	85	8	79	19	91	11	80	13	76	20
S6	G	A	72	17	84	17	81	18	79	12	104	0	98	0	114	0	95	0	97	10	54	29	84	14
S7	G	C	116	0	93	0	108	0	94	0	84	11	98	13	101	12	77	20	112	0	98	0	85	0
S8	C	G	101	0	111	0	94	0	96	0	111	0	99	0	101	0	89	13	86	0	85	0	100	0
S9	T	G	73	0	98	0	94	0	97	0	105	0	100	0	89	0	89	16	97	0	106	0	105	0
S10	C	T	101	0	95	0	96	0	125	0	95	0	92	0	103	0	84	11	96	0	80	0	96	0
S11	A	G	96	0	110	0	100	0	106	0	110	0	109	0	84	0	73	20	94	0	100	0	103	0
S12	A	T	102	0	74	0	105	0	107	0	83	0	104	0	92	0	81	14	100	0	97	0	112	0
S13	A	C	89	0	101	0	99	0	113	0	103	0	84	15	89	0	100	0	93	0	98	0	92	0
S14	G	T	82	16	78	20	84	19	66	15	91	0	89	0	81	0	74	0	109	0	99	0	90	0
S15	A	C	84	19	95	14	95	16	96	13	100	0	125	0	100	0	106	0	100	0	97	0	100	0
S16	T	C	85	19	80	18	76	22	76	17	114	0	97	0	108	0	105	0	111	0	84	0	97	0
S17	G	C	89	17	82	20	86	23	88	11	91	0	98	0	88	0	99	0	77	0	91	0	92	0
S18	G	A	105	16	62	31	87	23	70	17	92	0	86	0	108	0	99	0	98	0	103	0	93	0
S19	G	T	90	16	74	12	79	25	84	13	91	0	95	0	79	0	94	0	105	0	95	0	98	0
S20	T	C	72	26	84	19	83	16	91	14	103	0	91	0	104	0	95	0	91	0	101	0	86	0
S21	C	T	77	20	60	26	91	20	103	14	81	0	98	0	105	0	105	0	100	0	110	0	105	0
S22	A	G	96	0	90	0	93	0	87	0	98	0	108	0	116	0	109	0	110	0	111	0	79	20
S23	G	C	103	0	101	0	120	0	94	0	103	0	92	0	109	0	96	0	107	0	97	0	76	16
S24	A	G	94	0	79	0	110	0	100	0	95	0	105	0	104	0	101	0	101	0	111	0	77	22
S25	A	C	113	0	96	0	105	0	99	0	107	0	108	0	111	0	102	0	108	0	99	0	78	14
S26	T	C	111	0	106	0	87	0	102	0	93	0	98	0	104	0	92	0	112	0	108	0	83	18
S27	C	A	92	0	87	0	115	0	106	0	114	3	106	0	107	0	101	0	84	13	90	21	112	0
S28	A	C	98	0	106	0	108	0	89	0	85	6	91	0	99	0	94	0	88	13	87	17	105	0
S29	C	T	105	0	109	0	113	0	97	0	104	1	94	0	96	0	91	0	74	15	69	13	105	0
S30	G	T	109	0	107	0	112	0	103	0	89	8	136	0	108	0	140	0	102	16	73	25	93	0
S31	T	C	97	0	113	0	86	0	95	0	90	10	84	0	106	0	119	0	102	12	79	18	94	0
S32	G	A	100	0	88	0	100	0	106	0	98	3	117	0	99	0	100	0	71	27	75	17	95	0
S33	T	C	98	0	107	0	89	0	121	0	108	6	92	0	104	0	108	0	118	0	96	0	106	0
S34	T	G	85	0	105	0	97	0	93	0	100	6	114	0	98	0	97	0	92	0	89	0	117	0
S35	T	A	112	0	89	0	111	0	107	0	95	3	95	0	103	0	96	0	94	0	115	0	109	0
S36	T	G	112	0	97	0	83	0	111	0	95	8	93	0	98	0	106	0	113	0	112	0	111	0
S37	C	A	82	0	82	0	103	0	91	0	82	5	100	0	97	0	93	0	91	0	101	0	93	0
S38	A	C	107	0	90	0	103	0	93	0	92	3	101	0	98	0	104	0	87	0	107	0	89	0
S39	C	G	94	0	110	0	92	0	91	0	109	3	101	0	99	0	110	0	113	0	108	0	98	0
S40	T	G	105	0	99	0	80	0	91	0	100	0	101	0	93	0	108	0	93	18	73	16	108	0
S41	T	A	97	0	97	0	108	0	103	0	102	0	94	0	89	0	96	0	61	24	80	18	81	0
S42	T	C	94	0	113	0	91	0	103	0	113	0	113	0	92	0	102	0	98	18	68	21	85	0
S43	A	T	100	0	105	0	102	0	109	0	99	0	86	0	96	0	113	0	76	8	92	12	103	0
S44	C	T	99	0	102	0	91	0	110	0	96	0	104	0	105	0	80	0	79	18	105	14	107	0
S45	C	G	99	0	92	0	85	0	116	0	99	0	103	0	87	0	110	0	79	14	71	24	103	0
S46	G	C	91	0	104	0	101	0	105	0	96	0	91	0	93	0	108	0	91	22	80	18	88	0
S47	C	G	75	0	98	0	85	0	118	0	109	0	86	0	112	0	86	0	95	16	85	23	116	0
S48	T	C	114	0	104	0	104	0	96	0	108	0	108	0	90	0	105	0	93	11	64	28	103	0
S49	A	C	97	0	93	0	83	0	98	0	102	0	110	0	104	0	108	0	98	6	99	14	103	0
S50	C	G	108	0	89	0	113	0	88	0	107	0	113	0	116	0	117	0	101	11	100	0	106	0
S51	C	A	101	0	127	0	92	0	95	0	97	0	112	0	106	0	99	0	70	14	103	0	93	0
S52	A	G	119	0	112	0	89	0	107	0	100	0	99	0	119	0	106	0	83	16	111	0	105	0
S53	A	C	77	0	95	0	98	0	108	0	97	0	110	0	109	0	97	0	94	8	106	0	98	0
S54	C	A	114	0	79	0	91	0	78	0	94	0	97	0	114	0	91	0	83	17	94	0	117	0
S55	T	A	94	0	102	0	94	0	103	0	87	0	112	0	104	0	108	0	80	13	102	0	112	0
S56	A	G	101	0	105	0	103	0	100	0	106	0	119	0	95	0	105	0	102	12	89	0	100	0
S57	A	G	101	0	88	0	89	0	97	0	111	0	106	0	89	0	81	0	96	12	120	0	75	0
S58	G	T	104	0	109	0	102	0	110	0	103	0	105	0	102	0	109	0	101	5	109	0	89	0
S59	A	G	90	0	92	0	104	0	96	0	97	0	92	0	93	0	91	0	94	0	110	4	92	0
S60	C	A	92	0	95	0	83	12	86	16	88	0	107	0	92	0	107	0	98	0	118	0	86	0
S61	A	C	96	2	74	20	87	0	106	0	101	0	109	0	112	0	90	0	117	0	106	0	107	0
S62	C	A	90	8	86	26	86	0	112	0	124	0	75	0	98	0	95	0	107	0	69	0	73	0
S63	G	T	98	5	82	12	80	0	95	0	103	0	81	0	116	0	102	0	98	0	102	0	106	0
S64	G	A	102	4	95	15	110	0	111	0	105	0	81	0	101	0	111	0	104	0	110	0	105	0
S65	A	G	101	4	80	20	109	0	99	0	96	0	91	0	122	0	107	0	99	0	86	0	89	0
S66	C	A	65	9	84	14	105	0	104	0	92	0	82	0	79	0	110	0	94	0	95	0	83	0
S67	G	T	113	3	79	21	98	0	90	0	97	0	112	0	97	0	107	0	103	0	86	0	97	0
S68	T	G	86	3	85	17	106	0	95	0	112	0	82	0	118	0	111	0	97	0	89	0	107	0
S69	G	A	96	5	89	18	108	0	100	0	87	0	87	0	97	0	100	0	116	0	96	0	102	0
