SNVID	Wild	Mut	R1:ref	R1:alt	R2:ref	R2:alt	R3:ref	R3:alt	R4:ref	R4:alt	R5:ref	R5:alt	R6:ref	R6:alt	R7:ref	R7:alt	R8:ref	R8:alt	R9:ref	R9:alt	R10:ref	R10:alt	R11:ref	R11:alt	
S1	G	T	106	12	80	18	90	21	86	11	87	14	82	12	63	9	86	18	98	10	90	12	96	19
S2	T	G	54	15	88	14	74	25	74	16	65	19	81	7	104	8	88	17	108	10	72	12	88	24
S3	A	G	83	24	82	21	59	17	77	19	74	9	80	8	110	7	96	23	80	13	96	20	81	30
S4	G	A	72	20	94	13	70	23	84	15	79	16	89	14	98	9	77	17	79	20	84	15	72	20
S5	G	C	79	20	80	16	90	19	94	14	90	12	84	22	98	8	78	21	84	20	80	20	91	22
S6	A	G	64	16	81	26	84	20	99	16	99	20	89	8	98	15	72	24	83	14	87	19	66	28
S7	T	C	81	16	80	13	80	20	79	20	73	12	94	11	102	14	87	14	84	22	60	19	73	23
S8	T	C	74	24	98	16	74	19	99	11	93	9	115	0	109	0	103	0	90	10	73	18	73	18
S9	G	T	84	0	94	0	88	0	99	0	97	9	111	12	118	7	79	15	103	0	96	0	123	0
S10	T	C	105	0	103	0	104	0	92	0	106	0	100	0	94	0	94	14	100	0	95	0	92	0
S11	G	C	111	0	109	0	100	0	103	0	98	0	88	0	108	0	96	7	102	0	80	0	91	0
S12	C	A	102	0	98	0	79	0	116	0	91	0	101	0	96	0	86	17	89	0	110	0	94	0
S13	T	C	101	0	94	0	103	0	83	0	97	0	103	0	104	0	82	12	91	0	96	0	102	0
S14	A	T	109	0	99	0	94	0	95	0	99	0	115	0	83	0	93	11	107	0	99	0	99	0
S15	T	C	107	0	101	0	94	0	105	0	112	0	101	0	125	0	84	8	97	0	111	0	116	0
S16	G	C	100	0	107	0	101	0	91	0	114	0	90	0	106	0	81	11	116	0	94	0	91	0
S17	G	T	116	0	94	0	102	0	76	0	84	0	92	0	110	0	95	12	114	0	103	0	104	0
S18	G	C	103	0	93	0	106	0	101	0	93	0	90	7	99	0	108	0	97	0	91	0	96	0
S19	A	T	70	19	69	22	87	17	113	10	100	0	86	0	99	0	105	0	100	0	85	0	97	0
S20	A	G	73	16	75	18	82	17	108	13	99	0	114	0	108	0	110	0	122	0	96	0	83	0
S21	C	G	78	23	94	20	58	27	78	15	87	0	92	0	111	0	105	0	106	0	89	0	122	0
S22	T	A	68	23	79	23	77	19	81	17	90	0	107	0	102	0	94	0	102	0	100	0	97	0
S23	C	A	61	21	81	16	98	16	94	14	103	0	101	0	99	0	96	0	87	0	92	0	105	0
S24	T	A	83	12	80	18	77	18	68	11	110	0	103	0	86	0	92	0	106	0	91	0	90	0
S25	T	A	117	0	92	0	91	0	114	0	91	0	89	0	86	0	88	0	115	0	81	0	80	17
S26	C	A	91	0	88	0	104	0	100	0	83	0	99	0	96	0	114	0	100	0	104	0	57	29
S27	G	A	108	0	110	0	95	0	107	0	100	0	116	0	94	0	123	0	89	0	99	0	92	22
S28	G	C	96	0	105	0	107	0	99	0	101	0	101	0	117	0	104	0	99	0	76	0	83	20
S29	C	G	103	0	111	0	89	0	100	0	98	0	107	0	116	0	94	0	117	0	106	0	83	21
S30	A	C	118	0	93	0	97	0	99	0	117	0	93	0	100	0	113	0	112	0	107	0	74	25
S31	T	C	94	0	115	0	79	0	111	0	96	0	102	0	107	0	102	0	92	0	88	0	78	18
S32	G	A	102	0	117	0	93	0	90	0	96	4	100	0	119	0	97	0	76	19	66	22	116	0
S33	C	G	107	0	112	0	91	0	108	0	81	8	89	0	97	0	102	0	84	18	81	23	94	0
S34	A	T	100	0	86	0	106	0	95	0	101	9	102	0	93	0	107	0	85	22	64	19	86	0
S35	A	T	108	0	119	0	98	0	104	0	113	3	106	0	100	0	106	0	83	20	83	13	96	0
S36	A	T	121	0	113	0	108	0	99	0	89	2	114	0	94	0	89	0	79	21	91	15	107	0
S37	C	T	105	0	99	0	97	0	84	0	102	3	82	0	104	0	91	0	101	16	68	21	114	0
S38	C	T	109	0	100	0	94	0	107	0	77	8	96	0	84	0	121	0	103	0	109	0	100	0
S39	T	G	104	0	98	0	96	0	86	0	100	6	109	0	89	0	99	0	106	0	83	0	89	0
S40	T	A	101	0	103	0	107	0	95	0	97	5	95	0	96	0	94	0	121	0	96	0	106	0
S41	T	C	106	0	108	0	113	0	83	0	93	6	90	0	98	0	86	0	102	0	108	0	99	0
S42	G	A	100	0	109	0	90	0	82	0	98	8	117	0	99	0	107	0	102	0	97	0	89	0
S43	G	A	87	0	110	0	86	0	102	0	98	0	89	0	96	0	93	0	88	15	65	23	103	0
S44	C	G	96	0	92	0	97	0	108	0	101	0	91	0	97	0	91	0	90	17	96	15	94	0
S45	T	C	96	0	100	0	106	0	96	0	93	0	100	0	107	0	104	0	87	14	69	12	104	0
S46	A	C	97	0	92	0	92	0	92	0	98	0	116	0	108	0	106	0	95	15	76	18	102	0
S47	G	T	118	0	92	0	84	0	99	0	110	0	84	0	90	0	86	0	67	16	79	14	102	0
S48	C	G	93	0	90	0	108	0	111	0	91	0	107	0	85	0	111	0	79	11	102	0	120	0
S49	T	C	105	0	117	0	112	0	104	0	116	0	102	0	80	0	108	0	82	4	106	0	103	0
S50	T	C	111	0	92	0	86	0	77	0	101	0	95	0	124	0	113	0	91	12	107	0	97	0
S51	A	C	109	0	105	0	109	0	93	0	121	0	79	0	91	0	94	0	95	8	84	0	124	0
S52	A	G	117	0	103	0	99	0	92	0	76	0	90	0	114	0	80	0	88	11	103	0	105	0
S53	G	T	100	0	97	0	105	0	99	0	99	0	109	0	90	0	101	0	97	6	74	0	101	0
S54	A	T	97	0	97	0	96	0	92	0	112	0	113	0	90	0	79	0	92	12	108	0	94	0
S55	T	C	110	0	97	0	102	0	88	0	89	0	92	0	96	0	113	0	95	7	107	0	85	0
S56	A	C	94	0	112	0	97	0	88	0	110	0	94	0	82	0	100	0	64	11	89	0	101	0
S57	C	A	108	0	108	0	88	0	97	0	112	0	126	0	114	0	101	0	101	0	89	8	94	0
S58	A	C	90	0	102	0	90	19	92	18	92	0	104	0	98	0	100	0	116	0	99	0	99	0
S59	T	C	119	2	94	19	92	0	102	0	119	0	97	0	109	0	110	0	94	0	94	0	91	0
S60	G	A	87	6	69	17	120	0	108	0	112	0	108	0	93	0	87	0	88	0	93	0	100	0
S61	G	A	107	5	74	20	101	0	100	0	109	0	96	0	97	0	101	0	94	0	92	0	108	0
S62	C	G	99	2	97	20	97	0	99	0	97	0	106	0	109	0	78	0	94	0	100	0	102	0
S63	T	A	91	3	72	20	108	0	88	0	96	0	94	0	105	0	105	0	87	0	108	0	113	0
S64	A	G	87	5	88	16	95	0	87	0	103	0	91	0	96	0	92	0	82	0	86	0	101	0
S65	T	G	89	6	81	16	97	0	102	0	101	0	105	0	124	0	94	0	115	0	99	0	99	0
