SNVID	Wild	Mut	R1:ref	R1:alt	R2:ref	R2:alt	R3:ref	R3:alt	R4:ref	R4:alt	R5:ref	R5:alt	R6:ref	R6:alt	R7:ref	R7:alt	R8:ref	R8:alt	R9:ref	R9:alt	R10:ref	R10:alt	R11:ref	R11:alt	
S1	A	T	84	21	65	22	70	19	79	16	98	13	93	11	88	7	67	18	77	21	89	12	66	21
S2	C	T	93	11	75	20	87	16	92	19	57	19	85	16	88	10	87	17	77	24	75	25	62	25
S3	C	G	96	21	94	21	111	14	94	12	90	11	83	11	94	11	65	28	84	16	85	12	108	15
S4	A	C	67	16	86	24	80	22	91	18	96	16	78	13	85	9	81	16	105	15	100	11	85	19
S5	A	C	77	17	82	29	78	22	85	16	89	13	97	14	100	8	87	16	82	17	83	9	76	19
S6	G	C	92	14	78	19	83	22	82	22	86	14	86	14	112	7	66	16	81	15	83	18	89	18
S7	A	C	55	21	83	16	78	19	94	14	66	22	72	19	82	10	77	20	78	17	69	16	79	17
S8	G	A	98	22	63	15	83	16	90	12	88	14	71	15	109	12	74	22	91	13	61	20	81	18
S9	G	C	74	27	92	15	96	14	94	14	85	16	98	12	76	10	80	15	102	10	105	12	77	20
S10	G	C	72	16	84	21	65	28	80	17	96	1	85	0	96	0	96	0	87	16	104	15	75	20
S11	G	T	108	0	112	0	104	0	113	0	91	12	90	9	85	10	84	18	113	0	117	0	89	0
S12	C	G	108	0	97	0	96	0	100	0	107	0	75	0	91	0	99	10	101	0	102	0	99	0
S13	T	G	92	0	85	0	103	0	80	0	101	0	105	0	104	0	86	17	98	0	110	0	92	0
S14	A	T	107	0	104	0	73	0	89	0	96	0	105	0	88	0	89	10	95	0	94	0	106	0
S15	C	T	104	0	107	0	115	0	98	0	109	0	111	0	99	0	79	9	121	0	85	0	93	0
S16	T	G	81	0	101	0	89	0	106	0	116	0	104	0	97	0	92	9	92	0	87	0	105	0
S17	G	A	95	0	74	0	120	0	111	0	97	0	97	0	80	0	78	17	115	0	117	0	100	0
S18	T	A	106	0	111	0	99	0	89	0	100	0	118	0	100	0	95	13	99	0	91	0	107	0
S19	T	A	86	0	104	0	102	0	109	0	81	0	81	0	103	0	96	18	107	0	117	0	91	0
S20	G	A	90	0	93	0	103	0	95	0	107	0	103	0	110	0	71	13	109	0	91	0	89	0
S21	T	C	99	0	89	0	94	0	104	0	85	0	95	0	109	0	102	10	90	0	118	0	124	0
S22	A	C	101	0	100	0	120	0	95	0	99	0	111	9	100	0	96	0	102	0	102	0	108	0
S23	G	C	93	0	95	0	95	0	102	0	100	0	96	13	101	0	110	0	96	0	89	0	106	0
S24	A	T	78	18	94	17	61	19	61	20	88	0	84	0	115	0	104	0	115	0	103	0	83	0
S25	A	T	60	20	93	16	68	18	90	14	113	0	108	0	119	0	92	0	112	0	89	0	106	0
S26	G	T	95	20	91	15	71	25	87	13	103	0	106	0	107	0	99	0	93	0	89	0	114	0
S27	C	T	81	16	92	16	73	20	86	13	121	0	88	0	85	0	101	0	108	0	98	0	93	0
S28	G	C	82	23	90	19	62	21	85	15	104	0	93	0	114	0	90	0	77	0	111	0	112	0
S29	T	G	111	0	105	0	84	0	100	0	111	0	104	0	91	0	104	0	127	0	84	0	97	18
S30	C	T	112	0	100	0	102	0	97	0	110	0	85	0	109	0	99	0	101	0	96	0	72	22
S31	C	T	102	0	86	0	102	0	82	0	109	0	107	0	85	0	112	0	94	0	114	0	91	22
S32	T	A	106	0	86	0	107	0	102	0	111	0	112	0	92	0	100	0	97	0	115	0	88	20
S33	T	A	92	0	92	0	104	0	98	0	121	0	101	0	88	0	88	0	91	0	96	0	87	17
S34	A	G	102	0	87	0	120	0	97	0	108	4	103	0	89	0	102	0	80	16	81	21	107	0
S35	C	A	96	0	98	0	110	0	106	0	96	5	96	0	104	0	105	0	92	14	86	20	99	0
S36	G	T	87	0	104	0	84	0	118	0	93	2	82	0	106	0	108	0	83	13	100	15	76	0
S37	A	G	110	0	99	0	109	0	88	0	91	7	119	0	109	0	101	0	74	20	80	18	95	0
S38	T	G	92	0	81	0	100	0	96	0	98	3	111	0	103	0	103	0	95	15	78	17	115	0
S39	G	T	90	0	101	0	105	0	99	0	96	2	89	0	105	0	96	0	79	18	69	18	76	0
S40	G	A	110	0	95	0	111	0	93	0	95	6	93	0	83	0	97	0	113	0	106	0	98	0
S41	A	T	105	0	111	0	88	0	110	0	116	4	88	0	99	0	118	0	90	0	109	0	104	0
S42	C	G	116	0	96	0	100	0	81	0	71	7	112	0	110	0	97	0	112	0	112	0	89	0
S43	A	T	99	0	91	0	100	0	103	0	109	8	91	0	84	0	103	0	106	0	100	0	85	0
S44	G	A	115	0	113	0	93	0	106	0	107	6	107	0	110	0	92	0	100	0	86	0	104	0
S45	A	T	108	0	95	0	81	0	85	0	97	8	120	0	103	0	106	0	119	0	99	0	98	0
S46	T	G	91	0	115	0	103	0	105	0	94	5	98	0	103	0	98	0	102	0	105	0	101	0
S47	A	T	79	0	96	0	94	0	106	0	96	4	118	0	87	0	89	0	91	0	103	0	111	0
S48	T	G	94	0	99	0	106	0	102	0	93	5	100	0	100	0	98	0	85	0	90	0	94	0
S49	G	C	107	0	96	0	101	0	103	0	89	4	97	0	95	0	99	0	117	0	101	0	92	0
S50	G	T	103	0	94	0	104	0	118	0	101	0	110	0	97	0	93	0	97	7	64	21	121	0
S51	C	G	89	0	103	0	90	0	119	0	89	0	98	0	102	0	114	0	78	16	64	24	81	0
S52	T	G	101	0	106	0	110	0	115	0	109	0	96	0	111	0	101	0	80	13	75	17	101	0
S53	A	T	82	0	90	0	97	0	113	0	77	0	90	0	88	0	106	0	93	12	77	20	95	0
S54	G	C	96	0	98	0	99	0	111	0	100	0	93	0	95	0	101	0	83	17	57	25	108	0
S55	T	A	110	0	91	0	104	0	98	0	90	0	101	0	93	0	96	0	89	13	85	13	95	0
S56	A	T	96	0	97	0	88	0	114	0	105	0	114	0	91	0	95	0	80	6	108	0	81	0
S57	C	G	99	0	105	0	106	0	95	0	98	0	99	0	98	0	107	0	93	11	84	0	100	0
S58	T	C	121	0	116	0	106	0	97	0	115	0	88	0	89	0	113	0	91	6	113	0	108	0
S59	T	C	106	0	111	0	111	0	91	0	91	0	117	0	105	0	78	0	108	12	94	0	125	0
S60	C	T	88	0	103	0	99	0	100	0	108	0	88	0	99	0	107	0	97	8	90	0	100	0
S61	C	G	102	0	92	0	92	0	65	0	92	0	122	0	80	0	96	0	76	12	105	0	101	0
S62	T	A	103	0	103	0	111	0	107	0	99	0	96	0	85	0	93	0	95	7	85	0	105	0
S63	T	A	106	0	97	0	101	0	115	0	82	0	97	0	94	0	94	0	103	11	105	0	102	0
S64	A	T	105	0	88	0	125	0	111	0	118	0	89	0	109	0	119	0	94	11	104	0	117	0
S65	G	A	118	0	115	0	88	0	82	0	87	0	88	0	112	0	92	0	95	11	95	0	112	0
S66	T	A	106	0	99	0	106	0	111	0	102	0	105	0	114	0	91	0	114	0	98	4	84	0
S67	T	G	91	0	107	0	95	13	65	12	93	0	92	0	120	0	97	0	112	0	102	0	103	0
S68	T	A	84	8	92	17	117	0	82	0	88	0	104	0	103	0	90	0	91	0	89	0	97	0
S69	C	G	91	3	100	15	98	0	82	0	96	0	97	0	107	0	108	0	95	0	104	0	101	0
S70	G	T	97	4	91	11	83	0	106	0	100	0	96	0	101	0	94	0	108	0	100	0	113	0
S71	A	T	98	4	72	28	103	0	102	0	90	0	110	0	101	0	101	0	100	0	83	0	105	0
S72	C	G	112	1	76	18	93	0	74	0	114	0	105	0	109	0	103	0	101	0	92	0	95	0
S73	A	G	90	9	81	11	113	0	87	0	96	0	107	0	114	0	98	0	90	0	109	0	95	0
S74	C	A	96	2	63	12	97	0	85	0	115	0	115	0	122	0	99	0	97	0	92	0	96	0
