SNVID	Wild	Mut	R1:ref	R1:alt	R2:ref	R2:alt	R3:ref	R3:alt	R4:ref	R4:alt	R5:ref	R5:alt	R6:ref	R6:alt	R7:ref	R7:alt	R8:ref	R8:alt	R9:ref	R9:alt	R10:ref	R10:alt	R11:ref	R11:alt	
S1	T	C	97	20	68	23	76	21	92	15	69	13	85	11	99	11	79	23	93	8	85	17	64	26
S2	C	A	86	17	89	17	82	22	83	19	90	17	100	11	81	13	101	13	71	15	89	19	92	23
S3	G	T	68	19	69	15	84	18	86	17	106	17	79	8	105	18	79	20	85	8	77	15	62	27
S4	T	A	86	20	63	25	90	14	95	15	89	15	85	14	89	9	80	17	95	14	84	24	90	27
S5	T	C	68	19	92	13	82	24	77	16	82	11	83	11	99	11	93	19	92	6	90	16	70	28
S6	C	T	85	22	67	23	107	16	98	14	76	14	74	7	100	6	74	15	50	17	84	21	67	24
S7	T	C	89	17	75	22	75	18	102	18	87	13	87	10	92	10	109	17	96	14	93	13	85	22
S8	T	A	64	22	68	17	69	25	89	16	82	17	99	14	91	10	75	23	68	21	78	17	84	17
S9	C	A	73	23	72	23	79	17	88	12	81	12	101	9	98	12	90	20	86	17	89	18	75	22
S10	A	C	73	24	88	19	92	22	80	10	87	8	88	0	107	0	114	0	85	17	74	22	52	25
S11	A	T	103	0	100	0	103	0	95	0	115	11	102	13	88	12	81	22	106	0	112	0	95	0
S12	T	A	102	0	88	0	90	0	91	0	119	0	85	0	95	0	75	17	98	0	98	0	94	0
S13	G	T	115	0	110	0	104	0	97	0	85	0	89	0	105	0	116	14	93	0	116	0	94	0
S14	G	C	101	0	96	0	103	0	94	0	90	0	108	0	110	0	92	10	103	0	111	0	113	0
S15	A	G	89	0	98	0	103	0	99	0	107	0	101	0	113	0	78	16	99	0	108	0	98	0
S16	C	G	87	0	102	0	111	0	111	0	99	0	108	0	116	0	74	14	100	0	110	0	75	0
S17	G	T	116	0	72	0	94	0	84	0	109	0	84	0	99	0	93	17	116	0	90	0	108	0
S18	T	A	100	0	111	0	92	0	101	0	104	0	73	13	123	0	106	0	74	0	99	0	91	0
S19	C	T	84	16	85	16	92	22	91	12	88	0	96	0	89	0	90	0	99	0	105	0	91	0
S20	A	G	76	20	112	19	106	10	76	16	103	0	96	0	111	0	84	0	100	0	94	0	102	0
S21	A	G	78	16	88	13	81	18	98	12	112	0	111	0	86	0	88	0	105	0	97	0	93	0
S22	G	C	87	15	81	18	91	16	91	18	103	0	110	0	100	0	93	0	102	0	92	0	98	0
S23	A	G	80	23	68	23	87	15	98	16	102	0	101	0	100	0	99	0	96	0	94	0	87	0
S24	T	A	81	23	88	15	79	22	90	12	83	0	91	0	88	0	98	0	89	0	86	0	94	0
S25	T	A	110	0	118	0	89	0	90	0	84	0	101	0	96	0	100	0	98	0	114	0	76	17
S26	C	A	106	0	109	0	116	0	107	0	88	0	104	0	99	0	90	0	100	0	119	0	60	16
S27	T	G	93	0	104	0	90	0	109	0	110	0	102	0	110	0	103	0	105	0	112	0	80	24
S28	G	T	95	0	111	0	93	0	107	0	99	0	117	0	109	0	112	0	122	0	104	0	75	24
S29	C	T	105	0	92	0	126	0	90	0	104	0	93	0	82	0	91	0	110	0	102	0	96	19
S30	A	T	93	0	98	0	100	0	108	0	107	0	96	0	113	0	101	0	107	0	95	0	97	8
S31	G	A	107	0	101	0	103	0	104	0	92	0	98	0	92	0	103	0	106	0	95	0	88	13
S32	G	C	93	0	99	0	101	0	92	0	116	0	93	0	89	0	107	0	108	0	95	0	95	16
S33	G	A	90	0	109	0	116	0	94	0	94	0	96	0	106	0	97	0	104	0	101	0	94	22
S34	T	G	100	0	99	0	98	0	96	0	106	0	89	0	96	0	98	0	107	0	94	0	96	8
S35	A	G	116	0	97	0	96	0	99	0	93	8	101	0	105	0	111	0	75	13	80	19	96	0
S36	A	G	90	0	101	0	107	0	96	0	84	2	110	0	98	0	99	0	95	13	88	12	122	0
S37	C	G	106	0	100	0	92	0	95	0	80	5	94	0	100	0	98	0	103	13	102	17	112	0
S38	A	C	117	0	98	0	96	0	102	0	83	8	95	0	99	0	114	0	80	15	65	21	104	0
S39	T	G	113	0	98	0	101	0	90	0	90	9	109	0	99	0	102	0	78	16	90	23	103	0
S40	G	A	106	0	106	0	102	0	86	0	96	6	89	0	108	0	94	0	90	18	94	14	117	0
S41	C	T	88	0	92	0	104	0	98	0	80	6	101	0	112	0	91	0	90	10	80	20	92	0
S42	C	A	89	0	123	0	114	0	81	0	83	8	95	0	100	0	100	0	80	0	98	0	88	0
S43	T	A	105	0	100	0	90	0	95	0	101	4	97	0	95	0	109	0	91	0	109	0	95	0
S44	T	G	83	0	83	0	107	0	100	0	103	4	121	0	103	0	89	0	90	0	105	0	106	0
S45	A	C	99	0	87	0	95	0	110	0	100	9	98	0	110	0	66	0	101	0	107	0	91	0
S46	T	G	99	0	94	0	113	0	114	0	98	6	105	0	105	0	106	0	108	0	84	0	83	0
S47	T	A	106	0	89	0	105	0	97	0	76	7	109	0	113	0	92	0	99	0	104	0	101	0
S48	C	A	91	0	97	0	109	0	102	0	101	3	109	0	123	0	77	0	103	0	102	0	104	0
S49	A	C	100	0	100	0	86	0	89	0	98	6	93	0	94	0	97	0	94	0	97	0	75	0
S50	G	T	103	0	106	0	104	0	103	0	110	2	87	0	90	0	86	0	100	0	106	0	99	0
S51	C	T	93	0	89	0	112	0	98	0	110	0	100	0	99	0	84	0	87	16	72	19	103	0
S52	A	T	131	0	111	0	87	0	104	0	106	0	96	0	97	0	91	0	62	17	71	19	100	0
S53	G	A	99	0	99	0	100	0	99	0	104	0	95	0	105	0	96	0	105	12	100	19	94	0
S54	A	T	113	0	92	0	94	0	94	0	95	0	105	0	133	0	94	0	96	16	65	29	100	0
S55	T	C	80	0	119	0	104	0	99	0	108	0	96	0	97	0	104	0	88	17	76	23	107	0
S56	A	C	102	0	109	0	94	0	104	0	111	0	96	0	106	0	102	0	83	17	78	17	111	0
S57	G	A	99	0	112	0	95	0	112	0	81	0	96	0	131	0	106	0	100	12	85	22	104	0
S58	A	G	106	0	99	0	106	0	101	0	108	0	109	0	114	0	95	0	94	10	110	16	106	0
S59	C	G	117	0	113	0	123	0	101	0	86	0	100	0	99	0	110	0	87	11	77	17	100	0
S60	G	C	118	0	104	0	107	0	96	0	108	0	102	0	106	0	111	0	75	19	77	15	101	0
S61	C	A	94	0	117	0	98	0	102	0	99	0	100	0	99	0	115	0	103	3	79	0	105	0
S62	A	C	76	0	117	0	94	0	89	0	115	0	92	0	87	0	108	0	85	9	119	0	95	0
S63	G	T	99	0	98	0	84	0	120	0	93	0	113	0	98	0	88	0	82	12	106	0	106	0
S64	G	C	99	0	106	0	110	0	88	0	85	0	95	0	91	0	88	0	88	7	105	0	101	0
S65	C	A	107	0	101	0	89	0	102	0	101	0	109	0	85	0	94	0	99	9	110	0	95	0
S66	T	G	98	0	105	0	88	0	111	0	105	0	106	0	97	0	96	0	101	6	91	0	90	0
S67	C	A	97	0	105	0	106	0	97	0	121	0	104	0	93	0	104	0	90	14	115	0	89	0
S68	A	G	93	0	118	0	106	0	116	0	106	0	100	0	116	0	91	0	72	10	98	0	97	0
S69	T	A	99	0	96	0	95	0	106	0	100	0	86	0	89	0	97	0	86	0	89	8	110	0
S70	C	G	78	0	117	0	77	24	87	16	79	0	114	0	103	0	96	0	87	0	82	0	97	0
S71	T	G	79	3	81	17	99	0	86	0	106	0	105	0	111	0	104	0	95	0	102	0	114	0
S72	G	A	73	6	77	21	96	0	93	0	101	0	83	0	89	0	125	0	93	0	96	0	96	0
S73	G	A	105	7	64	18	105	0	110	0	91	0	99	0	90	0	89	0	100	0	110	0	98	0
S74	A	T	98	4	80	15	90	0	113	0	98	0	112	0	96	0	102	0	102	0	99	0	122	0
S75	G	T	91	8	73	15	112	0	92	0	100	0	99	0	93	0	106	0	97	0	103	0	102	0
S76	A	T	79	5	72	23	89	0	103	0	114	0	102	0	89	0	113	0	95	0	105	0	112	0
S77	C	T	93	7	85	20	103	0	94	0	88	0	111	0	91	0	109	0	100	0	96	0	91	0
S78	G	C	99	8	91	17	115	0	108	0	99	0	99	0	98	0	100	0	85	0	112	0	103	0
S79	C	T	96	5	69	19	88	0	89	0	102	0	99	0	99	0	111	0	103	0	84	0	98	0
S80	G	C	113	6	72	22	110	0	108	0	112	0	98	0	117	0	115	0	99	0	107	0	93	0
