SNVID	Wild	Mut	R1:ref	R1:alt	R2:ref	R2:alt	R3:ref	R3:alt	R4:ref	R4:alt	R5:ref	R5:alt	R6:ref	R6:alt	R7:ref	R7:alt	R8:ref	R8:alt	R9:ref	R9:alt	R10:ref	R10:alt	R11:ref	R11:alt	
S1	A	G	63	21	64	11	81	16	68	22	66	20	84	11	104	11	85	15	80	17	91	18	97	18
S2	T	C	50	18	88	18	68	22	90	11	96	19	79	14	88	13	91	11	79	17	94	13	77	27
S3	A	G	86	19	86	15	89	20	73	19	84	16	69	17	72	15	86	15	100	17	86	15	70	23
S4	A	C	84	22	90	19	94	19	95	17	97	10	85	11	68	11	79	20	84	15	82	21	87	16
S5	T	A	89	15	84	14	87	15	74	16	101	12	105	10	87	11	67	20	64	22	70	21	39	38
S6	C	G	75	19	91	14	77	19	81	15	75	16	93	10	89	10	81	21	94	13	88	18	92	25
S7	C	A	66	21	82	15	79	19	79	14	79	18	87	11	70	16	92	16	72	15	99	16	97	21
S8	A	T	70	23	95	25	90	19	78	17	95	5	84	14	99	9	76	17	106	9	69	31	66	27
S9	G	T	63	24	87	14	74	13	95	16	88	14	89	12	93	9	78	20	88	13	88	12	84	34
S10	G	T	75	21	81	17	83	22	92	18	87	10	81	16	83	7	74	17	94	13	78	20	65	29
S11	A	C	78	21	98	17	73	19	101	15	107	3	115	0	99	0	94	0	82	16	75	15	82	22
S12	G	C	108	0	105	0	89	0	109	0	77	5	85	10	71	17	81	26	115	0	101	0	96	0
S13	T	G	94	0	101	0	102	0	110	0	85	0	110	0	104	0	94	9	105	0	85	0	104	0
S14	A	G	93	0	113	0	116	0	114	0	84	0	83	0	94	0	71	13	94	0	99	0	100	0
S15	T	C	90	0	80	0	99	0	102	0	90	0	91	0	95	0	104	10	99	0	87	0	95	0
S16	G	A	87	0	80	0	86	0	100	0	95	0	99	0	118	0	89	11	100	0	100	0	105	0
S17	C	G	101	0	92	0	98	0	97	0	90	0	110	0	103	0	78	14	97	0	80	0	103	0
S18	C	G	100	0	124	0	96	0	100	0	104	0	102	0	109	0	72	17	114	0	98	0	111	0
S19	T	A	99	0	109	0	96	0	84	0	91	0	106	0	110	0	87	14	84	0	95	0	110	0
S20	G	C	96	0	108	0	94	0	88	0	122	0	90	8	98	0	91	0	112	0	105	0	99	0
S21	T	G	102	0	119	0	116	0	89	0	89	0	78	10	106	0	104	0	95	0	105	0	94	0
S22	T	A	72	18	74	19	75	19	77	20	94	0	85	0	113	0	107	0	103	0	99	0	99	0
S23	T	A	85	14	77	16	81	20	92	16	98	0	110	0	106	0	93	0	99	0	125	0	95	0
S24	T	C	75	18	71	23	79	18	72	18	114	0	101	0	100	0	125	0	93	0	87	0	86	0
S25	G	A	76	24	69	16	86	19	87	21	89	0	97	0	107	0	101	0	103	0	95	0	94	0
S26	G	C	80	20	94	18	77	15	101	9	88	0	94	0	90	0	111	0	104	0	100	0	103	0
S27	A	C	105	0	95	0	106	0	82	0	99	0	101	0	86	0	89	0	118	0	97	0	86	20
S28	G	T	90	0	113	0	89	0	105	0	99	0	98	0	101	0	94	0	88	0	102	0	63	15
S29	A	G	111	0	88	0	98	0	88	0	121	0	90	0	112	0	141	0	120	0	112	0	74	19
S30	G	A	89	0	107	0	89	0	109	0	109	0	96	0	82	0	96	0	96	0	118	0	73	21
S31	T	A	95	0	109	0	97	0	92	0	86	0	80	0	121	0	85	0	100	0	97	0	69	18
S32	A	C	120	0	104	0	83	0	87	0	97	0	102	0	99	0	105	0	104	0	110	0	79	22
S33	T	C	117	0	97	0	99	0	98	0	100	0	107	0	93	0	103	0	94	0	104	0	80	23
S34	T	C	107	0	78	0	106	0	111	0	80	0	103	0	125	0	130	0	103	0	94	0	88	20
S35	C	G	98	0	105	0	105	0	106	0	90	0	104	0	81	0	93	0	104	0	110	0	86	16
S36	A	C	90	0	84	0	121	0	120	0	124	0	100	0	101	0	105	0	101	0	107	0	76	22
S37	T	G	97	0	87	0	77	0	101	0	101	6	106	0	106	0	103	0	89	11	69	22	120	0
S38	A	T	101	0	119	0	89	0	104	0	84	9	102	0	95	0	108	0	69	17	81	13	111	0
S39	C	T	114	0	99	0	97	0	117	0	106	8	105	0	101	0	121	0	80	14	88	19	97	0
S40	A	G	122	0	120	0	108	0	98	0	96	3	89	0	115	0	99	0	68	17	101	16	113	0
S41	C	G	95	0	79	0	107	0	109	0	87	3	93	0	103	0	108	0	76	12	92	14	93	0
S42	T	A	95	0	104	0	108	0	95	0	86	5	104	0	101	0	111	0	59	16	73	17	107	0
S43	T	A	114	0	89	0	110	0	106	0	84	7	91	0	106	0	98	0	71	12	100	18	102	0
S44	A	C	90	0	81	0	114	0	124	0	68	6	100	0	102	0	103	0	99	0	92	0	108	0
S45	C	G	93	0	94	0	103	0	104	0	106	6	95	0	126	0	95	0	100	0	102	0	106	0
S46	A	C	99	0	93	0	102	0	100	0	96	4	108	0	111	0	94	0	103	0	98	0	93	0
S47	T	G	99	0	112	0	113	0	102	0	104	6	101	0	106	0	95	0	103	0	112	0	109	0
S48	C	A	115	0	93	0	79	0	109	0	81	4	114	0	99	0	82	0	97	0	99	0	93	0
S49	T	A	96	0	99	0	80	0	112	0	82	6	103	0	107	0	110	0	94	0	105	0	107	0
S50	A	T	110	0	101	0	106	0	104	0	89	4	100	0	112	0	98	0	92	0	90	0	104	0
S51	T	C	100	0	94	0	94	0	107	0	95	5	102	0	111	0	105	0	113	0	94	0	93	0
S52	A	C	98	0	119	0	110	0	103	0	93	4	105	0	109	0	88	0	105	0	88	0	106	0
S53	T	G	99	0	112	0	103	0	99	0	92	4	109	0	96	0	106	0	87	0	100	0	110	0
S54	A	T	108	0	109	0	83	0	98	0	109	0	96	0	95	0	82	0	99	12	81	19	95	0
S55	C	T	101	0	102	0	89	0	94	0	106	0	106	0	95	0	103	0	78	16	74	20	108	0
S56	A	G	94	0	99	0	91	0	96	0	86	0	80	0	106	0	78	0	79	18	79	14	103	0
S57	C	A	99	0	95	0	106	0	103	0	108	0	92	0	120	0	91	0	93	6	66	18	112	0
S58	A	G	106	0	120	0	101	0	110	0	115	0	102	0	103	0	125	0	98	17	90	18	101	0
S59	T	G	90	0	82	0	92	0	94	0	101	0	89	0	110	0	86	0	80	19	72	24	122	0
S60	A	G	117	0	92	0	102	0	94	0	102	0	94	0	122	0	87	0	72	12	91	17	94	0
S61	T	C	95	0	99	0	86	0	109	0	105	0	95	0	90	0	99	0	74	12	82	23	102	0
S62	C	A	105	0	104	0	104	0	131	0	107	0	80	0	92	0	113	0	87	18	82	19	108	0
S63	A	G	112	0	116	0	103	0	97	0	91	0	101	0	87	0	97	0	87	10	97	0	108	0
S64	A	T	102	0	98	0	95	0	99	0	101	0	106	0	86	0	93	0	96	7	94	0	103	0
S65	A	G	92	0	121	0	98	0	104	0	110	0	85	0	111	0	98	0	100	12	99	0	110	0
S66	T	G	107	0	111	0	104	0	100	0	116	0	110	0	101	0	93	0	81	16	101	0	98	0
S67	C	T	97	0	92	0	112	0	80	0	110	0	95	0	94	0	116	0	93	10	104	0	99	0
S68	T	G	92	0	104	0	99	0	96	0	107	0	102	0	105	0	122	0	115	0	84	8	99	0
S69	C	A	106	0	98	0	72	19	77	21	104	0	95	0	91	0	111	0	92	0	98	0	93	0
S70	G	T	103	5	95	15	98	0	119	0	90	0	97	0	96	0	93	0	97	0	94	0	93	0
S71	T	A	82	7	75	20	89	0	92	0	102	0	108	0	101	0	94	0	97	0	106	0	97	0
S72	C	A	105	5	77	15	97	0	102	0	97	0	113	0	100	0	101	0	90	0	96	0	97	0
S73	G	C	77	6	73	21	118	0	114	0	117	0	89	0	104	0	98	0	105	0	104	0	112	0
S74	G	C	85	4	88	13	92	0	98	0	116	0	109	0	101	0	87	0	89	0	114	0	102	0
S75	T	A	94	2	73	19	102	0	87	0	100	0	94	0	99	0	103	0	116	0	104	0	91	0
S76	G	T	91	8	81	15	93	0	102	0	118	0	98	0	108	0	102	0	109	0	98	0	107	0
S77	G	C	96	2	69	25	91	0	113	0	98	0	97	0	95	0	100	0	97	0	103	0	122	0
S78	A	C	100	3	84	20	100	0	98	0	105	0	106	0	113	0	109	0	105	0	111	0	98	0
S79	T	A	82	5	82	13	109	0	103	0	118	0	109	0	114	0	98	0	104	0	87	0	85	0
