SNVID	Wild	Mut	R1:ref	R1:alt	R2:ref	R2:alt	R3:ref	R3:alt	R4:ref	R4:alt	R5:ref	R5:alt	R6:ref	R6:alt	R7:ref	R7:alt	R8:ref	R8:alt	R9:ref	R9:alt	R10:ref	R10:alt	R11:ref	R11:alt	
S1	T	A	88	19	84	16	88	19	69	23	83	18	83	14	118	4	85	15	96	13	82	19	66	23
S2	G	T	90	21	69	15	69	17	75	17	103	17	88	16	96	9	89	8	84	9	96	18	100	23
S3	T	C	94	10	115	22	67	18	89	15	109	16	87	12	100	9	88	22	80	13	88	13	80	26
S4	T	C	67	16	89	17	72	15	79	18	92	16	83	16	85	15	68	23	75	16	80	16	71	26
S5	T	G	88	23	83	15	86	21	85	14	84	18	67	16	99	11	106	16	82	18	77	21	84	23
S6	C	T	78	27	92	12	98	16	108	21	90	18	89	13	88	11	106	10	71	20	74	17	61	20
S7	C	G	100	15	76	17	78	18	74	18	84	9	94	14	83	9	78	15	72	20	78	12	72	20
S8	G	T	86	21	97	16	73	14	79	15	111	13	98	13	99	10	61	16	89	13	92	14	58	28
S9	T	G	90	16	92	15	89	13	101	12	87	18	98	14	99	5	75	19	100	11	88	22	70	20
S10	G	A	75	21	65	18	74	23	76	13	96	6	111	0	105	0	93	0	101	9	95	17	76	18
S11	A	T	79	0	79	0	82	0	96	0	97	13	85	13	77	8	74	17	100	0	94	0	107	0
S12	G	A	101	0	107	0	108	0	120	0	118	0	97	0	98	0	89	8	107	0	84	0	113	0
S13	G	A	93	0	112	0	94	0	96	0	101	0	102	0	101	0	81	13	95	0	122	0	105	0
S14	A	C	104	0	109	0	102	0	81	0	115	0	112	0	95	0	92	15	88	0	109	0	99	0
S15	C	G	98	0	90	0	125	0	91	0	120	0	107	0	99	0	99	11	93	0	100	0	103	0
S16	G	T	87	0	100	0	106	0	101	0	90	0	92	0	84	0	96	11	89	0	105	0	100	0
S17	A	C	99	0	87	0	113	0	84	0	110	0	107	0	79	0	83	14	117	0	102	0	95	0
S18	G	C	101	0	99	0	105	0	84	0	99	0	84	9	116	0	97	0	104	0	83	0	85	0
S19	G	C	97	0	118	0	95	0	81	0	86	0	92	12	87	0	100	0	101	0	99	0	107	0
S20	G	A	60	28	100	13	92	13	84	16	126	0	104	0	91	0	99	0	105	0	90	0	110	0
S21	A	G	90	19	75	23	96	22	101	15	111	0	106	0	105	0	116	0	114	0	110	0	100	0
S22	G	T	89	19	84	20	79	22	95	11	110	0	93	0	96	0	92	0	105	0	100	0	94	0
S23	C	T	74	20	69	13	73	22	95	16	105	0	121	0	82	0	84	0	100	0	104	0	80	0
S24	T	G	92	18	57	16	91	21	75	16	114	0	84	0	94	0	92	0	110	0	89	0	100	0
S25	T	A	71	17	82	14	72	24	102	9	101	0	89	0	112	0	100	0	111	0	95	0	95	0
S26	G	A	90	18	83	19	74	20	84	16	79	0	94	0	98	0	96	0	89	0	106	0	100	0
S27	A	C	100	0	99	0	90	0	112	0	88	0	101	0	91	0	119	0	129	0	112	0	100	12
S28	G	A	102	0	102	0	108	0	108	0	107	0	108	0	100	0	103	0	98	0	105	0	85	16
S29	G	C	82	0	110	0	107	0	87	0	101	0	98	0	94	0	93	0	84	0	92	0	78	15
S30	G	A	115	0	118	0	105	0	100	0	101	0	88	0	96	0	101	0	98	0	105	0	85	21
S31	T	C	106	0	114	0	91	0	98	0	85	0	115	0	103	0	100	0	102	0	93	0	68	25
S32	C	A	87	0	120	0	87	0	94	0	96	0	93	0	89	0	107	0	107	0	108	0	72	28
S33	C	T	103	0	91	0	115	0	106	0	95	8	84	0	100	0	98	0	74	18	62	22	98	0
S34	C	G	121	0	96	0	109	0	89	0	99	5	88	0	99	0	106	0	90	16	80	20	90	0
S35	G	A	112	0	109	0	91	0	107	0	103	4	96	0	106	0	100	0	86	19	87	16	92	0
S36	G	A	96	0	94	0	109	0	93	0	91	5	96	0	114	0	101	0	83	18	77	17	91	0
S37	T	C	119	0	117	0	101	0	94	0	75	5	94	0	100	0	97	0	105	14	75	26	112	0
S38	C	T	86	0	104	0	85	0	99	0	87	5	103	0	91	0	105	0	75	12	80	21	91	0
S39	G	A	108	0	85	0	90	0	96	0	83	10	92	0	109	0	98	0	83	13	77	23	75	0
S40	G	C	98	0	98	0	97	0	98	0	91	2	114	0	82	0	115	0	62	18	89	10	88	0
S41	T	C	112	0	94	0	104	0	96	0	89	5	93	0	83	0	95	0	102	8	79	12	78	0
S42	G	C	97	0	109	0	103	0	101	0	98	5	98	0	89	0	90	0	86	14	87	18	94	0
S43	A	C	95	0	110	0	73	0	107	0	109	3	97	0	116	0	79	0	95	0	102	0	88	0
S44	T	C	98	0	101	0	100	0	103	0	98	3	111	0	131	0	95	0	98	0	96	0	95	0
S45	G	A	87	0	116	0	113	0	95	0	103	3	90	0	105	0	89	0	89	0	95	0	108	0
S46	G	C	102	0	115	0	104	0	92	0	88	3	95	0	92	0	108	0	101	0	99	0	113	0
S47	G	T	96	0	112	0	75	0	86	0	89	7	114	0	98	0	89	0	83	0	112	0	102	0
S48	T	C	127	0	84	0	85	0	92	0	114	0	104	0	102	0	96	0	89	11	78	18	114	0
S49	C	G	105	0	111	0	91	0	100	0	97	0	78	0	101	0	113	0	79	10	82	21	93	0
S50	G	T	100	0	109	0	90	0	103	0	104	0	114	0	101	0	116	0	94	11	86	14	106	0
S51	T	C	95	0	92	0	90	0	105	0	87	0	104	0	104	0	103	0	87	20	56	19	114	0
S52	C	G	100	0	113	0	121	0	116	0	109	0	93	0	91	0	86	0	83	15	64	25	99	0
S53	C	A	119	0	104	0	94	0	117	0	122	0	96	0	108	0	84	0	99	9	79	0	92	0
S54	A	C	121	0	88	0	108	0	122	0	81	0	87	0	90	0	119	0	74	11	89	0	104	0
S55	A	G	101	0	92	0	94	0	113	0	94	0	105	0	128	0	95	0	88	6	112	0	107	0
S56	T	C	83	0	106	0	90	0	89	0	104	0	93	0	92	0	113	0	100	11	104	0	84	0
S57	G	C	89	0	106	0	112	0	78	0	106	0	116	0	88	0	93	0	74	8	106	0	99	0
S58	T	G	127	0	95	0	81	0	85	0	99	0	99	0	98	0	121	0	94	0	90	5	122	0
S59	T	C	90	0	91	0	62	32	93	13	106	0	114	0	95	0	102	0	99	0	117	0	97	0
S60	T	A	100	4	55	18	102	0	94	0	89	0	91	0	106	0	87	0	102	0	102	0	114	0
S61	C	T	92	11	75	11	89	0	97	0	104	0	121	0	92	0	88	0	103	0	83	0	95	0
S62	T	C	80	11	84	20	101	0	89	0	99	0	86	0	109	0	93	0	101	0	113	0	99	0
S63	G	T	91	5	86	19	110	0	91	0	109	0	113	0	114	0	98	0	94	0	94	0	98	0
S64	T	G	83	9	86	18	91	0	99	0	95	0	118	0	118	0	98	0	96	0	96	0	107	0
S65	G	T	96	4	86	19	89	0	94	0	118	0	97	0	86	0	85	0	101	0	118	0	103	0
S66	A	C	99	3	71	19	102	0	90	0	107	0	107	0	109	0	72	0	105	0	109	0	97	0
S67	C	A	83	6	102	17	115	0	98	0	105	0	103	0	89	0	99	0	86	0	91	0	106	0
