SNVID	Wild	Mut	R1:ref	R1:alt	R2:ref	R2:alt	R3:ref	R3:alt	R4:ref	R4:alt	R5:ref	R5:alt	R6:ref	R6:alt	R7:ref	R7:alt	R8:ref	R8:alt	R9:ref	R9:alt	R10:ref	R10:alt	R11:ref	R11:alt	
S1	A	T	80	16	89	20	89	21	83	17	82	12	81	12	82	13	82	15	98	19	92	16	66	23
S2	G	C	80	25	93	24	87	19	59	24	63	18	79	12	86	10	92	16	76	16	61	23	54	33
S3	A	C	66	21	84	15	65	15	67	19	95	16	83	18	84	11	74	18	73	16	75	20	87	29
S4	C	T	85	17	91	12	96	14	86	15	74	15	91	16	98	14	88	12	105	21	62	21	90	21
S5	T	G	86	16	76	20	75	19	98	17	90	14	98	7	95	5	86	23	73	23	67	15	81	27
S6	G	A	74	20	67	15	61	23	74	21	78	18	80	7	87	15	83	10	88	20	78	16	63	38
S7	G	C	85	16	73	18	69	26	83	16	79	15	97	7	76	6	83	16	78	16	92	17	81	25
S8	T	A	66	19	79	12	94	13	75	20	75	6	91	0	107	0	109	0	69	22	81	18	66	20
S9	C	A	98	0	91	0	83	0	92	0	102	10	89	9	103	7	84	21	110	0	111	0	122	0
S10	C	G	131	0	92	0	101	0	117	0	104	0	101	0	91	0	87	11	107	0	101	0	106	0
S11	G	C	91	0	98	0	97	0	81	0	98	0	97	0	91	0	68	9	92	0	97	0	99	0
S12	A	T	114	0	85	0	97	0	109	0	94	0	121	0	97	0	93	11	66	0	76	0	78	0
S13	T	A	115	0	95	0	93	0	95	0	95	0	101	0	112	0	95	7	78	0	113	0	116	0
S14	C	G	104	0	90	0	92	0	104	0	97	0	86	0	115	0	84	12	98	0	113	0	103	0
S15	C	G	115	0	99	0	108	0	103	0	93	0	86	10	97	0	107	0	82	0	99	0	95	0
S16	G	A	110	0	93	0	108	0	105	0	86	0	86	9	114	0	114	0	116	0	95	0	97	0
S17	G	A	97	17	89	13	63	30	87	15	99	0	93	0	109	0	97	0	114	0	94	0	126	0
S18	G	C	74	16	66	19	79	20	80	21	86	0	79	0	85	0	96	0	88	0	93	0	95	0
S19	C	A	66	21	83	18	55	25	106	16	96	0	111	0	93	0	112	0	102	0	100	0	101	0
S20	A	G	90	15	93	12	100	15	80	19	89	0	104	0	92	0	92	0	106	0	105	0	100	0
S21	G	A	89	22	74	19	74	23	117	15	109	0	104	0	78	0	99	0	98	0	88	0	99	0
S22	T	A	88	17	91	18	88	19	87	17	104	0	89	0	96	0	95	0	103	0	96	0	111	0
S23	G	T	96	15	93	14	79	19	101	6	102	0	103	0	103	0	102	0	104	0	115	0	92	0
S24	T	C	100	0	99	0	89	0	101	0	102	0	106	0	118	0	105	0	85	0	80	0	84	21
S25	A	G	88	0	97	0	107	0	94	0	109	0	115	0	109	0	107	0	99	0	99	0	85	20
S26	G	A	95	0	86	0	116	0	106	0	112	0	95	0	91	0	74	0	102	0	93	0	91	20
S27	A	C	95	0	95	0	109	0	78	0	99	0	81	0	93	0	90	0	95	0	94	0	72	24
S28	A	C	102	0	104	0	99	0	101	0	100	0	102	0	95	0	114	0	104	0	96	0	93	15
S29	C	T	100	0	113	0	93	0	86	0	98	0	95	0	95	0	102	0	129	0	89	0	78	20
S30	A	T	97	0	95	0	85	0	105	0	111	0	94	0	91	0	109	0	121	0	117	0	89	13
S31	A	C	101	0	104	0	96	0	100	0	106	0	79	0	99	0	91	0	113	0	98	0	81	19
S32	C	T	93	0	91	0	98	0	94	0	74	7	100	0	95	0	124	0	71	9	90	19	96	0
S33	C	T	86	0	99	0	96	0	109	0	95	1	107	0	119	0	105	0	86	16	92	24	94	0
S34	A	C	119	0	90	0	104	0	75	0	89	5	110	0	98	0	112	0	93	13	79	9	101	0
S35	A	G	93	0	107	0	110	0	115	0	103	3	105	0	95	0	91	0	65	19	65	22	107	0
S36	G	T	99	0	98	0	93	0	111	0	94	6	89	0	116	0	93	0	76	18	101	17	89	0
S37	G	C	81	0	96	0	97	0	112	0	84	3	99	0	113	0	85	0	87	13	71	16	101	0
S38	A	G	112	0	100	0	91	0	100	0	91	5	101	0	91	0	91	0	81	16	72	16	92	0
S39	A	T	112	0	93	0	96	0	92	0	105	4	104	0	103	0	83	0	96	18	67	20	104	0
S40	G	T	91	0	97	0	102	0	107	0	84	6	93	0	102	0	93	0	90	17	100	17	95	0
S41	T	A	102	0	106	0	94	0	103	0	91	2	94	0	121	0	103	0	95	0	98	0	96	0
S42	T	A	103	0	125	0	97	0	110	0	95	7	91	0	87	0	104	0	91	0	80	0	105	0
S43	T	A	101	0	93	0	87	0	98	0	98	6	82	0	100	0	102	0	93	0	120	0	82	0
S44	C	T	110	0	103	0	104	0	80	0	98	5	103	0	114	0	98	0	95	0	103	0	93	0
S45	C	T	99	0	88	0	114	0	101	0	94	4	110	0	104	0	93	0	101	0	114	0	83	0
S46	A	T	92	0	92	0	121	0	106	0	98	6	88	0	109	0	107	0	97	0	97	0	116	0
S47	G	C	96	0	97	0	93	0	91	0	87	5	118	0	114	0	105	0	96	0	99	0	91	0
S48	A	C	114	0	109	0	118	0	95	0	120	0	91	0	88	0	115	0	86	15	97	19	91	0
S49	A	T	101	0	98	0	101	0	86	0	96	0	101	0	103	0	98	0	81	16	87	17	91	0
S50	A	G	108	0	94	0	92	0	123	0	113	0	92	0	95	0	101	0	85	13	78	16	116	0
S51	C	A	97	0	99	0	93	0	113	0	98	0	97	0	103	0	86	0	80	10	86	13	115	0
S52	T	G	111	0	109	0	89	0	84	0	115	0	100	0	91	0	92	0	72	20	88	16	96	0
S53	T	C	89	0	82	0	108	0	84	0	102	0	114	0	90	0	94	0	94	11	96	0	103	0
S54	C	A	110	0	81	0	97	0	100	0	94	0	103	0	91	0	119	0	92	14	100	0	93	0
S55	T	A	105	0	101	0	122	0	109	0	101	0	113	0	95	0	110	0	104	9	91	0	107	0
S56	C	T	105	0	94	0	104	0	89	0	93	0	105	0	87	0	108	0	85	5	104	0	99	0
S57	C	A	106	0	123	0	100	0	100	0	99	0	87	0	101	0	103	0	95	11	84	0	96	0
S58	G	C	99	0	93	0	107	0	106	0	100	0	109	0	88	0	112	0	84	9	94	0	112	0
S59	G	C	102	0	88	0	105	0	86	0	87	0	112	0	103	0	98	0	101	6	107	0	94	0
S60	A	C	94	0	109	0	110	0	100	0	102	0	96	0	102	0	100	0	98	9	116	0	89	0
S61	A	C	95	0	98	0	109	0	110	0	91	0	111	0	92	0	92	0	95	14	114	0	119	0
S62	A	T	90	0	90	0	102	0	112	0	94	0	87	0	99	0	92	0	94	0	86	8	88	0
S63	A	G	105	0	103	0	94	20	85	15	101	0	99	0	110	0	98	0	88	0	105	0	112	0
S64	T	C	97	3	74	16	121	0	119	0	101	0	89	0	132	0	89	0	100	0	89	0	118	0
S65	C	T	85	3	78	14	88	0	113	0	83	0	101	0	95	0	92	0	95	0	114	0	112	0
S66	A	C	95	4	86	15	92	0	124	0	108	0	102	0	104	0	111	0	103	0	94	0	119	0
S67	C	G	107	2	91	16	101	0	94	0	96	0	89	0	112	0	121	0	103	0	95	0	102	0
S68	C	A	106	4	87	14	122	0	116	0	81	0	102	0	81	0	102	0	94	0	92	0	109	0
