SNVID	Wild	Mut	R1:ref	R1:alt	R2:ref	R2:alt	R3:ref	R3:alt	R4:ref	R4:alt	R5:ref	R5:alt	R6:ref	R6:alt	R7:ref	R7:alt	R8:ref	R8:alt	R9:ref	R9:alt	R10:ref	R10:alt	R11:ref	R11:alt	
S1	C	G	79	20	90	14	79	22	96	15	87	20	99	9	92	11	64	18	86	14	91	15	79	22
S2	T	A	87	24	89	12	72	12	73	20	118	7	86	9	89	13	100	15	97	10	81	16	60	26
S3	T	G	86	23	66	20	74	26	91	14	79	17	93	7	89	9	92	17	104	13	101	14	95	19
S4	G	C	99	20	80	26	78	22	75	16	65	19	75	15	79	8	81	15	68	18	76	22	76	27
S5	G	A	77	24	80	22	71	26	89	21	95	7	84	12	80	12	77	26	99	12	92	18	74	25
S6	T	C	91	28	85	18	83	13	77	15	63	14	76	11	81	14	87	18	90	18	82	17	71	18
S7	C	A	79	22	68	19	69	21	74	14	82	19	87	13	74	9	73	18	93	15	79	16	80	24
S8	G	A	91	17	71	20	91	17	88	14	89	14	95	9	94	6	71	19	80	10	92	18	87	17
S9	G	C	80	20	71	15	65	20	106	6	103	13	93	13	81	13	90	14	79	21	111	11	80	18
S10	G	A	66	28	84	15	102	12	101	9	66	16	84	15	81	8	91	20	76	14	82	18	88	14
S11	A	G	81	27	81	25	73	26	89	14	63	8	95	0	103	0	100	0	76	19	93	8	70	19
S12	T	G	109	0	102	0	103	0	86	0	86	14	85	13	87	7	90	21	101	0	107	0	98	0
S13	C	G	95	0	99	0	95	0	101	0	101	0	98	0	100	0	87	19	98	0	109	0	88	0
S14	G	C	100	0	112	0	110	0	107	0	115	0	114	0	99	0	81	14	108	0	92	0	95	0
S15	A	C	90	0	116	0	99	0	83	0	106	0	90	0	110	0	89	10	80	0	102	0	133	0
S16	A	C	98	0	91	0	106	0	119	0	94	0	96	0	109	0	87	9	92	0	105	0	101	0
S17	A	G	114	0	97	0	119	0	83	0	101	0	105	0	113	0	81	11	114	0	111	0	95	0
S18	C	T	106	0	105	0	111	0	100	0	95	0	94	0	88	0	104	5	89	0	109	0	110	0
S19	A	G	105	0	102	0	106	0	98	0	109	0	75	11	89	0	102	0	107	0	76	0	89	0
S20	A	G	101	0	97	0	111	0	97	0	96	0	98	12	103	0	105	0	120	0	112	0	87	0
S21	C	A	85	16	74	16	81	19	90	15	98	0	97	0	79	0	106	0	108	0	94	0	117	0
S22	G	A	92	16	74	24	95	11	90	13	110	0	101	0	108	0	92	0	105	0	108	0	91	0
S23	G	A	77	17	84	12	59	25	85	13	94	0	101	0	116	0	104	0	101	0	90	0	98	0
S24	T	G	79	21	80	17	87	24	80	16	100	0	96	0	110	0	81	0	102	0	127	0	90	0
S25	C	G	91	16	99	11	76	23	65	20	118	0	115	0	77	0	115	0	99	0	90	0	99	0
S26	C	G	82	23	84	12	87	24	90	12	103	0	92	0	100	0	109	0	106	0	101	0	95	0
S27	G	A	74	23	81	23	83	29	91	17	117	0	110	0	92	0	93	0	107	0	103	0	88	0
S28	G	C	98	18	79	17	79	14	80	14	96	0	98	0	77	0	99	0	108	0	86	0	99	0
S29	A	C	79	23	76	19	83	19	79	21	114	0	118	0	96	0	102	0	103	0	103	0	92	0
S30	T	G	77	0	106	0	99	0	95	0	99	0	98	0	113	0	111	0	85	0	92	0	87	22
S31	G	A	107	0	94	0	76	0	101	0	100	0	88	0	89	0	106	0	87	0	107	0	92	19
S32	C	T	91	0	98	0	90	0	84	0	94	0	98	0	90	0	87	0	89	0	94	0	80	20
S33	A	G	100	0	91	0	87	0	120	0	107	0	89	0	89	0	107	0	100	0	108	0	83	20
S34	A	C	109	0	99	0	107	0	85	0	97	0	109	0	98	0	105	0	86	0	95	0	67	27
S35	C	A	106	0	110	0	106	0	101	0	106	0	90	0	97	0	109	0	90	0	101	0	103	12
S36	C	A	115	0	92	0	96	0	123	0	93	0	103	0	99	0	103	0	113	0	99	0	87	13
S37	C	T	102	0	93	0	101	0	108	0	112	0	111	0	80	0	99	0	101	0	78	0	82	23
S38	T	C	90	0	115	0	101	0	121	0	95	0	102	0	97	0	108	0	111	0	109	0	109	20
S39	C	T	91	0	104	0	102	0	104	0	91	0	99	0	95	0	109	0	102	0	111	0	70	21
S40	T	A	81	0	93	0	121	0	92	0	92	5	98	0	99	0	98	0	78	10	70	20	114	0
S41	T	G	87	0	105	0	116	0	102	0	91	5	105	0	93	0	83	0	91	17	86	13	84	0
S42	G	C	98	0	100	0	96	0	91	0	106	3	90	0	101	0	126	0	79	13	82	19	95	0
S43	C	T	88	0	89	0	92	0	86	0	94	6	108	0	98	0	118	0	94	7	81	18	103	0
S44	G	C	103	0	115	0	104	0	102	0	100	2	109	0	101	0	78	0	78	19	67	21	94	0
S45	C	A	102	0	90	0	103	0	95	0	86	3	106	0	102	0	89	0	69	16	84	18	82	0
S46	T	A	98	0	99	0	102	0	111	0	108	3	105	0	109	0	97	0	80	12	75	22	98	0
S47	T	A	108	0	77	0	101	0	69	0	105	5	100	0	112	0	104	0	75	11	74	18	100	0
S48	T	A	98	0	99	0	117	0	89	0	87	2	88	0	99	0	101	0	100	0	106	0	121	0
S49	T	G	103	0	89	0	103	0	94	0	101	3	89	0	93	0	93	0	111	0	92	0	85	0
S50	C	T	110	0	107	0	106	0	89	0	101	8	94	0	100	0	92	0	105	0	116	0	92	0
S51	A	G	118	0	97	0	103	0	112	0	107	3	106	0	109	0	98	0	88	0	95	0	100	0
S52	C	T	88	0	90	0	87	0	102	0	124	2	99	0	101	0	97	0	91	0	95	0	89	0
S53	T	G	100	0	93	0	107	0	105	0	90	6	107	0	98	0	92	0	107	0	113	0	99	0
S54	G	C	101	0	78	0	89	0	95	0	89	6	96	0	95	0	101	0	93	0	90	0	90	0
S55	T	G	94	0	117	0	102	0	95	0	96	5	100	0	82	0	77	0	91	0	106	0	77	0
S56	C	T	99	0	102	0	103	0	104	0	89	5	102	0	99	0	103	0	97	0	93	0	103	0
S57	A	C	104	0	96	0	99	0	109	0	80	9	108	0	100	0	86	0	121	0	106	0	104	0
S58	A	C	96	0	91	0	90	0	113	0	101	0	100	0	98	0	93	0	88	18	88	14	92	0
S59	T	G	111	0	99	0	105	0	94	0	91	0	121	0	103	0	88	0	88	18	85	17	89	0
S60	T	C	100	0	85	0	109	0	103	0	84	0	99	0	103	0	102	0	111	12	82	15	90	0
S61	C	T	110	0	101	0	120	0	108	0	110	0	84	0	120	0	97	0	70	15	79	19	103	0
S62	G	T	103	0	103	0	112	0	97	0	104	0	98	0	103	0	97	0	93	13	82	15	100	0
S63	G	A	84	0	114	0	111	0	95	0	102	0	95	0	121	0	121	0	95	12	90	16	98	0
S64	T	C	92	0	107	0	93	0	78	0	90	0	88	0	109	0	105	0	86	11	124	0	100	0
S65	G	T	91	0	105	0	108	0	107	0	107	0	106	0	113	0	105	0	90	12	106	0	112	0
S66	G	A	100	0	108	0	81	0	107	0	101	0	105	0	110	0	111	0	93	11	99	0	99	0
S67	A	C	101	0	105	0	83	0	91	0	114	0	124	0	110	0	94	0	96	8	105	0	102	0
S68	G	A	98	0	117	0	74	0	83	0	95	0	107	0	93	0	96	0	85	4	102	0	85	0
S69	G	A	98	0	116	0	88	0	124	0	88	0	103	0	93	0	112	0	88	9	104	0	95	0
S70	T	G	95	0	94	0	121	0	98	0	96	0	89	0	108	0	94	0	101	14	98	0	111	0
S71	T	A	118	0	126	0	98	0	99	0	107	0	110	0	107	0	91	0	98	0	88	6	95	0
S72	G	C	85	0	105	0	93	0	126	0	113	0	100	0	97	0	96	0	104	0	99	3	85	0
S73	C	A	100	0	105	0	72	14	77	17	106	0	104	0	110	0	99	0	89	0	102	0	111	0
S74	T	G	99	2	90	13	100	0	95	0	110	0	83	0	79	0	95	0	101	0	100	0	103	0
S75	A	C	111	6	86	14	103	0	108	0	100	0	102	0	100	0	103	0	100	0	92	0	116	0
S76	T	C	100	9	96	10	104	0	111	0	104	0	108	0	98	0	103	0	95	0	100	0	83	0
S77	A	C	105	1	79	26	89	0	94	0	111	0	99	0	109	0	107	0	92	0	87	0	107	0
S78	A	T	94	8	94	15	92	0	89	0	99	0	110	0	85	0	106	0	106	0	83	0	98	0
S79	C	G	77	8	91	17	92	0	85	0	84	0	115	0	107	0	113	0	109	0	99	0	96	0
S80	C	T	94	3	66	17	92	0	91	0	109	0	95	0	107	0	99	0	84	0	83	0	89	0
