SNVID	Wild	Mut	R1:ref	R1:alt	R2:ref	R2:alt	R3:ref	R3:alt	R4:ref	R4:alt	R5:ref	R5:alt	R6:ref	R6:alt	R7:ref	R7:alt	R8:ref	R8:alt	R9:ref	R9:alt	R10:ref	R10:alt	R11:ref	R11:alt	
S1	C	A	77	25	93	18	80	18	93	12	76	14	76	12	84	9	79	21	85	15	68	18	84	18
S2	C	T	81	21	92	13	80	14	81	12	93	17	81	12	100	11	82	18	80	14	87	22	73	24
S3	C	T	73	24	59	17	71	15	91	16	79	21	84	12	115	9	83	11	87	10	74	22	110	20
S4	A	T	75	18	79	28	85	16	76	16	88	24	87	10	97	6	72	23	105	14	81	10	67	22
S5	C	G	78	22	73	24	89	20	71	15	103	13	78	12	89	11	91	23	87	13	79	22	84	18
S6	G	C	77	17	67	20	74	20	86	12	76	18	91	16	76	13	66	23	89	15	90	17	76	24
S7	T	G	74	21	86	21	71	18	79	18	93	14	81	18	87	14	64	19	90	20	98	16	88	17
S8	C	T	68	22	81	17	81	26	119	10	72	20	70	12	77	12	90	13	80	16	72	16	91	25
S9	T	A	71	19	84	15	76	20	75	16	91	12	85	14	90	6	91	13	98	11	75	23	55	28
S10	G	A	75	20	77	18	76	19	76	13	102	3	108	0	102	0	97	0	86	18	88	15	78	18
S11	T	A	100	0	109	0	82	0	89	0	104	15	84	11	96	12	78	16	88	0	89	0	98	0
S12	T	A	118	0	79	0	103	0	109	0	107	0	103	0	104	0	109	11	97	0	102	0	112	0
S13	T	G	95	0	89	0	101	0	96	0	98	0	94	0	93	0	82	11	96	0	96	0	87	0
S14	C	G	96	0	118	0	102	0	104	0	103	0	91	0	97	0	68	14	93	0	105	0	88	0
S15	C	T	112	0	91	0	97	0	124	0	126	0	97	0	95	0	110	8	100	0	100	0	107	0
S16	G	A	104	0	106	0	102	0	113	0	92	0	81	0	117	0	85	12	96	0	100	0	97	0
S17	A	C	93	0	112	0	97	0	77	0	103	0	84	0	91	0	96	10	100	0	97	0	97	0
S18	C	A	104	0	88	0	101	0	95	0	104	0	99	0	92	0	93	15	114	0	82	0	105	0
S19	G	A	103	0	93	0	106	0	113	0	99	0	91	0	101	0	92	16	105	0	105	0	105	0
S20	C	T	89	0	107	0	95	0	92	0	109	0	98	0	100	0	93	10	84	0	102	0	92	0
S21	T	G	78	0	117	0	118	0	102	0	94	0	107	0	105	0	99	12	80	0	97	0	107	0
S22	T	G	105	0	112	0	100	0	89	0	100	0	81	15	111	0	106	0	112	0	94	0	103	0
S23	C	T	102	0	98	0	104	0	105	0	93	0	97	9	81	0	99	0	90	0	108	0	105	0
S24	A	T	66	25	85	19	78	17	86	16	96	0	112	0	101	0	103	0	112	0	94	0	108	0
S25	G	A	93	16	65	21	68	21	59	24	120	0	98	0	92	0	97	0	113	0	101	0	79	0
S26	G	A	73	19	68	18	57	20	90	12	99	0	105	0	108	0	104	0	88	0	103	0	88	0
S27	C	G	59	27	97	14	79	17	76	13	96	0	101	0	115	0	126	0	84	0	99	0	87	0
S28	C	A	73	21	95	11	72	19	102	7	90	0	117	0	102	0	95	0	107	0	115	0	99	0
S29	A	C	63	25	71	13	104	16	93	6	89	0	98	0	89	0	113	0	106	0	97	0	93	0
S30	T	A	88	21	94	13	70	20	87	11	100	0	119	0	103	0	109	0	112	0	110	0	100	0
S31	A	C	76	14	79	18	84	25	91	13	110	0	100	0	89	0	99	0	87	0	105	0	93	0
S32	G	C	73	18	98	14	70	22	89	16	90	0	111	0	106	0	104	0	110	0	116	0	112	0
S33	A	C	73	23	93	13	112	10	94	14	93	0	87	0	85	0	86	0	90	0	96	0	97	0
S34	C	T	98	0	100	0	103	0	107	0	99	0	107	0	98	0	118	0	106	0	100	0	93	18
S35	T	A	96	0	90	0	108	0	86	0	122	0	90	0	119	0	82	0	86	0	112	0	82	18
S36	T	C	95	0	108	0	86	0	105	0	102	0	81	0	101	0	103	0	101	0	109	0	66	26
S37	A	G	115	0	95	0	118	0	90	0	116	0	100	0	100	0	87	0	112	0	103	0	91	23
S38	G	T	109	0	115	0	106	0	110	0	98	0	94	0	120	0	99	0	100	0	96	0	77	19
S39	G	A	83	0	94	0	95	0	113	0	100	0	108	0	97	0	83	0	103	0	77	0	97	19
S40	C	T	102	0	98	0	114	0	83	0	102	0	99	0	92	0	89	0	112	0	115	0	74	19
S41	C	G	102	0	93	0	97	0	107	0	121	0	94	0	132	0	107	0	110	0	120	0	73	22
S42	A	T	90	0	93	0	117	0	120	0	76	7	90	0	97	0	81	0	59	21	97	14	100	0
S43	G	T	112	0	110	0	116	0	99	0	84	4	86	0	92	0	108	0	82	17	58	19	101	0
S44	C	A	88	0	97	0	99	0	90	0	96	2	101	0	96	0	107	0	95	14	77	15	113	0
S45	C	G	101	0	100	0	105	0	90	0	86	4	102	0	96	0	108	0	98	19	75	19	101	0
S46	T	A	125	0	102	0	102	0	96	0	100	5	105	0	87	0	92	0	66	24	56	21	100	0
S47	G	A	82	0	96	0	102	0	105	0	105	9	97	0	94	0	118	0	92	8	80	18	110	0
S48	A	T	79	0	93	0	87	0	98	0	111	2	106	0	104	0	103	0	78	16	84	17	101	0
S49	C	T	121	0	94	0	84	0	103	0	94	7	101	0	99	0	97	0	76	12	67	18	95	0
S50	G	T	101	0	87	0	113	0	95	0	81	6	85	0	92	0	104	0	103	14	98	15	90	0
S51	G	T	112	0	105	0	94	0	114	0	92	5	102	0	106	0	89	0	91	15	80	23	81	0
S52	G	C	107	0	98	0	99	0	92	0	91	6	113	0	111	0	87	0	92	0	85	0	114	0
S53	C	G	80	0	89	0	119	0	95	0	77	2	122	0	92	0	101	0	103	0	95	0	87	0
S54	C	T	112	0	98	0	100	0	104	0	99	4	97	0	91	0	99	0	99	0	96	0	114	0
S55	A	T	116	0	80	0	98	0	107	0	88	4	105	0	100	0	108	0	100	0	105	0	98	0
S56	C	T	93	0	105	0	106	0	80	0	89	5	100	0	103	0	98	0	106	0	110	0	101	0
S57	T	A	106	0	99	0	101	0	91	0	108	3	101	0	106	0	104	0	109	0	96	0	111	0
S58	T	G	93	0	95	0	93	0	106	0	104	4	110	0	100	0	98	0	84	0	98	0	91	0
S59	A	G	94	0	97	0	105	0	114	0	94	4	101	0	106	0	102	0	100	0	101	0	113	0
S60	T	A	95	0	86	0	103	0	107	0	90	0	98	0	113	0	93	0	77	19	64	20	89	0
S61	G	C	74	0	108	0	105	0	86	0	100	0	104	0	110	0	111	0	95	16	82	22	96	0
S62	G	T	103	0	97	0	112	0	115	0	81	0	99	0	91	0	118	0	73	12	58	16	110	0
S63	G	T	111	0	117	0	101	0	99	0	98	0	102	0	88	0	93	0	87	12	80	27	124	0
S64	A	G	91	0	100	0	94	0	111	0	86	0	102	0	99	0	91	0	79	14	88	16	94	0
S65	T	C	103	0	94	0	97	0	95	0	98	0	95	0	105	0	119	0	74	20	63	20	97	0
S66	T	C	114	0	108	0	88	0	95	0	100	0	107	0	98	0	131	0	95	7	57	21	106	0
S67	A	G	90	0	93	0	89	0	93	0	90	0	94	0	97	0	108	0	84	24	83	19	83	0
S68	A	T	100	0	111	0	112	0	100	0	115	0	108	0	104	0	102	0	87	16	75	14	90	0
S69	T	A	99	0	89	0	109	0	84	0	83	0	105	0	103	0	94	0	83	10	100	0	101	0
S70	T	G	95	0	98	0	97	0	113	0	103	0	92	0	87	0	99	0	100	6	84	0	107	0
S71	A	G	112	0	99	0	94	0	92	0	113	0	123	0	107	0	91	0	82	9	88	0	93	0
S72	C	T	97	0	114	0	106	0	108	0	94	0	105	0	97	0	106	0	92	6	100	0	93	0
S73	A	T	95	0	110	0	109	0	98	0	82	0	86	0	86	0	100	0	80	8	100	0	89	0
S74	T	C	87	0	105	0	97	0	103	0	106	0	109	0	112	0	87	0	94	16	95	0	118	0
S75	A	C	104	0	89	0	99	0	98	0	126	0	106	0	104	0	90	0	86	5	97	0	86	0
S76	G	A	91	0	109	0	109	0	113	0	111	0	101	0	97	0	110	0	89	9	109	0	101	0
S77	G	T	85	0	98	0	99	0	108	0	99	0	90	0	87	0	91	0	86	7	96	0	91	0
S78	A	T	82	0	103	0	111	0	106	0	90	0	90	0	83	0	114	0	99	0	89	6	99	0
S79	T	G	107	0	102	0	78	22	87	14	82	0	106	0	124	0	93	0	101	0	96	0	115	0
S80	T	A	84	2	87	12	93	0	110	0	110	0	103	0	112	0	95	0	116	0	114	0	101	0
S81	T	A	88	7	95	17	99	0	98	0	96	0	94	0	103	0	124	0	104	0	98	0	90	0
S82	G	A	95	6	107	14	96	0	117	0	88	0	83	0	74	0	91	0	99	0	97	0	97	0
S83	T	C	105	4	93	15	92	0	101	0	105	0	108	0	105	0	89	0	110	0	105	0	96	0
S84	C	T	70	8	102	16	96	0	100	0	105	0	94	0	128	0	118	0	92	0	108	0	115	0
S85	C	T	91	2	88	20	98	0	100	0	87	0	104	0	86	0	112	0	110	0	91	0	98	0
S86	G	A	78	3	93	18	84	0	91	0	100	0	102	0	86	0	96	0	89	0	108	0	110	0
S87	C	T	87	4	76	23	80	0	99	0	96	0	110	0	95	0	96	0	84	0	106	0	110	0
S88	A	T	86	5	88	15	75	0	111	0	111	0	89	0	92	0	113	0	85	0	80	0	95	0
