SNVID	Wild	Mut	R1:ref	R1:alt	R2:ref	R2:alt	R3:ref	R3:alt	R4:ref	R4:alt	R5:ref	R5:alt	R6:ref	R6:alt	R7:ref	R7:alt	R8:ref	R8:alt	R9:ref	R9:alt	R10:ref	R10:alt	R11:ref	R11:alt	
S1	G	T	76	31	74	20	86	16	80	14	77	14	93	16	82	11	79	23	72	18	70	17	62	17
S2	G	A	69	24	84	18	75	28	82	17	72	21	100	13	96	10	81	19	82	13	86	32	71	29
S3	A	G	70	26	103	20	96	15	86	17	79	19	82	13	86	8	81	18	74	19	77	24	92	26
S4	T	C	75	19	72	17	88	19	92	12	74	15	87	17	71	12	91	18	78	22	68	24	89	22
S5	A	C	86	26	73	18	74	15	93	11	97	16	79	13	96	10	85	18	82	9	90	21	102	16
S6	T	G	72	20	98	17	93	17	76	13	76	16	96	11	82	6	86	21	81	12	85	16	77	21
S7	C	G	78	19	70	21	86	17	98	19	108	1	101	0	82	0	83	0	93	19	76	16	63	21
S8	A	T	95	0	93	0	101	0	113	0	84	12	101	11	86	8	98	7	96	0	108	0	105	0
S9	A	T	98	0	81	0	104	0	83	0	84	0	94	0	104	0	84	15	102	0	109	0	110	0
S10	C	A	91	0	102	0	83	0	103	0	106	0	97	0	102	0	80	15	102	0	96	0	92	0
S11	T	A	98	0	103	0	91	0	119	0	92	0	92	0	96	0	76	18	102	0	96	0	95	0
S12	T	C	102	0	109	0	99	0	107	0	110	0	113	0	99	0	85	22	97	0	117	0	95	0
S13	T	C	110	0	113	0	90	0	82	0	103	0	106	0	78	0	89	10	130	0	104	0	91	0
S14	G	T	107	0	86	0	110	0	98	0	86	0	102	0	113	0	99	9	91	0	80	0	105	0
S15	T	A	82	0	114	0	117	0	112	0	80	0	83	9	93	0	82	0	104	0	106	0	97	0
S16	T	C	102	0	101	0	124	0	103	0	107	0	79	11	106	0	103	0	111	0	110	0	109	0
S17	A	C	86	15	79	23	81	19	68	16	118	0	79	0	97	0	106	0	78	0	106	0	101	0
S18	T	C	65	23	81	14	84	21	89	13	102	0	110	0	90	0	93	0	97	0	106	0	98	0
S19	A	G	73	18	71	27	65	21	110	10	116	0	94	0	102	0	94	0	97	0	98	0	85	0
S20	C	G	82	13	91	23	78	24	80	10	95	0	91	0	105	0	98	0	84	0	91	0	96	0
S21	C	G	94	20	114	21	70	18	88	12	87	0	102	0	94	0	92	0	103	0	99	0	92	0
S22	G	T	112	0	101	0	103	0	97	0	93	0	94	0	89	0	100	0	101	0	111	0	99	16
S23	A	C	107	0	94	0	112	0	110	0	101	0	109	0	109	0	93	0	96	0	119	0	80	23
S24	C	T	92	0	101	0	93	0	102	0	98	0	108	0	105	0	115	0	92	0	84	0	87	14
S25	C	T	106	0	99	0	102	0	87	0	100	0	91	0	97	0	97	0	111	0	97	0	61	24
S26	A	C	92	0	107	0	75	0	84	0	124	0	100	0	99	0	101	0	86	0	88	0	87	16
S27	G	A	100	0	110	0	106	0	100	0	98	0	95	0	100	0	98	0	96	0	107	0	80	14
S28	C	T	104	0	98	0	104	0	94	0	85	0	111	0	87	0	109	0	96	0	103	0	88	19
S29	T	A	102	0	108	0	105	0	112	0	107	6	113	0	115	0	89	0	82	20	78	12	89	0
S30	C	T	90	0	85	0	97	0	102	0	90	6	87	0	98	0	104	0	80	14	80	15	109	0
S31	G	A	110	0	102	0	93	0	85	0	105	6	88	0	94	0	100	0	85	11	81	12	114	0
S32	A	C	97	0	97	0	98	0	105	0	102	4	89	0	106	0	120	0	100	16	71	20	110	0
S33	A	G	101	0	98	0	89	0	94	0	107	9	113	0	98	0	144	0	106	15	83	20	100	0
S34	A	G	102	0	87	0	95	0	89	0	104	3	108	0	111	0	83	0	68	20	89	19	114	0
S35	G	C	105	0	106	0	109	0	100	0	89	8	110	0	96	0	102	0	92	9	80	18	103	0
S36	T	G	96	0	107	0	104	0	91	0	128	4	110	0	106	0	126	0	79	13	93	21	99	0
S37	A	C	94	0	110	0	90	0	95	0	85	5	92	0	95	0	103	0	81	15	98	17	82	0
S38	T	C	94	0	99	0	98	0	85	0	105	5	101	0	94	0	90	0	84	0	101	0	102	0
S39	G	T	99	0	85	0	101	0	109	0	93	2	109	0	81	0	84	0	97	0	103	0	95	0
S40	C	G	92	0	106	0	101	0	90	0	101	6	95	0	80	0	107	0	96	0	99	0	104	0
S41	T	A	93	0	95	0	119	0	94	0	111	4	109	0	85	0	96	0	105	0	89	0	90	0
S42	G	A	92	0	105	0	79	0	103	0	101	6	105	0	100	0	89	0	95	0	99	0	86	0
S43	A	C	99	0	101	0	100	0	114	0	99	5	92	0	101	0	96	0	97	0	113	0	80	0
S44	T	G	88	0	90	0	97	0	101	0	104	3	101	0	87	0	95	0	101	0	110	0	104	0
S45	A	T	116	0	97	0	94	0	100	0	100	4	113	0	82	0	119	0	97	0	108	0	110	0
S46	T	C	105	0	111	0	92	0	95	0	104	0	113	0	87	0	85	0	74	18	88	12	118	0
S47	T	C	94	0	80	0	87	0	112	0	106	0	94	0	99	0	104	0	79	14	85	18	89	0
S48	A	C	92	0	111	0	89	0	88	0	103	0	84	0	104	0	100	0	93	13	83	16	84	0
S49	G	C	99	0	95	0	85	0	107	0	95	0	90	0	94	0	105	0	101	10	101	13	93	0
S50	T	G	96	0	110	0	108	0	97	0	89	0	98	0	104	0	102	0	89	16	80	33	112	0
S51	C	A	106	0	90	0	109	0	100	0	98	0	102	0	102	0	99	0	82	13	73	14	111	0
S52	T	G	103	0	93	0	101	0	95	0	110	0	112	0	79	0	98	0	88	5	90	0	84	0
S53	G	C	112	0	120	0	87	0	87	0	106	0	107	0	90	0	95	0	96	7	103	0	107	0
S54	C	G	116	0	115	0	110	0	103	0	84	0	93	0	95	0	105	0	98	8	91	0	96	0
S55	A	C	111	0	92	0	93	0	109	0	93	0	112	0	105	0	118	0	89	8	96	0	114	0
S56	G	C	87	0	108	0	91	0	117	0	93	0	118	0	111	0	106	0	103	8	93	0	94	0
S57	G	T	96	0	92	0	90	0	105	0	85	0	91	0	96	0	106	0	86	14	102	0	90	0
S58	A	T	96	0	96	0	91	0	100	0	102	0	95	0	99	0	96	0	85	9	116	0	104	0
S59	A	G	101	0	93	0	115	0	106	0	94	0	100	0	92	0	90	0	95	11	89	0	106	0
S60	G	T	103	0	101	0	97	0	119	0	98	0	101	0	127	0	87	0	83	11	98	0	93	0
S61	C	G	107	0	104	0	100	0	114	0	101	0	96	0	92	0	90	0	96	0	110	6	96	0
S62	A	C	96	0	99	0	122	0	102	0	92	0	100	0	103	0	104	0	103	0	96	6	97	0
S63	G	T	119	0	102	0	75	19	89	20	108	0	91	0	94	0	100	0	105	0	100	0	108	0
S64	A	T	108	0	106	0	76	15	78	20	107	0	105	0	111	0	89	0	91	0	107	0	93	0
S65	G	A	102	4	98	12	106	0	80	0	104	0	97	0	112	0	88	0	109	0	109	0	101	0
S66	C	A	99	2	58	24	84	0	98	0	104	0	98	0	102	0	102	0	114	0	104	0	121	0
S67	G	T	75	7	73	17	114	0	107	0	102	0	107	0	112	0	94	0	103	0	104	0	113	0
S68	C	T	109	2	75	21	90	0	109	0	90	0	82	0	104	0	107	0	96	0	93	0	82	0
S69	C	T	87	9	94	10	101	0	88	0	87	0	101	0	109	0	91	0	98	0	118	0	122	0
S70	C	A	102	5	68	23	108	0	104	0	103	0	112	0	99	0	94	0	104	0	106	0	92	0
S71	C	G	93	4	83	14	85	0	111	0	110	0	90	0	92	0	109	0	111	0	115	0	99	0
S72	T	C	105	3	64	22	102	0	88	0	127	0	91	0	91	0	103	0	105	0	114	0	98	0
