SNVID	Wild	Mut	R1:ref	R1:alt	R2:ref	R2:alt	R3:ref	R3:alt	R4:ref	R4:alt	R5:ref	R5:alt	R6:ref	R6:alt	R7:ref	R7:alt	R8:ref	R8:alt	R9:ref	R9:alt	R10:ref	R10:alt	R11:ref	R11:alt	
S1	C	A	68	20	87	22	95	16	95	19	95	14	77	8	103	7	73	15	95	12	92	26	94	17
S2	A	C	94	16	63	23	88	16	98	17	78	17	78	14	95	9	73	18	85	20	82	11	78	18
S3	A	T	65	27	75	22	94	16	93	16	82	14	85	14	99	6	94	17	79	13	91	22	95	18
S4	C	A	82	19	77	17	70	25	74	20	84	16	108	8	85	11	80	15	96	18	74	14	62	21
S5	T	G	75	19	88	18	79	23	83	14	85	10	92	10	84	10	80	22	90	15	74	21	90	24
S6	C	G	90	24	70	14	70	29	97	16	82	15	107	8	91	11	75	15	104	15	97	18	68	19
S7	G	T	73	22	87	9	84	19	80	19	93	14	84	9	102	12	99	18	83	15	84	11	80	17
S8	T	C	89	24	90	17	83	19	78	19	96	20	77	16	73	14	87	19	93	13	96	17	69	22
S9	T	G	87	15	91	18	96	18	88	10	94	13	97	11	92	11	87	15	84	20	91	21	60	25
S10	G	T	76	22	81	17	109	13	72	16	98	7	100	0	96	0	103	0	71	15	83	22	86	18
S11	T	G	103	0	97	0	101	0	100	0	92	15	83	15	96	10	74	18	93	0	99	0	86	0
S12	T	A	109	0	103	0	102	0	93	0	102	0	118	0	92	0	86	13	88	0	101	0	109	0
S13	G	A	108	0	94	0	108	0	105	0	101	0	108	0	107	0	94	15	104	0	99	0	109	0
S14	G	A	117	0	116	0	113	0	97	0	103	0	81	0	122	0	70	15	105	0	99	0	97	0
S15	C	G	99	0	87	0	97	0	105	0	104	0	99	0	95	0	91	11	109	0	108	0	93	0
S16	T	A	88	0	97	0	106	0	93	0	105	0	113	0	91	0	95	7	108	0	104	0	92	0
S17	C	T	72	0	101	0	102	0	104	0	108	0	99	0	89	0	75	15	121	0	101	0	93	0
S18	T	C	107	0	111	0	95	0	108	0	116	0	100	0	118	0	101	17	98	0	102	0	99	0
S19	T	G	104	0	106	0	90	0	102	0	84	0	93	13	100	0	101	0	111	0	93	0	110	0
S20	T	A	115	0	83	0	118	0	103	0	86	0	85	11	96	0	90	0	93	0	106	0	118	0
S21	T	G	68	22	108	21	73	24	84	15	113	0	87	0	100	0	107	0	95	0	87	0	121	0
S22	A	C	71	21	76	19	106	18	86	15	98	0	114	0	108	0	97	0	117	0	114	0	98	0
S23	G	T	71	16	81	17	76	17	80	17	108	0	114	0	109	0	95	0	101	0	96	0	108	0
S24	C	A	84	21	89	13	85	26	80	16	89	0	100	0	93	0	99	0	115	0	107	0	97	0
S25	T	G	63	24	78	23	82	21	94	11	110	0	110	0	101	0	95	0	93	0	102	0	105	0
S26	G	A	82	23	67	16	83	20	83	16	111	0	103	0	104	0	105	0	89	0	123	0	99	0
S27	A	T	99	22	91	23	83	15	110	11	101	0	115	0	89	0	97	0	87	0	98	0	102	0
S28	A	C	75	29	93	26	99	14	84	22	105	0	105	0	103	0	108	0	94	0	101	0	91	0
S29	C	T	65	13	74	21	88	26	97	15	92	0	114	0	91	0	95	0	99	0	91	0	83	0
S30	C	T	80	0	84	0	101	0	86	0	105	0	86	0	96	0	101	0	98	0	100	0	60	25
S31	A	G	97	0	107	0	86	0	99	0	84	0	109	0	101	0	84	0	91	0	99	0	83	21
S32	G	C	104	0	89	0	117	0	82	0	93	0	105	0	109	0	86	0	91	0	92	0	57	18
S33	C	T	90	0	107	0	100	0	94	0	107	0	94	0	98	0	100	0	100	0	89	0	84	20
S34	G	A	87	0	110	0	92	0	105	0	106	0	104	0	101	0	112	0	104	0	100	0	82	10
S35	C	A	92	0	87	0	100	0	105	0	80	7	99	0	95	0	100	0	98	12	96	18	89	0
S36	T	C	112	0	107	0	115	0	78	0	97	2	108	0	93	0	94	0	87	19	81	16	131	0
S37	A	G	91	0	99	0	99	0	98	0	73	6	98	0	102	0	94	0	65	21	88	18	104	0
S38	T	A	91	0	107	0	98	0	105	0	92	5	100	0	92	0	94	0	93	11	69	13	104	0
S39	T	C	102	0	120	0	103	0	87	0	107	4	98	0	99	0	92	0	92	16	63	16	98	0
S40	C	T	107	0	96	0	124	0	91	0	119	7	105	0	100	0	106	0	73	17	73	24	88	0
S41	C	T	96	0	88	0	93	0	98	0	97	9	89	0	101	0	100	0	88	13	82	19	111	0
S42	G	T	100	0	80	0	116	0	97	0	73	6	102	0	103	0	113	0	83	16	93	13	112	0
S43	G	C	96	0	106	0	101	0	103	0	94	7	92	0	100	0	89	0	57	20	83	17	118	0
S44	T	C	101	0	115	0	94	0	109	0	100	6	108	0	108	0	107	0	94	14	92	17	93	0
S45	A	G	91	0	117	0	111	0	110	0	88	5	113	0	91	0	113	0	102	0	106	0	118	0
S46	A	G	101	0	103	0	97	0	97	0	83	2	85	0	104	0	123	0	99	0	93	0	98	0
S47	G	C	121	0	95	0	92	0	102	0	86	6	107	0	108	0	98	0	111	0	101	0	108	0
S48	A	C	99	0	103	0	104	0	83	0	83	6	109	0	88	0	86	0	117	0	99	0	104	0
S49	T	C	88	0	142	0	97	0	105	0	93	7	84	0	97	0	108	0	93	0	96	0	104	0
S50	A	C	100	0	95	0	98	0	99	0	85	8	101	0	96	0	102	0	101	0	116	0	83	0
S51	G	C	104	0	111	0	97	0	70	0	90	6	101	0	95	0	82	0	99	0	94	0	107	0
S52	G	T	106	0	80	0	110	0	100	0	100	0	87	0	109	0	117	0	84	14	86	19	90	0
S53	T	C	93	0	112	0	98	0	97	0	108	0	94	0	89	0	105	0	84	16	104	19	115	0
S54	C	A	98	0	90	0	100	0	98	0	100	0	93	0	101	0	93	0	105	13	82	14	98	0
S55	G	A	98	0	108	0	102	0	91	0	93	0	97	0	108	0	104	0	75	26	99	11	91	0
S56	G	C	100	0	95	0	95	0	103	0	106	0	106	0	109	0	105	0	92	17	70	20	100	0
S57	G	T	91	0	93	0	101	0	91	0	106	0	86	0	94	0	93	0	87	19	115	0	115	0
S58	T	C	115	0	96	0	105	0	84	0	116	0	104	0	117	0	83	0	96	10	97	0	87	0
S59	A	C	106	0	86	0	105	0	104	0	101	0	94	0	98	0	110	0	114	9	112	0	96	0
S60	C	A	88	0	121	0	105	0	94	0	101	0	107	0	110	0	89	0	87	10	96	0	118	0
S61	T	C	99	0	97	0	82	0	106	0	137	0	88	0	92	0	92	0	96	9	105	0	101	0
S62	T	A	92	0	96	0	100	0	101	0	90	0	104	0	96	0	120	0	91	10	83	0	97	0
S63	T	C	106	0	93	0	102	0	102	0	86	0	120	0	85	0	73	0	76	12	69	0	102	0
S64	T	C	85	0	100	0	88	0	103	0	102	0	106	0	108	0	87	0	88	12	108	0	109	0
S65	T	A	112	0	91	0	95	0	101	0	90	0	113	0	114	0	112	0	84	12	106	0	103	0
S66	T	A	97	0	100	0	95	0	86	0	88	0	101	0	81	0	97	0	103	0	91	3	99	0
S67	A	C	103	0	100	0	98	0	108	0	79	0	102	0	87	0	97	0	115	0	77	8	85	0
S68	A	C	106	0	92	0	55	24	86	15	114	0	110	0	107	0	88	0	98	0	101	0	109	0
S69	A	G	101	5	75	22	119	0	100	0	97	0	101	0	103	0	96	0	93	0	95	0	103	0
S70	C	A	99	4	54	19	93	0	105	0	104	0	101	0	101	0	104	0	101	0	111	0	97	0
S71	T	A	89	8	90	26	108	0	81	0	101	0	107	0	95	0	106	0	103	0	97	0	116	0
S72	T	G	110	5	84	20	94	0	108	0	106	0	103	0	90	0	98	0	87	0	80	0	109	0
S73	G	C	122	1	83	20	101	0	93	0	112	0	107	0	108	0	100	0	109	0	93	0	117	0
S74	A	C	95	6	79	16	106	0	96	0	91	0	100	0	95	0	95	0	99	0	93	0	117	0
S75	G	T	78	4	82	15	104	0	86	0	107	0	106	0	98	0	97	0	109	0	112	0	99	0
S76	G	C	111	4	82	18	95	0	94	0	111	0	100	0	108	0	100	0	101	0	82	0	86	0
