SNVID	Wild	Mut	R1:ref	R1:alt	R2:ref	R2:alt	R3:ref	R3:alt	R4:ref	R4:alt	R5:ref	R5:alt	R6:ref	R6:alt	R7:ref	R7:alt	R8:ref	R8:alt	R9:ref	R9:alt	R10:ref	R10:alt	R11:ref	R11:alt	
S1	A	T	101	20	68	20	86	17	56	20	89	13	108	12	100	11	79	14	104	13	81	22	67	23
S2	A	G	76	25	58	21	77	18	72	21	100	12	80	14	77	11	83	20	103	8	71	18	71	26
S3	C	G	66	27	102	15	83	12	97	21	90	11	72	24	82	6	85	11	85	12	90	14	95	21
S4	G	T	97	18	76	18	98	12	76	18	105	11	91	14	86	10	70	20	85	20	89	23	75	25
S5	C	T	72	20	74	20	78	18	84	18	76	10	84	12	90	6	80	24	71	13	84	23	74	25
S6	A	T	96	20	85	19	63	30	106	10	105	9	102	0	111	0	97	0	77	16	85	18	78	17
S7	C	T	89	0	93	0	107	0	97	0	92	11	89	9	95	9	67	21	99	0	102	0	100	0
S8	T	A	94	0	96	0	98	0	108	0	102	0	92	0	90	0	83	8	95	0	87	0	88	0
S9	C	A	108	0	97	0	97	0	99	0	97	0	100	0	108	0	75	12	85	0	94	0	103	0
S10	A	T	81	0	98	0	98	0	106	0	97	0	108	0	118	0	92	16	101	0	100	0	107	0
S11	C	A	96	0	100	0	110	0	88	0	101	0	94	0	86	0	104	18	110	0	121	0	91	0
S12	G	A	97	0	91	0	99	0	96	0	96	0	91	0	96	0	78	14	118	0	99	0	84	0
S13	G	T	106	0	92	0	110	0	99	0	85	0	100	0	89	0	75	13	103	0	114	0	112	0
S14	T	C	93	0	95	0	106	0	105	0	108	0	108	0	104	0	83	16	106	0	93	0	112	0
S15	C	G	118	0	106	0	107	0	108	0	102	0	95	8	100	0	100	0	106	0	102	0	96	0
S16	G	C	95	17	99	19	74	24	90	19	109	0	98	0	113	0	102	0	89	0	104	0	89	0
S17	A	C	66	18	97	12	71	27	87	13	87	0	102	0	75	0	107	0	105	0	90	0	106	0
S18	G	C	95	17	71	25	68	24	61	20	100	0	85	0	100	0	109	0	96	0	119	0	97	0
S19	A	G	81	20	95	9	97	15	103	9	101	0	90	0	100	0	79	0	94	0	91	0	94	0
S20	A	C	89	12	78	18	75	19	99	10	93	0	92	0	103	0	93	0	96	0	105	0	91	0
S21	T	A	94	0	89	0	125	0	94	0	109	0	88	0	109	0	96	0	103	0	87	0	77	23
S22	C	G	98	0	101	0	91	0	100	0	104	0	108	0	101	0	101	0	117	0	91	0	95	21
S23	A	T	84	0	110	0	97	0	98	0	111	0	99	0	97	0	80	0	101	0	107	0	70	19
S24	T	G	99	0	93	0	107	0	104	0	96	0	105	0	102	0	100	0	89	0	89	0	85	23
S25	C	T	117	0	100	0	121	0	103	0	108	0	92	0	91	0	104	0	84	0	102	0	69	16
S26	A	T	104	0	92	0	115	0	86	0	97	0	96	0	104	0	89	0	106	0	90	0	74	19
S27	T	G	106	0	114	0	99	0	98	0	104	0	113	0	97	0	105	0	105	0	122	0	67	18
S28	C	A	91	0	103	0	72	0	97	0	109	2	89	0	120	0	93	0	74	26	73	15	86	0
S29	G	A	98	0	98	0	102	0	95	0	104	3	93	0	91	0	97	0	86	14	68	19	92	0
S30	C	G	79	0	106	0	106	0	91	0	79	4	103	0	107	0	98	0	79	20	80	24	104	0
S31	A	G	105	0	100	0	96	0	84	0	83	4	123	0	122	0	98	0	69	16	101	11	96	0
S32	C	T	110	0	103	0	90	0	100	0	90	6	88	0	101	0	92	0	72	12	81	16	104	0
S33	C	T	101	0	104	0	93	0	88	0	83	7	99	0	103	0	116	0	76	10	70	24	105	0
S34	A	G	111	0	87	0	98	0	102	0	96	1	98	0	89	0	99	0	86	0	103	0	104	0
S35	G	A	87	0	98	0	92	0	103	0	106	7	90	0	101	0	88	0	86	0	112	0	104	0
S36	T	A	88	0	101	0	91	0	83	0	85	3	112	0	93	0	90	0	83	0	104	0	89	0
S37	C	G	107	0	108	0	108	0	99	0	88	4	79	0	105	0	110	0	86	0	103	0	83	0
S38	T	G	99	0	114	0	101	0	101	0	118	2	79	0	87	0	113	0	117	0	100	0	104	0
S39	C	T	102	0	105	0	91	0	94	0	74	2	95	0	108	0	98	0	88	0	113	0	93	0
S40	G	T	99	0	79	0	88	0	112	0	113	0	93	0	113	0	96	0	97	16	80	20	100	0
S41	A	C	101	0	94	0	112	0	79	0	115	0	96	0	97	0	107	0	85	16	83	14	95	0
S42	T	A	116	0	94	0	110	0	112	0	101	0	116	0	99	0	93	0	94	15	81	17	100	0
S43	T	A	111	0	103	0	100	0	83	0	101	0	106	0	98	0	113	0	77	11	58	18	91	0
S44	A	G	107	0	84	0	87	0	107	0	89	0	108	0	96	0	110	0	75	9	85	11	101	0
S45	G	A	105	0	91	0	131	0	88	0	83	0	107	0	119	0	97	0	86	18	82	18	109	0
S46	A	T	111	0	96	0	95	0	104	0	127	0	111	0	96	0	104	0	81	11	94	13	124	0
S47	G	C	112	0	96	0	116	0	111	0	97	0	97	0	94	0	99	0	86	14	101	16	104	0
S48	A	T	94	0	89	0	108	0	94	0	93	0	99	0	95	0	100	0	92	4	101	0	91	0
S49	A	C	93	0	119	0	93	0	105	0	87	0	87	0	92	0	106	0	92	6	92	0	98	0
S50	T	G	96	0	107	0	106	0	116	0	90	0	98	0	89	0	103	0	108	6	101	0	88	0
S51	A	G	97	0	100	0	113	0	114	0	97	0	93	0	110	0	74	0	97	8	98	0	118	0
S52	A	G	95	0	90	0	96	0	95	0	108	0	107	0	94	0	94	0	99	10	83	0	97	0
S53	A	C	91	0	99	0	107	0	112	0	100	0	104	0	113	0	104	0	101	10	97	0	102	0
S54	A	T	105	0	112	0	99	0	105	0	112	0	84	0	115	0	99	0	87	11	116	0	106	0
S55	G	C	97	0	104	0	85	0	70	0	108	0	81	0	104	0	85	0	82	4	91	0	105	0
S56	C	T	90	0	111	0	105	0	110	0	121	0	99	0	102	0	113	0	101	11	101	0	90	0
S57	C	A	109	0	98	0	107	0	104	0	107	0	106	0	111	0	107	0	102	7	117	0	95	0
S58	A	T	79	0	86	0	100	0	115	0	111	0	84	0	101	0	88	0	107	0	89	12	107	0
S59	T	A	110	0	104	0	93	0	124	0	99	0	110	0	110	0	98	0	103	0	94	8	93	0
S60	T	C	114	0	101	0	73	21	88	17	96	0	99	0	98	0	89	0	86	0	88	0	105	0
S61	C	A	97	6	64	18	113	0	111	0	99	0	91	0	106	0	105	0	118	0	103	0	109	0
S62	A	G	107	5	74	17	113	0	104	0	83	0	109	0	87	0	109	0	104	0	90	0	105	0
S63	T	C	98	7	90	22	96	0	106	0	93	0	124	0	89	0	95	0	81	0	100	0	125	0
S64	A	G	114	3	77	22	103	0	88	0	99	0	114	0	111	0	100	0	99	0	122	0	102	0
S65	C	T	95	2	91	17	101	0	112	0	95	0	87	0	91	0	101	0	119	0	109	0	91	0
S66	G	C	86	4	98	17	100	0	129	0	101	0	92	0	96	0	98	0	114	0	105	0	112	0
S67	T	A	83	4	88	19	107	0	95	0	104	0	115	0	101	0	96	0	85	0	115	0	111	0
S68	C	A	72	9	66	24	103	0	94	0	97	0	97	0	111	0	111	0	88	0	100	0	120	0
