SNVID	Wild	Mut	R1:ref	R1:alt	R2:ref	R2:alt	R3:ref	R3:alt	R4:ref	R4:alt	R5:ref	R5:alt	R6:ref	R6:alt	R7:ref	R7:alt	R8:ref	R8:alt	R9:ref	R9:alt	R10:ref	R10:alt	R11:ref	R11:alt	
S1	A	T	66	31	93	14	81	22	78	15	96	17	99	8	105	14	91	18	76	18	83	18	71	19
S2	T	C	76	16	80	15	77	19	73	16	75	14	90	10	94	8	72	13	90	12	83	19	85	31
S3	A	C	78	20	72	12	78	26	75	14	77	23	62	11	99	12	72	15	86	10	74	12	75	25
S4	C	A	94	17	86	20	80	16	94	14	98	12	83	11	96	9	85	14	78	16	85	19	69	22
S5	C	T	81	24	101	13	86	20	95	11	92	17	88	10	101	20	67	24	84	15	71	22	73	23
S6	A	G	92	20	93	20	108	15	104	12	103	15	86	13	86	7	88	16	84	12	87	19	78	18
S7	G	T	80	20	81	15	83	24	89	10	70	15	96	13	116	8	82	20	72	19	62	19	78	23
S8	A	G	85	26	87	18	59	19	77	15	78	14	89	16	89	11	103	12	86	9	86	20	71	21
S9	T	C	90	26	78	19	85	19	84	11	78	17	78	9	87	7	67	19	81	18	71	21	76	22
S10	T	C	86	25	95	17	83	25	82	14	99	16	81	16	111	8	86	12	94	9	67	18	61	27
S11	G	T	78	13	75	21	74	16	71	13	94	5	113	0	84	0	97	0	79	13	74	16	84	25
S12	G	C	92	0	94	0	92	0	103	0	82	9	91	12	85	19	68	23	113	0	109	0	107	0
S13	T	A	86	0	94	0	92	0	114	0	92	0	107	0	119	0	97	12	110	0	119	0	108	0
S14	A	T	101	0	89	0	100	0	95	0	106	0	97	0	94	0	86	9	103	0	91	0	79	0
S15	C	A	97	0	112	0	95	0	98	0	114	0	113	0	89	0	89	12	89	0	108	0	90	0
S16	T	A	100	0	113	0	103	0	92	0	80	0	101	0	114	0	100	17	115	0	109	0	93	0
S17	T	C	106	0	103	0	118	0	96	0	105	0	104	0	118	0	94	13	110	0	84	0	100	0
S18	C	T	91	0	109	0	103	0	98	0	104	0	102	8	112	0	125	0	89	0	109	0	107	0
S19	G	C	89	15	79	19	89	12	93	13	83	0	85	0	95	0	105	0	87	0	98	0	105	0
S20	G	A	80	24	79	21	85	18	92	10	100	0	108	0	99	0	93	0	102	0	96	0	94	0
S21	T	C	78	27	87	18	88	17	83	17	109	0	102	0	106	0	115	0	103	0	88	0	82	0
S22	C	A	80	20	85	17	102	15	103	15	89	0	90	0	114	0	84	0	91	0	121	0	107	0
S23	G	T	81	28	92	16	85	17	66	22	103	0	102	0	120	0	98	0	102	0	119	0	108	0
S24	G	A	96	0	82	0	106	0	85	0	111	0	79	0	98	0	105	0	109	0	101	0	64	19
S25	G	T	106	0	118	0	94	0	101	0	89	0	88	0	98	0	96	0	119	0	110	0	86	16
S26	G	A	103	0	91	0	101	0	95	0	89	0	121	0	98	0	104	0	95	0	89	0	87	16
S27	G	A	94	0	85	0	107	0	101	0	92	0	99	0	94	0	86	0	105	0	94	0	86	18
S28	A	G	86	0	95	0	121	0	95	0	106	0	111	0	111	0	105	0	101	0	92	0	67	21
S29	G	C	120	0	106	0	88	0	101	0	113	7	122	0	127	0	128	0	96	8	93	16	94	0
S30	C	G	106	0	80	0	100	0	98	0	85	5	92	0	98	0	109	0	80	10	85	17	100	0
S31	G	T	92	0	87	0	93	0	112	0	91	8	104	0	86	0	100	0	98	12	71	18	99	0
S32	T	G	98	0	111	0	104	0	87	0	78	6	79	0	102	0	104	0	83	14	71	23	90	0
S33	G	T	92	0	91	0	106	0	96	0	92	8	78	0	95	0	119	0	88	13	90	14	85	0
S34	T	G	94	0	103	0	102	0	97	0	99	7	84	0	113	0	97	0	105	0	95	0	86	0
S35	C	A	96	0	102	0	93	0	86	0	105	3	86	0	99	0	94	0	94	0	104	0	101	0
S36	T	A	89	0	74	0	116	0	114	0	95	4	103	0	102	0	87	0	94	0	112	0	95	0
S37	A	G	125	0	97	0	107	0	109	0	107	4	103	0	88	0	98	0	106	0	104	0	110	0
S38	A	T	91	0	100	0	88	0	112	0	81	9	97	0	98	0	95	0	105	0	98	0	96	0
S39	A	C	112	0	81	0	104	0	89	0	90	2	118	0	97	0	108	0	99	0	89	0	84	0
S40	G	C	103	0	117	0	100	0	81	0	87	10	100	0	102	0	112	0	114	0	90	0	109	0
S41	G	T	103	0	93	0	91	0	111	0	102	3	108	0	88	0	80	0	99	0	92	0	93	0
S42	A	G	96	0	113	0	103	0	104	0	95	4	88	0	105	0	77	0	105	0	112	0	104	0
S43	G	A	82	0	102	0	109	0	113	0	110	0	95	0	88	0	112	0	85	13	89	18	79	0
S44	A	T	92	0	100	0	90	0	98	0	104	0	117	0	106	0	91	0	91	11	84	23	91	0
S45	C	A	87	0	100	0	109	0	90	0	115	0	120	0	91	0	99	0	95	17	82	23	88	0
S46	C	A	89	0	116	0	103	0	118	0	90	0	123	0	103	0	107	0	93	9	68	17	100	0
S47	A	T	101	0	100	0	88	0	88	0	98	0	97	0	93	0	108	0	83	10	82	24	97	0
S48	G	C	94	0	97	0	108	0	122	0	107	0	111	0	111	0	105	0	90	23	65	21	104	0
S49	G	T	107	0	93	0	97	0	90	0	111	0	113	0	91	0	85	0	75	14	91	19	103	0
S50	G	T	80	0	102	0	104	0	122	0	102	0	103	0	114	0	78	0	103	9	90	11	98	0
S51	C	A	114	0	96	0	104	0	77	0	100	0	100	0	83	0	83	0	69	19	86	11	104	0
S52	G	T	116	0	100	0	93	0	97	0	98	0	106	0	106	0	101	0	73	17	81	22	93	0
S53	G	A	88	0	93	0	90	0	95	0	96	0	109	0	79	0	79	0	93	11	95	0	108	0
S54	G	A	90	0	101	0	100	0	94	0	84	0	111	0	96	0	68	0	96	10	95	0	104	0
S55	T	C	102	0	94	0	99	0	103	0	99	0	93	0	114	0	103	0	90	14	99	0	92	0
S56	A	G	98	0	99	0	86	0	110	0	90	0	96	0	96	0	91	0	95	7	105	0	102	0
S57	A	G	104	0	94	0	111	0	92	0	110	0	97	0	96	0	99	0	87	9	104	0	85	0
S58	T	A	101	0	100	0	98	0	94	0	124	0	105	0	104	0	104	0	96	7	87	0	81	0
S59	A	C	107	0	103	0	97	0	87	0	99	0	84	0	93	0	98	0	84	9	111	0	116	0
S60	G	A	99	0	106	0	101	0	106	0	104	0	80	0	96	0	102	0	99	7	116	0	90	0
S61	C	A	108	0	117	0	111	0	99	0	105	0	104	0	116	0	112	0	91	6	90	0	100	0
S62	T	C	108	0	92	0	90	0	128	0	78	0	84	0	85	0	99	0	91	10	97	0	114	0
S63	T	G	97	0	99	0	117	0	111	0	88	0	98	0	94	0	114	0	96	0	84	6	107	0
S64	G	A	106	0	102	0	99	0	83	0	101	0	98	0	96	0	91	0	85	0	94	4	105	0
S65	G	C	112	0	87	0	70	23	103	12	100	0	113	0	99	0	117	0	103	0	102	0	109	0
S66	C	T	83	0	97	0	71	23	95	12	103	0	103	0	99	0	101	0	96	0	98	0	87	0
S67	T	C	81	4	97	15	91	0	90	0	95	0	96	0	90	0	121	0	88	0	113	0	99	0
S68	C	A	115	6	79	16	106	0	92	0	118	0	103	0	87	0	102	0	100	0	110	0	102	0
S69	G	T	90	5	69	8	111	0	106	0	96	0	91	0	116	0	84	0	105	0	109	0	95	0
S70	T	G	93	10	87	19	122	0	87	0	111	0	106	0	108	0	108	0	94	0	84	0	98	0
S71	C	A	100	3	89	17	124	0	83	0	87	0	100	0	96	0	92	0	86	0	103	0	108	0
S72	C	T	94	7	91	21	109	0	94	0	88	0	120	0	75	0	107	0	96	0	100	0	91	0
S73	G	T	118	2	88	19	97	0	106	0	100	0	101	0	93	0	107	0	88	0	103	0	111	0
S74	T	G	108	3	60	28	90	0	104	0	99	0	95	0	107	0	102	0	102	0	88	0	91	0
S75	G	A	100	1	89	12	106	0	104	0	95	0	114	0	101	0	87	0	98	0	111	0	99	0
