SNVID	Wild	Mut	R1:ref	R1:alt	R2:ref	R2:alt	R3:ref	R3:alt	R4:ref	R4:alt	R5:ref	R5:alt	R6:ref	R6:alt	R7:ref	R7:alt	R8:ref	R8:alt	R9:ref	R9:alt	R10:ref	R10:alt	R11:ref	R11:alt	
S1	A	T	83	12	55	21	95	11	90	16	74	18	92	12	102	11	91	10	69	19	79	20	77	21
S2	T	A	66	24	81	21	73	24	88	11	84	13	87	16	89	3	75	18	72	17	72	19	81	24
S3	A	G	82	18	85	15	78	21	86	18	92	12	84	10	106	7	99	12	100	15	107	16	84	23
S4	G	T	70	24	85	13	80	25	77	14	85	18	81	18	91	9	95	19	84	21	85	16	91	22
S5	G	C	58	20	93	21	81	21	102	15	102	12	101	12	81	11	76	23	79	11	71	21	62	32
S6	A	C	77	23	93	17	83	17	71	20	83	18	93	8	89	11	82	12	67	16	88	30	81	26
S7	T	A	79	18	73	18	87	16	86	17	94	16	82	13	96	11	87	25	80	18	72	28	81	24
S8	A	C	85	18	77	17	81	20	90	13	78	22	97	17	85	10	74	21	97	11	87	20	73	22
S9	T	C	85	14	85	23	91	19	100	12	71	15	76	17	81	10	65	19	82	11	102	11	92	22
S10	T	C	82	29	60	26	96	15	96	15	81	11	84	9	87	7	73	24	79	17	94	18	72	23
S11	T	G	77	20	60	23	79	25	60	23	86	4	111	0	93	0	119	0	84	12	64	27	72	19
S12	T	A	111	0	90	0	88	0	95	0	76	12	91	14	89	7	73	14	108	0	95	0	97	0
S13	G	A	102	0	116	0	124	0	109	0	90	0	110	0	86	0	90	9	110	0	103	0	101	0
S14	C	A	91	0	112	0	88	0	96	0	99	0	85	0	101	0	79	14	99	0	98	0	115	0
S15	T	C	88	0	97	0	100	0	87	0	98	0	106	0	95	0	96	9	111	0	103	0	101	0
S16	G	T	104	0	112	0	101	0	98	0	117	0	75	0	111	0	78	10	103	0	97	0	87	0
S17	C	A	84	0	87	0	104	0	99	0	104	0	98	0	89	0	72	11	95	0	95	0	96	0
S18	C	A	101	0	94	0	106	0	92	0	105	0	103	0	79	0	115	8	103	0	97	0	120	0
S19	T	C	116	0	105	0	104	0	85	0	113	0	82	8	97	0	106	0	94	0	101	0	95	0
S20	C	T	72	21	90	18	83	19	67	23	110	0	116	0	108	0	96	0	100	0	82	0	95	0
S21	A	C	84	17	66	21	77	27	85	14	116	0	98	0	85	0	95	0	120	0	93	0	106	0
S22	T	A	91	22	59	25	64	18	103	21	96	0	93	0	100	0	112	0	110	0	93	0	103	0
S23	A	G	69	23	90	16	69	14	83	18	108	0	114	0	116	0	104	0	97	0	107	0	112	0
S24	G	T	88	15	82	8	76	17	79	17	100	0	106	0	91	0	107	0	96	0	93	0	102	0
S25	T	A	58	25	90	18	69	21	79	15	105	0	96	0	112	0	117	0	99	0	104	0	94	0
S26	T	G	82	24	80	17	72	21	96	14	88	0	96	0	102	0	91	0	102	0	110	0	92	0
S27	G	C	78	14	80	19	75	16	60	20	95	0	102	0	103	0	104	0	89	0	97	0	93	0
S28	G	A	92	14	79	21	85	15	76	14	97	0	106	0	106	0	110	0	101	0	102	0	87	0
S29	G	C	84	14	90	20	71	18	94	12	101	0	89	0	103	0	100	0	105	0	103	0	104	0
S30	C	T	90	0	100	0	103	0	110	0	87	0	99	0	94	0	109	0	111	0	86	0	94	15
S31	A	C	102	0	100	0	115	0	94	0	108	0	111	0	104	0	86	0	106	0	113	0	77	25
S32	T	C	105	0	81	0	101	0	88	0	92	0	102	0	89	0	78	0	98	0	106	0	78	21
S33	C	G	113	0	84	0	95	0	94	0	93	0	88	0	100	0	98	0	93	0	91	0	95	22
S34	C	G	124	0	103	0	90	0	103	0	99	0	95	0	88	0	109	0	100	0	125	0	86	24
S35	A	C	104	0	90	0	97	0	90	0	87	0	103	0	80	0	99	0	113	0	108	0	66	19
S36	T	A	116	0	115	0	109	0	106	0	98	0	100	0	105	0	112	0	104	0	110	0	76	22
S37	T	G	95	0	91	0	97	0	94	0	106	0	106	0	102	0	103	0	99	0	105	0	74	17
S38	C	T	128	0	91	0	110	0	109	0	103	0	111	0	89	0	101	0	104	0	103	0	78	21
S39	A	G	120	0	95	0	86	0	80	0	86	0	93	0	98	0	101	0	84	0	109	0	75	20
S40	G	A	99	0	100	0	91	0	87	0	110	2	102	0	99	0	110	0	77	16	84	21	105	0
S41	C	G	95	0	105	0	102	0	100	0	90	2	108	0	112	0	98	0	92	15	78	25	101	0
S42	C	A	104	0	109	0	101	0	122	0	119	7	92	0	86	0	106	0	83	21	82	15	121	0
S43	C	A	106	0	116	0	93	0	99	0	95	4	103	0	98	0	99	0	84	11	72	22	96	0
S44	A	T	104	0	109	0	105	0	109	0	103	4	98	0	110	0	92	0	75	14	83	16	86	0
S45	G	A	107	0	108	0	98	0	110	0	103	1	122	0	95	0	108	0	106	6	96	14	97	0
S46	G	A	109	0	121	0	93	0	91	0	103	4	110	0	91	0	92	0	99	12	81	22	92	0
S47	T	G	108	0	89	0	96	0	92	0	82	3	104	0	105	0	103	0	81	13	56	28	79	0
S48	A	T	106	0	88	0	103	0	88	0	102	7	91	0	100	0	99	0	69	14	88	20	92	0
S49	T	G	109	0	98	0	89	0	96	0	92	4	101	0	102	0	93	0	73	14	68	21	101	0
S50	C	A	100	0	92	0	104	0	120	0	84	7	102	0	113	0	84	0	83	0	93	0	108	0
S51	A	C	102	0	116	0	100	0	101	0	81	4	93	0	102	0	94	0	102	0	90	0	105	0
S52	A	G	85	0	101	0	102	0	100	0	107	7	103	0	110	0	95	0	102	0	94	0	108	0
S53	A	G	108	0	94	0	94	0	106	0	92	4	100	0	106	0	111	0	91	0	97	0	92	0
S54	A	G	101	0	115	0	89	0	127	0	91	5	93	0	122	0	95	0	93	0	109	0	95	0
S55	G	C	102	0	81	0	93	0	118	0	99	0	117	0	95	0	109	0	92	13	91	17	113	0
S56	A	G	105	0	107	0	96	0	108	0	100	0	102	0	119	0	99	0	89	18	112	9	93	0
S57	G	T	110	0	95	0	91	0	105	0	113	0	82	0	103	0	119	0	85	17	81	23	110	0
S58	G	C	88	0	89	0	88	0	100	0	105	0	110	0	112	0	100	0	77	17	83	15	105	0
S59	T	G	92	0	86	0	92	0	100	0	95	0	111	0	94	0	98	0	92	13	73	15	100	0
S60	T	G	97	0	106	0	109	0	98	0	106	0	100	0	89	0	110	0	86	17	75	17	93	0
S61	A	G	112	0	101	0	98	0	92	0	94	0	101	0	86	0	104	0	80	17	81	18	103	0
S62	A	T	108	0	99	0	105	0	93	0	94	0	96	0	95	0	104	0	87	13	94	14	103	0
S63	G	T	122	0	106	0	94	0	97	0	97	0	98	0	101	0	111	0	72	18	81	15	84	0
S64	T	G	110	0	108	0	85	0	96	0	111	0	90	0	119	0	82	0	89	7	103	0	106	0
S65	C	T	115	0	94	0	86	0	94	0	103	0	101	0	114	0	103	0	77	12	99	0	117	0
S66	A	G	104	0	91	0	108	0	111	0	90	0	109	0	90	0	110	0	99	11	81	0	97	0
S67	G	A	94	0	84	0	99	0	90	0	90	0	105	0	108	0	119	0	85	9	98	0	90	0
S68	C	G	111	0	110	0	100	0	104	0	110	0	102	0	113	0	96	0	75	12	97	0	101	0
S69	C	G	102	0	86	0	104	0	118	0	108	0	87	0	108	0	114	0	94	5	102	0	104	0
S70	A	G	94	0	99	0	120	0	91	0	87	0	106	0	99	0	105	0	73	22	104	0	110	0
S71	T	A	100	0	101	0	110	0	106	0	97	0	107	0	108	0	100	0	105	11	108	0	104	0
S72	G	C	107	0	105	0	98	0	112	0	96	0	100	0	92	0	99	0	101	0	111	6	106	0
S73	T	G	84	0	103	0	97	0	85	0	69	0	95	0	95	0	95	0	95	0	96	5	92	0
S74	T	G	121	0	115	0	93	13	82	14	92	0	102	0	105	0	104	0	90	0	97	0	94	0
S75	T	C	97	9	100	10	107	0	90	0	108	0	116	0	105	0	98	0	114	0	112	0	92	0
S76	A	G	84	3	71	23	100	0	106	0	95	0	107	0	99	0	112	0	96	0	90	0	108	0
S77	A	G	104	4	91	15	103	0	107	0	124	0	99	0	107	0	97	0	85	0	93	0	86	0
S78	A	C	78	9	83	14	91	0	110	0	114	0	130	0	103	0	103	0	109	0	98	0	105	0
S79	G	T	81	3	85	18	81	0	128	0	119	0	95	0	93	0	99	0	105	0	86	0	119	0
S80	G	T	109	4	80	12	109	0	99	0	106	0	82	0	96	0	104	0	113	0	96	0	98	0
S81	T	A	99	7	83	18	90	0	96	0	114	0	97	0	95	0	100	0	110	0	97	0	97	0
S82	G	C	100	4	80	16	98	0	93	0	109	0	105	0	96	0	110	0	99	0	97	0	99	0
S83	G	C	88	9	74	17	87	0	111	0	99	0	103	0	92	0	102	0	86	0	94	0	99	0
S84	G	A	96	9	72	15	85	0	85	0	104	0	92	0	110	0	102	0	120	0	98	0	78	0
