SNVID	Wild	Mut	R1:ref	R1:alt	R2:ref	R2:alt	R3:ref	R3:alt	R4:ref	R4:alt	R5:ref	R5:alt	R6:ref	R6:alt	R7:ref	R7:alt	R8:ref	R8:alt	R9:ref	R9:alt	R10:ref	R10:alt	R11:ref	R11:alt	
S1	A	C	84	18	72	16	103	14	90	16	81	16	95	11	97	5	91	14	76	16	71	15	66	26
S2	A	C	89	18	85	14	94	17	80	13	79	18	90	17	96	8	92	20	73	13	77	21	80	19
S3	C	A	79	22	84	12	99	24	100	18	96	11	78	13	98	14	77	23	93	12	73	21	79	26
S4	T	G	94	20	88	10	75	22	89	13	81	19	75	20	99	9	77	17	107	6	74	28	63	30
S5	C	A	56	22	83	15	81	21	85	16	89	14	93	7	92	7	99	13	79	15	102	13	72	17
S6	T	A	75	16	93	15	78	21	75	13	84	5	78	0	72	0	102	0	91	10	81	20	78	25
S7	A	T	85	0	92	0	99	0	99	0	86	11	129	9	108	11	81	10	104	0	95	0	102	0
S8	C	G	114	0	107	0	106	0	121	0	93	0	85	0	93	0	88	16	100	0	112	0	115	0
S9	G	A	109	0	86	0	112	0	99	0	79	0	105	0	112	0	91	8	87	0	79	0	102	0
S10	A	C	103	0	112	0	118	0	117	0	88	0	103	0	95	0	91	14	95	0	113	0	90	0
S11	G	T	109	0	110	0	107	0	103	0	97	0	107	0	99	0	94	9	85	0	99	0	106	0
S12	C	T	95	0	102	0	103	0	110	0	89	0	95	0	85	0	83	10	111	0	97	0	105	0
S13	A	C	104	0	108	0	118	0	112	0	95	0	94	11	96	0	90	0	109	0	102	0	99	0
S14	A	G	94	0	85	0	96	0	93	0	105	0	95	6	108	0	97	0	90	0	100	0	97	0
S15	C	G	90	19	94	17	68	21	74	13	97	0	108	0	103	0	99	0	95	0	111	0	107	0
S16	A	G	94	24	77	21	79	22	93	9	109	0	112	0	95	0	106	0	85	0	99	0	86	0
S17	T	C	71	21	80	21	83	17	91	20	80	0	106	0	103	0	100	0	112	0	96	0	107	0
S18	C	G	81	24	69	18	80	15	73	15	108	0	104	0	91	0	96	0	88	0	106	0	102	0
S19	T	C	79	24	74	17	68	23	86	7	106	0	96	0	110	0	105	0	112	0	102	0	97	0
S20	C	G	107	19	72	22	72	26	75	17	94	0	106	0	91	0	92	0	100	0	90	0	117	0
S21	G	T	84	17	73	24	79	21	81	15	101	0	100	0	95	0	99	0	101	0	108	0	87	0
S22	G	A	121	0	93	0	113	0	109	0	97	0	111	0	89	0	98	0	103	0	103	0	99	12
S23	C	G	100	0	89	0	109	0	114	0	103	0	110	0	99	0	94	0	80	0	107	0	71	21
S24	C	A	108	0	92	0	109	0	77	0	104	0	121	0	107	0	99	0	97	0	94	0	75	17
S25	C	T	111	0	123	0	96	0	105	0	126	0	102	0	99	0	103	0	92	0	121	0	85	12
S26	G	A	96	0	101	0	87	0	92	0	110	0	109	0	114	0	108	0	90	0	97	0	60	23
S27	G	A	85	0	92	0	86	0	100	0	105	0	92	0	111	0	101	0	104	0	106	0	80	20
S28	G	A	103	0	104	0	95	0	104	0	96	0	97	0	96	0	124	0	109	0	106	0	85	25
S29	G	A	93	0	96	0	117	0	95	0	104	0	104	0	98	0	94	0	100	0	94	0	77	18
S30	T	C	102	0	110	0	102	0	95	0	114	0	109	0	87	0	101	0	95	0	79	0	72	23
S31	T	A	104	0	106	0	116	0	95	0	105	0	99	0	88	0	109	0	71	0	103	0	72	22
S32	T	C	99	0	89	0	103	0	86	0	89	3	94	0	88	0	104	0	89	15	77	17	92	0
S33	T	G	109	0	113	0	98	0	87	0	108	1	116	0	107	0	89	0	94	14	87	27	97	0
S34	A	T	108	0	94	0	104	0	105	0	98	5	96	0	92	0	103	0	75	16	74	20	93	0
S35	G	A	74	0	87	0	101	0	100	0	78	4	118	0	107	0	98	0	94	12	78	17	97	0
S36	C	G	101	0	81	0	111	0	99	0	78	6	99	0	83	0	104	0	92	17	77	20	105	0
S37	G	A	124	0	106	0	107	0	94	0	90	4	97	0	109	0	105	0	73	17	75	19	94	0
S38	A	C	102	0	113	0	111	0	97	0	105	3	103	0	111	0	100	0	70	11	81	21	87	0
S39	A	C	92	0	110	0	103	0	103	0	103	6	100	0	98	0	99	0	102	8	80	14	120	0
S40	A	G	85	0	96	0	97	0	110	0	103	7	102	0	95	0	115	0	69	19	101	16	94	0
S41	A	C	94	0	114	0	95	0	109	0	95	4	104	0	116	0	108	0	72	18	87	12	95	0
S42	T	A	86	0	95	0	90	0	111	0	95	2	85	0	91	0	99	0	99	0	108	0	96	0
S43	C	T	94	0	125	0	106	0	97	0	87	6	105	0	88	0	91	0	119	0	89	0	94	0
S44	A	G	82	0	100	0	117	0	87	0	105	3	91	0	103	0	104	0	98	0	103	0	94	0
S45	G	T	99	0	88	0	86	0	95	0	73	4	99	0	105	0	107	0	100	0	97	0	107	0
S46	C	A	101	0	111	0	104	0	97	0	113	1	113	0	88	0	90	0	90	0	106	0	108	0
S47	T	C	109	0	100	0	106	0	90	0	109	3	105	0	84	0	93	0	117	0	99	0	120	0
S48	G	A	96	0	95	0	93	0	92	0	102	4	91	0	93	0	113	0	85	0	108	0	80	0
S49	A	C	96	0	84	0	88	0	121	0	111	5	102	0	92	0	108	0	104	0	112	0	102	0
S50	T	G	118	0	101	0	95	0	82	0	101	3	100	0	115	0	85	0	95	0	121	0	98	0
S51	C	G	91	0	106	0	113	0	83	0	103	3	91	0	103	0	93	0	108	0	110	0	100	0
S52	C	T	100	0	97	0	102	0	99	0	105	0	118	0	102	0	97	0	91	16	73	24	105	0
S53	T	G	99	0	100	0	118	0	106	0	91	0	110	0	102	0	114	0	98	13	84	20	102	0
S54	A	G	97	0	97	0	101	0	114	0	91	0	94	0	99	0	116	0	70	22	76	15	90	0
S55	T	G	88	0	93	0	124	0	92	0	97	0	95	0	108	0	99	0	87	13	93	21	97	0
S56	G	C	94	0	104	0	95	0	104	0	98	0	104	0	92	0	95	0	91	11	79	21	106	0
S57	A	C	105	0	91	0	104	0	112	0	101	0	100	0	102	0	89	0	96	10	91	22	117	0
S58	T	A	98	0	101	0	93	0	92	0	105	0	103	0	106	0	121	0	109	2	87	0	117	0
S59	G	A	100	0	98	0	123	0	92	0	112	0	114	0	114	0	82	0	93	9	110	0	105	0
S60	A	T	92	0	98	0	89	0	87	0	104	0	116	0	95	0	107	0	102	11	91	0	104	0
S61	T	G	93	0	90	0	102	0	103	0	104	0	100	0	99	0	98	0	80	13	95	0	102	0
S62	T	G	109	0	108	0	84	0	105	0	96	0	120	0	104	0	96	0	105	6	86	0	103	0
S63	A	G	103	0	96	0	105	0	108	0	115	0	99	0	99	0	111	0	89	0	91	8	111	0
S64	G	A	112	0	102	0	98	0	94	0	119	0	79	0	107	0	101	0	77	0	99	5	106	0
S65	A	T	118	0	106	0	84	20	73	16	93	0	109	0	97	0	107	0	107	0	97	0	110	0
S66	G	A	109	0	75	0	69	23	81	12	100	0	93	0	83	0	106	0	96	0	104	0	104	0
S67	G	T	111	3	76	15	83	0	115	0	100	0	111	0	109	0	84	0	98	0	90	0	92	0
S68	G	A	88	6	89	27	81	0	102	0	104	0	80	0	122	0	88	0	102	0	113	0	110	0
S69	G	A	99	7	79	19	101	0	89	0	78	0	90	0	92	0	85	0	98	0	103	0	101	0
S70	A	T	81	5	96	17	111	0	103	0	98	0	99	0	90	0	98	0	84	0	94	0	120	0
S71	T	G	91	5	75	19	109	0	99	0	99	0	106	0	116	0	108	0	95	0	101	0	96	0
S72	C	T	87	3	71	18	88	0	115	0	83	0	97	0	95	0	108	0	122	0	99	0	93	0
S73	C	G	102	5	78	17	92	0	97	0	99	0	81	0	100	0	107	0	111	0	99	0	98	0
S74	T	A	92	1	69	15	98	0	105	0	101	0	105	0	104	0	88	0	115	0	96	0	91	0
S75	G	A	91	7	92	14	102	0	95	0	105	0	91	0	116	0	108	0	88	0	99	0	109	0
