SNVID	Wild	Mut	R1:ref	R1:alt	R2:ref	R2:alt	R3:ref	R3:alt	R4:ref	R4:alt	R5:ref	R5:alt	R6:ref	R6:alt	R7:ref	R7:alt	R8:ref	R8:alt	R9:ref	R9:alt	R10:ref	R10:alt	R11:ref	R11:alt	
S1	T	C	76	21	69	18	82	20	79	15	68	20	106	7	89	6	87	18	82	7	99	19	89	18
S2	G	C	98	14	78	20	79	19	76	13	90	12	82	12	89	8	96	14	89	15	96	22	90	19
S3	A	T	86	20	91	16	67	19	70	15	107	22	88	14	80	14	108	14	102	15	80	18	68	25
S4	A	T	60	25	60	21	89	21	76	16	98	13	84	12	102	5	87	17	79	10	86	18	92	21
S5	T	G	74	21	89	19	90	17	84	13	94	13	78	12	84	5	78	12	81	9	75	21	77	13
S6	A	T	92	18	85	16	80	19	72	23	86	12	78	13	92	12	87	18	84	23	73	16	69	25
S7	C	T	68	22	78	18	89	17	70	10	91	16	91	13	115	15	93	13	69	23	82	11	74	25
S8	G	C	96	19	79	18	100	16	80	7	89	6	90	0	95	0	105	0	102	10	83	19	74	24
S9	T	C	83	0	108	0	101	0	78	0	92	9	107	10	100	11	75	16	104	0	108	0	110	0
S10	G	C	98	0	100	0	104	0	83	0	104	0	97	0	112	0	66	14	85	0	108	0	111	0
S11	C	A	99	0	89	0	89	0	102	0	107	0	101	0	88	0	75	16	78	0	112	0	110	0
S12	T	A	94	0	115	0	87	0	99	0	106	0	122	0	105	0	97	12	99	0	110	0	100	0
S13	G	C	101	0	99	0	95	0	97	0	93	0	77	0	119	0	82	12	98	0	88	0	83	0
S14	G	T	101	0	122	0	99	0	109	0	110	0	95	0	103	0	89	13	101	0	92	0	120	0
S15	A	C	73	0	111	0	96	0	101	0	111	0	90	0	112	0	100	12	99	0	106	0	103	0
S16	A	G	91	0	99	0	107	0	115	0	105	0	105	0	96	0	106	7	97	0	107	0	101	0
S17	C	A	92	0	107	0	107	0	106	0	99	0	93	0	88	0	113	10	115	0	100	0	74	0
S18	A	G	93	0	102	0	94	0	97	0	116	0	93	0	117	0	89	14	104	0	84	0	103	0
S19	G	C	111	0	111	0	95	0	87	0	117	0	78	10	81	0	93	0	87	0	95	0	88	0
S20	T	C	99	0	99	0	86	0	107	0	97	0	84	9	98	0	104	0	92	0	112	0	98	0
S21	T	A	98	15	83	15	81	18	62	18	108	0	120	0	93	0	92	0	98	0	90	0	109	0
S22	C	A	94	17	69	18	88	23	84	13	114	0	92	0	107	0	104	0	106	0	102	0	121	0
S23	T	C	81	20	70	21	75	16	71	13	117	0	106	0	80	0	102	0	104	0	103	0	88	0
S24	G	T	80	19	101	17	72	18	94	19	75	0	97	0	106	0	105	0	103	0	105	0	109	0
S25	T	C	74	24	80	21	75	18	99	13	107	0	97	0	101	0	110	0	92	0	105	0	109	0
S26	T	C	113	0	88	0	107	0	97	0	105	0	114	0	108	0	103	0	119	0	97	0	87	15
S27	G	C	120	0	108	0	90	0	90	0	102	0	112	0	114	0	99	0	93	0	111	0	78	26
S28	C	G	112	0	96	0	80	0	95	0	104	0	96	0	89	0	92	0	113	0	98	0	77	16
S29	C	A	104	0	83	0	106	0	112	0	110	0	105	0	128	0	85	0	104	0	96	0	83	15
S30	A	T	100	0	95	0	94	0	98	0	102	0	101	0	98	0	89	0	104	0	99	0	87	18
S31	T	C	94	0	113	0	79	0	96	0	101	6	93	0	99	0	92	0	80	15	69	20	86	0
S32	C	G	108	0	106	0	92	0	94	0	106	1	113	0	87	0	109	0	93	13	84	17	100	0
S33	G	C	98	0	105	0	98	0	106	0	123	2	85	0	94	0	79	0	91	14	76	15	97	0
S34	A	C	93	0	107	0	85	0	101	0	95	6	104	0	96	0	88	0	87	16	72	23	110	0
S35	C	G	95	0	105	0	99	0	112	0	83	8	92	0	113	0	100	0	91	21	83	17	114	0
S36	A	T	96	0	94	0	98	0	107	0	87	3	130	0	113	0	96	0	91	12	81	17	102	0
S37	A	G	120	0	77	0	90	0	119	0	95	4	91	0	107	0	81	0	72	16	87	15	111	0
S38	T	A	103	0	93	0	94	0	85	0	96	5	105	0	100	0	90	0	83	16	101	13	106	0
S39	C	G	89	0	103	0	94	0	86	0	81	2	97	0	96	0	99	0	79	18	63	17	85	0
S40	A	C	113	0	87	0	85	0	102	0	94	5	100	0	98	0	103	0	86	0	84	0	105	0
S41	G	A	133	0	88	0	113	0	94	0	71	8	78	0	77	0	105	0	96	0	97	0	110	0
S42	G	T	106	0	88	0	109	0	88	0	98	6	111	0	91	0	103	0	108	0	108	0	114	0
S43	C	T	106	0	108	0	118	0	94	0	86	7	91	0	101	0	93	0	103	0	101	0	109	0
S44	G	T	99	0	95	0	100	0	80	0	86	9	109	0	104	0	85	0	116	0	92	0	100	0
S45	T	G	105	0	96	0	101	0	101	0	83	4	103	0	115	0	89	0	92	0	99	0	110	0
S46	A	G	99	0	108	0	100	0	97	0	114	1	95	0	101	0	104	0	110	0	89	0	104	0
S47	C	A	110	0	86	0	106	0	92	0	104	4	88	0	95	0	93	0	106	0	97	0	117	0
S48	A	C	102	0	97	0	96	0	105	0	91	0	96	0	98	0	108	0	85	23	99	16	92	0
S49	C	G	98	0	107	0	107	0	95	0	87	0	102	0	96	0	91	0	88	17	74	14	86	0
S50	G	T	94	0	106	0	83	0	101	0	111	0	94	0	89	0	116	0	79	20	88	21	101	0
S51	G	T	109	0	103	0	110	0	97	0	91	0	112	0	86	0	98	0	80	16	72	25	106	0
S52	A	G	96	0	86	0	87	0	109	0	93	0	84	0	106	0	87	0	91	12	97	21	99	0
S53	C	T	92	0	104	0	101	0	116	0	88	0	111	0	95	0	99	0	92	10	86	0	97	0
S54	C	A	106	0	95	0	105	0	103	0	108	0	87	0	95	0	96	0	89	9	93	0	108	0
S55	T	A	106	0	99	0	89	0	109	0	97	0	103	0	92	0	93	0	94	9	114	0	110	0
S56	A	G	111	0	90	0	91	0	114	0	113	0	98	0	101	0	91	0	92	8	91	0	98	0
S57	T	C	90	0	97	0	91	0	106	0	100	0	92	0	101	0	111	0	97	12	127	0	91	0
S58	G	T	105	0	91	0	97	0	95	0	91	0	111	0	90	0	91	0	101	0	115	5	102	0
S59	C	A	114	0	79	0	86	0	115	0	95	0	121	0	103	0	91	0	104	0	95	8	107	0
S60	T	C	95	0	94	0	72	22	80	21	110	0	104	0	89	0	105	0	99	0	88	0	98	0
S61	C	G	92	9	78	25	88	0	89	0	89	0	87	0	96	0	91	0	95	0	91	0	100	0
S62	T	G	97	5	74	19	88	0	112	0	104	0	121	0	108	0	109	0	110	0	95	0	84	0
S63	G	T	88	5	92	13	100	0	101	0	114	0	110	0	105	0	107	0	103	0	98	0	103	0
S64	A	C	95	5	107	12	100	0	90	0	101	0	107	0	103	0	109	0	108	0	94	0	102	0
S65	T	G	99	2	75	18	107	0	83	0	100	0	104	0	108	0	108	0	106	0	112	0	89	0
