SNVID	Wild	Mut	R1:ref	R1:alt	R2:ref	R2:alt	R3:ref	R3:alt	R4:ref	R4:alt	R5:ref	R5:alt	R6:ref	R6:alt	R7:ref	R7:alt	R8:ref	R8:alt	R9:ref	R9:alt	R10:ref	R10:alt	R11:ref	R11:alt	
S1	A	T	78	21	96	18	91	15	87	17	89	16	77	11	86	8	77	24	100	14	64	21	73	25
S2	C	G	67	17	90	13	82	20	95	22	71	21	97	17	92	11	80	23	93	8	75	22	83	17
S3	G	C	82	21	80	18	98	19	79	21	90	13	83	10	77	13	78	15	79	10	90	13	82	21
S4	A	G	90	21	89	17	88	15	86	10	85	16	79	12	84	9	112	12	113	9	58	21	73	19
S5	C	A	65	20	85	15	83	19	93	11	94	15	90	10	94	17	68	24	78	18	78	20	81	23
S6	T	G	102	22	61	15	77	21	79	14	108	15	93	15	97	7	89	21	87	12	79	19	76	21
S7	A	G	83	20	82	15	82	24	104	16	94	13	85	19	101	13	105	14	70	15	81	25	80	32
S8	G	T	66	25	71	20	70	23	77	17	93	13	89	10	86	8	102	14	93	12	72	19	80	18
S9	G	C	67	20	85	16	82	21	73	12	77	16	91	17	99	6	72	28	79	15	70	24	80	13
S10	C	A	84	18	78	18	88	14	93	16	72	19	86	13	75	13	89	12	91	20	98	13	72	30
S11	T	C	67	19	77	24	65	23	75	22	100	4	92	0	104	0	111	0	86	15	91	18	82	15
S12	G	T	102	0	89	0	94	0	93	0	97	10	105	13	89	11	105	20	90	0	122	0	95	0
S13	T	A	96	0	97	0	124	0	97	0	114	0	104	0	89	0	91	13	80	0	102	0	98	0
S14	G	C	105	0	131	0	101	0	94	0	119	0	95	0	115	0	72	17	89	0	81	0	105	0
S15	C	A	105	0	93	0	109	0	95	0	96	0	85	0	89	0	81	15	100	0	98	0	107	0
S16	C	T	106	0	87	0	103	0	95	0	104	0	112	0	100	0	88	14	102	0	122	0	92	0
S17	T	C	88	0	91	0	92	0	81	0	123	0	94	0	94	0	102	13	107	0	102	0	95	0
S18	C	T	91	0	104	0	116	0	104	0	97	0	104	0	98	0	79	13	115	0	89	0	93	0
S19	A	T	104	0	91	0	89	0	101	0	94	0	84	7	101	0	80	0	108	0	97	0	95	0
S20	C	T	94	0	103	0	94	0	95	0	96	0	94	11	92	0	109	0	93	0	104	0	105	0
S21	T	A	69	28	74	19	73	20	88	12	87	0	104	0	101	0	94	0	106	0	96	0	105	0
S22	G	T	72	20	100	15	61	23	68	13	99	0	98	0	101	0	94	0	108	0	97	0	91	0
S23	G	A	88	22	70	16	77	26	94	11	96	0	104	0	111	0	109	0	98	0	89	0	132	0
S24	C	T	62	21	87	17	59	19	63	18	96	0	105	0	95	0	103	0	88	0	90	0	114	0
S25	G	C	92	25	74	16	75	26	81	19	99	0	96	0	100	0	95	0	95	0	94	0	99	0
S26	C	T	76	24	71	16	94	17	86	16	84	0	112	0	86	0	96	0	94	0	107	0	100	0
S27	T	C	86	16	64	27	68	19	74	12	100	0	103	0	91	0	116	0	110	0	118	0	94	0
S28	C	A	89	19	69	17	65	29	95	18	101	0	117	0	95	0	85	0	106	0	104	0	93	0
S29	G	C	98	0	92	0	105	0	101	0	129	0	99	0	102	0	98	0	101	0	98	0	105	13
S30	G	A	89	0	108	0	112	0	111	0	110	0	117	0	88	0	104	0	81	0	88	0	76	19
S31	G	T	106	0	109	0	101	0	124	0	94	0	112	0	104	0	96	0	108	0	94	0	75	18
S32	C	G	97	0	79	0	92	0	100	0	92	0	95	0	92	0	113	0	94	0	102	0	101	8
S33	G	A	87	0	101	0	114	0	107	0	97	0	99	0	83	0	99	0	89	0	91	0	87	20
S34	A	G	105	0	104	0	96	0	95	0	95	0	90	0	93	0	96	0	93	0	88	0	95	17
S35	C	G	93	0	97	0	106	0	107	0	93	0	91	0	87	0	94	0	113	0	97	0	88	18
S36	C	G	91	0	114	0	106	0	92	0	85	0	111	0	109	0	97	0	106	0	102	0	83	23
S37	T	G	103	0	102	0	99	0	96	0	107	0	112	0	84	0	86	0	110	0	110	0	66	23
S38	C	G	110	0	97	0	91	0	104	0	88	0	104	0	104	0	110	0	122	0	93	0	73	20
S39	C	T	99	0	104	0	99	0	110	0	99	6	90	0	126	0	117	0	63	17	93	17	100	0
S40	T	C	98	0	101	0	93	0	93	0	94	4	106	0	96	0	90	0	83	13	77	20	81	0
S41	G	C	99	0	96	0	107	0	92	0	89	0	78	0	91	0	106	0	86	15	71	20	108	0
S42	C	T	96	0	110	0	109	0	111	0	88	3	91	0	97	0	105	0	100	9	82	20	103	0
S43	A	C	87	0	85	0	98	0	96	0	103	4	86	0	100	0	100	0	79	18	64	19	111	0
S44	T	C	91	0	102	0	99	0	88	0	93	3	101	0	85	0	118	0	80	12	66	22	107	0
S45	C	G	91	0	120	0	94	0	109	0	101	5	94	0	99	0	82	0	89	16	72	18	97	0
S46	C	T	89	0	96	0	83	0	79	0	90	7	92	0	118	0	101	0	100	14	89	17	106	0
S47	A	T	117	0	86	0	89	0	107	0	91	6	89	0	86	0	100	0	82	16	52	24	90	0
S48	A	G	98	0	115	0	84	0	110	0	85	3	103	0	104	0	97	0	72	18	74	17	92	0
S49	C	T	94	0	108	0	114	0	94	0	87	6	96	0	97	0	114	0	96	0	118	0	109	0
S50	G	T	105	0	103	0	106	0	94	0	95	5	88	0	102	0	99	0	105	0	95	0	101	0
S51	A	C	103	0	120	0	113	0	102	0	98	7	102	0	107	0	89	0	101	0	96	0	84	0
S52	C	G	86	0	96	0	90	0	124	0	79	6	113	0	94	0	111	0	102	0	91	0	89	0
S53	A	C	108	0	93	0	76	0	104	0	105	6	88	0	97	0	105	0	101	0	96	0	118	0
S54	C	G	113	0	95	0	114	0	111	0	105	2	98	0	86	0	99	0	112	0	92	0	103	0
S55	A	C	70	0	102	0	112	0	111	0	90	0	89	0	106	0	101	0	87	13	91	18	103	0
S56	G	T	107	0	115	0	103	0	97	0	97	0	82	0	113	0	88	0	90	9	93	23	78	0
S57	A	T	91	0	115	0	100	0	96	0	102	0	109	0	94	0	97	0	78	12	76	15	107	0
S58	A	C	100	0	110	0	105	0	98	0	95	0	109	0	116	0	90	0	75	18	68	22	111	0
S59	G	A	86	0	99	0	111	0	105	0	95	0	110	0	95	0	84	0	94	17	89	13	100	0
S60	T	C	89	0	109	0	102	0	95	0	116	0	94	0	98	0	110	0	91	7	88	17	100	0
S61	A	T	108	0	104	0	99	0	103	0	95	0	100	0	91	0	106	0	87	13	77	17	86	0
S62	G	A	85	0	102	0	90	0	101	0	85	0	95	0	97	0	90	0	93	10	82	21	102	0
S63	T	G	86	0	96	0	101	0	91	0	86	0	83	0	104	0	92	0	104	9	101	0	106	0
S64	G	A	79	0	77	0	107	0	102	0	88	0	103	0	96	0	85	0	91	17	108	0	122	0
S65	G	T	110	0	88	0	89	0	88	0	117	0	114	0	82	0	89	0	95	9	88	0	92	0
S66	T	G	106	0	99	0	103	0	103	0	98	0	104	0	102	0	87	0	89	16	95	0	103	0
S67	G	A	94	0	93	0	97	0	104	0	104	0	95	0	107	0	89	0	96	13	108	0	107	0
S68	G	T	107	0	89	0	100	0	102	0	108	0	103	0	101	0	109	0	101	0	88	2	100	0
S69	G	T	109	0	106	0	89	0	101	0	103	0	98	0	101	0	124	0	99	0	81	3	98	0
S70	G	C	97	0	104	0	89	25	65	16	98	0	103	0	88	0	85	0	92	0	92	0	113	0
S71	A	G	118	0	109	0	74	20	105	9	102	0	97	0	113	0	112	0	109	0	73	0	92	0
S72	T	A	91	5	94	19	100	0	102	0	110	0	89	0	108	0	100	0	114	0	93	0	101	0
S73	G	C	77	8	91	12	94	0	101	0	105	0	112	0	111	0	107	0	95	0	84	0	93	0
S74	C	G	78	5	89	19	104	0	96	0	101	0	78	0	111	0	96	0	95	0	109	0	80	0
S75	C	G	109	4	90	18	104	0	104	0	118	0	81	0	85	0	97	0	88	0	106	0	94	0
S76	A	T	114	5	91	19	74	0	112	0	109	0	108	0	97	0	78	0	100	0	116	0	88	0
S77	A	C	77	2	72	23	96	0	132	0	88	0	95	0	96	0	90	0	102	0	88	0	95	0
S78	G	T	92	2	89	17	96	0	104	0	92	0	93	0	101	0	113	0	102	0	95	0	110	0
