SNVID	Wild	Mut	R1:ref	R1:alt	R2:ref	R2:alt	R3:ref	R3:alt	R4:ref	R4:alt	R5:ref	R5:alt	R6:ref	R6:alt	R7:ref	R7:alt	R8:ref	R8:alt	R9:ref	R9:alt	R10:ref	R10:alt	R11:ref	R11:alt	
S1	G	C	96	14	85	13	82	21	78	15	79	13	110	14	87	11	90	12	91	15	95	17	64	29
S2	C	A	92	16	98	15	65	18	80	11	102	15	74	11	95	12	95	9	88	13	98	12	81	18
S3	G	T	89	17	87	11	85	19	91	18	93	13	55	14	95	10	80	27	93	12	80	24	84	18
S4	C	T	65	23	76	17	55	24	86	20	83	15	115	10	98	6	82	16	83	12	85	21	91	21
S5	G	T	91	11	71	19	89	18	87	15	75	16	66	16	99	12	86	19	89	13	65	18	86	22
S6	C	T	92	17	82	16	58	25	100	14	82	19	75	14	97	9	75	26	90	12	95	16	84	28
S7	C	A	106	17	81	14	81	24	76	15	74	22	94	9	101	8	85	11	86	13	73	19	73	24
S8	G	A	73	16	70	26	78	15	105	11	79	17	89	14	91	12	78	24	87	12	79	10	74	20
S9	C	A	105	18	88	12	70	23	94	11	66	15	91	10	97	13	73	27	70	17	81	20	68	30
S10	T	C	76	14	79	16	71	25	94	13	91	12	97	11	107	8	92	24	88	9	76	17	75	25
S11	T	C	84	20	78	17	71	20	89	15	100	5	94	0	103	0	99	0	86	14	80	25	70	22
S12	C	G	120	0	117	0	97	0	109	0	79	9	76	17	86	13	91	21	103	0	101	0	95	0
S13	C	A	103	0	100	0	103	0	98	0	102	0	102	0	101	0	83	10	102	0	91	0	86	0
S14	C	G	107	0	108	0	106	0	91	0	103	0	97	0	112	0	88	12	99	0	116	0	93	0
S15	G	T	96	0	102	0	118	0	95	0	106	0	104	0	88	0	105	9	88	0	76	0	102	0
S16	G	A	110	0	104	0	90	0	91	0	102	0	105	0	83	0	111	13	120	0	95	0	104	0
S17	G	T	87	0	109	0	94	0	73	0	91	0	95	0	90	0	69	13	111	0	118	0	96	0
S18	A	C	98	0	82	0	111	0	91	0	97	0	101	0	111	0	96	15	86	0	95	0	90	0
S19	C	A	107	0	84	0	92	0	114	0	99	0	100	0	105	0	97	11	112	0	103	0	94	0
S20	A	G	92	0	93	0	89	0	103	0	97	0	82	12	96	0	91	0	111	0	96	0	97	0
S21	A	C	106	0	92	0	113	0	80	0	77	0	93	10	105	0	113	0	96	0	99	0	100	0
S22	G	C	70	23	92	13	83	22	80	12	91	0	90	0	87	0	85	0	99	0	100	0	98	0
S23	G	T	85	19	94	20	89	20	97	14	87	0	77	0	113	0	100	0	98	0	114	0	91	0
S24	T	A	65	21	92	16	110	15	84	10	121	0	101	0	101	0	92	0	92	0	98	0	103	0
S25	T	G	83	15	84	17	86	15	79	15	93	0	86	0	100	0	97	0	97	0	108	0	85	0
S26	T	A	64	18	77	19	87	19	90	18	110	0	110	0	115	0	93	0	117	0	97	0	111	0
S27	A	T	95	0	85	0	119	0	122	0	106	0	87	0	100	0	108	0	77	0	92	0	76	19
S28	A	C	103	0	106	0	119	0	82	0	93	0	91	0	111	0	95	0	112	0	97	0	97	22
S29	G	T	79	0	96	0	110	0	94	0	104	0	105	0	124	0	89	0	96	0	84	0	76	24
S30	G	T	104	0	105	0	119	0	99	0	104	0	116	0	104	0	93	0	76	0	111	0	79	18
S31	T	C	98	0	95	0	105	0	112	0	93	0	83	0	104	0	109	0	114	0	101	0	83	19
S32	A	T	105	0	95	0	88	0	117	0	82	6	96	0	90	0	103	0	91	13	86	17	98	0
S33	G	C	89	0	98	0	81	0	100	0	97	6	106	0	92	0	108	0	69	17	88	16	108	0
S34	G	T	105	0	107	0	101	0	95	0	100	1	87	0	113	0	108	0	93	14	91	17	104	0
S35	C	G	95	0	107	0	83	0	94	0	90	6	90	0	100	0	108	0	84	20	79	21	95	0
S36	A	C	98	0	97	0	114	0	95	0	109	2	91	0	118	0	92	0	101	14	79	17	98	0
S37	G	C	102	0	102	0	108	0	98	0	86	4	97	0	119	0	98	0	67	19	78	20	93	0
S38	T	C	98	0	112	0	100	0	99	0	91	2	82	0	79	0	95	0	75	13	80	16	87	0
S39	A	G	115	0	99	0	82	0	100	0	90	8	111	0	83	0	111	0	86	13	66	18	103	0
S40	T	C	98	0	93	0	83	0	79	0	91	6	99	0	103	0	95	0	94	9	62	21	96	0
S41	G	A	90	0	111	0	92	0	95	0	97	5	105	0	90	0	98	0	99	0	85	0	103	0
S42	G	A	107	0	96	0	85	0	88	0	77	3	118	0	111	0	97	0	111	0	86	0	104	0
S43	C	A	92	0	113	0	92	0	113	0	103	4	101	0	107	0	91	0	104	0	96	0	97	0
S44	A	G	107	0	95	0	110	0	102	0	113	5	103	0	82	0	96	0	96	0	120	0	109	0
S45	G	C	86	0	72	0	105	0	92	0	103	2	86	0	98	0	99	0	90	0	88	0	90	0
S46	C	G	95	0	98	0	105	0	88	0	99	3	95	0	104	0	97	0	107	0	95	0	94	0
S47	G	C	100	0	99	0	85	0	86	0	79	4	92	0	123	0	96	0	89	0	95	0	113	0
S48	G	T	99	0	79	0	100	0	108	0	96	4	88	0	108	0	108	0	102	0	118	0	86	0
S49	A	G	97	0	92	0	93	0	116	0	72	9	94	0	79	0	98	0	111	0	93	0	103	0
S50	C	G	123	0	98	0	119	0	106	0	104	2	102	0	100	0	120	0	95	0	89	0	112	0
S51	C	T	90	0	93	0	82	0	100	0	106	0	112	0	106	0	102	0	79	23	77	16	90	0
S52	C	A	107	0	87	0	108	0	103	0	103	0	86	0	99	0	114	0	103	12	85	23	116	0
S53	G	A	85	0	89	0	103	0	95	0	83	0	111	0	94	0	100	0	69	17	75	23	107	0
S54	A	T	88	0	130	0	100	0	86	0	119	0	120	0	95	0	98	0	94	11	80	19	99	0
S55	G	A	97	0	101	0	103	0	93	0	110	0	106	0	102	0	97	0	85	18	85	24	113	0
S56	C	T	97	0	116	0	116	0	91	0	90	0	111	0	103	0	119	0	91	14	101	0	80	0
S57	A	T	102	0	95	0	92	0	101	0	112	0	88	0	74	0	101	0	79	10	99	0	107	0
S58	A	T	83	0	99	0	99	0	92	0	102	0	90	0	97	0	110	0	94	11	117	0	121	0
S59	G	C	79	0	104	0	90	0	105	0	100	0	112	0	118	0	102	0	84	11	108	0	101	0
S60	C	A	105	0	85	0	100	0	104	0	135	0	107	0	112	0	110	0	90	16	114	0	107	0
S61	G	A	86	0	89	0	118	0	117	0	101	0	103	0	106	0	110	0	92	9	109	0	90	0
S62	A	C	95	0	100	0	84	0	107	0	98	0	104	0	98	0	101	0	98	14	73	0	96	0
S63	G	T	98	0	111	0	90	0	89	0	106	0	107	0	90	0	95	0	93	0	94	3	96	0
S64	C	G	104	0	115	0	103	0	100	0	119	0	111	0	92	0	102	0	117	0	93	8	111	0
S65	C	T	100	0	115	0	70	14	86	15	107	0	93	0	92	0	81	0	111	0	101	0	102	0
S66	G	C	95	9	73	18	106	0	113	0	90	0	113	0	101	0	92	0	103	0	116	0	101	0
S67	A	T	108	3	75	22	100	0	96	0	107	0	98	0	113	0	107	0	105	0	92	0	129	0
S68	A	G	89	1	86	18	101	0	97	0	107	0	104	0	95	0	123	0	107	0	100	0	87	0
S69	A	C	97	2	75	15	123	0	94	0	103	0	115	0	96	0	93	0	83	0	121	0	112	0
S70	T	G	104	5	72	15	88	0	102	0	85	0	107	0	99	0	111	0	81	0	94	0	113	0
S71	A	T	89	7	67	22	101	0	89	0	99	0	110	0	104	0	114	0	100	0	94	0	89	0
