SNVID	Wild	Mut	R1:ref	R1:alt	R2:ref	R2:alt	R3:ref	R3:alt	R4:ref	R4:alt	R5:ref	R5:alt	R6:ref	R6:alt	R7:ref	R7:alt	R8:ref	R8:alt	R9:ref	R9:alt	R10:ref	R10:alt	R11:ref	R11:alt	
S1	T	G	90	20	104	19	64	21	97	11	85	16	81	11	107	8	80	21	93	15	79	26	71	29
S2	A	C	72	14	78	20	59	24	98	15	82	14	80	10	83	13	84	17	83	15	95	17	74	23
S3	T	A	85	21	66	20	74	26	94	7	101	12	82	11	74	13	73	16	105	12	96	12	98	17
S4	C	A	71	20	82	16	83	17	68	21	94	13	84	14	98	7	71	17	92	15	73	13	69	24
S5	T	A	81	27	85	18	72	23	68	18	85	18	95	15	87	11	66	20	80	17	72	20	86	23
S6	T	C	76	16	89	22	74	18	82	15	91	14	90	15	96	14	87	20	85	12	98	18	66	19
S7	T	C	67	22	83	23	73	23	81	13	97	13	60	17	76	7	91	11	84	16	64	17	82	23
S8	G	C	89	22	92	21	82	20	90	11	74	23	86	11	104	9	78	20	90	11	85	16	84	24
S9	T	C	75	25	74	14	92	20	79	16	82	3	101	0	93	0	99	0	91	16	77	18	91	16
S10	C	G	98	0	93	0	108	0	97	0	85	14	94	13	89	10	68	22	118	0	112	0	92	0
S11	C	T	105	0	104	0	98	0	124	0	101	0	104	0	76	0	98	12	105	0	88	0	93	0
S12	T	C	85	0	95	0	108	0	109	0	101	0	97	0	114	0	95	5	90	0	114	0	105	0
S13	G	C	101	0	101	0	102	0	86	0	102	0	106	0	95	0	72	16	94	0	94	0	102	0
S14	A	T	107	0	106	0	105	0	95	0	97	0	82	0	126	0	87	8	100	0	95	0	104	0
S15	G	T	93	0	83	0	93	0	90	0	88	0	98	0	122	0	89	12	81	0	114	0	107	0
S16	T	A	101	0	93	0	116	0	102	0	122	0	101	0	113	0	85	13	118	0	110	0	126	0
S17	G	T	101	0	107	0	92	0	104	0	97	0	121	0	96	0	76	12	101	0	111	0	115	0
S18	C	T	110	0	103	0	105	0	106	0	94	0	110	0	101	0	86	19	98	0	109	0	108	0
S19	G	A	93	0	98	0	104	0	98	0	103	0	86	14	107	0	102	0	94	0	95	0	95	0
S20	C	G	84	18	96	20	84	17	89	15	102	0	104	0	108	0	78	0	98	0	102	0	93	0
S21	T	G	101	21	107	12	60	20	103	13	84	0	100	0	88	0	97	0	96	0	93	0	99	0
S22	A	G	79	13	88	17	83	18	93	9	96	0	104	0	106	0	110	0	101	0	129	0	102	0
S23	A	G	75	22	90	13	78	23	63	18	93	0	96	0	97	0	105	0	99	0	80	0	93	0
S24	T	G	76	22	85	17	87	21	81	15	114	0	105	0	101	0	99	0	97	0	102	0	100	0
S25	A	C	85	10	62	21	69	20	97	14	97	0	111	0	97	0	99	0	83	0	98	0	112	0
S26	G	A	96	0	106	0	103	0	92	0	99	0	101	0	96	0	104	0	100	0	103	0	84	16
S27	A	G	107	0	112	0	96	0	97	0	92	0	95	0	104	0	102	0	106	0	108	0	86	17
S28	C	G	103	0	86	0	105	0	97	0	109	0	89	0	87	0	101	0	99	0	96	0	60	23
S29	C	T	106	0	97	0	78	0	93	0	99	0	109	0	117	0	103	0	111	0	95	0	81	16
S30	A	G	83	0	102	0	104	0	96	0	108	0	98	0	84	0	98	0	96	0	104	0	77	28
S31	G	A	102	0	115	0	82	0	103	0	94	0	106	0	93	0	110	0	104	0	94	0	89	24
S32	A	C	121	0	96	0	118	0	91	0	95	5	107	0	99	0	93	0	91	24	92	16	108	0
S33	C	A	113	0	112	0	99	0	116	0	76	5	87	0	96	0	118	0	81	19	64	17	118	0
S34	A	T	115	0	100	0	86	0	102	0	99	7	95	0	112	0	97	0	64	13	80	25	105	0
S35	C	T	107	0	101	0	88	0	94	0	73	8	96	0	99	0	87	0	68	18	84	10	107	0
S36	T	C	112	0	92	0	122	0	103	0	96	4	119	0	92	0	89	0	86	14	75	20	105	0
S37	C	G	104	0	78	0	88	0	94	0	101	4	104	0	111	0	108	0	76	14	80	12	81	0
S38	A	C	103	0	120	0	107	0	103	0	91	6	106	0	109	0	96	0	79	14	105	16	108	0
S39	T	G	97	0	75	0	99	0	100	0	104	7	111	0	94	0	97	0	84	14	69	14	110	0
S40	C	A	89	0	90	0	110	0	94	0	104	6	111	0	87	0	103	0	81	25	97	19	93	0
S41	C	A	102	0	93	0	97	0	95	0	92	5	111	0	87	0	86	0	120	0	106	0	109	0
S42	A	C	123	0	101	0	89	0	102	0	103	3	97	0	111	0	86	0	97	0	94	0	99	0
S43	T	C	105	0	107	0	111	0	104	0	93	2	108	0	91	0	97	0	88	0	118	0	108	0
S44	A	C	101	0	84	0	108	0	89	0	99	3	122	0	99	0	95	0	101	0	95	0	106	0
S45	T	C	77	0	93	0	87	0	89	0	117	7	98	0	91	0	106	0	105	0	109	0	86	0
S46	C	G	104	0	97	0	69	0	96	0	81	8	98	0	98	0	91	0	117	0	106	0	94	0
S47	T	G	97	0	113	0	92	0	109	0	92	4	106	0	100	0	98	0	109	0	82	0	89	0
S48	G	C	104	0	107	0	95	0	118	0	98	5	88	0	100	0	77	0	97	0	99	0	106	0
S49	A	G	110	0	100	0	88	0	95	0	87	5	97	0	102	0	99	0	90	0	117	0	101	0
S50	C	G	103	0	89	0	88	0	95	0	99	4	89	0	98	0	111	0	83	0	97	0	103	0
S51	T	G	99	0	90	0	83	0	103	0	106	0	111	0	95	0	102	0	85	16	84	21	99	0
S52	A	G	106	0	95	0	102	0	96	0	120	0	89	0	105	0	114	0	89	14	67	19	109	0
S53	C	G	106	0	94	0	97	0	93	0	93	0	98	0	100	0	111	0	107	14	92	14	102	0
S54	A	C	100	0	94	0	109	0	110	0	93	0	91	0	109	0	99	0	68	18	69	16	117	0
S55	C	G	103	0	104	0	110	0	98	0	106	0	114	0	103	0	83	0	85	10	93	21	128	0
S56	T	G	96	0	88	0	92	0	91	0	104	0	110	0	106	0	95	0	69	17	109	7	87	0
S57	C	G	102	0	98	0	117	0	99	0	111	0	92	0	103	0	118	0	81	18	86	17	88	0
S58	C	G	92	0	98	0	89	0	92	0	95	0	95	0	97	0	92	0	83	13	94	14	86	0
S59	A	G	116	0	123	0	86	0	84	0	95	0	98	0	107	0	102	0	81	12	93	21	116	0
S60	C	G	91	0	105	0	101	0	78	0	102	0	103	0	106	0	98	0	89	18	82	16	109	0
S61	A	G	102	0	100	0	98	0	113	0	90	0	98	0	93	0	121	0	71	11	103	0	107	0
S62	A	T	92	0	102	0	101	0	94	0	90	0	91	0	107	0	101	0	98	11	105	0	101	0
S63	C	T	120	0	102	0	95	0	105	0	112	0	99	0	102	0	98	0	74	8	91	0	111	0
S64	G	C	99	0	81	0	87	0	103	0	109	0	91	0	105	0	96	0	96	8	101	0	105	0
S65	G	A	82	0	108	0	99	0	107	0	93	0	113	0	121	0	114	0	94	10	93	0	108	0
S66	T	G	79	0	95	0	86	0	119	0	94	0	92	0	118	0	112	0	88	9	89	0	93	0
S67	G	T	110	0	97	0	109	0	108	0	88	0	90	0	99	0	96	0	104	0	98	7	98	0
S68	G	T	110	0	110	0	81	17	110	20	105	0	96	0	100	0	90	0	110	0	111	0	105	0
S69	G	C	78	7	94	17	113	0	96	0	85	0	106	0	111	0	100	0	108	0	88	0	88	0
S70	A	T	106	5	83	14	108	0	103	0	99	0	87	0	88	0	84	0	118	0	108	0	82	0
S71	C	A	88	2	67	21	95	0	93	0	102	0	107	0	86	0	96	0	89	0	103	0	104	0
S72	G	T	94	8	78	21	109	0	74	0	98	0	108	0	118	0	116	0	96	0	101	0	96	0
S73	A	G	99	4	92	10	104	0	92	0	85	0	88	0	99	0	103	0	93	0	101	0	112	0
S74	T	G	115	10	106	17	116	0	111	0	91	0	95	0	92	0	113	0	108	0	94	0	94	0
S75	A	T	84	3	95	13	105	0	98	0	102	0	81	0	93	0	100	0	100	0	86	0	108	0
S76	G	T	89	5	78	17	93	0	98	0	95	0	112	0	95	0	101	0	112	0	103	0	100	0
