SNVID	Wild	Mut	R1:ref	R1:alt	R2:ref	R2:alt	R3:ref	R3:alt	R4:ref	R4:alt	R5:ref	R5:alt	R6:ref	R6:alt	R7:ref	R7:alt	R8:ref	R8:alt	R9:ref	R9:alt	R10:ref	R10:alt	R11:ref	R11:alt	
S1	T	A	88	16	72	20	79	22	88	13	71	17	102	14	96	8	75	18	75	14	92	20	85	21
S2	G	T	104	22	90	16	91	16	95	12	93	11	95	12	87	11	83	24	55	18	81	21	61	37
S3	G	C	63	31	91	22	74	22	80	12	92	11	99	12	117	6	89	13	97	16	66	18	84	23
S4	G	C	83	15	80	25	76	29	76	17	87	15	68	12	82	9	92	19	82	14	93	11	72	22
S5	C	G	86	18	117	11	93	23	88	13	85	18	89	10	90	17	83	15	88	15	78	24	71	25
S6	C	G	70	24	70	18	72	24	119	14	103	2	100	0	91	0	98	0	104	13	81	25	55	29
S7	T	C	74	0	94	0	92	0	92	0	83	11	85	17	99	4	90	10	73	0	100	0	111	0
S8	C	T	101	0	96	0	113	0	111	0	103	0	97	0	110	0	76	12	93	0	86	0	98	0
S9	C	T	111	0	92	0	90	0	105	0	121	0	91	0	110	0	98	14	90	0	87	0	121	0
S10	A	T	79	0	105	0	100	0	78	0	109	0	107	0	110	0	92	17	111	0	93	0	109	0
S11	C	G	94	0	113	0	94	0	92	0	92	0	95	0	106	0	102	15	109	0	93	0	116	0
S12	A	T	103	0	99	0	111	0	103	0	111	0	98	0	93	0	73	16	102	0	91	0	115	0
S13	T	C	95	0	91	0	88	0	99	0	106	0	89	0	109	0	108	10	89	0	90	0	95	0
S14	T	A	98	0	103	0	86	0	87	0	109	0	94	0	113	0	92	12	99	0	106	0	121	0
S15	C	G	110	0	68	0	88	0	101	0	84	0	106	0	89	0	87	14	101	0	109	0	83	0
S16	G	A	87	0	93	0	91	0	107	0	105	0	98	0	99	0	64	14	98	0	102	0	107	0
S17	T	A	107	0	104	0	103	0	108	0	98	0	127	0	96	0	88	11	103	0	94	0	85	0
S18	C	T	109	0	99	0	92	0	83	0	94	0	87	9	101	0	106	0	96	0	92	0	105	0
S19	G	T	85	16	95	17	88	27	74	17	95	0	101	0	99	0	109	0	83	0	117	0	100	0
S20	T	A	86	21	85	13	95	22	83	16	101	0	109	0	99	0	100	0	102	0	86	0	114	0
S21	C	T	79	23	76	28	73	27	88	15	120	0	98	0	96	0	100	0	98	0	105	0	109	0
S22	C	G	62	19	81	12	86	19	94	13	85	0	93	0	82	0	84	0	96	0	121	0	100	0
S23	T	G	82	21	86	16	77	13	92	16	100	0	95	0	95	0	107	0	113	0	97	0	97	0
S24	C	G	80	22	75	15	66	23	82	15	108	0	109	0	96	0	95	0	84	0	108	0	98	0
S25	C	T	70	16	69	19	77	24	100	11	94	0	92	0	99	0	95	0	85	0	100	0	94	0
S26	T	G	106	0	99	0	96	0	91	0	106	0	107	0	92	0	104	0	104	0	88	0	79	21
S27	A	G	89	0	103	0	104	0	100	0	110	0	95	0	107	0	91	0	88	0	116	0	75	18
S28	T	G	95	0	99	0	102	0	112	0	108	0	100	0	91	0	97	0	110	0	102	0	75	28
S29	G	C	103	0	99	0	116	0	103	0	107	0	96	0	108	0	112	0	96	0	94	0	72	22
S30	T	C	105	0	104	0	90	0	108	0	103	0	92	0	95	0	113	0	89	0	89	0	67	17
S31	A	C	109	0	104	0	121	0	107	0	88	0	96	0	123	0	96	0	106	0	126	0	93	18
S32	A	C	128	0	99	0	88	0	88	0	104	0	98	0	101	0	93	0	95	0	93	0	61	25
S33	C	G	83	0	87	0	100	0	78	0	100	0	105	0	94	0	106	0	110	0	105	0	111	23
S34	G	A	97	0	95	0	106	0	102	0	109	0	71	0	93	0	107	0	101	0	88	0	78	29
S35	G	C	111	0	117	0	102	0	96	0	95	0	104	0	105	0	112	0	88	0	115	0	80	15
S36	G	T	99	0	102	0	95	0	92	0	88	5	114	0	104	0	119	0	90	18	72	28	108	0
S37	A	T	90	0	99	0	102	0	102	0	95	5	103	0	103	0	99	0	96	17	78	16	100	0
S38	T	C	109	0	95	0	96	0	100	0	99	2	87	0	84	0	78	0	97	5	100	17	104	0
S39	G	A	94	0	87	0	105	0	94	0	95	5	116	0	105	0	93	0	85	11	86	9	93	0
S40	T	C	103	0	96	0	105	0	99	0	93	6	94	0	108	0	100	0	70	18	82	17	108	0
S41	C	A	116	0	115	0	100	0	116	0	97	3	109	0	101	0	95	0	79	18	95	18	116	0
S42	C	T	103	0	92	0	103	0	119	0	88	4	97	0	91	0	115	0	87	13	93	23	89	0
S43	T	C	105	0	108	0	94	0	106	0	92	8	99	0	113	0	86	0	82	12	78	22	97	0
S44	G	C	103	0	85	0	97	0	114	0	105	6	97	0	109	0	99	0	88	12	81	21	101	0
S45	T	G	99	0	88	0	84	0	97	0	111	5	102	0	91	0	104	0	97	0	114	0	90	0
S46	G	C	93	0	93	0	109	0	91	0	110	7	114	0	88	0	88	0	99	0	111	0	110	0
S47	T	G	101	0	108	0	109	0	90	0	101	5	93	0	111	0	84	0	103	0	109	0	103	0
S48	T	A	128	0	104	0	91	0	84	0	103	8	107	0	98	0	107	0	95	0	100	0	102	0
S49	G	C	102	0	97	0	99	0	103	0	79	1	109	0	97	0	106	0	81	0	100	0	91	0
S50	G	C	112	0	107	0	87	0	110	0	83	10	84	0	117	0	105	0	91	0	112	0	104	0
S51	T	G	111	0	105	0	111	0	106	0	105	5	89	0	99	0	97	0	97	0	114	0	101	0
S52	G	T	105	0	79	0	113	0	85	0	103	10	118	0	99	0	88	0	87	0	109	0	92	0
S53	A	C	108	0	113	0	96	0	97	0	107	0	96	0	112	0	114	0	68	25	80	17	100	0
S54	G	A	109	0	100	0	98	0	104	0	125	0	104	0	114	0	102	0	103	14	71	14	101	0
S55	T	A	109	0	97	0	102	0	125	0	101	0	95	0	86	0	124	0	74	19	87	18	108	0
S56	T	C	100	0	106	0	98	0	96	0	110	0	87	0	97	0	105	0	96	16	96	11	96	0
S57	C	G	95	0	107	0	112	0	86	0	91	0	84	0	120	0	88	0	85	11	94	17	101	0
S58	C	G	94	0	99	0	118	0	120	0	99	0	102	0	109	0	104	0	76	20	80	18	110	0
S59	T	G	101	0	98	0	101	0	97	0	80	0	126	0	104	0	102	0	63	10	83	17	107	0
S60	C	A	102	0	98	0	90	0	100	0	94	0	107	0	108	0	110	0	81	15	86	16	112	0
S61	C	T	97	0	96	0	99	0	90	0	97	0	84	0	91	0	89	0	98	10	104	0	114	0
S62	A	T	85	0	87	0	95	0	87	0	97	0	108	0	105	0	94	0	95	13	104	0	101	0
S63	T	A	115	0	80	0	98	0	113	0	100	0	99	0	75	0	103	0	94	20	93	0	107	0
S64	T	C	105	0	99	0	93	0	97	0	95	0	92	0	91	0	108	0	92	12	97	0	93	0
S65	A	G	99	0	112	0	109	0	100	0	89	0	99	0	96	0	114	0	88	5	97	0	104	0
S66	G	A	113	0	99	0	105	0	92	0	98	0	108	0	95	0	94	0	82	9	108	0	93	0
S67	C	A	103	0	92	0	96	0	95	0	95	0	111	0	115	0	100	0	92	9	101	0	91	0
S68	G	C	100	0	76	0	105	0	98	0	116	0	105	0	106	0	98	0	109	0	100	3	118	0
S69	T	G	91	0	86	0	95	0	91	0	100	0	86	0	90	0	106	0	103	0	87	9	98	0
S70	A	T	92	0	93	0	65	26	82	18	105	0	111	0	97	0	111	0	99	0	104	0	107	0
S71	T	C	96	6	81	24	116	0	102	0	99	0	74	0	92	0	80	0	86	0	98	0	108	0
S72	G	A	86	4	92	18	88	0	97	0	109	0	109	0	102	0	102	0	109	0	97	0	87	0
S73	C	A	110	6	84	11	79	0	108	0	104	0	94	0	82	0	98	0	99	0	106	0	107	0
S74	A	T	94	3	77	14	81	0	102	0	98	0	110	0	105	0	111	0	109	0	108	0	109	0
S75	G	C	88	6	95	14	97	0	111	0	118	0	109	0	87	0	101	0	101	0	96	0	105	0
