SNVID	Wild	Mut	R1:ref	R1:alt	R2:ref	R2:alt	R3:ref	R3:alt	R4:ref	R4:alt	R5:ref	R5:alt	R6:ref	R6:alt	R7:ref	R7:alt	R8:ref	R8:alt	R9:ref	R9:alt	R10:ref	R10:alt	R11:ref	R11:alt	
S1	C	T	72	16	80	25	69	25	96	20	80	18	103	6	92	9	94	16	75	15	63	18	81	23
S2	T	C	102	20	79	22	94	25	75	15	99	9	91	14	85	12	84	22	77	19	77	14	72	33
S3	C	T	72	20	88	15	75	25	81	22	79	14	83	12	88	4	87	19	67	17	72	20	84	31
S4	C	T	77	18	99	19	71	25	73	21	58	25	107	11	102	7	90	18	85	16	74	18	75	27
S5	A	T	75	17	77	17	76	22	87	16	84	11	79	13	92	11	69	18	74	23	90	15	85	13
S6	T	A	77	22	70	17	88	14	92	12	85	16	98	14	88	11	93	19	91	15	109	20	84	23
S7	C	T	81	15	78	17	89	23	74	19	103	4	94	0	104	0	100	0	70	16	68	17	70	15
S8	G	T	94	0	106	0	107	0	111	0	83	9	88	15	82	10	65	20	94	0	110	0	96	0
S9	A	G	106	0	91	0	86	0	105	0	87	0	83	0	102	0	83	15	105	0	89	0	109	0
S10	G	C	103	0	110	0	100	0	111	0	95	0	101	0	104	0	80	10	101	0	99	0	107	0
S11	T	G	95	0	101	0	104	0	90	0	108	0	103	0	106	0	98	13	102	0	103	0	123	0
S12	T	C	97	0	113	0	103	0	112	0	97	0	103	0	103	0	84	13	100	0	123	0	89	0
S13	G	A	85	0	99	0	107	0	116	0	103	0	96	0	94	0	94	4	90	0	101	0	114	0
S14	C	T	102	0	109	0	99	0	81	0	96	0	108	0	99	0	68	13	124	0	103	0	82	0
S15	G	C	92	0	109	0	95	0	104	0	103	0	89	0	80	0	105	15	101	0	89	0	102	0
S16	A	T	113	0	107	0	93	0	109	0	98	0	85	0	97	0	79	12	113	0	109	0	98	0
S17	A	G	115	0	106	0	126	0	93	0	105	0	98	0	108	0	104	11	100	0	132	0	112	0
S18	C	T	98	0	89	0	118	0	101	0	113	0	74	11	107	0	93	0	102	0	95	0	108	0
S19	T	C	99	0	114	0	98	0	92	0	103	0	68	8	99	0	106	0	113	0	102	0	90	0
S20	T	G	94	17	69	17	98	25	72	15	106	0	96	0	89	0	102	0	80	0	102	0	101	0
S21	G	A	92	25	83	23	79	21	82	15	109	0	89	0	90	0	96	0	92	0	88	0	84	0
S22	C	G	86	18	58	22	96	19	108	8	108	0	94	0	101	0	121	0	87	0	99	0	105	0
S23	T	A	71	19	93	17	96	18	94	8	98	0	98	0	113	0	113	0	98	0	88	0	94	0
S24	A	T	71	30	80	22	93	13	76	18	84	0	106	0	84	0	103	0	96	0	100	0	97	0
S25	C	G	61	20	77	25	88	16	100	9	100	0	97	0	95	0	124	0	128	0	87	0	113	0
S26	A	C	79	19	104	16	94	22	89	20	106	0	107	0	92	0	91	0	104	0	90	0	103	0
S27	T	C	127	0	103	0	106	0	110	0	89	0	108	0	109	0	95	0	93	0	110	0	101	17
S28	A	G	109	0	98	0	89	0	102	0	93	0	94	0	104	0	104	0	88	0	97	0	70	25
S29	A	C	95	0	107	0	89	0	108	0	103	0	98	0	74	0	96	0	102	0	103	0	84	18
S30	C	A	103	0	111	0	101	0	102	0	104	0	115	0	96	0	112	0	99	0	92	0	75	19
S31	C	G	102	0	98	0	98	0	103	0	100	0	96	0	112	0	110	0	104	0	98	0	84	23
S32	T	C	91	0	97	0	101	0	107	0	99	0	96	0	94	0	115	0	103	0	95	0	65	24
S33	T	A	122	0	106	0	99	0	108	0	97	0	92	0	99	0	111	0	108	0	97	0	90	21
S34	C	T	104	0	84	0	89	0	111	0	94	4	95	0	107	0	103	0	80	25	98	17	86	0
S35	T	A	102	0	88	0	99	0	106	0	101	4	102	0	115	0	104	0	92	14	89	13	100	0
S36	C	T	91	0	100	0	90	0	103	0	74	7	91	0	90	0	106	0	89	18	77	12	133	0
S37	A	C	106	0	88	0	104	0	107	0	117	2	98	0	89	0	97	0	83	15	82	24	92	0
S38	C	T	104	0	105	0	120	0	95	0	95	5	120	0	91	0	111	0	83	16	95	15	113	0
S39	T	C	89	0	89	0	107	0	98	0	99	8	74	0	105	0	105	0	104	0	102	0	100	0
S40	G	A	102	0	118	0	117	0	93	0	99	7	130	0	100	0	110	0	97	0	94	0	124	0
S41	T	A	99	0	96	0	101	0	123	0	95	4	81	0	98	0	99	0	117	0	112	0	97	0
S42	A	T	105	0	107	0	102	0	103	0	72	3	104	0	102	0	113	0	114	0	99	0	103	0
S43	C	T	94	0	111	0	103	0	102	0	96	3	104	0	100	0	113	0	91	0	111	0	92	0
S44	C	T	94	0	96	0	101	0	100	0	104	8	114	0	100	0	97	0	104	0	110	0	97	0
S45	C	T	111	0	111	0	109	0	105	0	104	5	110	0	107	0	102	0	109	0	122	0	91	0
S46	T	C	100	0	114	0	127	0	109	0	104	6	119	0	86	0	94	0	101	0	86	0	89	0
S47	T	C	100	0	126	0	106	0	106	0	98	0	85	0	99	0	98	0	86	11	97	16	103	0
S48	T	G	101	0	91	0	102	0	100	0	97	0	99	0	114	0	79	0	72	19	64	14	92	0
S49	G	C	103	0	103	0	109	0	90	0	108	0	81	0	103	0	120	0	105	18	91	14	88	0
S50	C	A	116	0	108	0	78	0	83	0	122	0	94	0	110	0	113	0	87	12	82	28	93	0
S51	C	A	86	0	103	0	96	0	107	0	78	0	83	0	91	0	90	0	92	24	88	21	95	0
S52	G	C	92	0	114	0	91	0	106	0	96	0	103	0	105	0	84	0	88	14	78	19	100	0
S53	T	A	99	0	106	0	95	0	95	0	90	0	103	0	101	0	105	0	101	9	90	13	102	0
S54	C	A	105	0	109	0	107	0	93	0	101	0	91	0	90	0	101	0	71	14	91	19	90	0
S55	T	A	100	0	111	0	80	0	94	0	99	0	94	0	99	0	85	0	97	16	65	17	98	0
S56	G	A	99	0	85	0	99	0	98	0	108	0	133	0	90	0	97	0	65	12	92	16	97	0
S57	C	A	103	0	91	0	110	0	107	0	110	0	100	0	96	0	104	0	87	13	98	0	101	0
S58	G	T	97	0	97	0	107	0	98	0	108	0	103	0	114	0	103	0	100	7	105	0	117	0
S59	G	A	96	0	110	0	109	0	91	0	98	0	95	0	122	0	103	0	89	3	93	0	102	0
S60	C	T	107	0	111	0	104	0	82	0	85	0	103	0	102	0	124	0	89	8	118	0	93	0
S61	C	T	102	0	107	0	95	0	101	0	83	0	88	0	99	0	103	0	101	8	106	0	96	0
S62	A	G	96	0	98	0	97	0	101	0	91	0	127	0	105	0	97	0	95	5	97	0	87	0
S63	A	G	107	0	86	0	92	0	112	0	103	0	100	0	93	0	80	0	109	5	100	0	115	0
S64	C	G	91	0	99	0	98	0	104	0	89	0	115	0	108	0	97	0	78	13	115	0	103	0
S65	C	T	98	0	96	0	89	0	93	0	113	0	92	0	107	0	114	0	107	5	85	0	105	0
S66	T	G	103	0	81	0	113	0	116	0	98	0	98	0	102	0	80	0	92	10	85	0	111	0
S67	G	C	82	0	91	0	95	0	99	0	103	0	116	0	94	0	93	0	114	0	106	7	99	0
S68	T	G	101	0	112	0	89	0	87	0	99	0	101	0	94	0	104	0	105	0	109	4	92	0
S69	A	G	97	0	100	0	74	25	78	17	97	0	108	0	115	0	90	0	103	0	95	0	109	0
S70	G	T	106	5	86	21	94	0	96	0	102	0	102	0	89	0	99	0	94	0	102	0	105	0
S71	A	C	91	6	84	19	112	0	95	0	104	0	112	0	92	0	113	0	101	0	100	0	120	0
S72	G	T	87	5	86	22	108	0	105	0	98	0	113	0	93	0	94	0	80	0	105	0	93	0
S73	T	G	112	4	68	17	105	0	101	0	70	0	97	0	108	0	92	0	86	0	88	0	104	0
S74	C	T	89	4	80	17	74	0	116	0	113	0	113	0	107	0	95	0	106	0	99	0	85	0
