SNVID	Wild	Mut	R1:ref	R1:alt	R2:ref	R2:alt	R3:ref	R3:alt	R4:ref	R4:alt	R5:ref	R5:alt	R6:ref	R6:alt	R7:ref	R7:alt	R8:ref	R8:alt	R9:ref	R9:alt	R10:ref	R10:alt	R11:ref	R11:alt	
S1	T	A	94	21	93	11	102	11	87	10	80	17	74	8	84	8	96	18	73	22	94	19	82	17
S2	G	T	63	24	71	20	92	24	77	13	69	17	83	17	92	9	56	20	74	13	80	23	78	24
S3	C	A	84	22	94	19	70	19	99	9	83	17	81	14	85	11	77	15	85	13	91	17	87	17
S4	C	G	75	22	70	19	82	18	74	14	69	19	75	12	97	12	96	11	76	19	82	21	64	26
S5	A	T	80	24	70	21	79	26	85	10	91	17	87	12	95	7	92	16	94	19	77	23	74	20
S6	T	A	89	14	91	8	72	20	100	9	99	6	89	0	89	0	105	0	93	17	69	14	86	20
S7	C	G	115	0	93	0	104	0	102	0	90	9	75	13	99	12	66	19	106	0	114	0	99	0
S8	A	T	82	0	105	0	106	0	85	0	104	0	108	0	107	0	86	16	100	0	91	0	100	0
S9	A	G	103	0	109	0	99	0	89	0	99	0	102	0	123	0	91	9	100	0	91	0	95	0
S10	T	A	97	0	98	0	95	0	107	0	104	0	89	0	104	0	92	12	102	0	103	0	107	0
S11	T	C	102	0	99	0	104	0	102	0	89	0	109	0	93	0	86	12	93	0	110	0	101	0
S12	A	T	85	0	94	0	100	0	85	0	105	0	122	0	99	0	91	13	111	0	117	0	87	0
S13	C	G	97	0	112	0	103	0	79	0	95	0	106	0	79	0	98	12	99	0	100	0	109	0
S14	G	T	114	0	92	0	103	0	107	0	79	0	68	9	106	0	100	0	101	0	100	0	121	0
S15	C	T	105	18	80	9	65	18	82	16	100	0	107	0	110	0	97	0	92	0	107	0	99	0
S16	C	G	74	25	101	19	86	19	80	17	88	0	96	0	103	0	79	0	100	0	84	0	104	0
S17	G	C	69	26	69	17	82	20	93	11	107	0	108	0	82	0	115	0	82	0	117	0	107	0
S18	A	T	71	21	76	14	89	21	99	13	92	0	102	0	102	0	80	0	92	0	108	0	111	0
S19	C	G	68	13	95	10	58	21	80	19	89	0	117	0	102	0	101	0	104	0	99	0	110	0
S20	T	C	100	20	93	13	99	19	84	10	95	0	105	0	98	0	96	0	83	0	98	0	106	0
S21	G	T	83	19	87	16	61	17	80	14	118	0	124	0	92	0	124	0	101	0	109	0	102	0
S22	G	T	57	21	74	18	83	19	87	14	104	0	101	0	87	0	110	0	97	0	105	0	104	0
S23	T	C	73	25	87	15	76	24	94	18	120	0	105	0	97	0	95	0	111	0	110	0	93	0
S24	G	A	76	25	88	23	82	15	75	19	91	0	83	0	101	0	109	0	96	0	99	0	100	0
S25	C	G	101	0	93	0	124	0	97	0	107	0	95	0	77	0	112	0	86	0	113	0	78	21
S26	G	C	98	0	115	0	103	0	99	0	93	0	111	0	95	0	97	0	113	0	98	0	86	17
S27	C	A	108	0	95	0	114	0	94	0	91	0	99	0	71	0	98	0	95	0	91	0	69	21
S28	T	A	99	0	101	0	104	0	111	0	106	0	96	0	97	0	110	0	92	0	90	0	80	21
S29	C	A	105	0	107	0	94	0	98	0	75	0	101	0	106	0	122	0	90	0	116	0	88	20
S30	C	A	84	0	114	0	102	0	92	0	110	0	108	0	103	0	107	0	100	0	96	0	81	28
S31	G	T	101	0	99	0	107	0	86	0	100	0	95	0	94	0	105	0	114	0	101	0	73	21
S32	G	C	113	0	102	0	107	0	103	0	85	0	94	0	94	0	118	0	108	0	96	0	86	12
S33	A	T	95	0	98	0	111	0	97	0	92	9	102	0	91	0	84	0	87	10	70	23	122	0
S34	A	C	97	0	105	0	106	0	106	0	91	2	98	0	118	0	99	0	87	13	89	19	86	0
S35	A	T	105	0	103	0	97	0	104	0	92	3	84	0	91	0	97	0	91	11	96	17	89	0
S36	G	C	94	0	107	0	94	0	101	0	94	7	102	0	109	0	99	0	88	16	80	23	92	0
S37	G	A	95	0	105	0	102	0	97	0	107	3	102	0	89	0	115	0	87	10	87	17	111	0
S38	G	T	102	0	85	0	107	0	103	0	94	4	98	0	94	0	80	0	88	18	91	14	90	0
S39	G	C	101	0	75	0	109	0	115	0	112	6	91	0	102	0	112	0	98	12	87	18	107	0
S40	C	A	97	0	101	0	116	0	107	0	90	8	95	0	88	0	93	0	78	14	91	16	116	0
S41	C	G	87	0	100	0	105	0	90	0	91	10	97	0	91	0	93	0	80	19	80	19	90	0
S42	G	C	109	0	97	0	108	0	103	0	98	6	94	0	92	0	95	0	86	11	87	14	107	0
S43	G	T	97	0	118	0	100	0	102	0	97	7	109	0	95	0	104	0	101	0	95	0	101	0
S44	C	G	109	0	116	0	92	0	97	0	91	3	100	0	100	0	75	0	102	0	110	0	109	0
S45	C	A	97	0	107	0	106	0	106	0	75	3	106	0	103	0	95	0	88	0	115	0	100	0
S46	A	C	114	0	111	0	89	0	92	0	85	7	98	0	90	0	111	0	104	0	106	0	98	0
S47	T	A	83	0	82	0	103	0	89	0	93	4	104	0	91	0	103	0	104	0	100	0	84	0
S48	G	T	93	0	94	0	98	0	90	0	112	5	112	0	93	0	93	0	103	0	75	0	109	0
S49	G	C	86	0	101	0	94	0	102	0	107	8	88	0	99	0	110	0	100	0	97	0	105	0
S50	T	C	108	0	86	0	116	0	90	0	109	9	90	0	94	0	99	0	98	0	92	0	103	0
S51	C	A	96	0	84	0	118	0	94	0	92	5	95	0	110	0	101	0	111	0	100	0	88	0
S52	C	G	117	0	91	0	106	0	109	0	104	0	89	0	108	0	98	0	86	18	83	19	92	0
S53	A	G	101	0	114	0	93	0	100	0	104	0	111	0	80	0	102	0	84	16	90	18	93	0
S54	A	T	85	0	112	0	89	0	112	0	102	0	89	0	91	0	97	0	69	14	72	20	93	0
S55	A	C	111	0	113	0	102	0	99	0	95	0	105	0	81	0	106	0	91	13	67	24	109	0
S56	T	C	112	0	87	0	95	0	108	0	96	0	108	0	114	0	90	0	92	13	73	18	91	0
S57	C	T	103	0	93	0	97	0	108	0	94	0	93	0	98	0	108	0	90	10	94	19	110	0
S58	G	T	109	0	75	0	100	0	113	0	97	0	104	0	103	0	88	0	93	6	82	15	103	0
S59	G	A	99	0	87	0	101	0	118	0	98	0	90	0	101	0	105	0	77	10	79	21	108	0
S60	C	A	99	0	90	0	102	0	95	0	94	0	95	0	96	0	94	0	97	12	95	17	95	0
S61	C	G	95	0	100	0	112	0	96	0	96	0	98	0	90	0	104	0	67	14	104	0	90	0
S62	G	A	111	0	92	0	104	0	98	0	90	0	90	0	113	0	97	0	85	14	109	0	133	0
S63	C	T	97	0	96	0	95	0	111	0	101	0	120	0	110	0	99	0	94	8	85	0	97	0
S64	C	T	95	0	107	0	102	0	83	0	105	0	116	0	97	0	106	0	88	9	93	0	100	0
S65	A	C	101	0	100	0	104	0	100	0	96	0	98	0	96	0	95	0	87	13	109	0	100	0
S66	T	G	106	0	96	0	114	0	94	0	99	0	101	0	90	0	89	0	91	8	113	0	97	0
S67	T	C	112	0	89	0	90	0	89	0	75	0	106	0	103	0	102	0	100	0	106	6	99	0
S68	T	A	109	0	111	0	88	17	82	17	116	0	109	0	115	0	102	0	109	0	85	0	101	0
S69	C	A	97	3	75	23	92	0	86	0	77	0	98	0	118	0	104	0	94	0	86	0	96	0
S70	C	G	84	8	86	19	95	0	107	0	94	0	114	0	111	0	85	0	87	0	98	0	87	0
S71	T	C	101	6	68	18	106	0	104	0	92	0	101	0	106	0	105	0	109	0	103	0	88	0
S72	A	C	96	6	76	20	121	0	86	0	96	0	99	0	91	0	105	0	105	0	94	0	106	0
S73	A	T	93	8	96	13	95	0	82	0	102	0	98	0	87	0	98	0	98	0	93	0	118	0
S74	G	C	91	1	93	17	88	0	102	0	86	0	93	0	98	0	120	0	80	0	111	0	94	0
