chr	posStart	posEnd	length	chrIdxStart	chrIdxEnd	numProbe	log2ratio.Mean	log2ratio.SD	log2ratio.Median	log2ratio.MAD	log2mBAF.Mean	log2mBAF.SD	log2mBAF.Median	log2mBAF.MAD	Sample_ID	remark	log2ratio.base.Mean	log2ratio.base.Median	log2ratio.Sigma	log2mBAF.base.Mean	log2mBAF.base.Median	log2mBAF.Sigma	log2ratio.Mean.adj	log2ratio.Median.adj	log2mBAF.Mean.adj	log2mBAF.Median.adj	log2ratio.p.value	log2mBAF.p.value	p.value	CNV
chr1	881627	248814126	247932500	1	1968	1968	-0.254067330034691	0.510006435661533	-0.309825846741484	0.417963348020138	0.498700055737318	0.230761298069811	0.562686797324295	0.174495603618077	ATP456_Met5T	0	0.176623581313678	0.183526006159244	0.307268969406592	0.0357778254401912	0.0204641025597157	0.121530849285978	-0.430690911348369	-0.493351852900728	0.462922230297127	0.542222694764579	0	0	0	loss
chr2	224970	242690675	242465706	1	1418	1418	0.175461440530272	0.364235458187769	0.173527401962232	0.345615395348674	0.0304007714742746	0.123859329770789	0.0170286536760817	0.116806295535941	ATP456_Met5T	0	0.176623581313678	0.183526006159244	0.307268969406592	0.0357778254401912	0.0204641025597157	0.121530849285978	-0.00116214078340618	-0.0099986041970124	-0.00537705396591655	-0.00343544888363398	0.95	0.744	0.97	normal
chr3	2924986	88199298	85274313	1	517	517	-0.054059955549727	0.451253978705053	-0.0690864805980428	0.523589470108934	0.64606578420913	0.118465119388143	0.652076696579693	0.120516085100052	ATP456_Met5T	0	0.176623581313678	0.183526006159244	0.307268969406592	0.0357778254401912	0.0204641025597157	0.121530849285978	-0.230683536863405	-0.252612486757287	0.610287958768938	0.631612594019977	0	0	0	loss
chr3	89456555	197765432	108308878	518	1163	646	0.114747100764569	0.339224889841367	0.123236788289044	0.312508936718087	0.027979791275981	0.128385101965093	0.0197056946713736	0.112956044544047	ATP456_Met5T	0	0.176623581313678	0.183526006159244	0.307268969406592	0.0357778254401912	0.0204641025597157	0.121530849285978	-0.0618764805491094	-0.0602892178701999	-0.00779803416421017	-0.000758407888342045	0.527	0.947	0.553	normal
chr4	266124	190878597	190612474	1	868	868	-0.21137497331868	0.481508484380377	-0.263184619785496	0.468374916099243	0.42319127230221	0.246566785067998	0.488518287207974	0.236339339020294	ATP456_Met5T	0	0.176623581313678	0.183526006159244	0.307268969406592	0.0357778254401912	0.0204641025597157	0.121530849285978	-0.387998554632358	-0.44671062594474	0.387413446862019	0.468054184648258	0	0	0	loss
chr5	205565	180687212	180481648	1	957	957	0.145863122225282	0.369846421995847	0.141737528562474	0.342338153559208	0.0262758428577995	0.11958420354426	0.0168435101634144	0.113305208821459	ATP456_Met5T	0	0.176623581313678	0.183526006159244	0.307268969406592	0.0357778254401912	0.0204641025597157	0.121530849285978	-0.0307604590883963	-0.0417884775967699	-0.00950198258239164	-0.00362059239630133	0.637	0.697	0.721	normal
chr6	348051	66204945	65856895	1	609	609	0.128347866621634	0.358027388343354	0.117284484837935	0.34761818504225	0.0395655586316995	0.138182301557629	0.0170735133589414	0.121211224335273	ATP456_Met5T	0	0.176623581313678	0.183526006159244	0.307268969406592	0.0357778254401912	0.0204641025597157	0.121530849285978	-0.0482757146920436	-0.0662415213213088	0.00378773319150826	-0.00339058920077428	0.442	0.743	0.483	normal
chr6	69666684	170862336	101195653	610	1071	462	-0.495334190096805	0.35451162790054	-0.4555727971947	0.315234333325226	0.573664155260124	0.121544980438517	0.576480250852341	0.115976365350642	ATP456_Met5T	0	0.176623581313678	0.183526006159244	0.307268969406592	0.0357778254401912	0.0204641025597157	0.121530849285978	-0.671957771410483	-0.639098803353944	0.537886329819933	0.556016148292625	0	0	0	loss
chr7	540158	158727276	158187119	1	976	976	0.497884087942369	0.420964443578637	0.495132834500634	0.391721969846138	0.224840226323925	0.147871763753877	0.22784797745094	0.143044791633875	ATP456_Met5T	0	0.176623581313678	0.183526006159244	0.307268969406592	0.0357778254401912	0.0204641025597157	0.121530849285978	0.321260506628691	0.31160682834139	0.189062400883734	0.207383874891225	0	0	0	gain
chr8	382957	37728019	37345063	1	257	257	-0.456146663340429	0.332191313431605	-0.42530306416142	0.334563716403574	0.56753007808751	0.148634317566973	0.586188199944087	0.132751655144593	ATP456_Met5T	0	0.176623581313678	0.183526006159244	0.307268969406592	0.0357778254401912	0.0204641025597157	0.121530849285978	-0.632770244654108	-0.608829070320664	0.531752252647319	0.565724097384371	0	0	0	loss
chr8	38810864	146171437	107360574	258	685	428	0.159393261272773	0.38163743404206	0.149249931625285	0.35500170549403	0.0347634770556629	0.135571929939653	0.0180857601843617	0.117728387500817	ATP456_Met5T	0	0.176623581313678	0.183526006159244	0.307268969406592	0.0357778254401912	0.0204641025597157	0.121530849285978	-0.0172303200409053	-0.0342760745339586	-0.00101434838452828	-0.00237834237535396	0.68	0.824	0.788	normal
chr9	271638	33568763	33297126	1	143	143	-0.608550896663995	0.4864055724055	-0.484551834447617	0.36413517574772	0.512699962670928	0.192217580040762	0.558768560175928	0.120588004498098	ATP456_Met5T	0	0.176623581313678	0.183526006159244	0.307268969406592	0.0357778254401912	0.0204641025597157	0.121530849285978	-0.785174477977673	-0.668077840606861	0.476922137230737	0.538304457616212	0	0	0	loss
chr9	33924136	140777306	106853171	144	765	622	0.183401984383225	0.368504523364306	0.191544407935943	0.355086647636397	0.0524757501790528	0.147491455460432	0.0342618417803637	0.137648585327925	ATP456_Met5T	0	0.176623581313678	0.183526006159244	0.307268969406592	0.0357778254401912	0.0204641025597157	0.121530849285978	0.00677840306954708	0.00801840177669855	0.0166979247388616	0.013797739220648	0.946	0.304	0.786	normal
chr10	94026	135351228	135257203	1	831	831	0.191613176702152	0.352540939589264	0.209206974278975	0.337754818241231	0.0222325239285001	0.125451766262147	0.00297156653129087	0.118758204980682	ATP456_Met5T	0	0.176623581313678	0.183526006159244	0.307268969406592	0.0357778254401912	0.0204641025597157	0.121530849285978	0.0149895953884737	0.0256809681197304	-0.0135453015116911	-0.0174925360284248	0.792	0.245	0.653	normal
chr11	193865	134241094	134047230	1	1071	1071	-0.143215989362559	0.423661781508757	-0.145469813230511	0.422346543411899	0.26813307316611	0.279439503354273	0.202816882999687	0.338537301563072	ATP456_Met5T	0	0.176623581313678	0.183526006159244	0.307268969406592	0.0357778254401912	0.0204641025597157	0.121530849285978	-0.319839570676237	-0.328995819389755	0.232355247725918	0.182352780439971	0	0	0	loss
chr12	336712	133780851	133444140	1	847	847	0.162769815263609	0.366878088910646	0.161795180903728	0.355797043495714	0.677476521732261	0.10907469749779	0.686827920504459	0.1006677989102	ATP456_Met5T	0	0.176623581313678	0.183526006159244	0.307268969406592	0.0357778254401912	0.0204641025597157	0.121530849285978	-0.0138537660500694	-0.0217308252555164	0.64169869629207	0.666363817944743	0.815	0	0	LOH
chr13	19751544	115037613	95286070	1	363	363	-0.418366773002385	0.338560268456376	-0.415017057175541	0.30700320433442	0.576318565216166	0.126944955795172	0.58880456701555	0.114459836346291	ATP456_Met5T	0	0.176623581313678	0.183526006159244	0.307268969406592	0.0357778254401912	0.0204641025597157	0.121530849285978	-0.594990354316063	-0.598543063334785	0.540540739775974	0.568340464455835	0	0	0	loss
chr14	19553764	107099190	87545427	1	738	738	0.186451992678051	0.344279732897001	0.211441978662283	0.334405436730093	0.0328368413963463	0.132081071255016	0.0158947256317286	0.120969509423419	ATP456_Met5T	0	0.176623581313678	0.183526006159244	0.307268969406592	0.0357778254401912	0.0204641025597157	0.121530849285978	0.00982841136437271	0.0279159725030389	-0.00294098404384487	-0.00456937692798714	0.743	0.656	0.824	normal
chr15	20170150	102261453	82091304	1	614	614	0.407091697220473	0.416442514713909	0.417476650074003	0.396295341554785	0.180720862043468	0.153248798455161	0.185711099233705	0.152369043106049	ATP456_Met5T	0	0.176623581313678	0.183526006159244	0.307268969406592	0.0357778254401912	0.0204641025597157	0.121530849285978	0.230468115906795	0.233950643914759	0.144943036603277	0.16524699667399	0	0	0	gain
chr16	334580	90141355	89806776	1	651	651	0.246986975407315	0.398357274405866	0.26887766350799	0.382116925562539	0.0544609086041125	0.144086786331321	0.0406419844973458	0.1397907892199	ATP456_Met5T	0	0.176623581313678	0.183526006159244	0.307268969406592	0.0357778254401912	0.0204641025597157	0.121530849285978	0.0703633940936373	0.0853516573487463	0.0186830831639213	0.0201778819376301	0.269	0.149	0.244	normal
chr17	11830	21318773	21306944	1	373	373	-0.395396156430947	0.371363128655938	-0.408946893176198	0.360059082328452	0.583581689961078	0.142224328877359	0.593309843434676	0.137009449282457	ATP456_Met5T	0	0.176623581313678	0.183526006159244	0.307268969406592	0.0357778254401912	0.0204641025597157	0.121530849285978	-0.572019737744625	-0.592472899335442	0.547803864520887	0.57284574087496	0	0	0	loss
chr17	21318897	81043175	59724279	374	994	621	0.253051422469546	0.377302952973588	0.25478800858787	0.365414091182726	0.03218602552865	0.136000255779603	0.014815997129441	0.118476086185876	ATP456_Met5T	0	0.176623581313678	0.183526006159244	0.307268969406592	0.0357778254401912	0.0204641025597157	0.121530849285978	0.0764278411558679	0.0712620024286261	-0.00359179991154116	-0.0056481054302747	0.357	0.569	0.428	normal
chr18	49515	22020543	21971029	1	132	132	0.141384319277302	0.342562704811806	0.147228942542723	0.312821379679149	0.0319922558686179	0.144056160816875	0.0170162623797696	0.133278121011675	ATP456_Met5T	0	0.176623581313678	0.183526006159244	0.307268969406592	0.0357778254401912	0.0204641025597157	0.121530849285978	-0.0352392620363762	-0.0362970636165206	-0.00378556957157326	-0.00344784017994614	0.714	0.783	0.779	normal
chr18	23873463	77805949	53932487	133	333	201	-0.486772143649414	0.346108625820874	-0.443681593476274	0.32028075505617	0.578319159518509	0.12784277849709	0.579284188478641	0.120236548719957	ATP456_Met5T	0	0.176623581313678	0.183526006159244	0.307268969406592	0.0357778254401912	0.0204641025597157	0.121530849285978	-0.663395724963092	-0.627207599635518	0.542541334078318	0.558820085918925	0	0	0	loss
chr19	281360	56549532	56268173	1	1049	1049	-0.378846553172205	0.401191578776839	-0.380215174632882	0.355032194779384	0.570777492039673	0.160215364295467	0.591973060487183	0.142452556759469	ATP456_Met5T	0	0.176623581313678	0.183526006159244	0.307268969406592	0.0357778254401912	0.0204641025597157	0.121530849285978	-0.555470134485883	-0.563741180792126	0.534999666599482	0.571508957927467	0	0	0	loss
chr19	56691912	59082605	2390694	1050	1137	88	0.41089606291951	0.361772597314529	0.469766183023541	0.319125851664956	0.0123045953328879	0.125546566253875	0	0.127891534324535	ATP456_Met5T	0	0.176623581313678	0.183526006159244	0.307268969406592	0.0357778254401912	0.0204641025597157	0.121530849285978	0.234272481605832	0.286240176864297	-0.0234732301073033	-0.0204641025597157	0	0.265	0	undecided
chr20	76962	62859179	62782218	1	479	479	0.166790187264022	0.376231118010088	0.175600980428758	0.364229086815609	0.063942752166393	0.142531656901467	0.0497336897680923	0.130741582995621	ATP456_Met5T	0	0.176623581313678	0.183526006159244	0.307268969406592	0.0357778254401912	0.0204641025597157	0.121530849285978	-0.00983339404965611	-0.00792502573048579	0.0281649267262018	0.0292695872083766	0.953	0.036	0.455	undecided
chr21	10916293	47987547	37071255	1	231	231	-0.416454232942307	0.379841751551852	-0.407630632213282	0.358142426658975	0.569528961658715	0.141114497445981	0.581254451943595	0.128584173485979	ATP456_Met5T	0	0.176623581313678	0.183526006159244	0.307268969406592	0.0357778254401912	0.0204641025597157	0.121530849285978	-0.593077814255985	-0.591156638372526	0.533751136218524	0.560790349383879	0	0	0	loss
chr22	17586471	51117580	33531110	1	330	330	-0.361826156496611	0.373839789018873	-0.357520024935127	0.340616950109645	0.58854844933584	0.12976116258201	0.594671352059947	0.122025399444928	ATP456_Met5T	0	0.176623581313678	0.183526006159244	0.307268969406592	0.0357778254401912	0.0204641025597157	0.121530849285978	-0.538449737810289	-0.541046031094371	0.552770623895649	0.574207249500231	0	0	0	loss
