Chr	Posi	Wild	Mut	Met1T:ref	Met1T:alt	Met2T:ref	Met2T:alt	Met3T:ref	Met3T:alt	PrimT:ref	PrimT:alt
20	2375160.0	G	T	59	37	50	34	49	44	64	53
20	2375160.1	G	C	59	0	50	0	49	1	64	0
16	47545580.0	A	T	26	131	0	69	22	89	4	63
11	102642804.0	T	G	204	24	140	0	163	0	125	0
11	102642804.1	T	A	204	0	140	0	163	0	125	1
6	151670621.0	C	A	68	0	65	0	60	0	76	13
3	164709178.0	G	A	216	176	113	100	130	104	114	112
3	164709178.1	G	T	216	0	113	0	130	1	114	0
X	27766809.0	T	A	12	8	10	5	20	10	13	12
22	25294250.0	G	A	21	17	19	19	14	18	30	16
2	9098625.0	C	T	78	64	62	62	71	48	41	56
2	9098625.1	C	A	78	0	62	1	71	0	41	0
2	9098625.2	C	G	78	0	62	1	71	0	41	0
9	134070621.0	A	T	232	1	204	1	220	0	211	0
9	134070621.1	A	G	232	161	204	159	220	175	211	189
9	134070621.2	A	C	232	0	204	1	220	0	211	0
9	33798079.0	T	C	158	25	132	7	185	2	165	14
11	26702701.0	T	G	187	5	107	2	143	3	91	12
11	26702701.1	T	C	187	1	107	0	143	0	91	0
4	20550685.0	T	C	88	341	21	197	286	0	225	196
17	80054197.0	G	A	274	1	284	71	300	1	360	0
17	80054197.1	G	T	274	3	284	0	300	0	360	0
17	80054197.2	G	C	274	0	284	1	300	1	360	0
10	124351787.0	G	A	502	3	394	1	475	1	391	0
10	124351787.1	G	T	502	363	394	254	475	288	391	299
10	124351787.2	G	C	502	0	394	0	475	1	391	1
1	248436326.0	C	T	464	56	320	35	386	50	325	37
17	21319039.0	G	T	67	12	91	13	75	11	100	13
2	160043412.0	G	A	126	112	145	115	153	92	155	127
2	160043412.1	G	T	126	2	145	0	153	1	155	0
2	160043412.2	G	C	126	0	145	1	153	0	155	1
6	69703683.0	G	T	178	162	120	73	133	92	129	92
6	69703683.1	G	C	178	1	120	0	133	1	129	0
1	114682306.0	G	A	270	0	233	0	105	81	249	0
1	114682306.1	G	T	270	0	233	0	105	1	249	0
12	11546589.0	T	A	348	0	311	0	188	0	312	39
1	185958655.0	T	G	174	1	95	0	104	0	118	22
5	24488159.0	C	T	40	1	21	0	47	0	25	0
5	24488159.1	C	G	40	204	21	124	47	146	25	148
5	24488159.2	C	A	40	0	21	0	47	1	25	0
12	71031171.0	T	A	325	0	178	0	115	85	192	0
12	71031171.1	T	C	325	0	178	0	115	3	192	0
1	237791371.0	G	A	201	1	142	0	165	0	132	0
1	237791371.1	G	T	201	131	142	94	165	130	132	102
7	31614282.0	C	A	103	94	70	47	74	79	71	79
7	31614282.1	C	G	103	0	70	0	74	0	71	1
2	240985192.0	G	A	34	31	28	24	44	32	43	41
X	76938839.0	C	A	17	36	15	28	31	25	15	13
5	176935438.0	C	A	55	0	40	1	27	0	67	0
5	176935438.1	C	G	55	0	40	20	27	0	67	0
7	138874107.0	G	A	17	90	1	58	84	0	17	65
7	138874107.1	G	T	17	0	1	1	84	0	17	0
12	14943462.0	G	A	281	0	268	0	264	1	170	79
6	117589513.0	C	G	104	67	69	65	91	71	79	78
6	117589513.1	C	T	104	0	69	0	91	1	79	0
20	1630045.0	C	T	100	0	39	49	82	0	75	0
3	113063475.0	C	T	124	1	81	4	86	1	64	3
3	113063475.1	C	G	124	98	81	54	86	50	64	56
2	202260123.0	C	A	214	1	135	0	147	0	162	0
2	202260123.1	C	T	214	199	135	127	147	133	162	136
4	123283303.0	G	A	111	2	65	1	83	66	49	51
14	35777291.0	A	C	122	86	117	104	107	88	100	98
14	35777291.1	A	T	122	0	117	1	107	0	100	0
14	35777291.2	A	G	122	0	117	1	107	0	100	0
16	67270901.0	G	T	52	1	56	2	51	6	58	1
16	67270901.1	G	A	52	0	56	0	51	0	58	1
19	54849424.0	C	T	127	1	64	0	110	0	155	0
19	54849424.1	C	G	127	0	64	73	110	0	155	0
10	76910532.0	T	G	180	0	123	0	163	31	159	0
10	118666138.0	T	A	368	1	231	0	248	0	216	2
10	118666138.1	T	C	368	297	231	190	248	199	216	193
10	118666138.2	T	G	368	0	231	0	248	1	216	0
6	89974157.0	G	T	106	1	119	0	103	0	131	0
6	89974157.1	G	C	106	113	119	89	103	74	131	102
6	89974157.2	G	A	106	0	119	0	103	1	131	0
14	20296187.0	G	A	525	1	428	0	508	0	504	0
14	20296187.1	G	T	525	2	428	0	508	2	504	0
14	20296187.2	G	C	525	98	428	78	508	88	504	92
X	25031227.0	C	G	37	30	34	24	31	22	44	39
19	54823333.0	G	A	205	1	155	0	175	0	195	0
19	54823333.1	G	C	205	162	155	138	175	157	195	172
19	54823333.2	G	T	205	0	155	1	175	0	195	0
19	54823334.0	G	A	202	1	145	0	167	0	189	0
19	54823334.1	G	T	202	159	145	136	167	157	189	170
19	54823334.2	G	C	202	0	145	0	167	1	189	1
X	19533138.0	G	T	10	6	7	17	16	9	18	12
19	38709622.0	C	T	215	31	296	0	262	0	302	0
15	72958148.0	C	A	185	32	140	26	183	34	198	36
X	49113234.0	G	T	86	66	84	55	79	60	126	68
X	49113234.1	G	C	86	0	84	1	79	0	126	0
10	37486215.0	C	A	419	339	249	199	336	245	262	207
10	37486215.1	C	T	419	1	249	2	336	0	262	0
10	37486215.2	C	G	419	1	249	1	336	0	262	0
8	68989661.0	G	T	191	275	149	201	126	231	128	207
8	68989661.1	G	A	191	0	149	0	126	1	128	2
8	74440023.0	C	T	462	0	226	31	363	0	300	0
4	164271670.0	A	T	252	0	155	0	374	0	258	28
2	128700040.0	T	A	445	2	303	0	394	0	297	0
2	128700040.1	T	C	445	331	303	241	394	241	297	254
2	128700040.2	T	G	445	0	303	0	394	0	297	2
3	189526193.0	A	T	182	138	124	101	113	106	136	109
3	189526193.1	A	G	182	2	124	1	113	0	136	0
3	189526193.2	A	C	182	2	124	2	113	0	136	1
7	99758316.0	G	C	33	0	23	0	40	0	52	6
11	100846826.0	G	A	92	1	56	0	66	14	64	0
11	100846826.1	G	T	92	0	56	0	66	0	64	1
7	94257572.0	T	C	20	181	5	120	114	0	22	73
13	67799556.0	C	G	100	73	82	38	97	51	88	72
1	179437777.0	G	A	138	2	85	0	83	1	78	0
1	179437777.1	G	T	138	1	85	0	83	0	78	0
1	179437777.2	G	C	138	98	85	47	83	59	78	60
19	40433018.0	G	A	92	75	77	76	96	65	118	106
12	120600728.0	T	G	122	117	125	102	108	109	135	136
12	120600728.1	T	C	122	0	125	0	108	1	135	0
5	95072725.0	A	T	123	32	54	0	101	0	90	0
2	120395948.0	C	T	173	141	136	96	115	91	116	117
2	120395948.1	C	A	173	0	136	0	115	1	116	0
13	25030498.0	T	A	85	0	77	0	18	66	73	0
11	62296331.0	G	A	176	123	110	86	154	110	153	109
11	62296331.1	G	T	176	2	110	0	154	2	153	0
11	62296331.2	G	C	176	0	110	0	154	0	153	1
19	5783848.0	G	C	51	31	55	57	44	31	51	44
19	5783848.1	G	T	51	0	55	1	44	0	51	2
17	66364775.0	G	C	71	69	75	59	65	60	89	73
17	66364775.1	G	T	71	0	75	1	65	1	89	0
17	66364775.2	G	A	71	0	75	0	65	0	89	1
19	47960277.0	G	A	92	1	95	46	71	0	179	0
1	247582222.0	G	C	42	33	39	26	42	28	35	33
X	69497299.0	C	A	251	150	197	142	201	156	236	153
X	69497299.1	C	T	251	1	197	2	201	1	236	0
X	69497299.2	C	G	251	2	197	2	201	1	236	4
X	151870097.0	G	T	344	150	267	104	392	112	291	110
X	151870097.1	G	C	344	36	267	7	392	10	291	21
X	151870097.2	G	A	344	0	267	0	392	2	291	3
13	108518604.0	G	A	13	1	9	0	5	0	7	0
13	108518604.1	G	T	13	5	9	4	5	2	7	9
20	53208302.0	G	T	250	1	95	0	193	0	192	0
20	53208302.1	G	A	250	0	95	85	193	0	192	1
20	53208302.2	G	C	250	0	95	2	193	0	192	0
19	17119316.0	G	A	234	1	277	0	157	124	309	0
19	17119316.1	G	T	234	0	277	0	157	2	309	0
10	118215302.0	G	T	82	75	60	49	71	69	66	60
10	118215302.1	G	C	82	1	60	1	71	1	66	0
19	6430135.0	C	A	156	0	92	63	139	0	190	0
2	62069443.0	T	G	148	1	97	0	153	0	109	0
2	62069443.1	T	C	148	119	97	87	153	97	109	108
2	62069443.2	T	A	148	0	97	2	153	0	109	0
X	44929400.0	G	T	211	140	164	107	194	112	146	128
18	7013894.0	T	A	101	76	80	73	96	77	91	96
18	7013894.1	T	C	101	1	80	0	96	1	91	1
9	75531894.0	C	G	128	106	60	69	185	1	117	69
18	12325903.0	C	A	82	47	77	48	47	53	82	57
18	12325903.1	C	T	82	0	77	1	47	0	82	0
1	33117600.0	G	A	188	155	177	126	211	141	164	149
1	33117600.1	G	C	188	1	177	0	211	0	164	0
1	33117600.2	G	T	188	0	177	1	211	1	164	0
5	24535258.0	C	A	248	1	133	2	186	0	176	3
5	24535258.1	C	T	248	3	133	2	186	6	176	1
5	24535258.2	C	G	248	1044	133	702	186	673	176	771
7	27183048.0	C	A	20	19	22	18	24	29	33	52
7	27183048.1	C	T	20	1	22	0	24	0	33	0
7	27183048.2	C	G	20	1	22	1	24	1	33	1
18	66344359.0	C	T	231	1	125	0	198	0	133	0
18	66344359.1	C	G	231	50	125	0	198	0	133	0
7	26224259.0	A	T	35	1	32	0	47	0	19	0
7	26224259.1	A	G	35	25	32	16	47	15	19	14
12	2774047.0	A	T	67	65	56	50	65	58	81	55
12	2774047.1	A	C	67	0	56	0	65	1	81	0
14	25075817.0	G	A	228	1	174	0	185	0	191	0
14	25075817.1	G	C	228	172	174	131	185	127	191	125
14	25075817.2	G	T	228	0	174	1	185	0	191	0
7	103198462.0	T	A	15	150	7	88	98	0	24	98
X	102004353.0	G	A	158	84	146	69	132	102	131	80
X	102004353.1	G	T	158	1	146	0	132	0	131	0
X	102004353.2	G	C	158	1	146	4	132	0	131	2
5	140736908.0	T	A	3	146	5	134	15	70	6	147
5	140736908.1	T	C	3	3	5	0	15	1	6	0
5	140736908.2	T	G	3	0	5	0	15	1	6	0
14	74824577.0	C	T	26	33	43	23	36	20	55	38
2	77746239.0	C	T	69	1	45	0	62	0	48	0
2	77746239.1	C	G	69	65	45	41	62	36	48	44
8	28196772.0	C	A	18	106	11	79	11	73	5	139
21	36164861.0	C	G	60	39	63	41	43	29	73	51
5	166711854.0	G	A	6	58	0	61	8	27	2	63
11	1269205.0	A	C	51	2	79	0	81	3	87	12
18	9255064.0	G	A	21	13	9	9	18	11	17	14
19	50666056.0	C	G	193	168	188	207	245	152	201	199
18	22028127.0	C	G	215	117	126	95	146	97	112	88
18	22028127.1	C	A	215	0	126	1	146	3	112	0
18	22028127.2	C	T	215	0	126	2	146	5	112	0
19	14910786.0	G	C	20	13	22	10	21	22	17	11
4	114161716.0	G	T	140	6	79	6	105	94	84	88
4	114161716.1	G	A	140	0	79	0	105	2	84	0
13	70371005.0	C	A	142	109	88	79	122	86	108	96
8	104438344.0	G	A	139	1	86	2	91	1	84	1
8	104438344.1	G	T	139	254	86	159	91	261	84	147
8	104438344.2	G	C	139	0	86	0	91	1	84	0
3	38783794.0	C	A	32	31	26	19	28	21	28	21
1	216061937.0	T	A	160	1	100	0	134	0	83	0
1	216061937.1	T	C	160	136	100	114	134	93	83	109
3	100365517.0	T	A	192	1	133	0	174	0	142	0
3	100365517.1	T	G	192	1	133	0	174	0	142	1
3	100365517.2	T	C	192	177	133	111	174	119	142	101
1	13183742.0	G	C	105	85	80	60	88	70	91	78
1	13183742.1	G	A	105	0	80	0	88	0	91	2
11	55136020.0	T	A	121	103	73	77	94	70	95	61
15	51828866.0	T	C	28	29	19	12	21	12	16	17
20	3063374.0	T	A	7	6	3	6	0	9	5	8
17	66972293.0	G	A	146	93	100	68	115	80	83	70
17	66972293.1	G	T	146	2	100	1	115	0	83	0
17	66972293.2	G	C	146	0	100	0	115	1	83	0
15	52472062.0	C	A	107	1	97	0	107	0	105	0
15	52472062.1	C	T	107	18	97	0	107	1	105	0
15	52472062.2	C	G	107	2	97	0	107	0	105	0
10	24813441.0	G	C	46	28	39	33	39	25	36	49
10	24813441.1	G	A	46	0	39	1	39	0	36	0
10	24813441.2	G	T	46	0	39	0	39	1	36	0
2	232326335.0	C	A	278	1	233	2	287	0	228	1
2	232326335.1	C	T	278	268	233	198	287	239	228	215
2	232326335.2	C	G	278	3	233	1	287	0	228	5
10	62671214.0	G	A	210	1	166	0	180	0	150	0
10	62671214.1	G	C	210	184	166	127	180	115	150	147
10	62671214.2	G	T	210	0	166	1	180	0	150	1
11	59271145.0	C	A	66	76	67	55	69	78	69	45
9	33796770.0	G	T	405	169	322	140	313	133	380	193
9	33796770.1	G	C	405	0	322	1	313	0	380	0
22	18389545.0	C	A	55	35	53	50	48	29	54	51
22	18389545.1	C	G	55	1	53	0	48	0	54	0
1	47515130.0	G	T	329	0	199	1	248	0	186	0
1	47515130.1	G	C	329	0	199	0	248	0	186	25
7	86469134.0	T	A	14	103	4	59	82	1	11	40
16	84438797.0	A	G	66	4	92	1	64	0	70	9
1	157771960.0	T	C	28	22	21	15	34	28	35	29
6	28543777.0	T	G	132	105	62	41	170	0	103	77
X	85950023.0	G	T	67	70	71	52	63	52	62	44
X	85950023.1	G	A	67	0	71	0	63	0	62	1
5	140573370.0	C	T	333	0	165	135	196	0	327	0
9	73479378.0	T	G	847	1	405	0	542	86	444	0
9	73479378.1	T	C	847	2	405	0	542	0	444	0
9	73479378.2	T	A	847	0	405	0	542	1	444	0
4	44624552.0	C	A	38	64	5	23	53	0	41	41
4	44624552.1	C	T	38	0	5	1	53	2	41	0
4	44624551.0	C	A	39	63	5	24	52	0	41	40
4	44624551.1	C	T	39	0	5	1	52	2	41	0
1	179363044.0	G	T	41	43	17	27	35	42	31	29
12	70953260.0	G	T	135	108	113	76	108	66	125	89
12	70953260.1	G	C	135	2	113	0	108	0	125	0
11	110494916.0	C	A	205	1	109	0	134	0	123	0
11	110494916.1	C	G	205	167	109	104	134	96	123	99
11	110494916.2	C	T	205	0	109	0	134	0	123	1
1	158532863.0	A	G	82	53	60	54	72	60	66	80
6	28268576.0	G	T	60	52	35	28	48	25	38	39
6	28268576.1	G	C	60	1	35	0	48	0	38	0
19	57060489.0	C	T	186	0	111	0	75	83	121	0
19	57060489.1	C	G	186	0	111	0	75	1	121	0
X	153664055.0	C	A	137	94	156	76	132	87	170	96
X	153664055.1	C	T	137	0	156	1	132	0	170	2
4	113436477.0	C	T	2	8	0	9	12	11	20	10
11	62415165.0	C	T	43	1	46	0	53	0	62	0
11	62415165.1	C	G	43	49	46	39	53	49	62	61
17	42335049.0	A	G	173	0	171	0	97	1	201	0
17	42335049.1	A	C	173	0	171	0	97	61	201	1
7	101006320.0	C	T	1	15	1	20	13	0	14	37
X	36156533.0	G	A	540	1	148	95	351	0	311	0
X	36156533.1	G	T	540	3	148	0	351	0	311	1
X	36156533.2	G	C	540	0	148	2	351	0	311	0
19	7680149.0	G	A	62	0	78	0	51	0	64	55
13	100623292.0	T	G	36	31	42	27	31	23	44	39
X	153979297.0	T	A	34	19	30	13	33	15	40	44
X	153979297.1	T	G	34	2	30	0	33	0	40	1
X	153979297.2	T	C	34	2	30	1	33	0	40	3
6	65303038.0	G	T	89	127	53	58	104	71	46	65
6	65303038.1	G	A	89	0	53	0	104	0	46	1
20	33842493.0	G	T	74	73	55	65	83	68	73	58
4	100474942.0	C	A	19	101	5	53	90	67	75	55
4	100474942.1	C	G	19	0	5	0	90	1	75	0
12	120591205.0	C	T	80	1	69	0	88	1	105	0
12	120591205.1	C	G	80	69	69	74	88	82	105	65
12	120591205.2	C	A	80	0	69	1	88	0	105	0
11	5537311.0	G	A	508	1	443	0	268	0	530	0
11	5537311.1	G	T	508	1	443	1	268	2	530	0
11	5537311.2	G	C	508	0	443	2	268	200	530	0
X	130413151.0	T	G	247	218	228	136	208	166	199	212
X	130413151.1	T	C	247	1	228	0	208	0	199	1
X	130413151.2	T	A	247	0	228	1	208	0	199	1
1	228559943.0	C	A	33	33	34	28	38	30	47	26
6	153076504.0	G	T	152	148	81	67	94	89	87	64
6	153076504.1	G	A	152	0	81	0	94	1	87	1
X	101159293.0	C	A	192	1	108	0	146	0	111	0
X	101159293.1	C	T	192	123	108	68	146	115	111	81
X	101159293.2	C	G	192	0	108	1	146	0	111	0
7	143048861.0	G	C	12	48	6	40	57	0	15	61
X	54784222.0	G	T	358	0	365	0	328	40	460	0
11	47296339.0	C	T	55	75	62	52	68	45	66	57
2	77746638.0	G	T	205	165	124	93	160	120	143	112
2	77746638.1	G	A	205	0	124	0	160	1	143	0
2	77746638.2	G	C	205	0	124	0	160	0	143	1
11	132527041.0	G	T	208	162	120	123	187	146	155	144
11	132527041.1	G	C	208	0	120	0	187	2	155	1
19	56030091.0	T	C	18	24	20	13	17	21	22	15
1	976104.0	G	T	36	1	35	0	34	0	36	0
1	976104.1	G	C	36	39	35	38	34	34	36	79
3	173993245.0	G	T	88	95	47	41	66	64	41	52
1	248813412.0	T	A	17	31	12	9	27	18	28	14
1	248813412.1	T	C	17	0	12	0	27	1	28	0
19	3778246.0	C	A	15	1	27	2	17	0	51	2
19	3778246.1	C	T	15	12	27	15	17	14	51	31
19	3778246.2	C	G	15	0	27	0	17	0	51	1
12	4737203.0	C	G	32	42	30	23	44	27	28	32
15	49135720.0	C	T	134	122	73	69	125	79	106	103
9	34257646.0	G	A	53	38	33	24	54	37	48	31
X	36317196.0	C	T	113	89	44	56	72	79	66	74
X	36317196.1	C	A	113	0	44	0	72	0	66	1
15	28408346.0	C	T	271	0	288	0	251	3	260	0
15	28408346.1	C	A	271	0	288	0	251	0	260	32
10	55780041.0	G	T	223	158	116	92	127	107	118	115
10	55780041.1	G	A	223	0	116	0	127	0	118	1
19	54401796.0	G	T	79	40	56	39	50	38	69	78
19	54401796.1	G	A	79	0	56	0	50	1	69	0
19	54401796.2	G	C	79	0	56	0	50	1	69	0
19	54401795.0	G	T	82	41	54	39	52	38	69	79
4	147741392.0	T	C	55	2	31	0	46	50	20	36
4	147741393.0	C	T	54	2	31	0	46	49	19	35
4	147741393.1	C	G	54	0	31	0	46	0	19	1
2	128873856.0	A	T	408	2	166	1	348	0	293	0
2	128873856.1	A	G	408	0	166	142	348	0	293	0
2	128873856.2	A	C	408	0	166	1	348	0	293	0
17	42225291.0	G	T	62	12	65	0	67	0	92	0
4	57182286.0	G	T	19	55	6	49	60	41	58	80
4	57182286.1	G	A	19	0	6	0	60	0	58	1
4	4199309.0	G	A	72	22	92	0	67	0	179	0
19	58291127.0	A	G	65	46	57	0	84	0	76	3
19	58291127.1	A	T	65	0	57	0	84	1	76	0
1	110996690.0	C	G	110	0	93	28	102	0	117	0
8	77765988.0	T	G	307	115	207	85	271	144	218	122
8	77765988.1	T	C	307	2	207	0	271	0	218	1
12	53925545.0	A	G	126	13	201	2	158	2	106	14
12	53925545.1	A	T	126	0	201	1	158	0	106	0
12	53925545.2	A	C	126	0	201	0	158	0	106	1
11	111225147.0	G	A	189	162	139	145	132	132	203	205
11	111225147.1	G	C	189	0	139	0	132	1	203	0
11	111225147.2	G	T	189	0	139	0	132	0	203	1
9	27948924.0	C	A	137	103	92	87	104	78	84	70
9	27948924.1	C	T	137	0	92	1	104	1	84	1
X	117531020.0	A	G	329	0	195	0	137	110	199	0
1	155448955.0	C	A	131	94	80	43	81	64	59	58
1	155448955.1	C	T	131	0	80	0	81	1	59	0
9	37785006.0	G	A	12	13	15	8	6	10	6	11
4	149002616.0	G	T	16	86	6	72	124	0	96	43
19	40832395.0	T	A	36	31	25	32	36	30	33	30
19	40832395.1	T	G	36	0	25	0	36	1	33	0
14	63174832.0	G	A	136	116	84	79	92	97	109	107
14	63174832.1	G	T	136	0	84	2	92	0	109	0
14	63174832.2	G	C	136	0	84	0	92	1	109	1
22	37329979.0	G	A	116	108	85	91	189	2	169	90
22	37329979.1	G	T	116	0	85	0	189	1	169	0
19	24309824.0	A	G	8	4	8	6	7	6	4	1
1	247978588.0	C	A	16	17	11	11	9	7	8	8
15	43446935.0	G	T	148	128	77	67	113	89	75	92
15	43446935.1	G	A	148	0	77	1	113	0	75	0
17	37564990.0	C	A	173	0	130	0	137	0	125	19
10	50534082.0	G	T	30	43	47	31	36	27	59	58
4	71503537.0	C	A	145	4	80	1	106	92	81	65
4	71503537.1	C	G	145	1	80	0	106	1	81	0
4	71503537.2	C	T	145	0	80	0	106	0	81	1
17	73568056.0	G	T	79	76	97	78	64	64	115	117
17	73568056.1	G	A	79	0	97	0	64	0	115	1
17	73568056.2	G	C	79	0	97	0	64	0	115	1
11	31823142.0	G	A	146	1	103	0	84	0	146	0
11	31823142.1	G	C	146	0	103	0	84	49	146	0
8	125072485.0	C	T	158	235	108	202	128	272	125	213
8	125072485.1	C	G	158	0	108	0	128	1	125	1
10	116048774.0	A	C	81	81	83	53	149	0	115	103
19	51844732.0	G	C	89	74	93	70	83	79	95	71
7	31008742.0	C	T	116	110	85	86	83	70	109	84
7	31008742.1	C	G	116	2	85	0	83	0	109	0
7	31008742.2	C	A	116	0	85	0	83	0	109	2
13	107211974.0	C	A	111	73	82	46	79	60	84	49
13	107211974.1	C	G	111	1	82	0	79	0	84	1
10	16919085.0	C	T	98	0	106	0	88	1	67	1
10	16919085.1	C	A	98	0	106	0	88	0	67	56
10	18276560.0	C	A	124	106	101	113	116	75	137	104
10	18276560.1	C	T	124	2	101	0	116	0	137	1
10	18276560.2	C	G	124	0	101	1	116	0	137	1
4	113436478.0	G	C	2	8	0	9	12	11	21	10
5	140228542.0	A	G	12	183	5	150	20	68	6	186
5	140228542.1	A	C	12	0	5	0	20	1	6	0
12	111758004.0	C	T	6	2	4	5	7	7	7	13
12	111758004.1	C	G	6	0	4	1	7	0	7	0
6	147006926.0	T	A	240	33	118	7	196	15	141	12
9	32630264.0	C	A	199	129	126	91	181	118	126	108
9	32630264.1	C	T	199	1	126	1	181	2	126	0
6	38843397.0	T	A	196	0	64	62	132	0	142	0
5	79375802.0	G	A	17	134	11	137	22	128	8	190
5	79375802.1	G	T	17	0	11	0	22	0	8	1
9	125616845.0	G	A	140	125	100	92	124	105	94	101
9	125616845.1	G	T	140	3	100	2	124	2	94	0
9	125616845.2	G	C	140	0	100	0	124	1	94	0
19	55331191.0	C	A	4	108	2	69	14	89	0	97
5	140214430.0	A	G	221	39	153	19	108	15	223	27
1	103405968.0	G	T	141	109	107	67	103	82	96	107
1	103405968.1	G	A	141	0	107	0	103	0	96	1
X	41519767.0	T	A	143	119	128	80	131	84	115	88
11	7846924.0	G	T	24	24	19	15	36	28	26	24
1	104166567.0	G	T	95	33	47	17	83	30	55	29
16	84050848.0	C	T	41	46	63	0	76	0	70	0
X	57619095.0	C	G	49	24	25	22	34	22	40	43
2	152423985.0	G	C	82	63	56	22	57	38	63	38
2	152423985.1	G	T	82	0	56	0	57	0	63	1
2	179560105.0	G	T	390	320	177	154	227	218	209	150
2	179560105.1	G	A	390	0	177	1	227	2	209	0
2	179560105.2	G	C	390	0	177	1	227	0	209	0
17	77984553.0	T	A	40	1	38	1	19	0	35	0
17	77984553.1	T	C	40	0	38	0	19	16	35	0
1	235840458.0	G	T	349	0	213	38	326	2	256	0
18	14828284.0	G	A	157	1	104	0	89	0	95	0
18	14828284.1	G	T	157	93	104	59	89	75	95	56
10	43654324.0	A	T	82	63	57	31	60	60	50	49
X	69774537.0	G	T	146	87	63	57	96	62	68	59
X	69774537.1	G	A	146	0	63	0	96	1	68	0
12	57437681.0	T	A	177	155	156	130	239	0	187	110
12	57437681.1	T	C	177	1	156	0	239	0	187	0
3	137942239.0	A	T	76	43	37	28	41	35	40	35
4	57798014.0	T	G	41	1	17	0	34	0	29	0
4	57798014.1	T	C	41	18	17	1	34	34	29	25
4	57798014.2	T	A	41	0	17	0	34	0	29	1
19	58438792.0	T	A	83	32	83	26	91	19	81	29
3	67053933.0	G	A	40	27	18	12	39	32	23	9
3	67053933.1	G	T	40	1	18	1	39	0	23	0
22	30802369.0	C	T	249	1	311	0	296	0	335	0
22	30802369.1	C	G	249	0	311	36	296	0	335	0
1	248085110.0	G	A	131	93	77	42	86	56	89	91
1	248085110.1	G	T	131	1	77	0	86	1	89	0
22	31497001.0	A	G	128	93	161	118	256	0	191	150
22	31497001.1	A	C	128	2	161	2	256	0	191	6
22	31497001.2	A	T	128	0	161	2	256	0	191	1
5	150051158.0	G	T	20	398	18	365	23	169	16	489
19	1418216.0	C	G	88	97	103	99	130	106	123	117
19	1418216.1	C	T	88	0	103	2	130	1	123	1
19	1418216.2	C	A	88	0	103	0	130	1	123	0
2	180311443.0	C	A	142	5	105	3	118	1	103	3
2	180311443.1	C	T	142	123	105	74	118	91	103	84
2	180311443.2	C	G	142	0	105	1	118	0	103	0
12	52629022.0	C	A	146	1	160	0	165	0	229	0
12	52629022.1	C	T	146	53	160	0	165	1	229	0
12	52629022.2	C	G	146	1	160	0	165	0	229	0
12	58157935.0	A	G	245	0	232	0	285	1	156	66
12	58157935.1	A	T	245	0	232	0	285	0	156	1
17	66880022.0	G	T	85	76	62	43	78	44	64	34
1	248512747.0	T	G	202	1	138	1	135	0	155	0
1	248512747.1	T	C	202	157	138	120	135	140	155	140
16	27659960.0	G	A	97	1	109	0	101	0	115	0
16	27659960.1	G	T	97	99	109	112	101	95	115	105
16	27659960.2	G	C	97	3	109	0	101	0	115	0
4	15067973.0	G	A	14	2	1	0	45	1	34	0
4	15067973.1	G	T	14	46	1	23	45	0	34	24
4	15067973.2	G	C	14	1	1	0	45	0	34	0
19	55246771.0	C	A	694	641	512	552	654	586	627	577
19	55246771.1	C	T	694	4	512	4	654	6	627	11
19	55246771.2	C	G	694	3	512	2	654	1	627	2
4	110884398.0	G	C	103	104	148	0	302	0	259	0
11	59271719.0	C	T	154	19	137	0	205	0	180	0
4	185038030.0	C	T	122	22	122	0	213	0	305	0
19	43258654.0	A	T	215	145	144	93	206	113	180	112
19	43258654.1	A	G	215	1	144	1	206	1	180	0
10	67829118.0	C	A	175	116	101	105	133	100	89	68
10	67829118.1	C	T	175	1	101	0	133	0	89	0
10	67829118.2	C	G	175	0	101	0	133	1	89	1
2	80801334.0	G	T	191	170	135	98	155	95	171	110
2	80801334.1	G	C	191	0	135	1	155	1	171	0
20	42788511.0	T	A	98	83	117	75	83	81	120	148
20	42788511.1	T	G	98	0	117	0	83	2	120	0
20	42788511.2	T	C	98	0	117	0	83	0	120	1
X	70470413.0	G	T	92	60	90	69	76	63	119	70
X	70470413.1	G	C	92	0	90	1	76	0	119	0
X	70470413.2	G	A	92	0	90	0	76	0	119	1
15	35086912.0	A	T	70	0	51	1	35	16	65	0
15	35086912.1	A	G	70	0	51	0	35	1	65	0
17	37360776.0	A	T	57	52	82	80	64	49	77	82
17	37360776.1	A	G	57	6	82	7	64	8	77	5
17	37360776.2	A	C	57	1	82	0	64	0	77	0
X	153660662.0	G	A	151	1	159	0	168	0	202	0
X	153660662.1	G	T	151	48	159	0	168	0	202	1
X	153660661.0	G	T	154	50	160	0	176	0	207	0
1	114397114.0	T	G	80	1	62	0	78	0	59	0
1	114397114.1	T	C	80	89	62	54	78	43	59	53
16	23768533.0	G	A	137	111	115	103	149	102	165	127
16	23768533.1	G	T	137	1	115	0	149	0	165	0
16	23768533.2	G	C	137	1	115	0	149	1	165	3
8	144887115.0	G	A	57	0	98	0	74	22	83	0
3	164907401.0	C	A	35	33	17	19	39	29	31	31
5	5447577.0	G	A	315	53	185	32	195	25	197	25
5	5447577.1	G	C	315	2	185	0	195	0	197	0
5	5447577.2	G	T	315	0	185	0	195	0	197	1
8	77895718.0	T	A	72	85	28	59	38	60	33	55
8	77895718.1	T	G	72	0	28	1	38	0	33	0
11	94924698.0	C	A	145	133	68	58	113	92	91	72
6	85447027.0	G	T	82	74	48	52	52	48	76	66
6	85447027.1	G	C	82	1	48	0	52	0	76	0
6	85447027.2	G	A	82	0	48	0	52	0	76	1
13	77672940.0	G	A	236	0	179	0	101	56	165	0
5	43292688.0	T	A	266	53	165	22	218	29	179	22
5	43292688.1	T	G	266	1	165	0	218	0	179	0
5	43292688.2	T	C	266	1	165	0	218	0	179	0
5	140263641.0	G	T	11	162	4	190	5	99	9	204
5	140263641.1	G	C	11	2	4	0	5	0	9	0
1	3431209.0	C	T	217	1	242	1	120	0	142	1
1	3431209.1	C	A	217	0	242	1	120	0	142	0
1	3431209.2	C	G	217	0	242	0	120	104	142	0
8	92998530.0	C	A	140	231	94	150	137	260	103	184
8	92998530.1	C	G	140	0	94	0	137	1	103	0
2	179560665.0	G	A	182	1	109	0	149	0	118	0
2	179560665.1	G	T	182	145	109	94	149	91	118	106
2	179560665.2	G	C	182	0	109	2	149	0	118	0
2	106509492.0	G	T	112	91	117	92	82	82	129	121
19	35715947.0	T	G	30	7	52	2	53	0	51	7
19	3275930.0	C	T	100	70	87	89	82	77	99	93
19	3275930.1	C	G	100	1	87	0	82	0	99	0
19	3275930.2	C	A	100	0	87	1	82	0	99	0
6	46620943.0	A	C	210	0	152	21	131	1	174	1
5	140084058.0	G	C	208	0	169	0	83	0	84	59
19	47226521.0	C	A	50	40	58	43	36	38	67	57
11	93806274.0	C	A	179	137	87	71	133	83	104	88
11	93806274.1	C	T	179	2	87	0	133	0	104	0
10	87362410.0	T	A	106	102	76	82	84	75	94	88
10	64000904.0	C	G	78	63	46	49	71	52	45	45
10	64000904.1	C	A	78	0	46	0	71	0	45	1
13	67799557.0	C	G	101	74	83	39	98	53	89	74
13	67799557.1	C	T	101	0	83	1	98	0	89	0
13	67799557.2	C	A	101	0	83	0	98	1	89	0
19	19749287.0	A	G	84	58	101	68	93	86	125	112
11	55433159.0	G	A	88	77	56	36	94	44	53	53
11	55433159.1	G	T	88	1	56	0	94	0	53	0
11	55433159.2	G	C	88	2	56	0	94	0	53	0
X	102335099.0	G	A	156	170	128	148	195	135	161	149
X	102335099.1	G	C	156	0	128	2	195	0	161	0
X	102335099.2	G	T	156	0	128	0	195	0	161	2
8	59535935.0	C	A	32	26	16	25	34	22	31	18
16	1836857.0	G	T	75	74	75	80	56	56	92	95
16	1836857.1	G	C	75	0	75	0	56	2	92	1
3	164757710.0	C	A	223	132	102	83	141	116	128	102
3	164757710.1	C	G	223	1	102	0	141	0	128	0
3	164757710.2	C	T	223	0	102	1	141	0	128	0
12	4479936.0	G	T	10	13	16	12	8	12	18	9
9	127231805.0	A	T	95	65	90	70	103	69	124	84
9	127231805.1	A	G	95	0	90	1	103	0	124	0
6	84265949.0	T	A	184	191	108	106	158	144	99	116
6	84265949.1	T	G	184	34	108	9	158	12	99	13
6	84265949.2	T	C	184	3	108	0	158	2	99	0
X	117758513.0	C	A	289	208	239	122	287	179	188	142
X	117758513.1	C	T	289	0	239	1	287	0	188	0
X	117758513.2	C	G	289	0	239	1	287	0	188	0
6	163510305.0	C	A	143	0	50	1	109	0	114	0
6	163510305.1	C	T	143	0	50	42	109	0	114	0
2	153003683.0	C	A	173	144	108	99	109	99	81	91
2	153003683.1	C	T	173	1	108	0	109	0	81	0
2	153003683.2	C	G	173	1	108	1	109	0	81	0
11	88583222.0	G	A	121	90	76	42	96	75	74	73
11	88583222.1	G	C	121	1	76	0	96	0	74	0
11	113295268.0	A	G	516	0	441	0	477	1	487	67
X	3002641.0	A	G	119	0	62	0	82	0	51	31
X	3002640.0	G	A	120	0	62	0	82	0	53	32
11	65618025.0	T	A	199	1	226	0	210	1	246	0
11	65618025.1	T	G	199	180	226	190	210	167	246	209
11	65618025.2	T	C	199	0	226	0	210	0	246	1
19	36277797.0	G	A	36	26	29	31	15	15	43	35
1	33583701.0	A	T	125	105	101	78	111	78	120	107
1	33583701.1	A	C	125	1	101	0	111	0	120	0
22	39811530.0	G	T	214	161	196	170	220	151	222	179
22	39811530.1	G	A	214	0	196	1	220	0	222	1
11	61096962.0	T	A	172	0	91	16	169	0	151	0
1	157556214.0	G	A	24	21	15	24	11	12	16	21
1	157556214.1	G	C	24	1	15	0	11	0	16	0
18	54629685.0	G	A	130	234	93	133	91	156	51	109
18	54629685.1	G	T	130	1	93	0	91	0	51	0
18	54629685.2	G	C	130	2	93	0	91	0	51	1
X	108696786.0	G	T	114	95	65	66	78	48	67	72
X	108696786.1	G	C	114	0	65	0	78	1	67	0
7	107688502.0	G	C	119	1	116	0	22	0	129	0
7	107688502.1	G	A	119	0	116	0	22	95	129	20
10	18331759.0	A	G	92	74	59	51	57	51	46	43
12	107125983.0	G	A	128	85	103	61	112	53	79	71
12	107125983.1	G	T	128	0	103	1	112	1	79	0
12	107125983.2	G	C	128	0	103	0	112	0	79	1
19	10782081.0	G	A	290	0	182	137	290	3	425	0
19	10782081.1	G	C	290	0	182	1	290	0	425	0
1	95323025.0	G	A	243	1	172	0	196	0	235	0
1	95323025.1	G	T	243	206	172	164	196	159	235	169
1	95323025.2	G	C	243	0	172	0	196	1	235	0
19	8665830.0	G	T	84	67	90	60	91	60	91	73
19	8665830.1	G	C	84	0	90	1	91	0	91	0
19	8665830.2	G	A	84	0	90	0	91	1	91	0
X	101970103.0	C	T	54	37	34	21	45	32	49	30
10	5808102.0	C	A	178	0	108	1	180	0	129	0
10	5808102.1	C	T	178	0	108	27	180	1	129	0
X	53455561.0	A	G	167	0	156	0	75	70	187	0
9	215322.0	C	A	111	0	109	0	108	0	111	50
9	215322.1	C	T	111	0	109	0	108	0	111	1
19	37440552.0	C	T	77	39	42	30	48	60	41	48
7	155595670.0	A	G	2	11	0	9	10	0	6	12
15	34048529.0	A	C	361	0	200	130	337	2	333	0
4	22749674.0	G	T	32	1	16	0	3	28	19	13
12	33031072.0	T	G	61	27	89	9	77	8	93	26
7	66563627.0	A	C	136	0	114	0	16	107	119	28
X	13734761.0	C	G	55	41	35	32	52	25	36	29
19	9066116.0	G	T	171	142	118	121	143	90	125	112
19	9066116.1	G	C	171	2	118	2	143	1	125	0
19	9066116.2	G	A	171	0	118	1	143	1	125	0
3	13368738.0	T	A	65	62	49	68	47	51	65	49
3	13368738.1	T	G	65	0	49	1	47	1	65	1
7	38502641.0	T	G	363	2	271	0	275	1	272	0
7	38502641.1	T	C	363	303	271	242	275	216	272	280
7	38502641.2	T	A	363	0	271	0	275	4	272	1
18	3742436.0	T	A	110	92	96	92	105	69	148	101
18	3742436.1	T	C	110	2	96	0	105	0	148	0
18	3742436.2	T	G	110	0	96	0	105	1	148	0
X	70389236.0	C	A	131	1	97	0	102	1	116	0
X	70389236.1	C	G	131	69	97	68	102	72	116	93
9	131261334.0	A	G	250	0	239	1	213	0	279	36
11	46804875.0	G	C	385	0	186	108	375	0	247	0
2	219892931.0	G	T	140	134	135	162	165	123	174	151
2	219892931.1	G	A	140	0	135	1	165	0	174	2
2	219892931.2	G	C	140	0	135	2	165	0	174	0
17	8216352.0	C	T	31	0	16	4	40	0	41	0
10	88822451.0	T	G	244	0	170	0	142	100	183	0
2	85875925.0	G	A	193	166	166	141	363	0	217	112
2	85875925.1	G	T	193	1	166	0	363	0	217	0
3	4856193.0	G	T	175	146	143	104	134	122	147	150
13	49037892.0	T	A	18	95	4	67	7	75	2	66
13	49037892.1	T	G	18	0	4	0	7	1	2	0
15	79750500.0	C	A	112	1	131	0	130	2	155	0
15	79750500.1	C	T	112	112	131	101	130	99	155	120
15	79750500.2	C	G	112	0	131	0	130	1	155	0
4	160264342.0	G	A	83	35	38	2	71	46	41	53
4	160264342.1	G	T	83	0	38	0	71	0	41	1
2	1906989.0	G	A	145	1	142	0	160	1	123	1
2	1906989.1	G	T	145	148	142	101	160	122	123	121
2	1906989.2	G	C	145	2	142	0	160	2	123	0
4	177143492.0	G	T	136	3	92	3	104	103	73	77
4	177143492.1	G	C	136	0	92	0	104	1	73	0
1	200618331.0	T	G	167	0	123	15	177	0	146	0
1	186862189.0	T	A	268	1	189	0	128	1	186	0
1	186862189.1	T	G	268	0	189	0	128	110	186	0
15	55477618.0	C	A	135	2	85	0	96	0	101	0
15	55477618.1	C	T	135	115	85	76	96	80	101	85
15	55477618.2	C	G	135	1	85	0	96	0	101	0
13	113714996.0	C	A	286	1	264	2	289	0	332	0
13	113714996.1	C	T	286	281	264	200	289	218	332	233
13	113714996.2	C	G	286	2	264	0	289	1	332	1
19	8154535.0	C	T	133	89	115	87	88	83	122	100
19	8154535.1	C	G	133	0	115	1	88	0	122	0
19	8154535.2	C	A	133	0	115	0	88	1	122	0
14	88693761.0	G	A	127	1	63	0	116	0	99	2
14	88693761.1	G	T	127	125	63	73	116	76	99	73
16	24833403.0	A	T	254	1	198	1	230	2	244	1
16	24833403.1	A	G	254	200	198	163	230	183	244	178
16	24833403.2	A	C	254	0	198	0	230	1	244	0
12	18852860.0	C	A	92	74	64	52	76	50	73	68
13	99907592.0	T	C	244	221	231	173	263	128	221	178
13	99907592.1	T	A	244	0	231	0	263	0	221	1
16	3169906.0	G	C	34	0	46	11	49	0	60	0
2	242141608.0	G	T	243	4	221	3	201	0	289	0
2	242141608.1	G	C	243	0	221	0	201	35	289	0
15	48720579.0	C	A	205	1	144	1	325	0	220	0
15	48720579.1	C	T	205	163	144	96	325	0	220	98
7	44152378.0	G	A	72	63	71	74	78	58	103	83
1	9932087.0	C	G	517	0	295	207	509	0	560	0
7	103293136.0	T	C	142	0	88	0	16	69	73	11
20	58569513.0	G	A	93	0	47	2	96	0	105	0
20	58569513.1	G	C	93	0	47	46	96	0	105	0
3	119347646.0	T	G	132	99	98	88	220	0	116	68
6	93967840.0	T	A	259	1	124	0	151	2	119	1
6	93967840.1	T	G	259	1	124	0	151	1	119	0
6	93967840.2	T	C	259	203	124	138	151	143	119	135
2	58311250.0	G	T	218	248	125	137	193	160	135	113
2	58311250.1	G	A	218	0	125	1	193	1	135	0
2	58311250.2	G	C	218	0	125	1	193	0	135	1
6	166826375.0	C	G	82	89	106	102	81	79	123	120
6	166826375.1	C	T	82	0	106	1	81	0	123	0
6	166826375.2	C	A	82	0	106	0	81	1	123	0
19	9021178.0	G	A	262	27	216	17	251	41	243	45
19	9021178.1	G	T	262	0	216	0	251	0	243	1
19	9021178.2	G	C	262	0	216	0	251	0	243	2
19	45411916.0	G	T	28	0	35	0	21	9	53	0
10	47756050.0	G	A	1439	1	1270	2	1324	3	1532	2
10	47756050.1	G	T	1439	222	1270	184	1324	169	1532	273
10	47756050.2	G	C	1439	2	1270	0	1324	1	1532	0
19	16636293.0	C	G	25	15	17	20	22	18	32	24
19	16636293.1	C	A	25	0	17	1	22	0	32	0
19	16636293.2	C	T	25	0	17	0	22	1	32	1
11	62455963.0	G	A	9	4	9	12	6	0	12	12
X	63410514.0	C	A	82	1	81	0	79	0	116	0
X	63410514.1	C	G	82	63	81	60	79	76	116	87
12	46230580.0	G	T	311	37	271	0	351	0	266	0
15	24923956.0	G	A	97	1	66	0	79	0	83	0
15	24923956.1	G	T	97	1	66	0	79	0	83	0
15	24923956.2	G	C	97	75	66	74	79	83	83	67
X	136648914.0	C	A	27	21	19	27	28	18	56	37
X	136648914.1	C	G	27	0	19	1	28	0	56	0
4	114275141.0	C	A	7	34	7	30	51	42	42	30
5	150945547.0	A	G	60	34	100	2	39	0	60	38
12	113444380.0	G	A	167	80	95	81	126	83	128	78
12	113444380.1	G	T	167	1	95	1	126	1	128	0
12	113444380.2	G	C	167	0	95	1	126	1	128	0
19	54967244.0	G	A	42	1	41	0	47	0	44	0
19	54967244.1	G	C	42	42	41	45	47	34	44	35
19	54967244.2	G	T	42	0	41	0	47	0	44	1
2	232393532.0	T	A	27	32	19	27	26	22	53	40
2	179590771.0	G	T	35	26	13	29	27	17	25	12
4	183673042.0	G	C	143	4	88	0	144	84	125	113
4	183673042.1	G	A	143	0	88	0	144	2	125	1
11	65838259.0	T	C	59	0	55	0	23	22	44	0
2	141609319.0	C	T	138	113	72	67	83	77	68	67
2	141609319.1	C	A	138	0	72	0	83	1	68	0
X	13651140.0	G	T	226	115	133	104	180	116	156	88
X	13651140.1	G	C	226	0	133	0	180	1	156	0
20	45315575.0	T	C	122	113	78	77	100	101	91	86
20	45315575.1	T	G	122	0	78	0	100	1	91	0
17	79428646.0	C	T	23	9	10	27	16	12	14	12
3	192517005.0	T	A	235	235	159	150	400	0	262	138
3	192517005.1	T	C	235	0	159	0	400	1	262	1
3	192517005.2	T	G	235	0	159	0	400	0	262	1
4	22463365.0	T	A	31	135	7	115	147	0	118	115
X	44937727.0	G	T	234	133	156	89	155	117	155	116
X	44937727.1	G	C	234	0	156	0	155	1	155	0
1	247163313.0	G	A	203	185	138	132	166	155	136	161
1	247163313.1	G	C	203	1	138	0	166	1	136	0
1	247163313.2	G	T	203	0	138	1	166	0	136	0
12	75875774.0	C	A	78	1	61	0	84	0	72	0
12	75875774.1	C	T	78	94	61	60	84	65	72	75
X	46466584.0	G	A	121	1	100	1	118	0	113	0
X	46466584.1	G	T	121	82	100	58	118	81	113	87
X	48887748.0	G	T	32	25	38	30	32	16	37	44
X	138832309.0	T	A	88	75	48	57	52	42	47	40
X	138832309.1	T	C	88	1	48	1	52	0	47	0
X	138832309.2	T	G	88	0	48	0	52	0	47	1
11	46800037.0	A	G	147	112	120	97	154	118	111	101
3	110852667.0	G	T	117	98	49	64	99	71	67	67
3	110852667.1	G	C	117	0	49	2	99	1	67	0
13	97639185.0	C	A	90	1	52	0	67	0	32	0
13	97639185.1	C	T	90	76	52	47	67	25	32	66
17	28512207.0	C	A	33	20	31	11	35	6	24	10
6	28268892.0	G	T	48	36	23	27	30	19	36	22
12	95602943.0	T	A	45	45	38	26	46	38	41	31
12	95602943.1	T	C	45	0	38	0	46	1	41	0
6	152614868.0	C	T	137	0	100	27	132	1	140	0
6	152614868.1	C	A	137	0	100	0	132	1	140	0
21	31798064.0	C	A	126	112	82	92	123	93	101	97
21	31798064.1	C	T	126	0	82	1	123	0	101	0
21	31798064.2	C	G	126	0	82	1	123	0	101	0
7	6836213.0	C	A	301	2	408	0	469	0	415	0
7	6836213.1	C	T	301	1	408	0	469	0	415	0
7	6836213.2	C	G	301	115	408	0	469	0	415	0
2	219867894.0	G	T	37	36	23	20	30	33	39	34
2	219867894.1	G	C	37	0	23	1	30	1	39	0
1	157557088.0	G	T	104	66	72	58	67	45	91	66
1	157557088.1	G	A	104	0	72	0	67	1	91	0
16	613813.0	G	T	13	26	15	15	19	23	34	28
X	65824331.0	C	A	169	124	85	99	108	90	105	99
X	65824331.1	C	T	169	1	85	0	108	1	105	0
X	65824331.2	C	G	169	1	85	0	108	0	105	0
X	32827699.0	A	T	75	97	67	46	88	69	83	42
X	32827699.1	A	G	75	0	67	0	88	2	83	0
X	32827699.2	A	C	75	0	67	0	88	1	83	1
11	55904993.0	T	C	38	26	17	14	21	13	20	14
11	64108422.0	G	A	113	82	102	84	98	66	151	119
11	64108422.1	G	T	113	0	102	0	98	0	151	1
2	130897946.0	T	A	159	137	139	125	145	90	167	169
2	130897946.1	T	C	159	0	139	1	145	0	167	0
2	130897946.2	T	G	159	0	139	0	145	0	167	1
X	64957127.0	G	A	90	2	81	0	93	0	102	1
X	64957127.1	G	T	90	1	81	1	93	0	102	0
X	64957127.2	G	C	90	51	81	34	93	36	102	70
18	66506139.0	A	G	175	83	103	41	160	0	113	49
18	66506139.1	A	C	175	1	103	0	160	0	113	0
18	66506139.2	A	T	175	0	103	1	160	0	113	0
1	155724274.0	A	C	88	36	111	0	110	0	125	0
X	102337947.0	G	A	182	0	159	0	108	86	146	0
X	102337947.1	G	C	182	0	159	0	108	1	146	0
2	189926290.0	G	A	287	213	158	127	238	162	175	172
2	189926290.1	G	T	287	2	158	0	238	0	175	0
7	33312764.0	G	A	183	124	93	86	125	99	113	89
X	50213079.0	G	T	270	1	288	0	275	1	321	1
X	50213079.1	G	C	270	140	288	140	275	128	321	184
X	50213079.2	G	A	270	0	288	1	275	0	321	0
4	184931626.0	C	T	94	0	89	0	103	90	224	0
13	108518562.0	G	A	26	1	15	0	18	0	26	0
13	108518562.1	G	T	26	23	15	12	18	16	26	17
4	152096426.0	T	G	9	39	4	38	59	38	43	52
6	100896394.0	C	A	71	65	62	47	60	56	95	73
7	142749577.0	T	A	184	0	135	0	37	153	159	33
7	142749577.1	T	G	184	0	135	0	37	0	159	1
11	15222372.0	G	A	300	240	258	197	202	182	269	226
11	15222372.1	G	T	300	0	258	1	202	0	269	0
11	15222372.2	G	C	300	0	258	1	202	0	269	2
7	28997291.0	C	T	55	47	50	51	50	47	54	60
19	43967754.0	C	A	57	47	34	33	44	34	26	40
X	11781952.0	C	A	300	196	215	108	244	149	213	142
X	11781952.1	C	G	300	0	215	1	244	0	213	1
X	11781952.2	C	T	300	0	215	0	244	1	213	0
12	56420629.0	G	C	104	89	104	87	99	97	125	110
12	56420629.1	G	T	104	0	104	1	99	1	125	0
19	10087941.0	G	A	208	0	213	50	204	2	252	1
19	10087941.1	G	C	208	0	213	0	204	1	252	0
9	96214933.0	C	T	5	14	11	6	5	9	10	9
1	37270630.0	G	A	94	71	72	65	73	79	86	80
1	37270630.1	G	T	94	0	72	2	73	0	86	0
21	38494237.0	C	A	213	0	101	1	167	0	139	0
21	38494237.1	C	T	213	0	101	16	167	1	139	0
16	30486836.0	T	A	155	1	126	0	162	0	151	2
16	30486836.1	T	C	155	109	126	124	162	115	151	145
19	22364086.0	C	A	56	36	38	15	37	14	38	26
19	22364086.1	C	T	56	1	38	0	37	0	38	0
19	22364086.2	C	G	56	0	38	0	37	1	38	0
1	181702788.0	G	T	56	55	42	53	60	32	80	55
1	181702788.1	G	C	56	0	42	0	60	0	80	1
4	155749018.0	A	T	75	20	59	1	65	44	46	48
22	35463161.0	G	T	162	104	120	84	129	84	156	115
22	35463161.1	G	A	162	0	120	1	129	0	156	0
1	220146739.0	C	A	108	1	77	1	95	0	81	0
1	220146739.1	C	G	108	88	77	70	95	52	81	61
1	220146739.2	C	T	108	0	77	1	95	1	81	0
18	25532145.0	G	C	117	90	58	76	104	52	81	83
18	25532145.1	G	A	117	0	58	0	104	0	81	1
20	36031720.0	G	T	138	111	134	123	120	102	172	147
20	36031720.1	G	C	138	4	134	0	120	1	172	2
20	36031720.2	G	A	138	0	134	0	120	1	172	0
1	228496983.0	T	A	125	0	112	0	42	53	116	0
11	6024042.0	G	A	49	1	48	0	42	0	54	0
11	6024042.1	G	T	49	45	48	28	42	40	54	43
16	76523765.0	C	T	8	41	3	24	8	29	0	25
12	110236635.0	C	T	99	61	87	54	75	78	115	100
1	3644227.0	G	C	64	9	69	12	52	12	27	15
1	3644227.1	G	T	64	0	69	1	52	0	27	0
2	25459876.0	T	A	81	67	60	79	60	52	76	61
2	25459876.1	T	C	81	1	60	0	60	0	76	0
16	4016067.0	G	A	266	263	259	247	305	208	332	281
16	4016067.1	G	T	266	1	259	1	305	2	332	0
16	4016067.2	G	C	266	0	259	0	305	1	332	0
8	133014873.0	G	T	242	287	137	156	163	277	141	177
8	133014873.1	G	A	242	0	137	1	163	0	141	0
8	133014873.2	G	C	242	0	137	0	163	1	141	0
8	133014872.0	G	A	241	1	134	0	161	0	138	0
8	133014872.1	G	T	241	282	134	153	161	274	138	175
8	133014872.2	G	C	241	0	134	0	161	1	138	0
6	70037780.0	T	C	82	83	73	50	66	57	52	44
6	70037780.1	T	A	82	0	73	2	66	0	52	0
6	70037780.2	T	G	82	0	73	0	66	0	52	1
19	18971721.0	A	C	123	89	132	84	124	104	131	121
19	18971721.1	A	G	123	0	132	0	124	1	131	0
3	155481355.0	A	T	107	1	59	1	84	0	86	1
3	155481355.1	A	C	107	70	59	53	84	58	86	67
1	248402449.0	C	A	198	155	165	114	192	112	153	133
1	248402449.1	C	G	198	1	165	0	192	0	153	0
5	140720617.0	G	T	8	220	8	157	10	82	5	215
2	27375645.0	A	T	133	118	103	116	116	103	103	115
2	27375645.1	A	C	133	0	103	0	116	1	103	0
17	25973598.0	A	G	436	1	428	0	465	0	432	0
17	25973598.1	A	C	436	11	428	7	465	7	432	19
19	5785268.0	T	C	95	91	96	74	79	51	127	113
19	5785268.1	T	A	95	0	96	0	79	0	127	1
8	139890234.0	G	T	36	25	53	32	42	39	52	42
13	96264388.0	T	C	227	0	178	0	133	58	178	0
16	26147374.0	G	A	71	69	63	56	60	77	66	64
16	26147374.1	G	C	71	0	63	1	60	0	66	0
11	124767086.0	G	T	35	30	32	22	37	21	43	21
11	124767086.1	G	C	35	2	32	0	37	0	43	1
11	124767086.2	G	A	35	0	32	0	37	1	43	0
10	97396921.0	C	A	56	39	59	36	46	37	55	48
10	97396921.1	C	G	56	0	59	1	46	0	55	0
X	71359127.0	C	G	77	93	81	46	78	44	103	80
X	71359127.1	C	T	77	0	81	0	78	1	103	0
3	129305094.0	C	A	13	20	19	12	12	7	17	18
11	34473637.0	T	G	195	19	136	6	187	3	116	17
11	34473637.1	T	C	195	0	136	1	187	0	116	0
15	74637473.0	G	A	201	0	226	0	134	87	262	0
3	75788026.0	C	A	332	43	172	24	223	32	236	27
10	118401733.0	T	G	98	97	79	54	68	60	54	55
4	159690367.0	G	T	36	14	26	0	25	22	31	33
4	159690367.1	G	C	36	0	26	0	25	0	31	1
11	120312853.0	C	A	150	1	86	0	115	0	110	0
11	120312853.1	C	T	150	122	86	69	115	95	110	53
1	165218815.0	C	A	32	27	23	31	27	21	40	49
X	41554940.0	C	T	60	60	36	31	49	42	31	43
X	41554940.1	C	G	60	0	36	0	49	0	31	1
19	281403.0	C	T	322	121	389	1	362	1	398	0
19	281403.1	C	G	322	4	389	0	362	0	398	0
8	53569873.0	C	A	74	1	62	0	60	1	46	0
8	53569873.1	C	T	74	64	62	34	60	39	46	33
19	21991772.0	T	A	42	30	31	18	35	18	44	12
19	21991772.1	T	G	42	0	31	1	35	0	44	1
3	47045841.0	C	T	65	22	88	0	75	0	89	0
3	47045841.1	C	G	65	1	88	0	75	0	89	0
3	47045841.2	C	A	65	0	88	2	75	0	89	0
19	52001332.0	G	A	169	1	126	1	157	0	180	0
19	52001332.1	G	T	169	1	126	1	157	0	180	1
19	52001332.2	G	C	169	136	126	94	157	75	180	131
21	46910208.0	G	T	147	103	134	99	133	116	157	151
21	46910208.1	G	A	147	0	134	4	133	0	157	1
21	46910208.2	G	C	147	0	134	0	133	0	157	1
7	20782589.0	C	A	138	4	93	0	108	0	100	0
7	20782589.1	C	T	138	106	93	88	108	100	100	102
14	66208926.0	C	A	221	1	112	29	127	0	126	0
1	21042060.0	G	T	132	129	135	91	135	108	158	152
1	21042060.1	G	C	132	0	135	1	135	0	158	0
1	21042060.2	G	A	132	0	135	0	135	1	158	0
2	179634916.0	C	A	191	157	111	81	118	104	127	103
2	179634916.1	C	T	191	4	111	4	118	9	127	1
1	9787018.0	G	A	194	156	201	148	333	0	236	143
1	9787018.1	G	C	194	1	201	0	333	0	236	1
17	60757666.0	A	T	101	111	135	107	105	111	145	152
17	60757666.1	A	C	101	0	135	0	105	1	145	0
12	100811904.0	C	T	138	89	72	75	96	79	93	66
12	100811904.1	C	G	138	0	72	1	96	0	93	0
17	43906662.0	G	T	221	230	286	187	276	186	271	267
17	43906662.1	G	A	221	0	286	0	276	1	271	0
17	43906662.2	G	C	221	0	286	0	276	0	271	1
17	7577142.0	C	T	5	81	7	93	9	90	6	123
2	143986172.0	A	T	202	1	113	0	138	0	113	0
2	143986172.1	A	G	202	1	113	1	138	0	113	1
2	143986172.2	A	C	202	156	113	77	138	116	113	88
14	31346862.0	T	C	136	121	96	67	132	93	97	76
14	31346862.1	T	G	136	0	96	0	132	0	97	1
11	123601241.0	G	A	214	27	208	0	221	0	192	0
7	50444470.0	G	T	100	63	65	47	79	62	73	48
19	45496001.0	G	A	115	0	129	0	100	23	154	0
19	12989377.0	G	T	90	69	96	77	158	0	128	64
19	12989377.1	G	A	90	0	96	0	158	1	128	1
6	57244705.0	G	A	379	109	236	51	287	71	260	61
6	57244705.1	G	T	379	0	236	1	287	0	260	0
11	124180642.0	A	T	12	9	4	10	11	7	11	6
11	124180642.1	A	G	12	1	4	0	11	0	11	0
1	26189644.0	G	A	46	36	49	24	49	35	61	50
1	26189644.1	G	C	46	1	49	0	49	0	61	0
17	28651973.0	G	A	196	90	164	0	146	0	148	0
17	28651973.1	G	T	196	3	164	0	146	0	148	0
17	28651973.2	G	C	196	1	164	0	146	0	148	1
X	120182691.0	G	A	187	124	127	90	163	124	164	134
3	130187832.0	G	A	148	99	63	54	80	60	67	54
3	130187832.1	G	T	148	1	63	0	80	0	67	0
3	113878686.0	C	G	52	48	58	51	69	35	69	31
3	113878686.1	C	A	52	0	58	1	69	0	69	0
7	143043306.0	C	T	14	2	8	0	94	0	42	0
7	143043306.1	C	G	14	103	8	80	94	0	42	120
17	11604538.0	C	A	134	0	98	0	22	88	127	0
2	80773180.0	C	G	42	54	47	32	50	47	53	40
2	80773180.1	C	A	42	0	47	0	50	2	53	0
7	11630258.0	T	C	72	32	63	5	67	3	49	12
7	11630258.1	T	G	72	0	63	1	67	0	49	0
7	151949056.0	C	T	13	79	6	61	59	0	12	64
6	49913875.0	C	A	217	164	114	102	133	93	112	107
6	49913875.1	C	G	217	0	114	1	133	0	112	0
X	24761436.0	C	A	106	90	60	42	73	48	73	43
12	6650784.0	C	A	357	0	292	1	329	0	410	0
12	6650784.1	C	T	357	0	292	35	329	0	410	0
X	32827700.0	C	A	72	95	64	45	89	65	81	42
X	32827700.1	C	T	72	0	64	0	89	2	81	1
X	32827700.2	C	G	72	0	64	0	89	2	81	1
X	39937097.0	C	A	184	135	140	87	188	103	175	148
2	128178891.0	C	A	155	131	168	170	201	153	164	185
X	118221243.0	G	A	40	39	32	38	33	45	24	24
X	118221243.1	G	C	40	0	32	0	33	1	24	0
9	140356477.0	T	A	43	54	50	59	50	32	61	86
18	70417444.0	G	T	674	1	516	1	445	0	528	0
18	70417444.1	G	A	674	0	516	0	445	142	528	0
18	70417444.2	G	C	674	0	516	0	445	2	528	0
