Chr	Posi	Wild	Mut	Met1T:ref	Met1T:alt	Met4T:ref	Met4T:alt	PrimT:ref	PrimT:alt
6	124604203.0	C	T	122	1	36	0	121	2
6	124604203.1	C	A	122	0	36	56	121	181
17	10355643.0	C	A	103	0	38	20	85	66
17	10355643.1	C	T	103	0	38	0	85	1
22	26706758.0	C	A	185	0	17	25	72	59
22	26706758.1	C	T	185	0	17	0	72	1
X	134993954.0	C	A	55	0	5	24	23	80
2	50765687.0	C	A	232	0	42	33	179	95
2	50765687.1	C	G	232	0	42	0	179	1
20	39991566.0	C	T	66	2	33	6	43	16
20	39991566.1	C	A	66	0	33	1	43	0
7	106509434.0	C	A	163	0	32	17	95	74
12	111319018.0	C	G	207	0	75	26	145	68
12	111319018.1	C	A	207	0	75	0	145	1
3	126707583.0	G	T	104	1	12	35	44	46
3	126707583.1	G	A	104	0	12	0	44	1
19	17953181.0	C	A	39	0	7	14	17	13
2	232081479.0	G	A	208	0	103	15	450	0
1	65830351.0	G	T	144	1	14	26	76	105
1	65830351.1	G	C	144	0	14	1	76	2
4	25675935.0	G	T	624	1	181	51	461	232
4	25675935.1	G	A	624	0	181	1	461	0
X	128896674.0	T	A	199	1	15	63	92	151
1	160806041.0	G	A	437	4	93	60	338	199
1	160806041.1	G	T	437	1	93	1	338	1
1	160806041.2	G	C	437	0	93	1	338	1
15	74238820.0	G	T	157	0	30	1	99	0
15	74238820.1	G	C	157	0	30	35	99	45
14	20528595.0	A	G	105	1	38	18	162	87
14	20528595.1	A	C	105	1	38	1	162	1
9	116811836.0	G	T	31	0	12	2	8	17
5	178140075.0	T	C	28	4	40	0	285	0
10	49939539.0	G	T	63	0	4	7	51	24
12	63543810.0	C	G	146	0	18	14	79	37
10	68686836.0	G	T	183	0	42	33	308	125
10	68686836.1	G	C	183	0	42	0	308	1
10	17199549.0	C	T	18	0	32	18	122	71
20	35234417.0	A	T	174	0	58	38	144	0
20	35234417.1	A	G	174	0	58	1	144	0
20	34021940.0	C	A	356	1	74	45	184	100
4	20711391.0	G	T	41	0	129	26	437	213
4	20711391.1	G	A	41	0	129	0	437	1
3	44938233.0	C	A	334	0	22	54	80	151
3	44938233.1	C	T	334	0	22	0	80	1
20	10620181.0	C	A	1232	2	309	164	853	385
20	10620181.1	C	T	1232	1	309	1	853	2
20	10620181.2	C	G	1232	0	309	1	853	3
15	52905952.0	C	A	293	0	123	72	439	213
15	52905952.1	C	T	293	0	123	1	439	0
15	52905952.2	C	G	293	0	123	0	439	1
1	228111892.0	T	C	197	0	45	22	123	77
1	212798782.0	C	A	46	0	15	7	45	26
4	89391805.0	G	A	12	0	33	31	193	87
7	121651215.0	T	A	149	0	25	27	125	85
7	121651215.1	T	G	149	0	25	1	125	1
9	107361538.0	G	A	30	0	6	3	21	10
4	144545467.0	G	A	37	0	51	9	212	102
4	144545467.1	G	T	37	0	51	1	212	1
2	103010994.0	C	A	275	0	105	58	409	211
2	103010994.1	C	T	275	0	105	1	409	0
10	60027284.0	C	A	88	0	19	0	51	36
2	3391650.0	G	T	79	0	21	17	52	15
2	3391650.1	G	A	79	0	21	0	52	1
19	21991287.0	C	A	5	0	2	3	21	13
7	87133701.0	A	T	727	2	113	76	404	265
7	87133701.1	A	G	727	0	113	1	404	0
7	87133701.2	A	C	727	0	113	1	404	0
16	4624716.0	C	A	137	0	48	16	178	75
16	4624716.1	C	G	137	0	48	0	178	1
1	232601095.0	G	C	95	1	29	8	83	41
19	55341621.0	G	C	379	7	38	8	140	17
12	51844698.0	G	T	205	1	52	39	178	95
9	107289136.0	C	A	71	0	23	10	108	40
6	154567841.0	C	A	251	1	15	0	58	1
6	154567841.1	C	G	251	0	15	43	58	146
7	103243795.0	C	A	95	0	45	34	146	72
7	103243795.1	C	T	95	0	45	0	146	1
1	228033240.0	A	T	334	0	73	1	193	0
1	228033240.1	A	G	334	0	73	65	193	89
3	113005605.0	C	A	364	0	72	1	230	0
3	113005605.1	C	T	364	0	72	45	230	0
22	19209496.0	C	A	91	1	35	27	84	110
1	158368957.0	G	T	351	2	62	128	238	356
1	158368957.1	G	A	351	0	62	0	238	2
4	169312763.0	C	A	103	1	46	15	203	120
4	169312763.1	C	T	103	0	46	0	203	2
4	169312763.2	C	G	103	0	46	0	203	2
7	121719742.0	C	A	59	0	41	10	113	54
7	121719742.1	C	T	59	0	41	0	113	1
7	121719742.2	C	G	59	0	41	0	113	1
17	3030729.0	C	T	163	0	28	15	105	54
4	187196973.0	G	A	174	0	98	1	304	0
4	187196973.1	G	T	174	0	98	28	304	149
4	187196973.2	G	C	174	0	98	1	304	0
20	18037319.0	G	T	172	1	48	0	103	0
20	18037319.1	G	A	172	0	48	26	103	78
4	144464794.0	A	G	20	1	17	23	86	60
4	144464794.1	A	T	20	0	17	1	86	0
8	105361249.0	C	A	15	0	21	7	84	30
13	42783209.0	G	C	155	0	14	25	44	83
15	34647828.0	C	G	226	0	51	39	202	1
15	34647828.1	C	A	226	0	51	0	202	1
4	144620299.0	G	A	308	0	39	1	157	0
4	144620299.1	G	C	308	0	39	27	157	95
19	47285642.0	C	T	107	0	8	24	46	61
19	47285642.1	C	G	107	0	8	1	46	0
19	47285642.2	C	A	107	0	8	0	46	1
14	73789872.0	T	C	26	0	83	21	194	106
14	73789872.1	T	G	26	0	83	0	194	1
6	105526530.0	G	A	85	0	8	10	14	20
5	24505273.0	A	T	55	0	108	0	336	148
9	131235943.0	C	T	233	1	56	27	157	107
9	131235943.1	C	G	233	0	56	1	157	0
8	143831832.0	C	T	244	3	69	85	161	135
8	143831832.1	C	A	244	0	69	1	161	0
8	143831832.2	C	G	244	0	69	0	161	1
8	52321352.0	G	A	89	2	20	16	54	18
8	52321352.1	G	T	89	0	20	0	54	1
15	64010990.0	T	A	63	0	68	41	278	170
15	64010990.1	T	C	63	0	68	1	278	0
15	31352756.0	G	A	193	0	53	26	252	1
14	24661375.0	A	T	172	0	43	1	155	0
14	24661375.1	A	C	172	0	43	29	155	74
10	15726008.0	C	T	263	2	64	0	188	1
10	15726008.1	C	G	263	0	64	21	188	137
2	73679044.0	G	T	44	0	15	5	68	32
2	73679043.0	G	A	46	0	15	5	67	32
19	58849669.0	C	G	131	0	7	23	37	34
2	128903459.0	A	T	270	0	54	25	210	128
2	128903459.1	A	G	270	0	54	2	210	0
2	128903459.2	A	C	270	0	54	0	210	1
21	33064229.0	C	A	172	0	17	24	70	116
7	129841703.0	C	A	229	2	41	27	182	104
7	129841703.1	C	G	229	0	41	1	182	0
17	56399695.0	G	A	156	1	90	0	108	43
17	56399695.1	G	C	156	0	90	0	108	3
9	132988727.0	C	A	325	0	89	51	210	110
9	132988727.1	C	T	325	0	89	1	210	0
9	132988727.2	C	G	325	0	89	0	210	1
X	91134258.0	G	T	198	1	18	37	92	127
X	91134258.1	G	A	198	0	18	0	92	1
7	93623652.0	C	A	89	0	106	53	518	0
7	93623652.1	C	G	89	0	106	1	518	0
X	142795228.0	C	A	178	1	12	39	87	165
3	96962948.0	G	T	336	2	66	29	293	161
4	158281138.0	G	T	503	0	71	59	318	131
4	158281138.1	G	C	503	0	71	0	318	1
7	128544344.0	G	T	144	1	32	14	90	51
18	14757920.0	G	T	79	1	46	17	178	80
1	196398736.0	A	G	92	0	48	25	171	91
1	196398736.1	A	C	92	0	48	1	171	0
22	17073385.0	G	T	197	0	21	32	77	48
22	17073385.1	G	A	197	0	21	0	77	1
17	76157269.0	G	T	292	0	88	56	193	98
X	91132811.0	A	G	103	0	9	24	40	115
2	228884161.0	C	A	157	0	28	19	101	70
14	20482660.0	G	C	248	0	45	26	146	103
7	89856554.0	T	A	38	0	29	17	88	57
7	89856554.1	T	G	38	0	29	1	88	0
12	57869643.0	G	T	247	1	58	50	158	86
14	47120663.0	G	A	252	0	53	33	150	75
17	7833934.0	C	A	370	0	84	46	229	137
17	7833934.1	C	T	370	0	84	1	229	0
16	74446726.0	G	T	240	1	89	6	230	1
16	74446726.1	G	A	240	0	89	27	230	30
21	15517056.0	C	T	17	1	9	23	53	59
4	155219731.0	G	A	183	0	22	29	201	91
4	155219731.1	G	T	183	0	22	1	201	0
15	85383178.0	G	A	52	0	17	14	42	22
15	85383178.1	G	T	52	0	17	1	42	0
1	237821257.0	G	T	18	0	40	27	163	103
5	140567195.0	C	G	89	1	9	15	70	31
14	65268074.0	C	A	384	2	92	44	206	125
14	65268074.1	C	T	384	0	92	0	206	1
3	101383996.0	G	A	92	0	50	1	247	0
3	101383996.1	G	T	92	0	50	1	247	1
3	101383996.2	G	C	92	0	50	41	247	142
19	58982200.0	G	A	440	24	91	7	246	34
19	58982200.1	G	T	440	3	91	0	246	1
19	58982200.2	G	C	440	1	91	0	246	0
19	55870064.0	C	T	111	0	10	13	26	33
5	64931197.0	G	T	90	1	25	39	222	101
5	64931197.1	G	A	90	0	25	1	222	0
4	39510282.0	T	C	86	1	33	25	156	77
4	39510282.1	T	A	86	0	33	1	156	0
15	29488751.0	C	A	210	0	56	36	150	70
4	57181708.0	G	A	32	0	7	6	18	11
1	228433240.0	G	T	369	0	58	42	176	121
1	228433240.1	G	C	369	0	58	0	176	1
7	87183113.0	G	T	138	0	43	37	182	104
7	87183113.1	G	C	138	0	43	1	182	0
10	72509627.0	G	T	129	0	20	0	87	31
17	10212640.0	C	A	116	0	15	17	75	36
12	68051905.0	G	A	336	0	72	1	208	0
12	68051905.1	G	T	336	0	72	40	208	124
19	43382362.0	C	A	843	1	91	0	247	0
19	43382362.1	C	T	843	0	91	81	247	143
11	72299930.0	A	T	75	0	7	14	24	18
11	55579782.0	C	G	20	0	2	3	6	11
2	167322468.0	G	A	41	0	24	17	95	63
2	167322468.1	G	T	41	0	24	1	95	0
4	79295277.0	A	G	265	2	44	20	179	81
2	132021063.0	G	T	112	0	88	26	311	81
1	171504666.0	G	T	275	2	57	30	222	120
1	171504666.1	G	A	275	0	57	2	222	0
8	88886186.0	C	A	95	0	19	17	41	54
8	88886186.1	C	T	95	0	19	1	41	0
18	34092504.0	G	T	179	0	32	16	113	0
4	96761818.0	G	A	179	1	25	0	104	0
4	96761818.1	G	T	179	0	25	11	104	50
4	96761818.2	G	C	179	0	25	0	104	1
10	118451860.0	A	T	286	0	28	49	147	0
10	118451860.1	A	G	286	0	28	0	147	1
12	49218731.0	G	C	153	0	38	15	155	75
4	114284579.0	T	A	131	0	67	29	300	150
4	114284579.1	T	C	131	0	67	1	300	0
19	17954233.0	T	A	102	0	14	26	54	65
19	17954233.1	T	C	102	0	14	2	54	4
19	17954233.2	T	G	102	0	14	0	54	2
5	171533758.0	G	A	349	0	37	1	240	1
5	171533758.1	G	C	349	0	37	51	240	122
4	20619270.0	C	T	194	0	35	11	104	73
8	77766781.0	C	A	164	0	28	35	86	96
8	30702934.0	A	G	6	2	12	4	41	21
14	103341997.0	G	C	161	2	51	43	261	140
14	103341997.1	G	T	161	0	51	0	261	1
2	203417478.0	G	A	225	1	52	1	165	2
2	203417478.1	G	T	225	0	52	26	165	98
1	107973484.0	G	T	254	0	25	28	88	132
1	107973484.1	G	C	254	0	25	2	88	0
1	107973484.2	G	A	254	0	25	0	88	1
12	25398284.0	C	G	242	1	29	0	127	1
12	25398284.1	C	A	242	0	29	75	127	299
12	25398284.2	C	T	242	0	29	1	127	0
7	153584796.0	G	A	183	0	40	34	160	58
2	33534509.0	G	A	105	1	53	28	278	142
2	33534509.1	G	T	105	0	53	1	278	2
6	139564106.0	G	T	53	0	9	10	27	28
15	74468085.0	C	A	39	0	4	6	29	12
6	35053691.0	G	T	70	0	3	18	18	23
1	196953215.0	C	A	51	1	42	22	145	69
1	196953215.1	C	G	51	0	42	0	145	1
19	56090246.0	C	A	61	0	5	10	18	20
6	65622530.0	G	T	134	1	22	29	100	113
5	150931046.0	G	T	379	0	63	1	211	150
7	128529076.0	C	A	249	0	97	40	189	97
7	128529076.1	C	G	249	0	97	2	189	1
7	128529076.2	C	T	249	0	97	0	189	2
4	68930516.0	G	T	33	0	25	5	127	69
2	1507748.0	C	A	254	0	60	39	233	93
2	1507748.1	C	G	254	0	60	0	233	2
16	56536696.0	C	A	93	1	16	21	93	54
16	56536696.1	C	T	93	0	16	1	93	0
1	156038254.0	G	T	125	1	111	36	225	56
1	156038254.1	G	A	125	0	111	1	225	0
1	156038254.2	G	C	125	0	111	0	225	1
11	88583158.0	C	G	458	0	40	24	114	43
4	76813092.0	C	A	132	0	43	14	85	56
X	134713783.0	G	T	38	0	4	24	22	57
8	76471228.0	G	A	58	0	53	1	145	0
8	76471228.1	G	T	58	0	53	12	145	53
20	55211775.0	G	T	195	2	71	32	244	134
20	8769333.0	C	T	33	0	59	23	262	131
20	8769333.1	C	A	33	0	59	0	262	5
9	120475800.0	G	T	59	1	28	12	127	51
7	27203434.0	C	A	386	2	81	53	233	139
5	21842275.0	G	T	142	2	52	0	175	138
16	76501289.0	A	T	231	0	39	1	374	0
16	76501289.1	A	C	231	0	39	66	374	272
6	7904825.0	C	A	331	0	24	50	124	123
6	7904825.1	C	G	331	0	24	0	124	1
9	119976942.0	C	T	173	0	41	26	121	69
9	119976942.1	C	G	173	0	41	1	121	4
16	3254480.0	C	A	353	4	58	60	293	159
2	163124756.0	T	C	18	4	60	0	180	0
16	2333309.0	G	A	238	2	55	46	134	85
16	2333309.1	G	C	238	0	55	1	134	2
17	42455748.0	C	A	181	1	38	30	108	55
17	42455748.1	C	T	181	0	38	0	108	1
2	238305432.0	A	T	306	0	64	51	256	153
2	238305432.1	A	C	306	0	64	1	256	1
5	39376103.0	G	C	135	3	112	0	376	237
5	39376103.1	G	A	135	0	112	0	376	1
3	75715006.0	G	T	1893	2	529	76	1321	186
3	75715006.1	G	C	1893	0	529	1	1321	1
12	52163703.0	G	A	231	2	67	26	205	114
4	70146243.0	C	A	338	1	95	32	435	203
4	70146243.1	C	T	338	0	95	1	435	1
2	166897974.0	C	A	15	0	30	18	120	84
2	166897974.1	C	T	15	0	30	0	120	1
19	36575567.0	G	A	403	0	31	1	121	0
19	36575567.1	G	T	403	0	31	60	121	120
5	45645463.0	C	A	61	0	16	44	265	126
5	45645463.1	C	T	61	0	16	1	265	1
16	69964086.0	A	G	388	1	42	54	272	144
17	10440755.0	G	T	681	1	125	88	461	228
17	10440755.1	G	A	681	0	125	1	461	0
5	161300322.0	G	T	197	0	21	0	132	84
15	73558663.0	G	T	144	0	79	58	354	174
9	97082494.0	G	A	173	0	29	22	94	59
9	97082494.1	G	T	173	0	29	0	94	1
18	44416357.0	C	A	99	1	67	46	105	150
16	31342511.0	A	T	101	0	29	10	87	43
1	216062367.0	G	T	63	0	28	21	115	41
1	216062367.1	G	C	63	0	28	0	115	1
2	153520739.0	C	A	8	0	28	8	90	42
8	3000159.0	A	T	268	1	107	54	323	215
8	3000159.1	A	G	268	0	107	2	323	0
8	3000159.2	A	C	268	0	107	1	323	0
1	226421134.0	C	A	349	0	106	55	399	186
1	231830067.0	G	T	140	2	27	19	85	37
17	8738624.0	G	T	61	1	19	18	59	18
17	8738624.1	G	A	61	0	19	1	59	0
17	8738624.2	G	C	61	0	19	1	59	2
1	247835732.0	G	T	32	0	11	3	39	17
19	17516337.0	C	G	387	0	38	69	112	148
2	27372107.0	C	T	130	0	25	23	96	28
4	4199046.0	C	A	108	0	12	11	51	30
4	4199046.1	C	T	108	0	12	0	51	1
8	35583724.0	C	A	40	0	4	9	28	18
2	234581022.0	G	A	218	1	193	1	635	1
2	234581022.1	G	T	218	2	193	51	635	150
10	98802692.0	C	A	352	0	38	50	186	0
15	34048518.0	A	T	283	0	96	58	345	195
17	39340991.0	C	A	161	0	35	19	85	42
8	77618493.0	C	A	238	2	52	58	169	202
8	77618493.1	C	G	238	0	52	0	169	1
12	21325586.0	G	C	99	1	59	168	196	633
12	21325586.1	G	A	99	0	59	0	196	2
12	129189723.0	C	A	126	1	18	26	74	46
12	129189723.1	C	T	126	0	18	2	74	0
8	27898646.0	G	T	281	2	85	44	181	84
8	27898646.1	G	A	281	0	85	1	181	0
8	27898646.2	G	C	281	0	85	0	181	1
2	45169599.0	C	A	37	0	13	9	22	13
12	124354915.0	C	A	75	1	83	38	233	111
12	124354915.1	C	G	75	0	83	1	233	0
5	149907822.0	G	T	160	0	21	26	105	50
5	149907822.1	G	C	160	0	21	1	105	0
5	149907822.2	G	A	160	0	21	0	105	1
2	151343232.0	C	G	365	1	124	0	278	0
2	151343232.1	C	A	365	0	124	61	278	144
X	125685323.0	G	T	210	1	25	40	41	101
19	51537847.0	C	T	297	1	30	0	73	0
19	51537847.1	C	A	297	0	30	35	73	112
17	30814971.0	C	G	44	0	18	6	25	11
3	170216653.0	G	C	185	0	35	28	131	85
3	170216653.1	G	A	185	0	35	0	131	1
7	82585610.0	C	A	102	0	46	22	218	104
5	140580243.0	G	C	20	1	12	0	86	0
5	140580243.1	G	T	20	0	12	3	86	51
1	185984429.0	C	G	148	1	42	18	129	51
12	12022792.0	G	T	87	0	7	18	19	55
20	57766920.0	T	C	129	0	22	28	55	40
11	74168503.0	C	A	173	1	16	39	56	62
11	74168503.1	C	G	173	0	16	2	56	0
10	45799112.0	C	T	216	0	13	24	183	0
10	45799112.1	C	G	216	0	13	1	183	0
15	40917096.0	C	T	19	0	30	2	73	0
15	40917096.1	C	G	19	0	30	7	73	27
15	40917096.2	C	A	19	0	30	0	73	1
7	6825633.0	A	T	1	0	15	1	40	12
14	95058426.0	G	T	360	1	99	57	246	121
14	95058426.1	G	C	360	0	99	0	246	1
21	43833229.0	C	A	303	0	28	50	134	91
21	43833229.1	C	G	303	0	28	1	134	0
12	50028161.0	G	T	315	0	85	48	187	129
12	50028161.1	G	A	315	0	85	0	187	1
12	50028161.2	G	C	315	0	85	0	187	1
8	124266094.0	C	A	126	1	43	15	151	82
8	106813950.0	G	T	42	0	10	3	46	13
2	157186543.0	A	T	433	0	102	53	343	199
8	124266095.0	C	G	124	1	41	15	147	80
8	124266095.1	C	A	124	0	41	0	147	1
18	28972298.0	G	T	13	0	24	8	34	53
17	48597066.0	C	T	257	0	50	43	175	99
5	145643084.0	T	G	108	5	14	37	208	119
6	139232487.0	C	A	73	0	22	39	108	126
2	74749983.0	C	T	145	0	25	3	58	49
X	151820017.0	C	A	364	0	34	106	101	350
4	7736032.0	G	T	904	1	237	80	647	286
4	7736032.1	G	A	904	0	237	1	647	0
4	7736032.2	G	C	904	0	237	0	647	1
4	126336899.0	C	G	79	0	36	10	120	65
4	126336899.1	C	A	79	0	36	0	120	1
2	130877628.0	C	A	42	0	9	7	41	21
9	35108103.0	C	A	24	0	3	8	9	16
X	20029158.0	T	A	18	0	23	0	15	48
X	20029158.1	T	C	18	0	23	0	15	1
14	50053044.0	G	A	282	0	64	34	168	111
3	130424549.0	G	A	117	0	76	1	288	0
3	130424549.1	G	C	117	0	76	46	288	0
20	2312860.0	A	G	291	0	96	38	332	0
3	164905775.0	G	T	270	3	13	71	88	242
17	58701014.0	A	C	238	2	86	0	207	1
17	58701014.1	A	T	238	0	86	0	207	1
17	58701014.2	A	G	238	0	86	0	207	112
17	3788840.0	C	A	165	0	44	18	134	70
17	3788840.1	C	G	165	0	44	1	134	1
17	3788840.2	C	T	165	0	44	0	134	1
13	45149652.0	C	A	318	1	31	35	85	110
13	45149652.1	C	T	318	0	31	0	85	1
7	107732080.0	C	A	231	0	64	1	191	1
7	107732080.1	C	T	231	0	64	33	191	118
12	99166819.0	C	A	85	0	69	34	199	109
12	99166819.1	C	G	85	0	69	0	199	2
15	34653711.0	C	A	165	1	40	1	103	0
15	34653711.1	C	G	165	0	40	23	103	50
15	77907793.0	C	T	251	0	65	47	159	78
13	25281302.0	G	T	233	0	10	24	65	80
13	25281302.1	G	C	233	0	10	0	65	1
2	62081056.0	C	A	151	0	47	32	163	0
2	167266781.0	C	A	208	1	219	97	770	444
10	17199548.0	T	A	17	0	30	18	117	70
2	167266782.0	C	G	206	1	221	96	767	439
2	167266782.1	C	A	206	0	221	1	767	0
2	167266782.2	C	T	206	0	221	1	767	1
9	33053260.0	G	T	170	2	94	0	284	0
9	33053260.1	G	A	170	0	94	77	284	271
14	23884673.0	G	A	313	1	77	0	226	0
14	23884673.1	G	C	313	0	77	42	226	112
11	110482107.0	T	C	10	0	12	14	40	58
18	5406812.0	C	A	356	1	95	54	262	168
18	5406812.1	C	T	356	0	95	2	262	0
6	97562043.0	C	A	330	0	34	1	103	0
6	97562043.1	C	T	330	0	34	57	103	139
6	97562043.2	C	G	330	0	34	1	103	0
7	143827041.0	T	C	421	3	137	58	540	0
3	170198875.0	G	T	114	1	13	17	69	48
4	175183962.0	A	G	97	0	20	8	108	53
12	26551808.0	C	A	59	0	118	50	439	222
12	26551808.1	C	T	59	0	118	1	439	0
4	46976325.0	C	A	71	1	36	30	204	112
1	153652146.0	T	C	47	0	29	3	60	28
1	248685844.0	G	T	47	0	19	17	94	49
3	51696762.0	G	A	112	0	9	18	38	25
3	51696762.1	G	T	112	0	9	0	38	1
16	27487817.0	C	A	307	0	68	1	198	0
16	27487817.1	C	G	307	0	68	53	198	101
16	27487817.2	C	T	307	0	68	0	198	2
1	174417800.0	G	A	128	0	24	1	141	1
1	174417800.1	G	T	128	0	24	16	141	67
12	54059143.0	C	A	250	0	72	34	169	74
5	140554588.0	G	A	322	0	43	20	261	25
5	140554588.1	G	T	322	0	43	0	261	1
20	21492765.0	G	T	129	0	42	36	93	40
11	69514057.0	G	T	224	3	18	31	68	94
11	55607036.0	G	T	286	1	19	25	91	92
11	55607036.1	G	A	286	0	19	1	91	0
15	53907789.0	C	G	29	0	48	9	190	100
7	94052384.0	C	A	639	2	126	86	370	210
14	51489585.0	G	C	454	1	95	0	246	0
14	51489585.1	G	T	454	0	95	48	246	121
1	43903092.0	G	T	308	0	32	45	89	101
10	50122110.0	G	A	149	5	43	0	138	91
11	1955028.0	G	A	134	0	21	29	41	59
6	25770345.0	C	T	265	0	23	29	95	119
7	156754923.0	G	T	447	1	92	50	295	203
X	149013179.0	C	A	127	0	8	46	33	75
9	130272501.0	C	A	327	0	65	62	228	111
9	130272501.1	C	G	327	0	65	1	228	0
7	157926723.0	C	A	141	0	48	19	96	39
7	157926723.1	C	T	141	0	48	1	96	0
7	157926723.2	C	G	141	0	48	1	96	0
1	158325308.0	C	T	211	0	86	26	376	90
6	168464411.0	T	A	192	0	22	1	54	0
6	168464411.1	T	C	192	0	22	29	54	53
6	168464411.2	T	G	192	0	22	0	54	1
2	160028721.0	G	T	192	4	63	31	224	113
7	28997339.0	C	A	196	0	52	35	215	0
14	79175803.0	G	T	207	2	44	54	162	80
14	79175803.1	G	C	207	1	44	0	162	0
5	89923556.0	G	T	6	1	7	0	57	45
8	95704963.0	G	T	428	1	77	76	261	318
8	95704963.1	G	C	428	0	77	1	261	1
7	106508297.0	C	A	45	0	5	3	19	12
5	180166406.0	A	C	200	0	33	1	119	1
5	180166406.1	A	T	200	0	33	0	119	58
9	138516290.0	T	A	230	0	47	39	134	71
