Chr	Posi	Wild	Mut	Met1T:ref	Met1T:alt	Met2T:ref	Met2T:alt	Met3T:ref	Met3T:alt	PrimT:ref	PrimT:alt
11	107506466.0	C	A	311	0	329	6	347	0	265	0
11	107506466.1	C	T	311	0	329	90	347	77	265	29
11	107506466.2	C	G	311	0	329	2	347	2	265	0
18	14543062.0	A	T	138	1	102	0	103	0	83	0
18	14543062.1	A	G	138	26	102	31	103	33	83	25
18	14543062.2	A	C	138	1	102	0	103	0	83	0
16	67424181.0	C	A	323	1	225	0	219	2	198	0
16	67424181.1	C	T	323	1	225	75	219	92	198	52
16	67424181.2	C	G	323	0	225	1	219	4	198	2
6	53769234.0	A	C	173	79	240	0	215	0	309	0
13	30077183.0	A	G	101	1	100	43	83	46	126	33
13	30077183.1	A	C	101	1	100	2	83	1	126	0
14	92084054.0	G	A	179	1	240	2	238	2	245	0
14	92084054.1	G	C	179	27	240	52	238	42	245	50
14	92084054.2	G	T	179	0	240	0	238	1	245	1
6	111688985.0	A	G	127	0	122	55	146	64	177	50
6	111688985.1	A	C	127	0	122	1	146	0	177	4
6	111688985.2	A	T	127	0	122	0	146	1	177	1
19	45451737.0	T	G	217	2	165	0	212	4	179	1
19	45451737.1	T	A	217	0	165	2	212	2	179	1
19	45451737.2	T	C	217	0	165	73	212	117	179	18
11	1017240.0	G	A	332	55	413	73	283	73	512	85
11	1017240.1	G	T	332	10	413	26	283	15	512	33
11	1017240.2	G	C	332	5	413	10	283	5	512	2
5	24491833.0	C	A	128	1	163	2	175	0	172	0
5	24491833.1	C	G	128	30	163	51	175	37	172	26
5	24491833.2	C	T	128	0	163	7	175	4	172	0
7	100682922.0	G	T	185	2	185	3	187	1	206	1
7	100682922.1	G	C	185	15	185	27	187	19	206	40
7	100682922.2	G	A	185	0	185	0	187	0	206	3
11	123900411.0	G	A	475	100	385	81	451	62	333	79
11	123900411.1	G	T	475	2	385	0	451	1	333	2
11	123900411.2	G	C	475	2	385	0	451	0	333	3
22	38206096.0	G	C	139	0	132	67	116	62	123	32
22	38206096.1	G	A	139	0	132	0	116	1	123	0
22	38206096.2	G	T	139	0	132	0	116	3	123	0
1	215814067.0	T	A	69	2	77	0	78	0	94	1
1	215814067.1	T	G	69	2	77	0	78	0	94	0
1	215814067.2	T	C	69	33	77	0	78	0	94	0
11	124857562.0	A	T	276	1	326	1	235	0	336	3
11	124857562.1	A	G	276	39	326	45	235	39	336	44
5	23527724.0	A	G	113	20	188	16	219	27	144	17
5	23527724.1	A	C	113	1	188	2	219	1	144	0
8	144995427.0	A	T	204	1	156	1	195	0	152	0
8	144995427.1	A	G	204	93	156	83	195	119	152	64
X	84561225.0	G	A	43	0	42	79	32	57	73	59
X	84561225.1	G	T	43	0	42	3	32	0	73	0
9	113259135.0	G	A	145	2	149	2	178	3	193	4
9	113259135.1	G	T	145	74	149	80	178	88	193	62
9	113259135.2	G	C	145	3	149	1	178	0	193	0
21	14987721.0	A	T	283	2	391	3	307	3	348	3
21	14987721.1	A	G	283	38	391	50	307	48	348	37
21	14987721.2	A	C	283	0	391	1	307	1	348	0
21	15872852.0	G	A	74	39	110	57	111	59	167	46
21	15872852.1	G	T	74	3	110	0	111	3	167	2
21	15872852.2	G	C	74	2	110	6	111	2	167	5
17	74068439.0	G	A	245	122	207	0	226	2	213	0
17	74068439.1	G	T	245	2	207	0	226	2	213	1
17	74068439.2	G	C	245	1	207	0	226	0	213	1
7	100683565.0	G	C	101	19	167	22	172	30	148	37
7	100683565.1	G	A	101	0	167	2	172	0	148	1
7	100683565.2	G	T	101	0	167	0	172	1	148	2
3	186501400.0	A	T	345	4	513	8	343	6	573	2
3	186501400.1	A	G	345	117	513	134	343	131	573	139
3	186501400.2	A	C	345	1	513	4	343	5	573	0
3	195512165.0	A	T	406	1	416	0	439	1	431	2
3	195512165.1	A	G	406	87	416	98	439	100	431	79
3	195512165.2	A	C	406	1	416	1	439	1	431	0
17	5085647.0	A	G	82	5	135	16	113	2	159	22
17	5085647.1	A	C	82	1	135	3	113	0	159	1
1	201180243.0	A	G	120	15	163	24	139	32	171	13
1	201180243.1	A	C	120	3	163	1	139	1	171	2
1	201180243.2	A	T	120	0	163	1	139	2	171	1
10	119014834.0	G	A	234	2	223	79	208	74	213	47
10	119014834.1	G	C	234	2	223	0	208	0	213	0
10	119014834.2	G	T	234	0	223	3	208	3	213	0
9	429808.0	G	A	180	52	179	58	201	55	230	39
9	429808.1	G	T	180	3	179	1	201	1	230	3
9	429808.2	G	C	180	1	179	1	201	0	230	1
1	201180717.0	C	A	300	6	347	4	348	7	401	2
1	201180717.1	C	T	300	32	347	70	348	49	401	58
1	201180717.2	C	G	300	1	347	4	348	4	401	3
19	46522497.0	C	A	580	9	415	13	545	10	475	6
19	46522497.1	C	T	580	226	415	207	545	262	475	118
19	46522497.2	C	G	580	8	415	5	545	6	475	5
3	195507796.0	G	T	333	2	280	2	364	1	308	1
3	195507796.1	G	C	333	25	280	35	364	23	308	47
3	195507796.2	G	A	333	0	280	0	364	2	308	0
6	71603915.0	C	T	351	3	218	93	205	109	209	54
6	71603915.1	C	G	351	0	218	1	205	1	209	0
6	71603915.2	C	A	351	0	218	0	205	3	209	0
19	23542763.0	G	A	161	25	224	34	243	32	196	36
19	23542763.1	G	T	161	2	224	0	243	0	196	0
19	23542763.2	G	C	161	2	224	0	243	0	196	2
8	141285784.0	C	A	229	0	449	2	356	2	419	0
8	141285784.1	C	T	229	0	449	103	356	151	419	90
8	141285784.2	C	G	229	0	449	2	356	0	419	1
9	114462242.0	C	A	190	1	224	1	179	1	346	1
9	114462242.1	C	T	190	2	224	97	179	98	346	83
9	114462242.2	C	G	190	0	224	1	179	2	346	3
9	129642355.0	G	T	112	0	76	45	93	72	124	21
9	129642355.1	G	C	112	0	76	0	93	1	124	0
9	129642355.2	G	A	112	0	76	0	93	0	124	1
12	46230439.0	G	A	126	50	172	100	168	80	224	53
12	46230439.1	G	T	126	0	172	1	168	1	224	0
12	46230439.2	G	C	126	0	172	1	168	0	224	1
17	16285542.0	G	A	220	27	254	32	272	26	211	33
17	16285542.1	G	C	220	1	254	0	272	0	211	0
2	219324626.0	A	T	75	1	103	0	106	0	111	0
2	219324626.1	A	G	75	1	103	0	106	0	111	0
2	219324626.2	A	C	75	38	103	1	106	0	111	0
2	21235202.0	C	T	135	53	146	76	154	86	219	53
2	21235202.1	C	G	135	2	146	2	154	3	219	4
2	21235202.2	C	A	135	0	146	0	154	1	219	0
3	49163546.0	C	A	207	0	96	40	113	57	133	24
3	49163546.1	C	T	207	0	96	1	113	6	133	1
3	49163546.2	C	G	207	0	96	0	113	1	133	0
19	12060105.0	G	A	99	11	118	23	110	14	137	15
19	12060105.1	G	T	99	0	118	3	110	0	137	0
19	12060105.2	G	C	99	0	118	1	110	0	137	1
19	40580636.0	G	T	230	31	311	26	285	23	364	26
19	40580636.1	G	C	230	3	311	1	285	0	364	0
19	40580636.2	G	A	230	0	311	5	285	1	364	2
1	152324182.0	G	A	265	4	210	4	265	1	204	3
1	152324182.1	G	T	265	1	210	2	265	4	204	0
1	152324182.2	G	C	265	19	210	23	265	24	204	35
5	21802491.0	T	A	106	1	193	0	150	0	145	0
5	21802491.1	T	G	106	42	193	0	150	0	145	0
11	128642820.0	C	A	108	2	109	0	98	0	100	0
11	128642820.1	C	T	108	28	109	0	98	1	100	0
11	128642820.2	C	G	108	0	109	0	98	1	100	0
14	105417243.0	T	G	86	2	70	2	79	3	55	1
14	105417243.1	T	C	86	106	70	116	79	85	55	76
14	105417243.2	T	A	86	0	70	0	79	1	55	0
16	90126912.0	G	T	166	15	165	34	164	29	164	27
16	90126912.1	G	C	166	2	165	6	164	4	164	5
16	90126912.2	G	A	166	0	165	2	164	3	164	2
3	195513031.0	A	T	993	3	864	2	1079	3	687	4
3	195513031.1	A	G	993	193	864	183	1079	163	687	154
3	195513031.2	A	C	993	6	864	3	1079	2	687	3
19	11979192.0	A	C	126	60	149	0	143	0	157	0
19	11979192.1	A	T	126	0	149	1	143	1	157	0
16	24373095.0	G	A	153	53	141	0	158	0	123	1
16	24373095.1	G	T	153	2	141	0	158	3	123	0
16	24373095.2	G	C	153	3	141	0	158	1	123	1
1	201180767.0	A	T	327	2	342	0	357	1	364	1
1	201180767.1	A	G	327	30	342	46	357	30	364	39
1	201180767.2	A	C	327	1	342	1	357	0	364	0
7	100647838.0	T	A	277	3	291	3	301	1	255	0
7	100647838.1	T	G	277	1	291	0	301	0	255	1
7	100647838.2	T	C	277	26	291	70	301	18	255	99
17	16285560.0	T	C	226	43	249	43	248	43	217	47
17	16285560.1	T	A	226	0	249	0	248	1	217	1
1	152327063.0	A	G	106	12	133	13	140	11	146	21
1	152327063.1	A	C	106	2	133	1	140	0	146	0
13	47409492.0	A	T	70	1	36	0	46	2	49	0
13	47409492.1	A	C	70	0	36	16	46	29	49	3
1	152084018.0	C	T	87	2	53	35	74	42	44	11
1	152084018.1	C	G	87	4	53	2	74	2	44	3
1	152084018.2	C	A	87	0	53	1	74	0	44	0
5	36035970.0	C	T	108	44	107	61	104	105	104	54
5	36035970.1	C	G	108	3	107	7	104	1	104	3
5	36035970.2	C	A	108	0	107	2	104	4	104	1
3	87027679.0	G	A	132	37	171	0	159	0	148	0
3	87027679.1	G	T	132	1	171	0	159	0	148	0
9	129642356.0	A	G	114	0	74	44	94	72	131	21
9	129642356.1	A	T	114	0	74	0	94	1	131	0
3	195513319.0	G	A	403	83	330	62	336	84	290	53
3	195513319.1	G	T	403	5	330	5	336	8	290	5
3	195513319.2	G	C	403	7	330	8	336	4	290	8
11	3380633.0	G	A	280	1	299	0	293	1	330	0
11	3380633.1	G	T	280	37	299	43	293	34	330	53
11	3380633.2	G	C	280	1	299	1	293	1	330	0
