Chr	Posi	Wild	Mut	Met1T:ref	Met1T:alt	Met2T:ref	Met2T:alt	PrimT:ref	PrimT:alt
2	39250162.0	A	C	121	33	96	52	127	25
19	8807906.0	G	A	87	27	51	18	64	37
19	8807906.1	G	C	87	0	51	1	64	2
3	52388939.0	G	A	122	37	97	53	90	48
6	161470483.0	C	T	140	26	77	44	103	55
6	161470483.1	C	G	140	1	77	0	103	0
16	1816274.0	G	A	71	30	53	39	52	42
4	123949363.0	G	A	191	39	147	62	128	47
4	123949363.1	G	T	191	1	147	0	128	2
3	196210754.0	G	T	189	62	148	43	146	51
16	27763084.0	G	A	100	1	76	0	70	0
16	27763084.1	G	T	100	1	76	0	70	1
16	27763084.2	G	C	100	33	76	37	70	45
8	55541424.0	C	T	59	20	47	23	42	38
11	118967771.0	G	A	183	48	105	31	195	34
13	25008691.0	C	T	149	1	71	0	95	0
13	25008691.1	C	G	149	45	71	46	95	53
12	118693355.0	C	A	209	1	102	0	131	2
12	118693355.1	C	T	209	52	102	64	131	74
11	34120900.0	C	G	178	39	152	42	113	83
11	34120900.1	C	A	178	0	152	0	113	1
10	135085922.0	G	A	97	26	86	27	69	33
10	135085922.1	G	C	97	0	86	1	69	0
19	2043575.0	C	A	231	1	175	1	228	1
19	2043575.1	C	T	231	61	175	85	228	90
13	47469727.0	C	T	97	25	52	34	71	49
4	6296811.0	G	A	100	33	76	38	76	47
2	70919669.0	G	A	178	46	123	59	83	64
12	32458724.0	G	C	75	11	58	16	65	29
12	32458724.1	G	T	75	0	58	0	65	1
9	139571535.0	G	T	148	1	169	0	169	0
9	139571535.1	G	A	148	0	169	0	169	31
8	26501586.0	C	T	143	1	99	0	108	1
8	26501586.1	C	G	143	54	99	56	108	74
15	28491944.0	G	A	154	26	97	35	142	48
16	71668591.0	G	A	190	45	110	46	140	75
16	71668591.1	G	T	190	1	110	1	140	1
19	50390755.0	C	G	228	59	206	65	184	61
19	50390755.1	C	T	228	0	206	1	184	0
20	46331303.0	C	T	235	0	159	24	197	0
7	2962314.0	C	G	132	95	111	96	89	75
7	2962314.1	C	T	132	0	111	1	89	0
7	2962314.2	C	A	132	0	111	0	89	1
19	2043186.0	C	A	204	1	143	0	165	0
19	2043186.1	C	G	204	72	143	65	165	93
19	2043186.2	C	T	204	0	143	0	165	3
14	75142429.0	C	T	97	31	67	38	73	52
3	9952637.0	G	A	116	36	55	45	71	58
3	9952637.1	G	T	116	0	55	1	71	0
3	9952637.2	G	C	116	0	55	0	71	1
19	44470807.0	C	T	110	30	48	32	73	38
12	14589138.0	C	G	297	64	168	40	198	100
11	66191424.0	G	C	84	27	52	29	59	36
11	66191424.1	G	A	84	0	52	0	59	1
19	41932604.0	G	C	46	14	36	24	34	32
19	41932604.1	G	A	46	0	36	1	34	0
3	38038616.0	G	C	195	59	115	60	158	92
3	38038616.1	G	A	195	0	115	0	158	1
3	38038616.2	G	T	195	0	115	0	158	1
1	201687549.0	G	A	97	13	90	24	88	33
1	201687549.1	G	C	97	0	90	1	88	0
1	163122445.0	G	T	241	49	221	70	210	54
17	37922099.0	G	A	121	26	60	32	65	60
17	37922099.1	G	C	121	0	60	0	65	1
17	7691220.0	C	T	258	65	161	70	160	93
21	45970875.0	G	C	48	10	44	23	43	22
X	153580700.0	C	G	61	63	30	48	45	49
14	105178014.0	G	A	87	38	68	42	66	55
14	105178014.1	G	C	87	1	68	1	66	0
22	50750838.0	C	T	182	57	154	105	153	76
21	43339013.0	G	A	239	51	148	78	206	97
21	43339013.1	G	C	239	1	148	0	206	0
1	109440683.0	G	A	122	53	60	43	48	64
1	109440683.1	G	C	122	0	60	1	48	0
7	147336367.0	C	T	95	17	57	21	89	25
4	85729527.0	G	A	186	45	149	80	149	73
4	85729527.1	G	T	186	0	149	0	149	1
2	178098735.0	G	C	170	54	107	69	116	84
2	178098735.1	G	T	170	0	107	0	116	1
17	77770765.0	G	C	147	34	88	58	114	60
17	27086208.0	G	A	89	34	65	26	70	35
17	27086208.1	G	T	89	0	65	0	70	1
11	9829675.0	G	T	115	35	92	46	66	49
1	236850003.0	C	A	186	45	128	40	148	43
1	236850003.1	C	T	186	0	128	0	148	1
3	52360904.0	G	T	142	53	73	59	102	56
1	74665388.0	A	T	202	56	78	91	52	98
4	87691073.0	A	C	268	2	188	41	237	0
10	17113531.0	C	G	146	49	132	52	108	55
10	17113531.1	C	T	146	0	132	1	108	1
10	17113531.2	C	A	146	0	132	0	108	1
1	216692725.0	G	A	107	26	125	28	94	26
1	216692725.1	G	T	107	0	125	0	94	2
11	48328287.0	G	A	271	72	192	83	162	88
11	48328287.1	G	T	271	1	192	0	162	1
11	62546432.0	G	A	191	59	132	54	116	67
12	8670765.0	C	T	158	33	91	44	78	51
3	58553009.0	C	A	94	17	69	46	71	39
3	58553009.1	C	T	94	0	69	0	71	1
7	70885919.0	C	T	210	65	174	36	171	63
1	229738014.0	C	G	306	47	244	73	267	82
1	229738014.1	C	A	306	0	244	0	267	1
20	61453477.0	C	T	215	104	194	99	246	109
20	61453477.1	C	A	215	0	194	1	246	1
1	157665283.0	C	A	191	39	129	63	167	53
1	157665283.1	C	T	191	1	129	0	167	0
19	19377362.0	G	A	127	32	75	35	89	40
6	129824302.0	C	G	104	38	68	31	85	39
6	129824302.1	C	T	104	0	68	1	85	0
11	120837917.0	G	T	261	81	163	91	192	88
11	120837917.1	G	C	261	1	163	1	192	0
11	120837917.2	G	A	261	0	163	0	192	1
7	103276870.0	C	T	119	13	104	32	125	41
4	72205152.0	C	A	175	44	85	42	108	60
4	72205152.1	C	G	175	0	85	1	108	0
19	51297791.0	C	T	146	32	96	70	112	57
19	51297791.1	C	G	146	0	96	1	112	0
11	114576638.0	G	T	90	26	75	29	56	37
10	5567242.0	A	T	68	24	61	22	46	28
10	5567242.1	A	G	68	0	61	1	46	0
8	68007574.0	A	T	148	47	105	37	106	59
8	68007574.1	A	G	148	1	105	0	106	0
10	85997235.0	C	T	10	2	11	5	9	7
8	38066685.0	C	T	121	36	71	43	75	55
2	188331702.0	C	T	168	35	144	56	110	73
11	113264462.0	G	A	107	28	71	29	96	32
11	113264463.0	G	T	107	28	73	28	95	34
14	19378043.0	C	T	674	59	568	79	566	82
14	19378043.1	C	A	674	0	568	1	566	1
14	19378043.2	C	G	674	0	568	0	566	1
3	9975122.0	C	T	92	31	40	29	56	32
3	9975122.1	C	G	92	0	40	1	56	0
2	121107103.0	G	A	50	10	31	31	23	17
1	85397162.0	C	G	97	25	31	40	47	39
4	20852217.0	C	G	200	60	134	53	118	89
20	60905952.0	G	A	77	28	64	29	77	24
20	60905952.1	G	T	77	0	64	0	77	1
14	74516847.0	G	C	49	4	20	14	42	21
14	74516847.1	G	A	49	0	20	0	42	1
1	49119044.0	C	T	154	51	59	76	67	79
1	49119044.1	C	G	154	1	59	0	67	0
7	151836345.0	C	A	140	1	112	0	119	0
7	151836345.1	C	T	140	53	112	28	119	32
22	46631094.0	C	A	267	1	141	0	161	1
22	46631094.1	C	T	267	67	141	78	161	79
22	46631094.2	C	G	267	0	141	1	161	0
22	19188928.0	C	A	145	1	121	2	101	0
22	19188928.1	C	T	145	56	121	56	101	45
22	19188928.2	C	G	145	1	121	0	101	0
6	55620477.0	G	A	183	41	132	60	99	57
6	55620477.1	G	T	183	0	132	3	99	0
6	55620477.2	G	C	183	0	132	0	99	1
4	109578789.0	G	A	234	57	164	63	182	94
4	109578789.1	G	T	234	1	164	0	182	4
4	109578789.2	G	C	234	0	164	0	182	2
11	20515723.0	C	T	86	38	70	33	64	31
3	123987616.0	C	T	196	41	111	74	152	75
3	123987616.1	C	A	196	0	111	0	152	1
11	68131389.0	G	C	70	18	49	25	28	14
16	624209.0	C	G	61	36	25	28	44	19
14	35480736.0	C	T	180	37	101	52	97	67
14	35480736.1	C	A	180	0	101	1	97	0
2	179476304.0	G	C	111	28	84	42	67	40
12	56514535.0	G	A	188	52	113	44	145	73
2	165946945.0	G	A	39	14	24	13	31	15
11	56431747.0	G	A	132	43	67	42	88	61
11	56431747.1	G	T	132	1	67	0	88	0
1	37271886.0	C	T	93	44	44	56	56	54
1	37271886.1	C	A	93	0	44	1	56	0
19	12059909.0	C	G	156	34	110	40	127	53
5	16475237.0	C	G	139	30	47	50	45	73
3	123051509.0	C	T	102	35	53	34	62	41
11	1956131.0	G	T	174	42	116	48	105	45
2	219678884.0	C	T	40	22	39	18	53	31
16	2287791.0	C	T	26	9	22	7	15	15
16	2287791.1	C	G	26	1	22	0	15	0
5	37064827.0	G	A	63	23	26	33	33	45
9	140247140.0	G	T	27	1	10	0	19	1
9	140247140.1	G	C	27	36	10	31	19	18
10	101462381.0	C	A	183	49	99	67	126	73
2	223065932.0	G	A	247	1	170	1	142	0
2	223065932.1	G	C	247	61	170	89	142	82
2	196661389.0	C	G	141	49	102	57	125	61
2	196661389.1	C	A	141	0	102	0	125	1
6	3106093.0	C	G	45	14	34	12	38	22
19	633461.0	G	A	46	23	17	8	20	19
19	633461.1	G	T	46	1	17	0	20	1
8	146068026.0	C	T	120	41	92	44	94	59
17	79770729.0	G	A	50	11	41	19	39	25
22	51041815.0	G	A	116	34	86	50	81	36
8	55059971.0	C	G	131	28	102	35	83	46
5	9629322.0	G	C	97	23	33	26	38	46
4	5578067.0	G	A	90	33	67	34	76	31
4	5578067.1	G	T	90	0	67	0	76	1
19	50363297.0	C	T	61	20	33	29	42	19
17	26727707.0	T	G	116	32	72	13	109	8
11	61908423.0	G	A	149	50	105	49	105	64
16	56701285.0	G	C	190	46	145	69	145	60
16	56701285.1	G	T	190	0	145	0	145	1
14	52520562.0	C	G	258	67	145	76	181	70
14	52520562.1	C	A	258	0	145	0	181	1
3	132294706.0	C	G	191	56	116	60	169	68
13	76055547.0	G	A	241	105	169	94	203	101
13	76055547.1	G	C	241	0	169	0	203	1
2	158971768.0	C	T	140	34	96	55	88	40
2	158971768.1	C	A	140	0	96	0	88	1
10	99221590.0	G	A	133	40	104	43	86	50
10	99221590.1	G	C	133	0	104	0	86	1
19	50204037.0	G	A	152	52	111	51	100	52
5	112176017.0	G	T	81	0	66	0	51	20
6	35923012.0	G	T	110	34	72	33	94	68
3	48476446.0	G	A	82	25	54	33	99	48
16	69778815.0	G	T	189	2	117	0	106	0
16	69778815.1	G	C	189	46	117	27	106	55
19	46176164.0	G	C	248	72	154	63	176	120
19	46176164.1	G	T	248	0	154	1	176	0
10	38343969.0	G	C	147	21	105	32	78	41
10	38343969.1	G	T	147	0	105	0	78	1
3	48965034.0	G	A	54	11	24	12	36	29
12	21926491.0	C	T	116	1	85	1	97	0
12	21926491.1	C	G	116	30	85	43	97	36
19	17370238.0	C	T	128	43	86	32	132	54
19	17370238.1	C	G	128	1	86	0	132	0
17	9862596.0	C	T	271	77	191	89	154	79
17	9862596.1	C	G	271	0	191	2	154	1
17	9862596.2	C	A	271	0	191	0	154	1
19	12126264.0	C	G	144	34	101	45	80	47
9	138518013.0	A	G	167	21	149	29	193	5
9	138518013.1	A	C	167	0	149	0	193	1
11	824688.0	C	T	26	1	20	0	25	0
11	824688.1	C	G	26	8	20	5	25	13
7	143175109.0	C	T	244	54	181	78	212	69
7	143175109.1	C	G	244	1	181	0	212	1
19	38800182.0	G	A	102	0	68	10	100	0
19	49814383.0	C	T	267	75	143	73	135	69
19	49814383.1	C	G	267	1	143	0	135	0
19	49814383.2	C	A	267	0	143	0	135	1
7	150733173.0	G	C	113	23	77	27	93	34
3	179132750.0	T	A	103	22	58	45	78	44
3	179132750.1	T	C	103	1	58	2	78	1
3	179132750.2	T	G	103	0	58	1	78	1
7	112724438.0	G	A	96	22	87	33	106	30
7	112724438.1	G	T	96	0	87	1	106	0
10	24809178.0	G	T	173	54	107	42	128	62
10	24809178.1	G	A	173	0	107	0	128	2
1	89732101.0	C	G	138	52	74	76	54	80
1	89732101.1	C	A	138	0	74	1	54	1
16	309576.0	C	T	147	54	110	55	132	93
15	43818202.0	C	A	108	1	86	0	103	1
15	43818202.1	C	G	108	26	86	38	103	32
2	26997141.0	G	A	201	70	141	80	162	79
22	50956232.0	G	A	81	1	57	0	55	1
22	50956232.1	G	T	81	28	57	44	55	33
19	19625801.0	C	G	59	30	32	13	30	20
19	19625801.1	C	A	59	0	32	1	30	0
14	20443780.0	G	T	219	50	137	82	135	69
14	20443780.1	G	A	219	0	137	1	135	0
16	4606499.0	C	G	63	11	28	17	34	14
19	2112927.0	C	A	161	1	108	0	113	0
19	2112927.1	C	T	161	53	108	65	113	73
19	2112927.2	C	G	161	0	108	0	113	1
2	177016422.0	G	C	60	20	69	24	62	31
6	7862663.0	G	A	156	44	86	47	92	40
6	7862663.1	G	C	156	1	86	0	92	0
19	53645241.0	C	G	37	11	28	12	18	19
22	39883418.0	C	T	167	3	144	0	157	0
22	39883418.1	C	G	167	53	144	75	157	56
22	39883418.2	C	A	167	0	144	0	157	1
4	40146375.0	G	A	190	42	142	67	135	66
4	40146375.1	G	T	190	0	142	0	135	1
2	98195504.0	G	A	149	36	139	63	103	44
2	98195504.1	G	T	149	0	139	1	103	0
12	116434939.0	G	A	117	41	78	45	96	57
12	116434939.1	G	T	117	0	78	1	96	0
4	85525508.0	C	T	204	1	149	0	147	0
4	85525508.1	C	G	204	59	149	77	147	84
2	24974948.0	C	A	167	1	110	0	152	0
2	24974948.1	C	G	167	65	110	45	152	76
2	9588382.0	G	A	149	35	98	50	112	42
2	9588382.1	G	T	149	0	98	0	112	1
17	18088190.0	C	T	188	45	106	44	156	77
17	18088190.1	C	A	188	0	106	0	156	1
2	27886704.0	G	A	100	26	43	25	55	43
3	45636435.0	G	A	230	73	145	83	172	85
4	9982242.0	G	A	76	21	80	29	57	45
2	167055917.0	G	A	206	44	133	64	162	73
2	167055917.1	G	T	206	0	133	0	162	1
19	407997.0	G	A	73	32	57	19	44	31
19	407997.1	G	T	73	0	57	0	44	1
3	48698738.0	C	T	85	36	51	29	66	19
12	119617367.0	G	A	74	11	39	24	51	32
22	21354289.0	C	A	58	3	38	1	46	1
22	21354289.1	C	G	58	18	38	16	46	32
3	9695364.0	G	A	375	86	187	131	247	119
3	9695364.1	G	C	375	1	187	1	247	0
16	2578269.0	C	T	48	18	27	16	44	20
17	74902114.0	C	G	224	62	147	68	116	76
15	65917782.0	T	G	428	41	334	18	381	7
12	56565193.0	C	A	312	1	190	0	188	1
12	56565193.1	C	T	312	76	190	98	188	107
19	49518374.0	C	T	60	24	46	20	40	20
15	50831027.0	G	A	259	66	227	72	208	57
15	50831027.1	G	T	259	1	227	0	208	2
15	50831027.2	G	C	259	0	227	1	208	1
19	48032282.0	C	A	163	1	158	1	151	0
19	48032282.1	C	G	163	53	158	53	151	90
14	35231090.0	G	T	390	0	283	49	299	0
14	35231090.1	G	C	390	0	283	1	299	0
4	47887604.0	G	A	198	58	143	60	144	74
17	78210800.0	C	A	105	23	45	38	64	39
5	96460208.0	C	T	168	0	78	25	141	0
19	5757931.0	C	G	180	56	115	52	129	45
19	5757931.1	C	T	180	0	115	1	129	0
2	15519821.0	G	A	224	44	123	74	190	75
18	47323945.0	T	C	195	43	156	65	108	57
6	52993147.0	G	C	170	43	81	48	136	52
12	120189920.0	G	A	82	57	80	80	75	54
2	54197844.0	G	A	53	1	23	1	41	0
2	54197844.1	G	T	53	16	23	13	41	18
2	54197844.2	G	C	53	1	23	1	41	0
1	12569008.0	G	A	143	56	67	89	87	72
1	12569008.1	G	T	143	0	67	0	87	1
3	33416785.0	C	T	225	72	160	92	159	99
12	56482552.0	G	A	191	65	91	70	150	61
18	45567253.0	C	T	193	61	135	72	121	63
10	49937604.0	G	A	259	79	176	97	188	121
10	49937604.1	G	T	259	3	176	0	188	0
12	104049234.0	G	T	188	51	176	90	166	89
1	16458261.0	C	T	140	50	82	71	76	59
15	101591950.0	C	T	97	13	91	24	71	31
2	97351743.0	C	A	75	1	41	0	65	0
2	97351743.1	C	G	75	15	41	34	65	26
2	97351743.2	C	T	75	0	41	1	65	0
11	66335040.0	C	T	108	41	56	41	93	49
15	25959306.0	G	A	91	23	77	29	61	17
15	25959306.1	G	T	91	2	77	0	61	0
15	25959306.2	G	C	91	0	77	0	61	1
10	112362607.0	G	A	171	39	144	56	128	73
10	112362607.1	G	C	171	0	144	0	128	1
16	19126436.0	C	T	43	17	41	30	34	26
7	100283678.0	C	G	179	41	138	40	157	48
7	100283678.1	C	A	179	0	138	1	157	0
3	58107170.0	A	C	99	41	65	31	85	44
3	58107170.1	A	T	99	0	65	1	85	0
4	154217103.0	G	C	100	22	78	15	69	25
1	151780036.0	T	G	393	22	341	39	413	23
1	151780036.1	T	C	393	0	341	1	413	0
