Chr	Posi	Wild	Mut	Met1T:ref	Met1T:alt	Met3T:ref	Met3T:alt	PrimT:ref	PrimT:alt
4	69536320.0	G	A	122	4	118	7	91	11
17	34499271.0	C	T	569	3	586	4	208	1
17	34499271.1	C	A	569	0	586	3	208	0
3	53854543.0	G	A	199	1	211	4	149	0
3	53854543.1	G	T	199	0	211	0	149	1
22	46929866.0	G	A	62	37	68	52	46	44
22	46929866.1	G	T	62	0	68	0	46	1
1	152128065.0	C	T	446	9	486	15	218	2
1	152128065.1	C	G	446	1	486	0	218	0
4	76722259.0	C	A	481	3	242	0	235	2
4	76722259.1	C	G	481	2	242	4	235	0
19	9018463.0	T	C	271	0	261	6	113	0
11	62296271.0	G	A	320	9	306	5	204	11
11	62296271.1	G	T	320	0	306	0	204	2
11	62296271.2	G	C	320	0	306	0	204	1
5	36195374.0	G	A	232	1	272	1	191	7
5	36195374.1	G	T	232	1	272	0	191	2
17	72540795.0	C	T	167	8	176	5	110	6
15	29415826.0	G	A	281	1	326	4	152	2
15	29415826.1	G	T	281	0	326	1	152	0
3	56330307.0	T	G	143	1	150	0	83	0
3	56330307.1	T	C	143	24	150	45	83	34
3	56330307.2	T	A	143	0	150	1	83	0
10	44874130.0	G	A	420	2	434	6	203	0
10	44874130.1	G	T	420	0	434	0	203	1
19	8968931.0	C	T	325	5	277	5	129	0
3	24006626.0	C	G	183	63	198	108	169	74
3	24006626.1	C	A	183	0	198	2	169	5
10	119043322.0	C	A	304	3	409	1	238	0
10	119043322.1	C	T	304	3	409	5	238	1
10	119043322.2	C	G	304	0	409	1	238	0
10	96535275.0	G	T	321	2	409	0	143	6
15	25223575.0	G	A	326	32	302	36	155	22
15	25223575.1	G	T	326	1	302	0	155	0
2	242542480.0	T	G	115	5	150	3	70	3
7	4917591.0	C	T	40	2	30	10	48	8
5	147665577.0	G	A	674	2	330	0	319	2
5	147665577.1	G	T	674	0	330	0	319	4
1	220791709.0	A	T	174	4	165	2	137	0
4	16177756.0	C	T	449	4	253	2	220	0
X	46737004.0	C	T	330	0	253	7	86	2
2	166166959.0	G	A	320	6	369	6	212	2
2	166166959.1	G	C	320	1	369	1	212	0
2	166166959.2	G	T	320	0	369	2	212	1
15	78927889.0	G	A	460	2	466	1	139	4
19	49416393.0	G	A	199	1	204	5	140	0
12	56676279.0	A	G	179	18	225	34	116	10
12	56676279.1	A	C	179	1	225	0	116	0
20	61845283.0	G	A	254	4	245	4	190	3
16	72139431.0	C	T	169	0	227	6	156	0
5	101794117.0	G	T	664	0	394	1	217	0
5	101794117.1	G	C	664	0	394	1	217	0
5	101794117.2	G	A	664	0	394	0	217	4
15	43352309.0	G	A	196	2	241	4	149	2
3	57627403.0	C	T	587	5	507	6	232	5
3	57627403.1	C	G	587	1	507	0	232	1
3	57627403.2	C	A	587	0	507	0	232	1
1	145818769.0	C	T	515	4	389	1	166	1
6	109480249.0	C	T	580	3	440	6	269	2
10	123722752.0	C	T	589	5	460	2	268	4
1	100681617.0	G	A	595	0	652	2	247	1
1	100681617.1	G	T	595	0	652	4	247	0
20	1902132.0	A	T	140	2	121	2	42	7
9	95608705.0	T	A	301	43	276	76	208	53
9	95608705.1	T	G	301	1	276	1	208	0
9	95608705.2	T	C	301	1	276	0	208	0
6	131186766.0	G	A	265	0	288	4	133	0
6	131186766.1	G	T	265	0	288	1	133	2
17	18205213.0	G	A	597	79	779	147	245	45
17	18205213.1	G	T	597	5	779	6	245	3
17	18205213.2	G	C	597	0	779	2	245	10
3	122090589.0	G	A	361	11	348	14	216	2
3	122090589.1	G	T	361	1	348	1	216	0
1	13036665.0	G	A	318	7	333	2	118	1
1	13036665.1	G	T	318	1	333	0	118	0
17	3919679.0	G	C	227	1	291	1	103	0
17	3919679.1	G	T	227	0	291	4	103	0
9	112029769.0	G	A	420	1	513	4	227	0
9	112029769.1	G	T	420	0	513	0	227	1
6	31590622.0	C	T	455	3	547	6	238	0
12	125397262.0	T	C	127	2	236	1	267	18
17	10408207.0	C	T	422	4	334	4	216	2
17	10408207.1	C	G	422	1	334	0	216	0
17	10408207.2	C	A	422	0	334	0	216	1
7	1589503.0	C	T	192	2	250	5	137	3
19	23836372.0	C	T	81	6	102	0	92	0
19	23836372.1	C	A	81	0	102	0	92	1
7	76132828.0	G	T	229	1	255	0	168	0
7	76132828.1	G	A	229	0	255	4	168	2
8	196154.0	G	T	294	2	328	0	187	0
8	196154.1	G	A	294	0	328	0	187	5
X	24760181.0	C	A	192	1	257	1	135	0
X	24760181.1	C	T	192	1	257	4	135	3
12	541059.0	C	A	302	3	216	0	210	1
12	541059.1	C	T	302	1	216	5	210	0
4	149115959.0	C	T	522	2	490	4	218	0
4	149115959.1	C	A	522	0	490	3	218	0
7	127014674.0	A	T	221	1	200	0	122	2
7	127014674.1	A	G	221	61	200	93	122	69
8	110539073.0	T	G	173	11	207	14	144	14
3	195512181.0	G	A	68	1	79	4	40	5
3	195512181.1	G	T	68	0	79	1	40	0
13	35630266.0	T	C	566	5	332	12	217	9
X	15262713.0	C	T	345	1	416	8	143	0
15	65746678.0	G	A	168	0	177	4	122	2
2	71185486.0	C	T	229	6	288	2	169	0
2	71185486.1	C	A	229	0	288	1	169	0
1	100671808.0	A	T	380	1	347	0	249	0
1	100671808.1	A	G	380	63	347	141	249	97
1	100671808.2	A	C	380	0	347	0	249	1
1	103345240.0	G	A	183	9	146	23	154	30
1	103345240.1	G	T	183	0	146	2	154	0
1	103345240.2	G	C	183	0	146	0	154	1
9	14120590.0	G	A	73	1	107	4	66	1
9	14120590.1	G	T	73	0	107	0	66	1
17	7671485.0	C	A	166	1	144	2	92	0
17	7671485.1	C	T	166	51	144	77	92	57
3	184090630.0	C	T	163	19	202	34	143	20
3	184090630.1	C	G	163	0	202	0	143	1
11	62295549.0	C	T	127	1	179	2	113	4
18	46956740.0	C	A	433	2	402	0	164	0
18	46956740.1	C	T	433	5	402	3	164	0
5	145610463.0	G	A	76	0	73	0	81	6
10	17632416.0	G	A	301	2	290	3	207	5
10	17632416.1	G	C	301	1	290	2	207	0
3	38542914.0	A	G	129	14	142	66	118	46
3	38542914.1	A	T	129	0	142	2	118	0
3	38542914.2	A	C	129	0	142	1	118	0
1	115456629.0	C	A	521	1	210	0	262	4
12	52710279.0	T	C	271	16	352	29	130	11
6	56422191.0	C	T	267	4	228	3	122	2
6	168376883.0	G	A	78	1	114	0	55	0
6	168376883.1	G	T	78	2	114	2	55	6
6	168376883.2	G	C	78	1	114	0	55	0
2	32774487.0	C	T	200	1	262	2	120	7
11	119983163.0	C	T	584	14	635	4	402	7
11	119983163.1	C	G	584	0	635	0	402	1
2	1926311.0	G	A	73	0	91	5	78	2
12	25398284.0	C	A	283	1	253	2	132	0
12	25398284.1	C	T	283	76	253	182	132	112
15	43931133.0	G	A	172	5	256	0	150	1
15	43931133.1	G	T	172	0	256	2	150	0
15	43931133.2	G	C	172	0	256	1	150	0
5	140779849.0	G	A	105	11	118	15	87	17
9	133493253.0	C	T	230	0	326	4	164	0
7	5939980.0	C	T	320	1	245	4	117	1
19	14208270.0	C	T	137	13	194	3	103	26
3	38141802.0	C	T	65	12	80	36	65	20
17	9583620.0	G	A	167	4	173	0	111	2
19	22363413.0	C	T	62	9	73	5	58	1
2	224849626.0	C	A	298	1	322	0	190	0
2	224849626.1	C	T	298	0	322	4	190	0
17	4015920.0	G	C	78	8	115	0	71	0
12	11545944.0	G	A	341	1	448	2	116	4
12	11545944.1	G	T	341	4	448	0	116	1
7	150937511.0	C	A	181	1	225	0	135	3
7	150937511.1	C	T	181	54	225	103	135	54
7	150937511.2	C	G	181	1	225	0	135	1
4	144390266.0	T	A	338	1	405	4	201	2
10	93180.0	C	G	238	1	273	4	101	2
14	59992079.0	A	T	946	7	457	3	343	6
17	62855768.0	C	T	196	1	252	2	69	5
3	154864956.0	C	T	350	0	239	4	166	2
3	160151506.0	C	T	316	2	199	5	239	1
1	152127961.0	C	T	518	13	592	26	212	8
1	152127961.1	C	A	518	0	592	2	212	1
2	29145833.0	G	A	437	5	434	0	240	0
2	29145833.1	G	C	437	1	434	0	240	0
2	29145833.2	G	T	437	0	434	2	240	0
1	92177930.0	G	A	208	2	253	4	193	2
17	48545960.0	C	T	260	3	311	4	159	2
17	48545960.1	C	G	260	0	311	1	159	0
18	48603032.0	C	T	94	25	94	44	81	38
18	14543092.0	G	A	319	3	465	2	104	13
18	14543092.1	G	C	319	1	465	0	104	0
7	128480201.0	G	A	166	3	229	1	137	2
7	128480201.1	G	T	166	0	229	4	137	0
3	41746597.0	A	C	385	23	285	52	193	18
3	41746597.1	A	T	385	0	285	2	193	0
2	207027476.0	G	A	462	4	375	1	316	0
2	207027476.1	G	T	462	0	375	0	316	1
9	88257741.0	C	T	626	4	393	0	266	0
9	88257741.1	C	G	626	0	393	0	266	1
2	65561851.0	C	G	298	2	300	0	150	0
2	65561851.1	C	T	298	0	300	7	150	3
5	101748821.0	G	A	140	0	117	15	90	0
5	101748821.1	G	C	140	0	117	1	90	0
13	28599041.0	C	T	644	4	552	3	214	5
22	22160199.0	G	A	405	1	474	3	278	7
22	22160199.1	G	T	405	1	474	0	278	0
15	33944994.0	C	T	163	4	219	0	136	0
15	33944994.1	C	G	163	1	219	0	136	0
10	88417802.0	C	T	96	1	164	7	75	0
X	80370424.0	C	T	179	1	128	0	123	4
X	80370424.1	C	G	179	1	128	0	123	0
X	80370424.2	C	A	179	0	128	1	123	0
3	195006582.0	G	A	517	2	309	7	209	1
3	195006582.1	G	T	517	0	309	2	209	0
1	57528605.0	G	T	406	4	500	0	210	0
1	14099644.0	C	G	733	1	657	0	331	0
1	14099644.1	C	A	733	0	657	4	331	1
1	14099644.2	C	T	733	0	657	1	331	0
2	141771136.0	C	T	376	5	328	2	238	2
1	161569430.0	G	A	178	14	208	24	102	11
1	161569430.1	G	T	178	0	208	0	102	1
11	67942578.0	C	A	608	1	483	1	247	5
3	183474380.0	C	T	119	2	128	4	80	2
3	183474380.1	C	A	119	0	128	0	80	2
1	27272084.0	G	A	89	2	97	1	67	0
1	27272084.1	G	C	89	9	97	34	67	25
5	14746024.0	G	A	175	0	245	4	149	0
5	14746024.1	G	T	175	0	245	0	149	1
8	38285885.0	T	C	435	58	438	124	202	88
8	38285885.1	T	A	435	0	438	2	202	0
8	38285885.2	T	G	435	0	438	2	202	0
X	17745015.0	C	T	157	4	191	1	94	2
X	17745015.1	C	A	157	0	191	0	94	1
10	76910602.0	A	G	201	34	171	41	115	40
10	76910602.1	A	C	201	1	171	1	115	1
10	76910602.2	A	T	201	0	171	4	115	0
12	122990178.0	G	A	311	24	285	27	182	24
X	22115094.0	C	A	281	2	355	0	139	0
X	22115094.1	C	T	281	3	355	5	139	0
12	125396605.0	G	A	8	3	13	1	17	47
1	3548778.0	G	A	266	0	291	5	109	1
3	194371638.0	A	G	160	11	183	30	134	31
3	194371638.1	A	C	160	0	183	1	134	0
2	131981221.0	C	G	213	4	233	14	90	2
2	131981221.1	C	T	213	0	233	1	90	0
2	131981221.2	C	A	213	0	233	0	90	1
17	30692411.0	G	A	200	37	218	53	152	35
17	30692411.1	G	T	200	0	218	1	152	0
1	152327757.0	C	T	115	1	128	0	64	4
14	75325156.0	C	T	385	3	402	7	189	0
15	34163195.0	G	A	254	3	241	6	182	1
15	34163195.1	G	T	254	0	241	2	182	0
15	34163195.2	G	C	254	0	241	2	182	0
1	27106861.0	C	T	50	9	43	20	28	10
1	27106861.1	C	A	50	0	43	0	28	1
1	158435784.0	A	G	187	5	263	12	126	4
1	158435784.1	A	T	187	0	263	0	126	1
2	210685054.0	A	T	197	0	213	4	106	0
8	79598700.0	A	G	262	1	169	2	222	2
8	79598700.1	A	C	262	2	169	3	222	5
8	79598700.2	A	T	262	0	169	0	222	1
15	52606339.0	G	A	533	1	386	3	251	4
15	52606339.1	G	T	533	2	386	2	251	1
9	33797869.0	G	A	169	4	278	8	132	3
9	101830881.0	C	T	378	4	422	5	192	0
9	101830881.1	C	A	378	0	422	0	192	1
14	94152991.0	C	T	146	4	200	0	109	0
14	94152991.1	C	A	146	0	200	2	109	2
19	46627897.0	G	A	230	61	229	78	161	34
19	46627897.1	G	T	230	1	229	0	161	1
19	46627897.2	G	C	230	1	229	1	161	1
19	9019623.0	C	G	405	1	361	0	140	1
19	9019623.1	C	A	405	0	361	1	140	1
19	9019623.2	C	T	405	0	361	4	140	1
8	37993284.0	G	A	187	2	236	0	124	4
22	24210705.0	G	A	230	1	348	4	145	3
15	30011277.0	G	A	253	0	331	6	174	1
15	30011277.1	G	T	253	0	331	1	174	0
15	30011277.2	G	C	253	0	331	1	174	0
13	27847296.0	C	T	143	18	238	0	146	0
17	18205653.0	G	A	96	9	140	26	108	19
X	50659228.0	G	A	48	0	62	0	50	7
17	27074875.0	G	A	107	19	184	75	121	53
17	27074875.1	G	T	107	0	184	0	121	1
8	21905506.0	G	A	65	26	112	48	71	32
11	22747968.0	C	T	715	6	573	3	266	0
11	22747968.1	C	G	715	1	573	0	266	1
11	22747968.2	C	A	715	0	573	1	266	2
1	154145607.0	T	G	231	0	188	0	110	4
3	33584994.0	C	A	579	1	572	0	257	0
3	33584994.1	C	T	579	5	572	3	257	0
3	33584994.2	C	G	579	0	572	1	257	0
19	14591428.0	C	T	244	1	283	6	114	2
13	99534250.0	C	T	193	29	260	72	121	34
2	61145543.0	C	T	320	4	316	8	227	4
12	50745513.0	G	A	142	1	195	3	117	4
12	50745513.1	G	T	142	1	195	0	117	2
12	50745513.2	G	C	142	1	195	0	117	0
9	136276110.0	G	T	214	0	267	2	109	4
9	136276110.1	G	C	214	0	267	0	109	1
3	46450448.0	G	A	200	17	187	62	116	39
2	179445065.0	A	T	331	1	248	0	194	4
5	146778737.0	G	A	255	4	342	0	168	1
5	146778737.1	G	T	255	0	342	0	168	1
2	149240800.0	G	A	143	38	165	53	102	33
2	149240800.1	G	T	143	1	165	1	102	0
2	149240800.2	G	C	143	0	165	0	102	1
1	152324182.0	G	C	253	3	262	2	145	7
1	152324182.1	G	A	253	0	262	0	145	1
1	38355336.0	C	T	361	0	317	4	197	2
17	80755648.0	C	A	514	6	336	4	198	4
6	43593549.0	C	T	351	1	409	6	135	7
6	43593549.1	C	A	351	0	409	0	135	1
1	17701949.0	G	A	144	0	186	3	103	4
19	57932012.0	A	G	154	0	110	1	132	4
11	62296299.0	G	A	244	1	248	0	178	12
11	62296299.1	G	C	244	1	248	0	178	1
X	110996031.0	G	T	361	5	236	0	150	2
X	110996031.1	G	C	361	0	236	1	150	1
7	129825154.0	G	A	225	4	259	0	179	2
10	118390753.0	C	T	244	51	277	81	143	46
10	118390753.1	C	A	244	0	277	1	143	0
