Chr	Posi	Wild	Mut	Met0T:ref	Met0T:alt	Met1T:ref	Met1T:alt	Met2T:ref	Met2T:alt	Met3T:ref	Met3T:alt	PrimT:ref	PrimT:alt
5	38958935.0	T	A	62	0	62	7	204	0	178	0	155	4
5	38958935.1	T	C	62	0	62	2	204	0	178	2	155	1
5	38958935.2	T	G	62	0	62	0	204	0	178	2	155	3
4	57261551.0	G	T	37	14	64	0	76	17	111	0	168	32
4	57261551.1	G	A	37	0	64	1	76	0	111	0	168	0
4	57261551.2	G	C	37	0	64	1	76	0	111	0	168	2
19	47425555.0	A	C	79	17	63	34	58	32	75	27	70	10
19	47425555.1	A	T	79	0	63	0	58	1	75	0	70	0
19	47425555.2	A	G	79	0	63	0	58	1	75	0	70	0
1	161954665.0	C	A	128	3	134	3	149	4	107	0	220	0
1	161954665.1	C	T	128	120	134	139	149	129	107	106	220	153
1	161954665.2	C	G	128	1	134	0	149	1	107	0	220	0
2	152299793.0	A	T	133	2	101	14	269	3	282	0	272	10
2	152299793.1	A	C	133	2	101	0	269	0	282	0	272	0
11	6640039.0	T	A	302	1	228	0	266	0	293	0	68	0
11	6640039.1	T	C	302	157	228	56	266	90	293	49	68	29
2	179455126.0	C	A	172	3	141	22	192	4	207	5	152	4
2	179455126.1	C	T	172	0	141	1	192	0	207	0	152	2
2	179455126.2	C	G	172	0	141	1	192	0	207	0	152	0
2	108443524.0	G	A	243	148	172	113	237	99	286	163	109	45
2	108443524.1	G	T	243	1	172	0	237	1	286	3	109	0
2	108443524.2	G	C	243	2	172	2	237	1	286	3	109	0
19	19327837.0	T	A	440	14	331	1	330	0	349	9	206	0
19	19327837.1	T	G	440	168	331	30	330	27	349	155	206	13
19	19327837.2	T	C	440	7	331	1	330	0	349	9	206	0
11	34093454.0	G	A	137	27	105	1	310	44	405	0	559	63
11	34093454.1	G	T	137	0	105	3	310	2	405	0	559	6
11	34093454.2	G	C	137	0	105	0	310	0	405	1	559	3
16	57057731.0	A	C	313	0	272	1	199	1	194	0	64	4
16	57057731.1	A	T	313	0	272	0	199	0	194	1	64	0
14	70924472.0	C	T	69	16	62	30	70	30	56	29	87	40
14	70924472.1	C	A	69	0	62	0	70	2	56	0	87	0
14	70924472.2	C	G	69	0	62	0	70	0	56	0	87	1
20	23066476.0	G	T	275	1	182	0	180	2	169	0	91	0
20	23066476.1	G	C	275	9	182	4	180	0	169	0	91	10
10	61833210.0	G	A	64	55	50	41	85	28	95	65	70	22
10	61833210.1	G	C	64	0	50	1	85	0	95	0	70	0
10	61833210.2	G	T	64	0	50	0	85	0	95	0	70	1
11	56044009.0	C	A	56	5	48	0	98	17	113	0	56	1
11	56044009.1	C	T	56	0	48	0	98	0	113	0	56	3
11	56044009.2	C	G	56	0	48	0	98	0	113	0	56	1
19	49574091.0	T	G	101	1	100	3	74	2	74	2	71	4
19	49574091.1	T	A	101	0	100	0	74	0	74	1	71	0
6	108250693.0	T	A	106	0	42	4	261	0	196	1	213	3
6	108250693.1	T	C	106	0	42	0	261	0	196	0	213	4
X	53264313.0	T	G	127	5	83	1	74	0	85	5	38	38
X	53264313.1	T	C	127	0	83	0	74	3	85	0	38	0
11	57081248.0	T	G	263	16	187	15	227	21	229	31	114	10
11	57081248.1	T	C	263	0	187	1	227	0	229	2	114	0
11	1272310.0	A	T	298	1	216	0	184	2	191	1	116	0
11	1272310.1	A	C	298	1	216	1	184	1	191	1	116	17
11	1272310.2	A	G	298	0	216	0	184	0	191	1	116	0
3	179046095.0	C	G	39	1	48	1	187	0	140	0	138	2
3	179046095.1	C	A	39	0	48	7	187	0	140	2	138	4
3	179046095.2	C	T	39	0	48	1	187	0	140	0	138	2
1	204944483.0	A	C	164	3	96	6	93	6	82	10	30	1
1	204944483.1	A	T	164	0	96	1	93	1	82	0	30	0
1	204944483.2	A	G	164	0	96	0	93	0	82	1	30	0
9	32635283.0	A	C	251	1	252	2	211	1	176	1	197	29
9	32635283.1	A	T	251	0	252	1	211	1	176	0	197	2
9	32635283.2	A	G	251	0	252	0	211	1	176	0	197	0
19	18376867.0	T	G	195	1	171	6	137	10	131	4	102	4
19	18376867.1	T	C	195	3	171	1	137	0	131	1	102	1
6	130467235.0	G	T	26	109	14	38	90	188	63	123	133	142
6	130467235.1	G	A	26	0	14	0	90	0	63	1	133	2
6	130467235.2	G	C	26	0	14	0	90	0	63	0	133	2
11	55873289.0	T	G	70	0	37	1	178	0	180	0	177	0
11	55873289.1	T	C	70	0	37	2	178	1	180	0	177	1
11	55873289.2	T	A	70	0	37	0	178	0	180	0	177	5
10	127705871.0	T	A	691	4	646	1	708	4	627	2	890	15
10	127705871.1	T	G	691	3	646	19	708	16	627	9	890	366
10	127705871.2	T	C	691	3	646	2	708	2	627	2	890	12
19	37038458.0	A	T	40	1	51	9	70	0	67	0	83	0
19	37038458.1	A	G	40	0	51	1	70	0	67	0	83	1
19	37038458.2	A	C	40	0	51	0	70	0	67	1	83	1
19	6468587.0	A	T	307	2	246	1	242	1	258	0	98	1
19	6468587.1	A	G	307	1	246	0	242	0	258	0	98	0
19	6468587.2	A	C	307	12	246	1	242	1	258	2	98	9
1	179087838.0	C	A	84	39	78	26	101	36	103	39	158	39
1	179087838.1	C	T	84	1	78	0	101	0	103	0	158	6
1	179087838.2	C	G	84	0	78	1	101	0	103	0	158	2
7	131151033.0	A	T	98	1	76	1	254	1	198	1	216	4
7	131151033.1	A	G	98	95	76	62	254	180	198	135	216	148
7	131151033.2	A	C	98	0	76	0	254	0	198	0	216	2
2	149539237.0	A	G	108	1	109	1	129	2	145	0	240	2
2	149539237.1	A	C	108	49	109	63	129	78	145	81	240	85
2	149539237.2	A	T	108	0	109	1	129	0	145	0	240	2
11	57191491.0	T	G	389	1	286	0	308	0	389	0	134	14
11	57191491.1	T	A	389	0	286	0	308	1	389	0	134	0
6	29580360.0	C	A	416	3	271	0	412	1	274	0	118	0
6	29580360.1	C	T	416	57	271	2	412	0	274	3	118	0
11	67837657.0	T	A	66	107	47	43	89	130	110	140	142	160
11	67837657.1	T	G	66	1	47	0	89	0	110	0	142	0
11	67837657.2	T	C	66	2	47	0	89	0	110	0	142	0
19	1434829.0	C	T	109	1	101	0	111	0	140	1	39	0
19	1434829.1	C	G	109	3	101	3	111	0	140	2	39	8
6	51524391.0	C	A	93	1	61	2	106	0	98	0	133	1
6	51524391.1	C	T	93	36	61	47	106	66	98	64	133	64
6	51524391.2	C	G	93	0	61	1	106	0	98	0	133	2
15	78582360.0	C	T	43	1	69	3	66	0	74	1	69	2
15	78582360.1	C	A	43	0	69	10	66	0	74	0	69	3
15	78582360.2	C	G	43	0	69	3	66	0	74	0	69	1
3	27439719.0	G	A	79	9	53	1	124	29	177	0	233	59
3	27439719.1	G	T	79	1	53	0	124	0	177	1	233	4
3	27439719.2	G	C	79	0	53	0	124	0	177	0	233	1
5	140517227.0	C	A	240	1	97	0	166	1	94	0	78	0
5	140517227.1	C	T	240	2	97	32	166	6	94	37	78	5
10	116045835.0	C	T	161	96	92	67	103	61	136	90	40	14
10	116045835.1	C	G	161	2	92	0	103	2	136	1	40	0
10	116045835.2	C	A	161	0	92	2	103	1	136	0	40	1
15	90775542.0	C	A	222	0	223	1	204	1	284	0	36	6
8	55540593.0	T	G	38	11	35	0	88	9	116	0	140	22
8	55540593.1	T	A	38	0	35	0	88	0	116	0	140	2
8	55540593.2	T	C	38	0	35	0	88	0	116	0	140	1
2	108455310.0	A	T	127	2	96	16	172	5	185	1	131	7
2	108455310.1	A	G	127	1	96	5	172	2	185	0	131	3
2	108455310.2	A	C	127	0	96	1	172	0	185	0	131	4
19	4511341.0	T	C	160	5	155	10	119	3	135	4	73	6
19	4511341.1	T	G	160	0	155	0	119	1	135	0	73	0
2	24964844.0	G	A	317	4	299	4	271	0	269	0	211	0
2	24964844.1	G	C	317	2	299	2	271	1	269	1	211	0
2	24964844.2	G	T	317	0	299	54	271	0	269	0	211	4
14	20502825.0	G	A	32	1	24	1	58	0	42	0	62	6
14	20502825.1	G	C	32	0	24	1	58	0	42	0	62	1
14	20502825.2	G	T	32	0	24	0	58	1	42	0	62	0
22	45958918.0	C	G	80	8	86	0	81	14	104	0	43	1
22	45958918.1	C	A	80	0	86	0	81	2	104	1	43	0
16	28994528.0	A	C	391	1	240	1	228	1	274	3	79	7
16	28994528.1	A	T	391	0	240	0	228	0	274	1	79	0
11	1269205.0	A	C	133	1	97	1	98	1	99	2	27	6
11	1269205.1	A	G	133	0	97	0	98	1	99	0	27	0
17	7579447.0	A	T	41	2	19	10	34	8	28	3	23	5
17	7579447.1	A	G	41	14	19	6	34	3	28	7	23	5
17	7579447.2	A	C	41	0	19	0	34	0	28	1	23	0
2	1893187.0	C	T	107	79	120	91	136	75	87	83	71	36
2	1893187.1	C	A	107	0	120	1	136	1	87	0	71	0
2	1893187.2	C	G	107	0	120	0	136	1	87	0	71	0
10	95451850.0	C	A	25	0	26	2	110	1	87	0	56	1
10	95451850.1	C	T	25	0	26	0	110	1	87	1	56	8
10	95451850.2	C	G	25	0	26	0	110	0	87	0	56	1
17	7696445.0	A	C	118	1	86	2	101	1	78	0	93	13
6	36169409.0	T	A	112	2	81	0	88	0	57	3	62	2
6	36169409.1	T	G	112	0	81	1	88	2	57	1	62	6
6	36169409.2	T	C	112	0	81	0	88	1	57	0	62	1
18	2666158.0	A	T	32	0	27	4	178	0	130	0	97	1
18	2666158.1	A	G	32	0	27	0	178	1	130	0	97	1
18	2666158.2	A	C	32	0	27	0	178	0	130	0	97	2
12	120805857.0	A	G	415	1	198	2	234	1	208	0	110	0
12	120805857.1	A	C	415	6	198	1	234	3	208	5	110	21
7	56065140.0	C	A	266	1	194	1	286	0	262	0	198	1
7	56065140.1	C	T	266	53	194	50	286	35	262	47	198	27
7	56065140.2	C	G	266	0	194	1	286	0	262	1	198	0
1	155165873.0	A	G	169	1	161	1	110	0	151	0	87	0
1	155165873.1	A	C	169	2	161	2	110	2	151	1	87	15
1	155165873.2	A	T	169	0	161	0	110	0	151	0	87	1
1	186276018.0	A	C	106	2	86	2	76	3	59	2	26	4
1	186276018.1	A	T	106	0	86	1	76	0	59	1	26	0
1	186276018.2	A	G	106	0	86	1	76	0	59	0	26	0
22	26707850.0	C	A	165	25	196	0	182	33	158	2	114	26
22	26707850.1	C	T	165	0	196	2	182	0	158	0	114	0
20	55917876.0	C	A	108	0	34	5	166	0	186	0	148	2
20	55917876.1	C	T	108	0	34	0	166	0	186	0	148	2
X	84519424.0	G	T	31	1	52	1	136	2	96	0	139	3
X	84519424.1	G	A	31	0	52	6	136	0	96	2	139	4
1	84867719.0	G	C	81	0	59	8	103	0	112	0	79	3
1	84867719.1	G	A	81	0	59	0	103	1	112	0	79	1
1	84867719.2	G	T	81	0	59	0	103	1	112	0	79	1
8	143570742.0	A	C	461	2	346	0	259	1	284	1	142	12
12	130922908.0	A	T	298	1	183	1	218	1	197	0	121	0
12	130922908.1	A	C	298	3	183	0	218	2	197	1	121	18
19	17316083.0	A	C	205	15	137	18	156	15	143	10	98	10
9	18775831.0	A	C	363	8	342	2	243	9	223	14	114	15
9	18775831.1	A	T	363	0	342	0	243	1	223	0	114	1
7	156437451.0	G	A	53	1	58	0	95	0	80	0	81	2
7	156437451.1	G	T	53	3	58	8	95	2	80	3	81	11
7	156437451.2	G	C	53	1	58	0	95	0	80	0	81	1
12	22063120.0	A	C	93	1	76	8	168	2	151	0	94	5
12	22063120.1	A	G	93	0	76	0	168	1	151	0	94	1
12	22063120.2	A	T	93	0	76	0	168	0	151	0	94	2
2	71895953.0	A	T	232	1	153	0	138	0	174	0	53	0
2	71895953.1	A	C	232	9	153	13	138	8	174	8	53	5
X	77528631.0	T	A	34	0	13	2	65	2	59	0	64	5
X	77528631.1	T	G	34	0	13	0	65	1	59	0	64	0
X	77528631.2	T	C	34	0	13	0	65	0	59	0	64	1
14	58925219.0	A	C	62	1	50	6	175	1	183	0	137	0
14	58925219.1	A	T	62	0	50	1	175	0	183	0	137	1
1	214171503.0	A	G	318	1	238	0	265	4	227	0	67	0
1	214171503.1	A	C	318	6	238	1	265	2	227	2	67	4
1	214171503.2	A	T	318	0	238	1	265	1	227	1	67	1
