Chr	Posi	Wild	Mut	Met1T:ref	Met1T:alt	Met2T:ref	Met2T:alt	Met3T:ref	Met3T:alt	Met4T:ref	Met4T:alt	Met5T:ref	Met5T:alt	Met6T:ref	Met6T:alt	PrimT:ref	PrimT:alt
17	7017556.0	C	T	86	1	61	0	116	0	132	1	254	0	145	0	162	0
17	7017556.1	C	G	86	14	61	38	116	17	132	13	254	48	145	9	162	37
17	7017556.2	C	A	86	0	61	2	116	0	132	0	254	0	145	0	162	0
5	72864326.0	C	A	400	3	435	3	483	2	280	0	477	3	548	2	583	3
5	72864326.1	C	T	400	222	435	433	483	167	280	149	477	71	548	231	583	525
5	72864326.2	C	G	400	0	435	0	483	0	280	0	477	1	548	1	583	1
1	2939177.0	C	T	12	3	18	8	17	6	35	5	36	13	33	4	18	4
1	2939177.1	C	A	12	0	18	0	17	0	35	0	36	0	33	0	18	1
1	52442668.0	C	A	130	0	111	2	120	0	113	0	255	0	134	0	85	0
1	52442668.1	C	T	130	0	111	21	120	17	113	19	255	0	134	12	85	0
8	41166552.0	T	C	42	22	43	22	80	6	103	17	172	33	89	8	67	0
3	41266113.0	C	T	200	20	142	32	115	17	129	10	140	0	199	28	193	0
3	41266113.1	C	A	200	0	142	1	115	0	129	0	140	0	199	0	193	0
3	41266113.2	C	G	200	0	142	0	115	0	129	0	140	0	199	0	193	57
11	110134833.0	T	C	279	46	240	60	209	29	180	35	221	13	228	71	220	37
11	110134833.1	T	A	279	0	240	1	209	1	180	0	221	0	228	0	220	0
11	110134833.2	T	G	279	0	240	0	209	0	180	0	221	0	228	0	220	1
6	42613248.0	G	A	247	88	209	282	254	112	176	110	233	16	337	184	265	104
6	42613248.1	G	T	247	1	209	1	254	1	176	0	233	0	337	0	265	1
6	42613248.2	G	C	247	0	209	0	254	0	176	0	233	0	337	0	265	1
4	151770610.0	A	C	253	5	227	9	294	8	181	2	205	7	298	5	146	6
4	151770610.1	A	G	253	0	227	0	294	1	181	0	205	0	298	0	146	0
5	96518869.0	C	G	211	36	251	0	241	0	243	0	391	0	299	0	835	0
5	96518869.1	C	A	211	0	251	0	241	0	243	1	391	0	299	0	835	0
5	96518869.2	C	T	211	0	251	0	241	0	243	0	391	0	299	0	835	1
4	175237426.0	G	T	357	122	284	159	409	60	301	62	346	15	485	94	283	107
4	175237426.1	G	A	357	0	284	1	409	0	301	1	346	0	485	0	283	0
4	175237426.2	G	C	357	0	284	0	409	0	301	0	346	0	485	0	283	1
2	175243770.0	T	A	116	1	126	1	159	0	106	0	127	0	170	0	126	0
2	175243770.1	T	G	116	16	126	0	159	0	106	0	127	0	170	0	126	0
2	216236634.0	G	C	245	35	282	1	272	0	230	0	239	0	294	0	150	0
2	216236634.1	G	T	245	0	282	1	272	1	230	0	239	0	294	0	150	1
5	140168092.0	G	T	72	16	65	31	58	8	68	16	186	44	93	15	60	13
5	140168092.1	G	A	72	0	65	1	58	0	68	0	186	0	93	0	60	0
3	33055592.0	C	G	273	0	191	34	230	24	252	24	355	0	332	23	172	0
20	3146806.0	G	T	89	0	129	17	125	0	190	0	303	2	145	0	206	0
3	48624007.0	C	G	71	21	53	29	71	16	78	22	88	22	98	19	74	0
17	33689792.0	C	T	90	17	89	33	86	17	73	14	64	6	136	15	71	0
X	49645762.0	T	C	202	28	143	52	184	22	167	37	195	11	221	16	417	17
X	49645762.1	T	A	202	0	143	1	184	0	167	0	195	0	221	1	417	0
X	49645762.2	T	G	202	0	143	1	184	0	167	1	195	0	221	0	417	0
7	142480063.0	C	A	108	15	126	13	102	8	172	0	125	27	163	10	78	13
7	142480063.1	C	T	108	0	126	1	102	0	172	0	125	0	163	0	78	0
X	47308031.0	C	T	374	1	353	48	342	0	264	0	288	0	435	1	297	0
17	27613873.0	G	A	323	115	190	326	274	108	255	153	239	31	353	168	413	0
17	27613873.1	G	T	323	3	190	2	274	0	255	1	239	1	353	0	413	2
1	208215609.0	G	A	283	31	299	59	267	2	417	36	585	0	341	20	302	0
1	208215609.1	G	T	283	0	299	0	267	2	417	0	585	1	341	1	302	0
1	208215609.2	G	C	283	0	299	0	267	0	417	0	585	1	341	0	302	0
17	40965983.0	G	T	260	1	260	0	264	0	233	0	228	0	313	0	598	0
17	40965983.1	G	C	260	88	260	177	264	72	233	72	228	0	313	125	598	0
14	104641742.0	C	T	10	11	4	4	9	7	25	6	43	13	20	1	24	8
X	114536682.0	C	A	250	114	270	235	281	132	171	83	202	26	289	117	137	141
X	114536682.1	C	T	250	0	270	1	281	1	171	0	202	0	289	1	137	0
X	114536682.2	C	G	250	0	270	2	281	0	171	0	202	0	289	1	137	0
14	94079308.0	C	T	235	34	205	0	263	0	298	0	292	0	312	0	164	3
14	94079308.1	C	A	235	0	205	1	263	0	298	0	292	0	312	0	164	0
6	32629133.0	T	C	118	5	167	10	126	19	173	4	184	5	182	5	232	4
X	35971801.0	G	A	425	38	435	109	438	39	237	18	380	0	599	25	362	0
X	35971801.1	G	T	425	0	435	0	438	0	237	0	380	1	599	0	362	0
19	45458682.0	C	T	10	2	1	7	13	6	13	8	19	15	9	0	31	42
19	45458682.1	C	G	10	0	1	0	13	0	13	0	19	0	9	0	31	1
10	135440123.0	C	T	127	11	68	11	128	6	163	9	153	6	160	12	36	2
10	135440123.1	C	A	127	0	68	0	128	0	163	1	153	0	160	0	36	0
10	135440123.2	C	G	127	0	68	0	128	0	163	0	153	1	160	0	36	1
11	117038172.0	G	A	200	33	175	74	187	38	175	50	257	53	202	50	252	0
14	102323180.0	G	C	258	32	228	58	261	30	267	37	215	0	301	32	696	0
14	102323180.1	G	A	258	0	228	1	261	0	267	0	215	0	301	0	696	0
14	102323180.2	G	T	258	0	228	0	261	0	267	0	215	0	301	2	696	2
2	170044559.0	G	A	141	24	139	29	124	26	159	19	242	0	187	15	104	0
2	170044559.1	G	T	141	3	139	0	124	1	159	1	242	0	187	0	104	0
17	7577539.0	G	A	72	59	50	76	103	25	140	39	206	143	167	46	67	124
17	7577539.1	G	C	72	1	50	0	103	0	140	0	206	0	167	0	67	1
7	44805910.0	C	G	78	0	134	23	68	4	100	3	196	0	134	23	88	0
7	44805910.1	C	T	78	0	134	0	68	0	100	0	196	0	134	3	88	0
12	78531021.0	C	A	249	79	125	110	246	61	206	52	227	31	328	82	133	49
12	78531021.1	C	T	249	0	125	3	246	2	206	0	227	0	328	0	133	0
12	78531021.2	C	G	249	0	125	1	246	0	206	0	227	0	328	0	133	2
5	77311282.0	T	C	223	117	163	207	229	108	146	58	202	19	283	96	177	153
5	77311282.1	T	A	223	0	163	0	229	2	146	1	202	0	283	0	177	1
16	74519721.0	C	T	572	54	476	121	462	37	507	46	400	31	559	42	844	1
16	74519721.1	C	A	572	0	476	2	462	0	507	0	400	0	559	1	844	0
11	61905329.0	G	A	480	41	545	115	385	45	539	62	814	0	681	38	434	0
11	61905329.1	G	T	480	0	545	3	385	0	539	1	814	1	681	0	434	1
11	61905329.2	G	C	480	0	545	2	385	0	539	0	814	0	681	0	434	0
2	161223769.0	G	A	580	3	509	95	585	0	698	0	533	0	686	0	853	0
2	161223769.1	G	T	580	0	509	0	585	0	698	0	533	3	686	0	853	1
4	185678378.0	G	A	141	57	93	48	115	31	123	35	111	11	188	54	202	0
4	185678378.1	G	T	141	0	93	2	115	0	123	1	111	0	188	0	202	0
5	66416873.0	G	A	637	0	700	3	605	0	467	0	507	1	805	0	749	2
5	66416873.1	G	T	637	0	700	113	605	0	467	0	507	0	805	0	749	1
5	66416873.2	G	C	637	0	700	1	605	1	467	0	507	0	805	0	749	0
4	6037800.0	G	A	18	6	11	19	15	7	29	7	38	11	27	10	15	0
10	52103560.0	G	A	298	29	337	46	361	37	323	33	509	0	409	34	292	3
10	52103560.1	G	T	298	0	337	0	361	0	323	1	509	1	409	1	292	0
12	105151113.0	C	T	106	14	112	60	125	16	144	33	179	20	151	24	107	0
12	105151113.1	C	G	106	0	112	0	125	0	144	1	179	0	151	0	107	0
X	70387244.0	G	A	231	17	286	47	184	13	245	24	353	0	296	26	224	1
X	70387244.1	G	T	231	0	286	0	184	1	245	0	353	1	296	0	224	0
9	73399191.0	G	A	148	59	69	69	107	47	138	33	195	23	207	46	83	27
9	73399191.1	G	C	148	0	69	0	107	0	138	0	195	0	207	0	83	1
11	85961377.0	C	A	251	1	288	5	229	0	170	1	235	1	281	2	488	2
11	85961377.1	C	T	251	1	288	48	229	14	170	18	235	1	281	35	488	2
11	85961377.2	C	G	251	0	288	0	229	0	170	0	235	0	281	0	488	1
17	8408200.0	C	A	122	26	117	37	134	26	188	42	260	57	217	21	150	0
1	39788581.0	G	T	144	1	102	36	97	12	114	0	140	0	148	12	164	0
1	39788581.1	G	A	144	0	102	0	97	0	114	0	140	0	148	1	164	0
5	118485551.0	G	A	242	0	176	22	190	0	165	0	171	0	290	0	151	0
5	118485551.1	G	T	242	0	176	1	190	1	165	0	171	0	290	0	151	0
5	118485551.2	G	C	242	0	176	0	190	0	165	0	171	1	290	0	151	0
9	139640316.0	C	T	216	0	262	27	218	14	324	25	496	0	288	12	518	0
X	15315750.0	T	G	284	48	213	96	258	37	266	54	247	16	301	48	291	36
X	15315750.1	T	A	284	0	213	1	258	0	266	0	247	0	301	0	291	0
X	15315750.2	T	C	284	0	213	1	258	0	266	0	247	0	301	0	291	0
4	15529107.0	G	C	222	28	310	1	271	0	192	0	205	0	361	0	295	0
4	15529107.1	G	T	222	0	310	0	271	0	192	0	205	2	361	0	295	0
1	162760608.0	G	C	434	36	451	126	421	66	575	100	565	34	603	77	2062	225
1	162760608.1	G	A	434	0	451	0	421	0	575	0	565	0	603	0	2062	2
1	162760608.2	G	T	434	0	451	0	421	0	575	0	565	0	603	0	2062	1
19	8188415.0	C	T	105	0	101	17	85	8	135	14	175	1	112	12	130	0
5	71489721.0	C	T	219	67	242	92	205	35	250	64	162	18	281	72	200	37
5	71489721.1	C	A	219	0	242	0	205	1	250	0	162	0	281	0	200	1
4	144617375.0	G	A	122	1	139	1	133	0	130	0	137	0	178	0	94	0
4	144617375.1	G	C	122	37	139	66	133	31	130	41	137	11	178	43	94	0
4	144617375.2	G	T	122	0	139	0	133	0	130	0	137	0	178	1	94	0
2	211179675.0	G	T	275	2	277	2	331	0	416	1	399	1	397	0	296	0
2	211179675.1	G	C	275	0	277	0	331	0	416	0	399	56	397	0	296	0
2	213872682.0	A	C	291	0	219	49	253	27	232	14	241	0	294	18	192	0
14	105415398.0	C	T	116	18	120	0	91	0	171	0	195	0	151	0	114	1
14	105415398.1	C	A	116	0	120	0	91	0	171	0	195	1	151	0	114	1
14	105415398.2	C	G	116	0	120	0	91	0	171	0	195	0	151	0	114	1
1	10384954.0	G	C	516	1	445	1	377	0	414	0	394	0	587	0	498	0
1	10384954.1	G	A	516	0	445	100	377	32	414	0	394	0	587	42	498	0
1	10384954.2	G	T	516	0	445	1	377	1	414	1	394	0	587	2	498	1
6	79577450.0	G	T	59	0	55	10	73	7	77	14	167	0	79	9	216	0
12	96653579.0	C	A	115	10	123	23	105	14	130	10	178	0	122	8	158	0
10	49983790.0	G	A	298	2	268	0	303	1	342	0	279	0	409	1	303	0
10	49983790.1	G	T	298	87	268	152	303	68	342	99	279	21	409	161	303	0
10	49983790.2	G	C	298	0	268	1	303	0	342	0	279	0	409	0	303	0
19	53056992.0	G	A	156	26	194	38	187	33	161	18	194	17	234	34	166	46
19	53056992.1	G	T	156	2	194	1	187	0	161	0	194	0	234	0	166	0
1	118581954.0	C	T	285	1	392	6	287	0	165	1	325	0	330	1	334	1
1	118581954.1	C	A	285	0	392	4	287	0	165	0	325	0	330	0	334	0
1	118581954.2	C	G	285	0	392	87	287	30	165	23	325	0	330	26	334	0
1	186644476.0	G	A	309	1	305	0	365	0	270	0	278	0	364	0	339	0
1	186644476.1	G	C	309	65	305	47	365	54	270	44	278	13	364	71	339	1
1	186644476.2	G	T	309	0	305	0	365	1	270	0	278	0	364	0	339	1
7	120593375.0	G	A	294	2	412	4	459	1	300	0	314	0	429	1	638	4
7	120593375.1	G	T	294	4	412	0	459	0	300	1	314	1	429	1	638	0
7	120593375.2	G	C	294	84	412	126	459	76	300	60	314	33	429	115	638	299
5	68411221.0	C	T	231	1	282	3	257	0	260	2	239	1	310	0	144	1
5	68411221.1	C	A	231	0	282	1	257	0	260	1	239	0	310	1	144	0
5	68411221.2	C	G	231	0	282	2	257	1	260	0	239	0	310	0	144	46
19	2853263.0	G	C	79	1	47	11	63	3	57	8	52	0	83	9	50	0
19	2853263.1	G	T	79	0	47	1	63	0	57	0	52	0	83	0	50	0
2	213872136.0	T	G	140	20	113	1	150	0	98	0	88	0	169	0	106	0
3	75787218.0	T	A	290	55	328	49	281	29	176	16	341	18	400	41	359	42
3	75787218.1	T	C	290	0	328	0	281	1	176	0	341	0	400	0	359	0
3	75787218.2	T	G	290	0	328	0	281	0	176	0	341	0	400	0	359	1
16	4445338.0	G	T	137	1	181	0	154	0	233	0	396	0	234	2	300	0
16	4445338.1	G	C	137	13	181	32	154	11	233	26	396	0	234	40	300	0
16	4445338.2	G	A	137	0	181	0	154	0	233	0	396	0	234	2	300	1
12	50035714.0	G	A	127	1	175	0	203	0	251	0	313	0	218	0	181	0
12	50035714.1	G	T	127	30	175	2	203	0	251	0	313	0	218	0	181	0
1	167805709.0	G	A	386	26	531	121	417	47	417	63	319	22	498	66	369	39
1	167805709.1	G	T	386	1	531	3	417	1	417	1	319	0	498	0	369	0
1	167805709.2	G	C	386	0	531	1	417	0	417	0	319	0	498	0	369	0
7	55249071.0	C	T	42	21	43	41	56	14	74	15	147	23	90	12	91	0
7	55249071.1	C	G	42	0	43	1	56	0	74	0	147	0	90	0	91	0
7	55249071.2	C	A	42	0	43	0	56	0	74	0	147	0	90	0	91	1
12	11546858.0	A	T	221	1	255	2	209	0	345	0	309	1	349	0	160	0
12	11546858.1	A	G	221	2	255	2	209	5	345	4	309	4	349	2	160	33
12	11546858.2	A	C	221	0	255	0	209	0	345	0	309	0	349	0	160	1
2	228147173.0	C	A	446	1	389	2	386	1	399	0	342	1	427	0	278	0
2	228147173.1	C	T	446	0	389	75	386	45	399	0	342	0	427	63	278	0
2	228147173.2	C	G	446	0	389	2	386	1	399	0	342	0	427	1	278	0
2	141214026.0	G	T	219	31	340	0	321	0	185	1	269	1	349	0	249	0
2	141214026.1	G	A	219	0	340	0	321	0	185	0	269	2	349	0	249	0
3	153995412.0	T	A	333	1	289	1	418	1	259	0	414	0	517	0	391	2
3	153995412.1	T	C	333	134	289	174	418	99	259	85	414	28	517	130	391	165
3	153995412.2	T	G	333	0	289	0	418	1	259	0	414	0	517	3	391	0
7	103212708.0	C	A	301	55	286	106	324	56	240	50	278	19	360	83	261	40
7	103212708.1	C	T	301	0	286	0	324	1	240	0	278	0	360	2	261	0
17	73235058.0	C	A	174	12	175	28	154	10	280	19	283	1	176	13	250	0
4	183714476.0	C	T	287	32	262	46	277	24	292	23	229	8	349	40	227	0
4	183714476.1	C	A	287	0	262	2	277	0	292	0	229	0	349	0	227	0
21	28296641.0	G	C	244	0	270	1	299	0	316	0	348	0	355	0	183	0
21	28296641.1	G	T	244	0	270	0	299	0	316	1	348	2	355	0	183	1
21	28296641.2	G	A	244	0	270	0	299	0	316	0	348	0	355	0	183	46
11	45672159.0	G	T	86	15	65	21	88	11	135	8	227	24	119	9	58	0
12	7046168.0	C	T	38	11	43	29	50	12	72	22	78	12	68	13	262	0
6	394886.0	G	A	138	0	88	24	116	0	145	0	224	0	159	0	186	0
6	394886.1	G	C	138	0	88	0	116	0	145	0	224	1	159	0	186	0
X	151283696.0	C	A	340	37	355	111	296	48	349	55	343	10	385	37	148	28
X	151283696.1	C	T	340	0	355	0	296	2	349	1	343	0	385	0	148	0
10	20106092.0	C	T	194	0	204	56	217	0	219	0	367	0	307	0	419	0
10	20106092.1	C	A	194	0	204	0	217	0	219	0	367	1	307	0	419	0
8	22020183.0	G	A	126	0	125	0	134	0	152	40	224	0	207	0	160	0
17	40475318.0	C	A	299	22	463	81	307	25	401	34	330	0	447	29	655	0
17	40475318.1	C	T	299	0	463	4	307	0	401	0	330	0	447	0	655	0
8	133759261.0	G	T	200	0	217	27	183	0	113	0	169	0	267	0	166	0
8	133759261.1	G	A	200	0	217	0	183	0	113	1	169	0	267	0	166	0
10	97110968.0	C	T	163	31	160	0	229	0	205	19	327	0	261	0	324	0
10	97110968.1	C	G	163	0	160	0	229	0	205	0	327	0	261	0	324	1
15	90611751.0	G	A	111	24	109	0	134	0	205	0	262	0	192	0	248	0
15	90611751.1	G	T	111	0	109	0	134	0	205	0	262	1	192	0	248	2
20	2290450.0	A	G	135	19	243	23	189	1	283	22	196	23	230	12	168	0
20	2290450.1	A	T	135	0	243	0	189	1	283	0	196	0	230	0	168	0
1	57173340.0	A	T	75	25	58	27	72	17	46	11	63	2	79	20	62	58
1	57173340.1	A	G	75	1	58	1	72	0	46	0	63	0	79	0	62	1
1	57173340.2	A	C	75	0	58	1	72	0	46	0	63	0	79	0	62	0
17	36476502.0	G	C	198	0	224	30	163	24	202	14	147	0	231	17	559	0
17	36476502.1	G	T	198	0	224	0	163	0	202	0	147	0	231	0	559	1
19	22171610.0	C	T	618	26	694	41	526	34	368	28	672	25	727	30	466	52
19	22171610.1	C	A	618	0	694	2	526	0	368	0	672	0	727	0	466	0
19	22171610.2	C	G	618	0	694	0	526	0	368	1	672	0	727	0	466	0
14	53185055.0	G	A	346	26	320	58	360	28	321	38	404	0	398	26	355	0
14	53185055.1	G	T	346	0	320	0	360	0	321	0	404	1	398	0	355	0
3	146177758.0	G	A	284	0	154	33	261	0	267	0	261	0	270	0	113	0
3	146177758.1	G	T	284	0	154	0	261	0	267	0	261	0	270	1	113	0
7	143053779.0	G	A	137	1	170	37	151	15	221	22	269	0	187	13	227	6
7	143053779.1	G	T	137	0	170	0	151	0	221	0	269	1	187	0	227	0
7	143053779.2	G	C	137	0	170	0	151	0	221	0	269	1	187	0	227	2
11	64084516.0	G	A	120	51	108	43	147	22	169	41	273	51	182	37	556	0
11	64084516.1	G	C	120	0	108	0	147	1	169	0	273	0	182	0	556	0
6	85466460.0	C	T	133	0	72	0	113	0	125	0	148	0	166	0	71	1
6	85466460.1	C	G	133	0	72	0	113	0	125	0	148	0	166	0	71	8
19	58385762.0	C	G	245	26	270	14	229	18	211	14	184	12	339	21	259	77
19	58385762.1	C	T	245	0	270	2	229	1	211	1	184	0	339	1	259	0
19	58385762.2	C	A	245	0	270	0	229	0	211	0	184	0	339	2	259	2
14	25045379.0	C	G	96	11	110	33	117	21	122	18	172	10	136	15	71	0
14	25045379.1	C	A	96	0	110	1	117	0	122	0	172	0	136	0	71	0
14	25045379.2	C	T	96	0	110	1	117	0	122	0	172	0	136	0	71	0
2	196741271.0	T	G	393	1	358	1	368	43	277	0	242	0	431	0	236	0
2	196741271.1	T	A	393	0	358	2	368	1	277	0	242	1	431	0	236	0
2	196741271.2	T	C	393	0	358	1	368	0	277	0	242	0	431	1	236	0
8	35542203.0	C	T	205	0	148	26	173	19	166	17	200	0	202	27	96	0
8	35542203.1	C	A	205	0	148	0	173	1	166	0	200	1	202	0	96	0
19	39591247.0	C	T	132	10	153	45	122	13	140	17	259	1	169	13	110	0
19	39591247.1	C	A	132	0	153	0	122	0	140	0	259	0	169	0	110	1
8	42173801.0	C	T	176	27	162	56	184	24	205	33	326	0	241	26	261	2
8	42173801.1	C	A	176	0	162	1	184	0	205	0	326	0	241	0	261	0
3	154033003.0	C	T	197	1	241	3	237	0	142	0	207	0	280	0	283	2
3	154033003.1	C	G	197	0	241	0	237	0	142	0	207	0	280	0	283	98
1	161141666.0	G	C	214	11	315	58	266	23	373	38	365	58	312	36	606	0
1	161141666.1	G	A	214	0	315	1	266	0	373	0	365	0	312	0	606	0
1	161141666.2	G	T	214	0	315	0	266	0	373	2	365	0	312	0	606	0
19	43689111.0	C	G	433	0	262	57	283	25	450	0	346	0	400	26	170	0
19	43689111.1	C	A	433	0	262	0	283	0	450	1	346	0	400	0	170	0
7	148543590.0	G	A	303	1	460	5	295	1	171	0	312	0	436	0	625	2
7	148543590.1	G	T	303	1	460	2	295	3	171	0	312	0	436	1	625	0
7	148543590.2	G	C	303	31	460	183	295	60	171	30	312	7	436	83	625	117
6	49754204.0	C	A	253	69	271	118	254	78	257	37	323	15	399	70	152	47
6	49754204.1	C	T	253	0	271	0	254	1	257	0	323	0	399	0	152	0
4	7436260.0	G	A	31	0	40	0	27	0	46	0	62	0	32	0	14	8
X	112065768.0	C	A	560	29	487	93	505	41	588	44	501	0	606	40	476	3
X	112065768.1	C	T	560	1	487	5	505	0	588	0	501	2	606	0	476	2
X	112065768.2	C	G	560	0	487	2	505	0	588	0	501	0	606	1	476	1
2	231655592.0	A	G	293	33	250	46	258	30	267	33	279	0	351	29	489	0
10	98133381.0	C	A	121	16	100	0	132	0	172	0	222	0	144	0	107	0
10	98133381.1	C	T	121	0	100	0	132	0	172	0	222	0	144	1	107	0
6	36339140.0	T	A	33	17	37	48	43	15	54	48	90	26	52	20	54	0
6	2959567.0	G	C	154	16	105	42	136	12	151	20	270	0	180	21	181	2
6	2959567.1	G	T	154	0	105	2	136	0	151	0	270	0	180	0	181	1
21	45711005.0	C	A	51	0	40	0	70	0	79	0	102	20	73	0	50	0
21	45711005.1	C	G	51	0	40	0	70	0	79	0	102	1	73	0	50	0
4	158282752.0	A	T	816	306	602	318	824	158	566	161	754	44	950	213	383	157
4	158282752.1	A	C	816	1	602	0	824	0	566	0	754	1	950	1	383	0
4	158282752.2	A	G	816	0	602	1	824	0	566	1	754	0	950	1	383	1
20	44672327.0	C	G	126	3	117	43	114	27	169	29	219	26	134	17	120	0
20	44672327.1	C	T	126	0	117	2	114	0	169	0	219	0	134	0	120	0
X	14883515.0	T	A	144	17	159	28	168	26	82	7	139	7	198	16	203	0
11	61580059.0	G	C	97	19	86	0	99	0	141	0	178	0	122	0	120	0
11	61580059.1	G	A	97	0	86	0	99	0	141	0	178	0	122	0	120	2
20	9346114.0	G	A	422	64	440	153	395	39	338	84	335	29	470	79	339	0
20	9346114.1	G	C	422	3	440	0	395	0	338	0	335	0	470	0	339	0
20	9346114.2	G	T	422	0	440	1	395	1	338	1	335	0	470	0	339	0
4	114279753.0	G	C	151	23	174	41	121	21	125	15	110	0	224	15	132	0
4	114279753.1	G	T	151	0	174	0	121	0	125	0	110	0	224	0	132	1
X	99919839.0	G	A	242	33	195	58	218	39	237	58	219	28	257	46	141	60
X	99919839.1	G	C	242	0	195	1	218	0	237	0	219	0	257	0	141	0
14	20823912.0	C	T	330	63	348	0	319	0	263	0	343	0	475	0	396	0
14	20823912.1	C	A	330	0	348	1	319	0	263	0	343	0	475	1	396	0
14	20823912.2	C	G	330	0	348	1	319	0	263	0	343	2	475	0	396	0
1	236755893.0	C	T	376	0	323	101	307	65	275	41	321	0	384	74	314	0
6	37606389.0	G	A	131	0	146	24	136	0	224	0	238	0	190	0	103	0
5	169116272.0	C	T	290	0	245	61	251	25	294	23	301	0	304	28	164	2
2	163291971.0	T	A	215	1	163	0	177	0	150	0	180	0	210	0	117	0
2	163291971.1	T	G	215	69	163	72	177	50	150	36	180	19	210	36	117	0
2	163291971.2	T	C	215	0	163	1	177	0	150	0	180	0	210	0	117	0
4	99325726.0	G	A	215	0	410	1	278	1	155	0	246	0	346	0	247	75
4	99325726.1	G	T	215	0	410	0	278	1	155	0	246	0	346	0	247	1
3	75787244.0	A	G	262	44	306	36	255	19	156	12	301	11	327	35	294	32
3	75787244.1	A	C	262	2	306	3	255	0	156	0	301	0	327	0	294	0
3	75787244.2	A	T	262	0	306	0	255	1	156	0	301	1	327	0	294	1
20	35517720.0	C	T	91	28	116	33	93	15	156	30	227	19	123	29	181	33
20	35517720.1	C	A	91	0	116	0	93	0	156	0	227	0	123	0	181	2
5	180329392.0	C	T	248	0	427	2	185	0	147	0	268	0	305	0	288	0
5	180329392.1	C	A	248	0	427	0	185	0	147	0	268	0	305	0	288	4
5	180329392.2	C	G	248	0	427	0	185	0	147	0	268	0	305	0	288	74
22	46751472.0	C	A	68	0	53	0	62	0	90	0	106	16	86	0	108	0
14	91636380.0	C	G	101	0	123	30	115	0	168	0	248	0	152	0	171	0
14	91636380.1	C	A	101	0	123	0	115	1	168	0	248	0	152	0	171	0
1	10711024.0	A	C	88	16	82	13	65	2	117	12	193	26	91	5	135	0
1	10711024.1	A	T	88	0	82	1	65	0	117	1	193	0	91	0	135	1
15	41797630.0	T	C	112	21	148	54	156	17	218	29	254	27	205	14	225	0
15	41797630.1	T	A	112	0	148	0	156	1	218	0	254	0	205	0	225	0
14	99969243.0	C	T	195	1	152	0	219	0	284	0	424	0	282	0	212	0
14	99969243.1	C	G	195	11	152	45	219	24	284	25	424	45	282	25	212	1
14	99969243.2	C	A	195	0	152	1	219	0	284	1	424	0	282	3	212	2
14	103966497.0	C	T	330	135	343	200	361	119	425	171	374	61	424	149	449	392
14	103966497.1	C	G	330	1	343	0	361	1	425	1	374	1	424	0	449	0
14	103966497.2	C	A	330	0	343	1	361	1	425	0	374	0	424	0	449	0
20	49203803.0	C	A	319	0	389	1	276	0	352	0	369	0	340	0	396	0
20	49203803.1	C	T	319	0	389	1	276	0	352	0	369	0	340	0	396	0
20	49203803.2	C	G	319	0	389	64	276	27	352	47	369	0	340	41	396	0
3	184801255.0	G	A	65	20	74	35	79	11	93	32	79	3	129	22	70	0
4	77817011.0	G	A	151	14	163	32	138	9	161	16	167	0	204	6	254	0
4	77817011.1	G	C	151	2	163	1	138	0	161	0	167	0	204	0	254	0
8	67726129.0	C	T	348	32	267	83	307	42	226	28	330	0	362	38	277	0
8	67726129.1	C	A	348	0	267	1	307	0	226	0	330	0	362	0	277	0
X	100912483.0	C	G	146	23	128	16	144	14	165	8	249	0	167	12	124	0
3	138739017.0	A	C	75	3	84	20	75	5	94	10	190	17	97	3	84	0
3	138739017.1	A	T	75	0	84	1	75	0	94	0	190	0	97	0	84	2
3	138739017.2	A	G	75	0	84	0	75	0	94	0	190	0	97	1	84	0
7	30922577.0	G	T	290	1	439	3	257	0	433	0	556	0	406	0	457	0
7	30922577.1	G	A	290	0	439	3	257	0	433	0	556	0	406	0	457	0
7	30922577.2	G	C	290	0	439	109	257	0	433	0	556	0	406	0	457	0
13	20716958.0	G	A	10	8	19	7	25	3	23	1	71	0	35	4	16	0
1	248524929.0	T	G	243	30	155	53	210	30	258	21	198	11	298	29	115	29
1	248524929.1	T	A	243	0	155	1	210	0	258	0	198	0	298	0	115	0
5	236660.0	C	T	343	15	390	18	297	8	389	10	550	23	354	14	420	46
5	236660.1	C	A	343	0	390	1	297	0	389	0	550	0	354	0	420	0
20	45865184.0	G	A	200	0	184	31	171	16	223	19	392	34	229	20	216	0
20	45865184.1	G	T	200	0	184	0	171	2	223	0	392	0	229	0	216	1
20	45865184.2	G	C	200	0	184	0	171	0	223	0	392	1	229	0	216	0
17	60525994.0	T	C	451	18	514	39	434	18	589	12	468	13	473	26	378	45
17	60525994.1	T	G	451	0	514	1	434	1	589	0	468	0	473	0	378	0
17	60525994.2	T	A	451	0	514	0	434	1	589	0	468	0	473	0	378	1
2	141459305.0	G	A	286	67	278	162	361	77	161	40	270	31	352	89	177	45
2	141459305.1	G	T	286	1	278	2	361	0	161	0	270	0	352	1	177	0
2	141459305.2	G	C	286	1	278	1	361	1	161	0	270	0	352	0	177	0
8	105026786.0	G	A	367	131	132	272	312	110	186	104	279	28	364	178	182	87
8	105026786.1	G	T	367	0	132	2	312	1	186	0	279	0	364	1	182	2
8	105026786.2	G	C	367	0	132	3	312	2	186	0	279	0	364	1	182	0
7	56006699.0	A	G	96	50	149	126	109	14	128	28	119	17	177	44	125	75
7	56006699.1	A	C	96	0	149	0	109	0	128	0	119	0	177	1	125	0
15	53809913.0	G	T	235	30	267	85	305	27	189	23	333	0	377	45	289	0
13	37605902.0	C	A	46	24	21	36	66	11	27	10	58	4	69	22	55	0
13	37605902.1	C	G	46	0	21	1	66	0	27	0	58	0	69	0	55	0
11	73834144.0	T	G	301	1	314	0	207	0	187	0	187	1	301	0	272	0
11	73834144.1	T	A	301	0	314	1	207	0	187	0	187	0	301	0	272	0
11	73834144.2	T	C	301	0	314	6	207	25	187	0	187	0	301	0	272	0
4	165118226.0	C	A	271	19	285	50	236	27	248	34	262	0	275	26	190	1
4	165118226.1	C	G	271	0	285	0	236	0	248	0	262	0	275	0	190	2
17	27005589.0	G	A	319	0	378	46	267	0	408	0	277	0	363	0	238	0
17	27005589.1	G	T	319	0	378	0	267	0	408	0	277	0	363	1	238	0
4	165118225.0	T	A	261	19	283	48	233	27	239	34	257	0	266	26	184	0
4	165118225.1	T	G	261	0	283	3	233	0	239	0	257	0	266	0	184	0
4	165118225.2	T	C	261	0	283	0	233	0	239	2	257	1	266	0	184	1
16	10867955.0	G	A	272	1	388	1	229	1	399	0	239	2	335	0	346	5
16	10867955.1	G	C	272	1	388	4	229	0	399	0	239	0	335	0	346	1
16	10867955.2	G	T	272	0	388	55	229	10	399	0	239	1	335	17	346	0
7	92848697.0	G	C	281	36	343	73	349	24	325	32	387	0	388	34	278	0
7	92848697.1	G	A	281	0	343	4	349	0	325	0	387	0	388	1	278	0
8	122626427.0	C	G	222	19	249	46	187	43	130	12	165	0	213	25	218	0
8	122626427.1	C	A	222	0	249	1	187	0	130	0	165	0	213	0	218	0
8	122626427.2	C	T	222	0	249	1	187	0	130	0	165	0	213	0	218	0
12	32793387.0	G	A	110	0	115	22	134	0	146	0	125	0	186	0	106	0
16	31286939.0	G	A	247	25	379	50	273	33	261	31	360	0	373	18	300	0
10	96708892.0	G	T	111	3	124	0	130	0	68	0	195	0	161	0	143	1
10	96708892.1	G	C	111	14	124	24	130	19	68	2	195	8	161	21	143	0
9	102730769.0	A	G	207	8	178	4	230	7	188	8	237	11	231	21	158	3
4	57215954.0	C	T	188	0	126	17	139	0	154	0	125	0	197	0	108	0
16	87446726.0	G	A	109	18	119	26	105	12	165	10	261	0	157	19	232	0
5	132270014.0	G	A	250	36	342	0	238	0	272	0	387	0	379	1	313	0
20	44258516.0	G	A	406	81	497	89	376	43	418	47	731	0	507	43	751	0
20	44258516.1	G	T	406	0	497	0	376	1	418	0	731	2	507	0	751	1
20	44258516.2	G	C	406	0	497	0	376	0	418	0	731	0	507	0	751	2
9	67926873.0	A	G	103	31	104	26	106	37	147	35	227	63	174	39	151	28
9	67926873.1	A	T	103	0	104	0	106	1	147	0	227	0	174	0	151	0
5	161580161.0	T	A	326	36	355	60	256	34	166	14	250	0	431	44	204	0
5	161580161.1	T	C	326	0	355	1	256	0	166	0	250	0	431	0	204	1
