Chr	Posi	Wild	Mut	PrimT:ref	PrimT:alt	Met0T:ref	Met0T:alt	Met1T:ref	Met1T:alt	Met2T:ref	Met2T:alt	Met3T:ref	Met3T:alt
1	84867719	G	C	79	0	81	0	59	8	103	0	112	0
1	155165873	A	C	87	15	169	0	161	0	110	0	151	0
1	161954665	C	T	220	153	128	120	134	139	149	129	107	106
1	179087838	C	A	158	39	84	39	78	26	101	36	103	39
1	186276018	A	C	26	4	106	0	86	0	76	0	59	0
1	204944483	A	C	30	0	164	0	96	6	93	6	82	10
1	214171503	A	G	67	4	318	6	238	0	265	4	227	0
2	1893187	C	T	71	36	107	79	120	91	136	75	87	83
2	24964844	G	T	211	4	317	4	299	54	271	0	269	0
2	71895953	A	C	53	5	232	9	153	13	138	8	174	8
2	108443524	G	A	109	45	243	148	172	113	237	99	286	163
2	108455310	A	T	131	7	127	0	96	16	172	5	185	0
2	149539237	A	C	240	85	108	49	109	63	129	78	145	81
2	152299793	A	T	272	10	133	0	101	14	269	0	282	0
2	179455126	C	A	152	4	172	0	141	22	192	4	207	5
3	27439719	G	A	233	59	79	9	53	0	124	29	177	0
3	179046095	C	A	138	4	39	0	48	7	187	0	140	0
4	57261551	G	T	168	32	37	14	64	0	76	17	111	0
5	38958935	T	A	155	4	62	0	62	7	204	0	178	0
5	140517227	C	T	78	5	240	0	97	32	166	6	94	37
6	29580360	C	T	118	0	416	57	271	0	412	0	274	0
6	36169409	T	G	62	6	112	0	81	0	88	0	57	0
6	51524391	C	T	133	64	93	36	61	47	106	66	98	64
6	108250693	T	A	213	4	106	0	42	4	261	0	196	0
6	130467235	G	T	133	142	26	109	14	38	90	188	63	123
7	56065140	C	T	198	27	266	53	194	50	286	35	262	47
7	131151033	A	G	216	148	98	95	76	62	254	180	198	135
7	156437451	G	T	81	11	53	0	58	8	95	0	80	0
8	55540593	T	G	140	22	38	11	35	0	88	9	116	0
8	143570742	A	C	142	12	461	0	346	0	259	0	284	0
9	18775831	A	C	114	15	363	8	342	0	243	9	223	14
9	32635283	A	C	197	29	251	0	252	0	211	0	176	0
10	61833210	G	A	70	22	64	55	50	41	85	28	95	65
10	95451850	C	T	56	8	25	0	26	0	110	0	87	0
10	116045835	C	T	40	14	161	96	92	67	103	61	136	90
10	127705871	T	G	890	366	691	4	646	19	708	16	627	9
11	1269205	A	C	27	6	133	0	97	0	98	0	99	0
11	1272310	A	C	116	17	298	0	216	0	184	0	191	0
11	6640039	T	C	68	29	302	157	228	56	266	90	293	49
11	34093454	G	A	559	63	137	27	105	0	310	44	405	0
11	55873289	T	A	177	5	70	0	37	0	178	0	180	0
11	56044009	C	A	56	0	56	5	48	0	98	17	113	0
11	57081248	T	G	114	10	263	16	187	15	227	21	229	31
11	57191491	T	G	134	14	389	0	286	0	308	0	389	0
11	67837657	T	A	142	160	66	107	47	43	89	130	110	140
12	22063120	A	C	94	5	93	0	76	8	168	0	151	0
12	120805857	A	C	110	21	415	6	198	0	234	0	208	5
12	130922908	A	C	121	18	298	0	183	0	218	0	197	0
14	20502825	G	A	62	6	32	0	24	0	58	0	42	0
14	58925219	A	C	137	0	62	0	50	6	175	0	183	0
14	70924472	C	T	87	40	69	16	62	30	70	30	56	29
15	78582360	C	A	69	0	43	0	69	10	66	0	74	0
15	90775542	C	A	36	6	222	0	223	0	204	0	284	0
16	28994528	A	C	79	7	391	0	240	0	228	0	274	0
16	57057731	A	C	64	4	313	0	272	0	199	0	194	0
17	7579447	A	G	23	5	41	14	19	10	34	8	28	7
17	7696445	A	C	93	13	118	0	86	0	101	0	78	0
18	2666158	A	T	97	0	32	0	27	4	178	0	130	0
19	1434829	C	G	39	8	109	0	101	0	111	0	140	0
19	4511341	T	C	73	6	160	5	155	10	119	0	135	4
19	6468587	A	C	98	9	307	12	246	0	242	0	258	0
19	17316083	A	C	98	10	205	15	137	18	156	15	143	10
19	18376867	T	G	102	4	195	0	171	6	137	10	131	4
19	19327837	T	G	206	13	440	168	331	30	330	27	349	155
19	37038458	A	T	83	0	40	0	51	9	70	0	67	0
19	47425555	A	C	70	10	79	17	63	34	58	32	75	27
19	49574091	T	G	71	4	101	0	100	0	74	0	74	0
20	23066476	G	C	91	10	275	9	182	4	180	0	169	0
20	55917876	C	A	148	0	108	0	34	5	166	0	186	0
22	26707850	C	A	114	26	165	25	196	0	182	33	158	0
22	45958918	C	G	43	0	80	8	86	0	81	14	104	0
X	53264313	T	G	38	38	127	5	83	0	74	0	85	5
X	77528631	T	A	64	5	34	0	13	0	65	0	59	0
X	84519424	G	A	139	4	31	0	52	6	136	0	96	0
