Chr	Posi	Wild	Mut	PrimT:ref	PrimT:alt	Met1T:ref	Met1T:alt	Met2T:ref	Met2T:alt	Met5T:ref	Met5T:alt
1	874497	G	A	127	36	108	40	65	27	78	18
1	9816547	G	A	124	0	279	0	315	49	233	0
1	16271506	G	A	69	0	63	14	33	0	43	0
1	92763013	T	C	314	75	490	126	350	165	365	100
1	175304874	C	T	550	38	458	56	463	51	343	12
1	176661304	G	A	269	14	252	44	231	50	154	28
1	247027305	C	T	441	0	334	0	399	47	272	0
2	3628437	G	T	119	11	380	0	373	61	260	9
2	73679743	T	C	72	21	74	16	78	17	47	17
2	116497420	G	T	366	28	317	34	370	47	247	18
2	179477634	A	C	97	17	88	7	94	5	70	6
3	62358132	C	T	19	0	5	0	2	6	6	1
4	55152032	C	A	120	7	138	27	98	6	96	18
4	57180387	C	T	135	18	128	14	76	6	91	15
4	68693022	G	T	147	20	136	24	107	32	86	17
5	93805725	T	C	250	26	245	43	187	42	132	31
5	132161684	G	A	21	4	35	0	18	0	12	0
6	76713668	C	G	227	12	241	18	304	38	158	12
6	139487853	C	A	47	5	47	0	34	0	29	0
6	159188482	T	G	67	6	64	4	58	0	49	0
7	95709696	A	G	429	48	318	26	380	82	218	21
7	117304813	C	G	292	24	272	63	308	16	213	9
8	104934011	C	T	72	11	125	16	140	54	89	33
9	78638794	C	T	165	13	183	23	166	38	158	18
9	123723763	C	T	142	0	217	0	216	57	179	0
10	55582066	G	A	50	0	54	0	58	0	33	5
10	104264049	A	C	218	6	153	0	128	24	121	10
10	129905625	G	A	245	27	72	13	85	24	59	12
10	134014413	G	T	106	7	85	12	46	11	49	6
10	135204929	G	A	22	4	33	0	29	0	18	0
11	92613896	G	A	145	13	138	14	131	44	91	28
12	46622986	C	T	222	0	185	49	214	72	147	56
12	51138553	G	C	211	16	251	25	213	24	166	23
12	69128610	T	A	47	6	163	0	169	0	113	0
12	123892078	T	C	296	20	183	35	186	33	166	17
12	132325323	G	T	22	4	17	0	13	0	17	0
13	39618258	T	A	388	56	419	50	431	82	248	20
14	24031507	C	T	314	0	270	0	185	39	163	0
14	103568530	C	T	12	4	22	0	14	0	27	0
16	30393663	A	G	173	14	208	11	182	16	118	16
17	61499159	G	T	136	0	189	0	109	22	93	0
17	62529118	C	A	38	5	125	0	124	0	78	0
17	66537019	A	G	440	0	432	0	295	47	322	0
17	74157929	C	T	215	25	231	53	150	36	165	32
18	29340081	G	A	125	16	145	0	111	27	81	0
19	4280337	C	G	47	0	47	7	44	0	33	7
19	17316083	A	C	137	11	168	12	100	16	69	19
19	53058248	T	A	130	0	77	13	94	0	48	0
19	58385762	C	G	107	14	279	44	299	73	185	39
20	60892053	C	T	155	0	162	0	113	21	110	0
X	148055070	A	G	255	48	238	48	190	52	161	38
