Chr	Posi	Wild	Mut	Prim1T:ref	Prim1T:alt	Met1T:ref	Met1T:alt	Met2T:ref	Met2T:alt	Met3T:ref	Met3T:alt	Met4T:ref	Met4T:alt
1	3511943	C	T	44	6	26	0	66	0	67	0	32	0
1	6204182	G	C	135	21	48	103	140	106	47	211	92	62
1	6266732	C	A	223	0	188	114	351	0	201	0	222	0
1	12954511	C	T	122	5	155	40	203	48	238	57	170	21
1	16265876	T	A	210	37	235	159	253	122	320	230	247	70
1	19487474	C	T	183	13	194	150	238	130	181	138	230	75
1	22157559	C	G	86	5	58	47	179	66	99	89	57	27
1	22175268	G	C	43	5	36	13	69	22	75	27	38	6
1	22915846	G	C	48	10	36	17	59	19	52	35	32	8
1	23782502	C	A	173	26	123	101	153	59	188	136	134	75
1	24020383	A	G	283	129	89	498	125	246	41	341	136	278
1	24409128	C	T	100	14	74	58	176	86	145	83	68	17
1	29606581	C	T	104	11	123	39	208	36	132	55	99	21
1	32690056	G	T	152	18	182	49	161	26	79	39	150	18
1	34033199	A	G	53	0	88	26	81	32	84	43	88	18
1	37979052	C	A	258	0	426	152	233	0	263	0	412	0
1	38019694	G	T	77	0	53	8	73	11	43	14	63	13
1	40363335	G	T	128	0	124	20	123	0	150	0	97	0
1	44684005	C	A	195	17	119	146	158	83	106	175	143	73
1	46073610	G	C	111	0	100	17	79	0	58	0	150	0
1	46646791	C	T	301	0	574	229	177	0	252	0	607	0
1	47582358	G	C	153	4	337	115	199	19	308	114	367	58
1	53556298	C	G	100	16	39	33	73	50	57	64	43	23
1	62175013	G	C	143	18	167	163	118	64	103	154	247	107
1	64671344	G	A	131	28	249	237	185	80	252	305	387	223
1	65137295	C	G	109	0	213	73	204	67	253	101	249	68
1	65684446	G	T	120	9	249	88	146	42	220	94	273	67
1	67105506	G	T	131	18	244	215	143	68	218	259	397	199
1	74670494	G	C	27	0	35	18	16	4	28	16	45	9
1	86334204	G	A	67	4	72	77	62	38	52	54	91	65
1	87033200	G	C	133	13	97	112	111	59	119	68	146	67
1	90180169	C	T	70	7	23	42	25	13	20	26	47	26
1	93620381	G	A	187	0	445	0	217	0	177	108	480	0
1	103463880	C	T	182	0	316	75	206	32	152	79	283	32
1	103491874	A	T	85	4	123	31	72	18	108	57	152	23
1	107979325	T	C	120	10	188	207	203	130	200	125	230	138
1	109280141	G	C	162	0	291	113	226	36	357	0	481	115
1	110155445	G	T	301	43	247	216	299	135	168	112	316	105
1	117656050	G	A	125	13	137	124	226	118	128	85	132	76
1	118727745	G	A	215	13	433	187	155	28	124	88	371	69
1	144871765	C	T	77	0	101	19	104	30	112	31	65	26
1	144931640	C	A	123	12	187	68	88	12	97	20	249	65
1	145492253	G	T	196	0	239	59	212	0	234	0	259	0
1	150240397	G	A	385	61	194	208	185	114	107	130	252	120
1	150769338	G	A	235	10	467	93	340	74	354	117	492	71
1	151006650	C	T	82	4	62	17	91	14	57	22	93	11
1	152282205	G	T	84	6	55	14	131	25	127	49	54	10
1	154164389	T	C	188	20	172	146	176	115	113	174	193	68
1	155234486	T	C	192	9	177	62	141	47	134	60	187	55
1	155447895	C	T	177	18	227	93	156	32	170	79	206	38
1	156532968	C	A	123	7	64	53	96	53	85	102	87	35
1	156555527	G	A	138	14	89	116	111	65	83	112	111	50
1	157490238	C	A	84	6	69	18	143	31	111	27	55	9
1	158632727	C	A	50	4	46	9	35	0	63	20	74	11
1	159275782	G	C	71	0	110	0	65	0	68	37	91	0
1	159888618	C	A	133	0	97	32	188	0	148	0	137	0
1	160062261	C	T	41	0	15	14	34	31	34	37	12	0
1	160267505	C	T	75	18	47	49	86	33	36	40	36	34
1	160924524	G	T	131	6	145	41	114	27	131	47	140	15
1	161641417	T	G	35	0	35	10	52	21	67	56	27	13
1	163039231	G	T	118	0	173	20	167	0	167	0	202	0
1	165218669	C	A	65	8	53	19	84	19	96	48	53	6
1	167847828	T	C	140	0	203	56	132	34	152	65	180	42
1	171810851	G	T	149	0	153	47	226	65	150	60	167	32
1	176526313	G	T	27	0	8	23	41	7	18	11	20	9
1	176563814	C	A	46	0	40	18	78	11	43	28	40	12
1	179198379	G	T	86	16	31	57	43	20	37	18	61	39
1	180235585	C	G	86	5	42	39	72	50	57	41	61	20
1	182509381	G	T	78	4	98	31	137	25	97	47	97	25
1	182635114	G	C	127	0	213	73	129	36	131	74	223	40
1	184688379	C	A	99	8	63	61	56	23	62	50	129	109
1	186331497	C	G	156	10	318	125	155	31	181	137	478	107
1	192780679	G	T	311	8	379	83	112	11	166	0	484	48
1	197871987	G	T	44	5	50	26	60	10	32	22	49	18
1	202915596	T	C	196	0	201	0	201	0	161	0	214	22
1	205554101	C	T	197	14	122	50	213	22	216	0	210	27
1	207793392	C	G	165	5	174	87	207	46	101	79	212	21
1	209907866	G	A	75	6	74	16	31	9	30	33	97	35
1	209933484	C	A	167	13	145	63	252	97	118	73	145	33
1	216595566	G	A	110	6	142	53	140	23	124	0	136	29
1	216680493	G	A	64	0	49	20	48	10	33	24	56	11
1	226108950	G	C	179	23	97	97	142	74	97	70	128	47
1	226836430	G	A	292	31	275	274	320	116	267	146	302	117
1	229641882	G	C	180	24	184	230	98	74	116	72	213	106
1	230493021	G	A	99	5	54	20	123	21	70	46	69	13
1	232551297	C	A	147	16	92	85	153	64	111	64	102	47
1	233135082	T	A	75	0	86	32	116	35	58	38	59	19
1	236740245	C	G	97	0	117	35	75	25	63	34	130	37
1	237880530	G	T	137	5	187	60	133	10	136	0	175	38
1	237947291	C	T	56	0	66	25	96	11	47	24	52	6
1	238051685	C	A	126	23	89	97	80	44	70	62	120	71
1	247751844	G	T	122	0	206	69	172	33	114	105	195	40
1	247835421	T	C	79	8	65	76	56	37	73	48	76	48
1	247978667	G	C	37	0	35	16	27	4	25	14	38	6
1	248059242	G	A	37	0	16	11	28	7	19	22	19	7
1	248084819	G	T	150	9	145	69	284	49	166	53	159	46
1	248436617	C	A	40	0	46	12	83	13	71	16	45	11
2	1133310	G	T	100	6	153	80	154	57	162	99	118	47
2	3447581	G	T	132	18	146	145	212	159	183	161	116	73
2	8919803	C	A	60	5	59	39	64	27	59	42	87	21
2	10581678	A	G	136	21	109	126	125	93	122	124	101	83
2	17888505	C	G	159	12	291	202	201	59	296	205	397	104
2	20203004	G	A	79	6	57	85	104	52	81	83	103	14
2	21247823	C	A	71	7	57	47	97	42	97	52	82	7
2	21258501	T	C	169	0	194	0	248	4	245	64	195	0
2	24253977	G	A	158	19	223	123	165	75	160	122	209	72
2	26698307	G	T	143	25	86	47	112	48	121	94	92	14
2	26802299	G	T	189	17	182	102	196	64	225	134	195	21
2	27464034	C	T	76	0	47	15	84	14	110	37	37	5
2	27680613	C	T	79	6	68	12	87	13	127	26	56	15
2	27804130	G	A	46	7	27	24	29	9	35	33	36	11
2	29754945	C	A	162	7	251	46	259	34	373	115	192	32
2	31604553	C	A	199	14	281	175	275	106	259	177	211	126
2	48027844	G	A	98	8	102	71	43	24	63	52	104	40
2	55253935	G	A	216	18	339	187	170	42	254	199	359	203
2	61441781	T	A	93	11	96	36	59	21	58	57	101	24
2	62728368	C	T	112	9	266	48	118	26	167	47	198	28
2	69093060	G	T	123	8	107	65	94	36	105	56	122	28
2	71060070	C	T	154	9	141	72	130	65	141	87	134	37
2	71185224	C	A	136	18	111	72	226	122	226	147	118	39
2	71305453	C	A	213	6	231	51	219	40	290	81	207	12
2	71825744	G	T	130	11	86	42	153	72	168	122	109	24
2	73479835	G	C	156	11	164	129	242	88	244	178	172	50
2	74655785	G	T	126	0	99	29	150	14	157	33	87	0
2	77746259	G	T	65	0	46	52	46	20	59	60	66	12
2	84880903	G	C	102	4	115	55	73	19	102	70	145	30
2	96148098	C	T	47	13	37	28	69	44	42	68	48	23
2	99251739	C	T	199	10	245	89	147	29	287	115	468	87
2	100623671	C	T	117	0	129	41	259	0	228	0	185	0
2	103322318	C	A	122	0	253	83	150	39	273	84	320	52
2	108626898	G	C	138	17	128	145	192	70	142	174	164	91
2	113509859	C	T	240	13	733	209	362	72	426	186	767	148
2	118579308	A	T	151	0	313	38	169	0	237	0	315	0
2	119727774	C	G	151	25	148	128	136	99	76	139	205	46
2	125405394	G	T	69	0	78	18	100	26	87	32	66	15
2	128914842	G	T	212	13	322	231	252	118	237	244	378	180
2	130859745	A	T	40	0	311	0	255	4	467	0	195	0
2	131520870	G	A	58	10	18	29	73	32	48	55	33	17
2	135756546	T	C	125	0	186	65	128	33	154	45	208	40
2	138722175	G	C	186	6	556	207	82	15	125	59	733	108
2	141762937	G	T	82	15	93	105	144	64	109	152	137	65
2	160884795	C	G	95	9	157	113	91	41	121	114	198	91
2	163213355	G	A	144	4	209	60	96	14	147	51	207	31
2	165956873	G	C	106	5	124	38	73	13	99	45	134	15
2	167992524	T	A	130	0	197	98	162	0	200	0	236	0
2	168098409	A	T	77	5	114	38	57	14	87	48	117	22
2	172930414	A	G	126	32	155	171	119	71	148	172	193	108
2	173881912	G	T	128	7	293	92	172	34	221	71	286	45
2	173955851	A	T	113	14	271	89	103	25	107	42	202	53
2	175337845	C	T	134	0	195	60	113	25	187	52	238	33
2	179449849	G	T	114	6	171	43	143	33	141	62	172	32
2	179470002	G	A	21	6	21	14	7	4	8	15	17	4
2	179495971	C	T	46	0	65	12	31	4	83	29	79	13
2	179577483	G	T	56	7	63	29	37	4	76	24	71	14
2	179584358	C	T	95	6	153	54	97	21	181	83	214	40
2	179602956	C	G	83	11	80	103	92	42	57	95	142	58
2	183731215	G	C	25	0	9	3	46	5	33	11	13	0
2	187693356	C	T	112	13	142	126	100	52	121	187	200	126
2	197656066	C	G	184	8	606	123	249	64	356	109	392	70
2	202093718	C	T	174	29	274	150	135	89	93	108	295	237
2	202358008	G	A	16	0	12	22	3	4	11	15	21	5
2	203379613	G	C	105	16	105	274	63	38	79	114	194	88
2	207615715	C	A	100	4	188	87	164	18	359	126	395	78
2	207636936	G	A	143	19	185	75	126	51	126	162	235	121
2	210791698	G	C	97	5	100	47	107	28	150	58	148	23
2	210824292	A	G	136	0	200	99	275	55	233	74	244	27
2	210860307	G	T	13	0	10	11	12	1	11	0	14	6
2	211464266	C	A	122	5	85	38	95	66	80	93	121	53
2	216296680	G	T	186	19	359	0	188	55	170	55	431	107
2	220040969	C	G	229	0	140	93	151	0	141	0	233	0
2	220355644	C	T	26	0	12	5	38	17	26	20	14	0
2	220366681	C	G	192	13	155	58	287	69	256	91	185	47
2	228883034	G	T	68	0	35	14	36	0	54	25	49	10
2	228883454	T	G	114	0	156	0	94	24	170	65	172	48
2	233244315	G	C	38	0	22	7	76	19	78	39	32	7
2	233409586	C	T	50	0	19	9	80	21	64	15	44	8
2	238277687	C	G	114	12	79	36	96	67	79	134	122	50
2	238280640	C	A	34	4	25	5	62	21	58	21	41	5
2	242573045	C	A	50	8	15	12	36	35	29	31	22	9
2	242742771	C	G	144	6	60	22	183	35	156	48	98	20
3	4345189	G	A	136	8	149	56	116	30	77	33	169	27
3	9495552	G	A	72	11	57	58	23	14	41	61	96	54
3	9852311	C	A	174	24	79	68	77	54	66	70	69	37
3	17052021	C	T	98	4	167	44	53	6	106	33	151	40
3	38180306	G	T	360	34	367	100	281	57	182	63	318	64
3	38592077	C	T	63	5	50	17	127	26	119	34	69	14
3	38783848	G	C	52	4	62	12	67	14	82	25	78	0
3	42305055	A	T	16	0	6	20	17	14	11	14	2	7
3	42739737	T	G	136	0	122	0	193	8	185	0	94	23
3	43074783	G	A	63	0	55	12	136	24	90	43	49	12
3	43122329	C	A	66	9	25	24	94	40	48	60	18	16
3	46450317	G	C	93	4	84	23	47	4	54	26	132	15
3	48698934	G	T	30	11	5	7	16	0	11	15	3	1
3	49020395	G	A	222	17	298	74	250	64	275	115	291	0
3	49038870	G	A	65	5	24	7	46	6	37	16	28	8
3	49051697	G	T	148	16	136	42	181	57	135	55	135	25
3	51418793	G	A	53	0	25	24	73	50	43	44	17	23
3	51967616	C	A	171	32	89	107	172	128	129	159	100	42
3	57399507	C	A	104	11	249	86	116	27	217	106	291	72
3	57401171	G	A	146	16	166	191	148	69	129	179	271	147
3	73433626	C	T	7	2	5	5	18	5	15	5	3	0
3	89462347	C	A	124	4	215	55	99	12	200	77	199	38
3	97251356	C	T	83	0	146	51	86	6	114	34	136	19
3	98251664	C	A	95	14	136	125	132	75	82	105	192	77
3	100962460	G	A	126	0	233	62	142	32	188	77	212	39
3	113955551	C	A	55	6	20	18	38	19	42	38	28	9
3	115382657	C	T	121	16	282	81	272	48	200	80	358	0
3	121994751	C	A	118	15	99	91	126	48	81	101	111	60
3	122354777	G	T	119	13	106	93	85	47	59	98	140	61
3	122631096	G	T	153	34	85	86	208	158	161	172	80	36
3	129140435	G	A	188	0	179	83	212	54	235	101	202	45
3	130107757	C	G	23	0	17	22	30	13	20	27	32	13
3	134278112	C	T	136	14	89	134	132	81	87	154	158	85
3	140265357	G	T	88	7	94	25	95	21	86	50	110	21
3	141917716	T	C	173	25	270	349	183	128	223	255	374	163
3	142078747	C	T	153	23	286	71	149	24	289	97	411	73
3	145790428	G	A	190	0	602	0	169	0	422	0	598	116
3	147114131	C	A	8	3	6	3	26	14	21	7	9	3
3	149678610	C	G	114	14	123	43	89	18	103	38	113	27
3	156867162	G	A	215	9	362	100	194	39	249	96	381	78
3	171323111	C	T	145	7	300	86	258	51	246	109	307	57
3	179479000	C	T	155	22	203	257	180	85	88	156	210	158
3	183756291	C	A	86	7	36	34	149	55	96	108	51	23
3	183884706	C	T	101	7	71	28	175	27	153	55	60	10
3	184107199	G	A	125	7	80	21	141	50	125	45	82	11
3	194344362	G	A	36	10	17	18	43	27	15	33	18	0
3	195595101	C	T	75	9	16	28	67	44	21	34	16	10
3	196744024	G	A	134	9	52	35	164	54	111	50	93	0
4	860902	G	A	40	0	13	7	81	26	28	24	20	10
4	1006276	G	A	172	42	151	102	246	92	129	120	165	57
4	6349578	G	C	103	16	65	34	185	86	167	156	59	24
4	7714487	C	T	89	11	87	20	160	30	182	56	65	15
4	13543832	G	T	62	15	52	50	155	97	61	93	42	26
4	16590336	C	T	189	47	480	400	108	42	247	127	576	388
4	22415346	T	A	113	14	269	166	114	48	170	145	295	99
4	25671405	G	A	108	17	91	101	80	39	147	100	95	45
4	26322390	G	A	281	10	365	112	132	34	146	87	372	76
4	38829274	G	C	147	6	84	57	117	34	159	62	117	33
4	46043060	G	T	123	4	395	86	202	24	357	202	402	43
4	68610358	G	C	99	26	246	191	108	56	125	154	285	154
4	70361436	C	G	80	0	80	32	69	19	73	60	83	42
4	70460396	G	T	90	8	70	20	41	13	86	23	83	20
4	70461993	G	A	160	9	298	172	287	87	226	205	408	107
4	70620485	C	G	208	0	267	46	118	11	283	4	435	36
4	72425921	G	A	103	8	131	90	81	37	152	39	169	48
4	74306453	G	A	92	7	160	114	173	63	90	126	176	63
4	84205914	G	C	117	10	125	65	57	25	44	44	145	51
4	85414603	C	A	176	15	180	128	381	194	230	295	188	46
4	87671690	A	T	60	7	72	40	81	35	83	45	70	31
4	90034866	G	A	136	11	198	162	68	30	112	52	192	84
4	101109262	A	G	92	7	102	66	56	22	101	39	141	40
4	111553577	C	G	204	9	271	143	562	304	376	167	221	76
4	114279013	C	A	78	16	109	87	93	27	30	50	111	43
4	126328170	C	T	83	0	91	68	80	40	72	36	101	59
4	138451075	C	A	100	7	109	22	74	10	99	39	128	9
4	141868823	C	A	95	6	165	72	197	55	202	73	160	58
4	142053481	G	T	38	0	47	5	76	14	41	14	32	4
4	147861038	G	T	169	11	401	252	503	177	406	145	381	146
4	152682101	C	A	156	29	174	137	125	66	103	94	236	87
4	154624450	T	A	108	10	86	22	43	9	77	29	199	0
4	164394649	C	A	107	11	78	39	134	41	75	111	94	33
4	177089903	G	T	91	6	164	86	70	34	88	149	235	88
4	177608386	T	G	180	17	377	301	290	134	240	311	473	215
4	183575040	G	T	72	11	88	65	49	18	78	90	129	49
4	187172720	T	A	138	13	248	193	196	66	158	176	303	114
5	5447981	C	G	147	20	568	248	242	78	520	265	653	229
5	7396500	G	A	26	0	20	0	39	24	32	17	10	0
5	7626329	A	G	130	8	177	73	167	62	156	93	181	46
5	7709360	C	T	85	5	112	48	164	49	158	79	106	20
5	9044485	C	A	94	4	293	89	196	67	240	122	254	57
5	11111003	G	T	34	0	53	31	90	42	112	64	38	18
5	11346579	A	C	172	0	245	45	402	37	463	85	263	11
5	16701183	C	T	47	0	35	16	75	16	77	15	48	11
5	16711109	G	C	118	8	177	70	235	47	192	76	106	40
5	32712218	G	C	23	0	17	17	62	22	53	20	25	8
5	36986223	G	C	167	25	391	132	222	54	448	131	409	105
5	36995735	C	G	41	0	101	44	66	16	86	40	119	41
5	45262567	C	T	82	0	30	42	130	57	116	120	52	12
5	59899346	C	A	144	26	105	133	118	62	100	147	229	109
5	64748020	G	A	141	20	272	193	208	83	176	254	342	177
5	79034722	C	A	49	5	30	8	51	0	31	24	53	14
5	82834548	C	T	44	0	23	11	15	4	22	13	51	15
5	83360657	G	A	110	0	209	0	100	0	189	4	285	0
5	92956762	C	A	126	17	191	101	147	62	115	61	187	59
5	94903667	A	T	134	5	163	79	133	29	140	65	247	54
5	101834476	C	G	79	13	91	56	126	28	91	51	77	7
5	110428040	A	C	181	0	309	102	178	0	180	0	300	0
5	110836732	G	C	145	24	226	191	121	55	179	204	392	164
5	121187761	G	T	22	0	9	3	33	8	20	15	8	0
5	123974829	C	G	169	9	248	100	206	53	270	97	346	58
5	126874741	G	A	222	10	473	165	375	97	299	136	421	93
5	127474522	C	G	125	0	250	109	147	0	345	0	409	0
5	128440729	C	G	168	10	326	265	196	115	187	281	347	180
5	131007712	C	T	122	9	149	25	113	16	130	39	157	25
5	131670535	C	A	130	9	81	91	84	64	75	127	102	77
5	132150936	A	C	14	0	1	7	13	6	14	21	7	5
5	132534883	C	G	95	0	74	0	132	0	151	0	98	12
5	134670677	C	A	103	6	92	27	107	16	89	38	106	33
5	135508133	T	C	151	12	315	130	158	54	248	91	400	80
5	140474892	C	A	51	0	39	15	27	6	30	15	18	7
5	140711841	G	T	105	17	147	56	198	37	177	58	81	18
5	140737201	T	C	55	12	46	36	32	23	54	78	49	22
5	149456891	C	A	186	7	250	64	357	76	295	119	286	46
5	149631377	T	G	130	0	100	0	124	0	146	0	85	5
5	154185521	C	A	134	14	196	76	162	25	156	65	208	46
5	154393458	A	G	127	30	184	50	249	11	275	11	160	14
5	154394699	A	G	79	5	129	29	140	25	137	45	128	23
5	156464264	C	G	88	4	96	72	65	31	98	87	115	42
5	161317966	C	G	102	16	95	89	67	39	123	155	163	68
5	168187877	G	T	113	13	98	111	147	51	101	111	128	59
5	176859807	G	T	178	5	59	22	107	27	70	43	55	6
5	176918115	C	A	187	6	85	39	210	42	104	39	82	18
5	178585847	G	C	130	5	88	34	198	35	203	70	86	14
5	180047975	T	A	93	0	42	23	117	29	82	26	42	13
6	18122614	C	A	15	6	4	13	14	6	2	9	8	2
6	24847919	T	A	84	0	43	24	48	5	43	28	38	0
6	32134526	G	A	181	18	125	163	349	177	211	249	145	67
6	33660616	C	T	224	43	172	188	99	118	187	256	173	77
6	34839409	A	C	185	22	217	156	171	103	200	184	234	104
6	36981748	C	A	111	10	64	31	133	66	114	78	51	22
6	43152352	C	T	18	0	24	4	9	10	14	22	13	0
6	43333122	A	C	121	34	136	111	129	49	90	81	141	39
6	43402376	G	T	24	6	13	12	41	21	44	43	36	14
6	43475319	T	A	138	26	122	82	131	63	143	97	111	50
6	47976673	T	C	37	0	38	16	22	7	51	30	39	4
6	53517059	C	G	112	37	191	323	146	100	138	164	166	129
6	56507465	A	T	147	29	239	299	100	76	145	167	230	93
6	64472416	G	A	157	6	319	91	224	32	441	94	548	43
6	71246072	C	T	182	38	349	298	235	98	268	299	574	26
6	74497175	G	T	50	11	75	62	49	16	63	60	113	5
6	86350258	T	C	134	33	99	155	53	31	59	90	218	8
6	108492697	G	A	219	17	189	173	408	263	272	347	195	7
6	109980585	G	C	94	10	158	151	99	61	106	147	232	7
6	123377145	G	T	61	6	92	26	56	11	109	31	58	35
6	123759231	G	A	160	11	292	83	186	47	337	97	287	51
6	127608288	G	A	103	6	56	70	40	23	51	67	128	8
6	129468129	C	T	149	4	202	71	145	32	193	81	241	0
6	132859482	G	C	52	0	47	40	74	29	46	60	70	4
6	135299900	T	C	130	13	406	134	305	73	355	145	286	164
6	137519717	G	A	94	9	49	72	43	16	42	45	101	0
6	138575047	G	A	69	5	35	28	55	50	63	59	51	0
6	146720552	A	C	154	12	174	61	178	32	174	63	134	63
6	152534802	G	C	161	0	519	169	306	62	463	177	404	173
6	152552693	T	C	85	4	95	32	74	16	76	38	109	51
6	155450878	G	T	24	0	27	7	20	0	16	11	17	8
6	158014099	G	A	143	12	195	46	291	73	266	120	120	77
6	161010668	G	C	180	8	369	136	366	78	373	126	232	110
6	161160104	C	T	142	0	225	47	168	12	197	59	97	57
6	165809828	G	T	176	10	176	153	174	73	154	205	296	11
6	165843778	G	C	130	12	363	100	189	27	437	112	380	7
6	166579291	A	C	111	9	130	35	178	46	223	86	70	52
6	169634923	C	A	118	0	79	0	196	0	193	0	89	11
6	170592957	C	T	42	0	21	4	57	11	37	11	19	0
7	2958134	C	T	103	6	83	41	251	64	128	73	97	19
7	7635988	C	T	191	17	487	140	316	59	292	100	457	85
7	11514096	T	A	83	9	50	25	46	10	41	11	55	11
7	11632984	G	A	128	5	154	142	160	89	95	169	169	70
7	18066635	G	T	65	0	89	16	60	14	77	36	74	14
7	18801892	T	A	100	0	113	29	100	28	57	31	118	23
7	21698595	C	T	126	0	111	72	87	23	92	40	136	24
7	27195976	C	G	198	34	121	132	218	169	128	191	150	60
7	29111916	C	A	142	10	123	137	84	45	132	149	187	76
7	29548916	G	A	92	4	92	35	94	13	110	48	85	16
7	44924591	G	C	34	0	26	6	16	6	12	9	28	6
7	48375122	A	T	133	0	224	72	184	40	202	83	195	33
7	55229208	C	T	96	7	66	18	201	51	147	71	77	15
7	56183846	G	T	49	10	17	13	52	30	34	46	24	0
7	66098270	G	T	223	7	297	42	258	32	281	45	337	23
7	76888353	A	T	156	10	521	103	213	25	499	89	551	73
7	81588668	C	A	190	6	789	120	324	36	600	119	568	67
7	82544439	C	A	23	4	7	32	16	16	9	33	32	16
7	84671586	G	T	225	10	703	92	369	57	472	120	543	57
7	88966073	C	T	118	4	244	21	166	20	367	61	182	21
7	90377051	G	T	173	19	173	320	100	127	131	417	295	272
7	98992091	G	C	366	20	450	80	357	50	403	70	314	48
7	99171007	C	G	48	4	24	62	22	15	27	77	66	46
7	100414898	T	C	153	10	145	33	260	40	179	37	108	12
7	100634833	C	T	104	21	140	4	303	6	281	10	95	0
7	100634862	A	C	89	6	182	4	393	0	328	7	130	0
7	100638792	A	C	119	0	170	29	369	21	447	30	139	5
7	100681046	C	G	115	6	183	17	264	27	243	36	143	14
7	100732062	G	C	35	11	9	16	21	33	14	43	8	11
7	101845057	C	T	84	0	80	0	204	0	128	21	63	0
7	102417770	G	A	41	4	110	43	47	26	147	99	146	55
7	104747070	C	T	219	12	604	105	257	38	517	79	451	46
7	121738588	T	C	149	6	337	84	182	20	357	95	411	78
7	126079190	T	A	167	7	362	84	242	44	538	113	474	65
7	128487850	A	C	173	12	183	43	408	68	305	67	141	28
7	128637488	C	A	221	7	470	156	367	60	373	98	391	48
7	138310762	C	A	146	5	202	47	163	36	210	62	208	35
7	139661721	C	T	136	0	184	42	177	19	241	53	171	24
7	140449156	T	A	118	8	373	74	119	22	259	85	430	69
7	141424945	C	T	59	6	68	23	71	20	65	21	70	9
7	141736699	C	A	160	0	162	50	154	31	271	74	201	0
7	141739968	G	T	197	20	227	281	193	131	158	371	237	179
7	143042639	G	A	80	0	85	28	109	22	106	20	88	17
7	143056481	G	T	160	0	168	50	189	0	201	0	174	0
7	144095510	T	C	184	36	116	93	160	109	118	205	136	50
7	148711999	G	A	142	22	63	114	62	71	72	165	80	68
7	149480000	C	T	121	9	160	28	334	75	217	58	133	0
7	151092949	G	T	137	8	176	31	407	67	238	47	119	16
7	154863137	G	A	114	0	126	0	248	4	211	58	102	0
7	157202689	G	T	9	2	6	5	16	17	8	15	7	0
7	158664077	A	T	123	18	143	22	225	31	217	47	122	18
8	2057254	G	T	106	9	53	58	107	47	24	82	112	49
8	2092845	C	T	113	4	45	18	108	42	42	47	89	12
8	2944747	C	A	54	0	29	24	41	5	17	35	36	14
8	3226820	T	G	110	4	64	66	68	29	36	74	176	0
8	21976771	C	T	92	0	25	4	99	0	77	0	58	0
8	21981180	G	T	39	4	15	17	73	30	13	30	35	7
8	33451073	G	T	89	19	24	57	88	59	24	85	56	36
8	41519441	G	A	93	0	76	0	107	0	77	0	52	10
8	48830890	C	A	192	10	521	173	299	61	387	144	513	90
8	70591708	C	G	139	7	245	98	140	45	257	151	315	83
8	70591772	C	A	82	0	73	11	57	10	90	27	71	19
8	71126249	C	A	252	18	549	215	254	85	488	210	894	211
8	77761870	C	A	82	0	170	0	158	0	160	33	147	0
8	87060813	G	C	173	9	388	52	254	37	400	71	354	30
8	87241899	T	C	107	0	288	53	106	12	326	81	249	26
8	88885175	C	A	153	6	247	177	344	50	437	79	372	82
8	94768057	G	T	186	14	439	191	246	60	282	103	439	125
8	95884192	A	T	155	9	313	85	146	20	396	92	378	52
8	99006764	G	C	164	10	358	70	212	37	345	70	222	37
8	100587970	C	T	142	11	648	105	284	33	456	91	541	73
8	107773440	C	T	111	0	193	38	149	13	177	53	238	27
8	107773659	T	A	98	0	225	30	106	15	172	49	199	32
8	110471877	G	T	114	0	257	42	122	16	227	38	208	29
8	110520005	C	T	89	0	189	0	68	0	177	38	140	0
8	113988292	G	C	121	10	196	84	127	68	167	90	147	46
8	120430357	C	T	148	13	232	132	236	91	241	134	187	71
8	121353599	G	C	139	8	396	160	386	141	385	206	376	71
8	124453628	A	T	196	4	504	90	291	42	362	64	362	67
8	131370320	C	A	533	62	700	317	716	202	445	253	758	174
8	132051713	G	A	75	0	163	29	225	42	247	57	105	13
8	133053897	G	T	101	6	128	54	125	27	120	52	105	24
8	133913694	C	T	114	18	67	61	127	100	128	124	72	23
8	142228940	C	T	82	4	40	25	136	49	75	53	44	11
8	143998578	C	A	80	17	66	23	157	43	180	65	54	9
8	145557018	G	A	92	0	104	0	164	0	141	0	32	9
9	711542	A	G	50	5	12	33	50	53	17	72	25	25
9	32630702	A	G	61	16	18	77	19	24	10	71	69	63
9	35101492	G	C	289	38	80	190	171	141	45	138	158	141
9	37424937	C	T	77	0	50	0	120	0	53	7	56	0
9	79323874	G	T	121	23	66	147	145	164	52	176	174	82
9	80336391	G	A	115	11	224	82	194	38	147	53	198	30
9	80537208	C	A	195	0	326	0	163	0	231	0	252	48
9	90537905	C	T	4	0	1	7	3	7	2	16	2	3
9	90588857	C	G	197	0	237	0	216	0	213	0	210	34
9	90744887	G	A	98	4	148	106	151	74	248	212	204	45
9	95033289	G	A	161	4	470	0	399	0	405	0	369	64
9	97082543	C	G	104	11	39	148	127	165	43	270	76	48
9	100133907	A	G	143	0	171	0	170	0	239	0	162	48
9	100693484	G	C	105	0	140	0	92	0	142	0	99	18
9	104162188	T	C	341	0	822	274	310	0	375	0	765	0
9	115946624	G	A	165	36	107	224	48	56	19	148	243	95
9	117050785	A	T	96	0	149	0	101	0	78	34	111	0
9	124086911	A	C	112	0	86	0	88	0	108	0	63	8
9	125281486	C	A	69	19	14	49	70	89	27	116	70	20
9	127215747	T	C	8	5	6	10	8	21	2	13	11	8
9	130536739	G	C	222	10	60	85	71	64	33	93	176	33
9	135447872	G	A	98	20	29	60	126	130	24	185	89	30
9	137776588	G	A	110	6	59	59	186	89	115	139	102	0
9	138453690	G	A	68	36	11	69	64	82	18	90	45	61
10	1405850	C	A	34	0	11	4	52	21	21	13	10	9
10	5014896	C	T	132	15	184	72	408	102	279	158	235	37
10	6539015	G	C	178	5	222	77	130	28	128	70	380	96
10	15296783	C	A	142	0	121	50	188	33	140	83	166	55
10	15325877	C	T	139	5	63	59	162	43	100	71	143	27
10	15686152	T	A	99	5	100	41	82	19	82	35	101	60
10	18250629	G	T	110	8	106	62	75	12	86	62	267	63
10	23481662	T	A	42	0	6	12	52	15	16	0	24	9
10	27702526	G	T	38	4	14	8	40	19	52	24	29	26
10	43606750	G	C	133	8	68	47	129	50	82	49	70	17
10	44111886	G	T	150	18	133	69	124	20	106	62	178	55
10	46272813	G	T	23	17	117	0	114	0	165	0	123	0
10	47758855	C	T	28	10	220	0	84	0	127	0	134	0
10	48416635	A	T	11	0	2	2	14	9	8	5	2	0
10	49986669	G	C	100	0	42	11	76	15	56	42	52	15
10	50081560	G	T	97	0	75	0	107	0	56	40	88	0
10	50872937	A	C	52	0	31	16	49	8	57	27	46	16
10	56424012	T	A	131	0	182	0	154	0	159	54	243	0
10	61112191	C	A	129	0	136	53	243	53	209	70	129	11
10	64136657	C	G	73	0	55	29	40	18	68	27	72	19
10	70992818	G	T	239	34	695	194	191	50	320	94	454	118
10	70992887	G	C	123	17	291	73	105	37	158	42	228	45
10	73767989	G	C	77	8	34	36	74	36	38	46	29	6
10	75673864	G	A	252	67	233	217	144	67	95	124	276	183
10	78944594	T	C	183	11	351	107	251	75	285	109	315	69
10	79556310	C	A	104	4	88	32	158	33	136	54	62	15
10	84118577	C	A	155	7	166	53	206	33	226	65	179	29
10	98155056	A	T	124	9	111	91	151	62	72	72	150	63
10	101912068	C	A	125	8	134	43	72	15	88	34	100	28
10	102750653	G	T	158	20	124	114	132	75	98	111	155	87
10	105906053	C	A	137	16	111	116	98	42	84	114	144	67
10	108389048	G	T	98	8	114	39	181	35	125	49	147	23
10	111967817	A	T	62	5	115	113	52	41	43	58	140	45
10	112063239	T	C	192	0	256	85	123	0	169	0	354	0
10	119133997	C	A	146	29	107	152	96	56	55	93	107	63
10	128193239	G	T	13	0	14	7	25	7	26	10	27	5
10	129906621	T	A	176	15	152	193	178	91	199	213	188	115
11	1266651	G	C	96	6	39	15	254	40	194	47	71	0
11	1270422	G	C	185	8	102	18	419	51	294	53	91	11
11	1955208	G	A	111	9	37	46	122	50	102	65	59	13
11	3381501	C	T	95	16	40	39	47	14	51	53	75	45
11	4903219	C	G	79	6	100	39	85	46	142	118	101	32
11	4928847	G	T	64	5	47	51	60	19	76	68	57	30
11	5364688	G	C	69	9	103	39	56	35	107	77	94	53
11	5537254	C	A	167	10	439	170	609	111	541	157	351	72
11	7981915	G	T	16	0	10	10	29	15	39	24	15	5
11	11394081	T	A	95	0	87	26	140	18	166	44	96	10
11	12020310	G	T	340	0	1144	0	351	0	580	0	1004	207
11	12399303	C	G	138	28	154	40	70	30	73	57	102	65
11	17531998	T	C	124	9	104	97	136	94	131	85	151	34
11	18159154	C	A	41	0	33	35	63	43	92	70	35	19
11	20113774	C	T	96	0	118	36	109	39	84	67	73	53
11	22248877	C	T	79	9	88	83	63	26	130	76	147	32
11	22747980	G	A	94	14	290	225	228	86	357	268	423	150
11	26556061	T	C	117	6	129	157	98	37	172	141	244	84
11	27390662	C	T	33	5	61	12	41	9	76	39	64	25
11	30925123	A	T	106	13	153	61	78	42	125	105	199	35
11	35457638	C	T	173	18	221	92	276	117	236	236	196	66
11	45671777	C	T	31	7	34	9	51	37	26	22	12	4
11	47296362	G	T	46	0	49	14	44	12	71	28	40	9
11	51515658	A	G	103	0	159	32	146	0	245	0	166	0
11	55703124	C	A	133	12	202	134	222	82	173	130	222	76
11	55761676	T	C	50	0	59	13	39	5	70	15	53	14
11	55927236	A	T	92	10	81	59	47	9	86	70	97	31
11	56043315	T	A	39	4	87	41	36	20	72	56	78	26
11	56057976	C	T	44	0	41	24	46	12	38	31	41	16
11	56258384	C	A	72	0	62	43	81	33	85	78	85	18
11	57296226	C	T	205	22	227	153	158	91	141	104	175	72
11	57970831	G	A	100	6	161	41	171	17	218	29	155	12
11	58126290	T	A	74	7	103	87	91	37	151	83	154	40
11	58391634	G	T	123	29	203	150	232	61	166	153	170	87
11	58602052	A	T	68	12	174	0	88	0	166	0	189	0
11	59811098	G	A	53	6	155	0	72	0	181	0	185	0
11	62389398	C	A	516	62	670	476	349	155	284	207	562	259
11	64022277	C	T	181	11	176	39	218	40	170	60	129	21
11	64571952	C	G	229	19	130	99	198	88	154	93	114	50
11	73471660	G	A	351	73	473	316	199	105	169	145	365	142
11	74203366	G	C	126	18	135	81	116	50	94	57	115	53
11	74800181	G	A	94	8	91	63	161	52	122	107	62	49
11	92577819	C	T	163	8	307	72	439	69	364	91	210	26
11	102395753	A	T	175	35	161	102	145	86	139	120	130	70
11	102464284	G	T	129	34	232	178	99	43	100	88	234	132
11	102643737	C	G	40	0	50	25	32	13	78	42	80	15
11	107375461	T	A	95	15	87	70	115	69	97	79	116	41
11	119180608	A	T	184	15	145	98	193	107	245	218	168	68
11	123810912	C	A	160	11	437	102	445	71	579	129	368	69
11	123894563	C	A	144	0	315	91	314	40	328	80	334	0
11	124294289	C	A	72	0	83	0	119	0	101	18	106	0
11	133805605	G	A	94	19	72	42	144	55	103	60	75	25
12	863115	C	T	125	10	107	26	65	12	35	13	120	6
12	4700406	G	A	130	5	152	50	184	37	174	59	168	41
12	6494476	T	C	297	0	266	81	340	61	136	51	307	0
12	9754191	G	A	84	6	196	56	238	55	226	67	212	35
12	10586433	G	A	203	19	964	360	280	66	509	192	981	250
12	11244143	T	A	62	0	87	10	26	0	67	13	101	7
12	19592683	T	A	36	0	11	16	13	6	7	9	22	8
12	20523043	G	C	27	5	28	11	54	11	37	15	48	0
12	20876085	A	C	124	10	265	213	180	109	212	247	341	174
12	22354882	C	A	49	0	23	12	24	0	25	21	56	4
12	27128485	C	A	174	6	355	128	224	47	234	87	393	72
12	27235145	G	T	80	0	118	0	77	0	67	32	120	0
12	44166116	A	G	97	15	79	89	56	27	63	49	114	52
12	49949668	C	A	24	0	10	4	40	8	24	9	16	4
12	51585462	G	A	113	10	103	39	171	27	176	68	121	22
12	52757870	C	T	82	8	34	42	87	50	64	95	31	27
12	54422692	G	A	160	6	203	63	156	50	134	60	211	28
12	55356821	G	A	109	5	124	25	139	23	80	31	123	18
12	56713441	G	A	201	28	123	126	87	66	74	140	122	99
12	57058569	C	G	157	21	193	225	87	69	132	204	358	202
12	57442017	G	A	140	16	106	31	79	28	72	41	128	18
12	57595682	G	C	108	11	60	22	127	25	103	38	54	6
12	57910646	T	G	176	14	219	77	170	44	132	67	184	40
12	62940786	G	A	101	6	203	77	175	37	142	65	223	28
12	66539695	C	T	305	15	325	74	94	14	197	82	547	72
12	69326600	G	A	162	6	234	54	113	23	106	45	251	28
12	72068020	C	T	117	5	387	0	199	0	254	0	398	6
12	80730309	C	T	97	8	77	69	58	34	85	113	151	50
12	91347996	A	G	80	7	46	15	104	13	78	37	49	4
12	94658982	T	G	228	162	410	204	165	17	162	17	548	21
12	101514378	G	A	125	6	230	77	174	34	240	71	191	40
12	102125421	C	G	109	6	141	59	94	15	158	57	239	41
12	102542034	C	T	17	0	20	12	14	0	36	12	42	13
12	104111565	G	T	148	0	247	58	244	0	294	0	270	0
12	104460047	G	C	204	17	273	301	133	76	174	242	372	185
12	108634197	G	A	109	6	134	44	286	68	174	86	90	34
12	112701965	T	A	104	0	208	0	105	0	131	58	165	0
12	113812293	C	A	54	4	22	11	74	24	65	29	31	10
12	113830873	A	T	121	10	78	70	166	94	86	116	71	35
12	113830914	G	T	120	14	94	40	206	45	131	63	83	12
12	115109846	C	A	67	0	21	0	79	0	38	22	38	0
12	117768670	C	T	42	4	48	0	67	0	77	0	37	0
12	120806020	G	T	60	4	34	8	70	19	64	19	22	5
12	121004699	G	C	172	13	129	35	120	34	139	71	142	29
12	121622282	G	A	103	9	90	34	136	27	126	31	87	10
12	123105134	G	A	124	9	177	67	130	50	147	68	165	32
12	124371794	C	T	108	0	81	100	147	40	93	147	112	30
12	124827700	G	A	176	0	159	0	383	0	263	0	158	29
12	133778768	C	A	143	22	42	73	34	24	21	39	86	49
13	23908537	C	G	30	0	39	16	21	0	26	12	33	12
13	29598838	G	C	56	7	70	22	66	18	66	26	79	16
13	33110404	G	C	109	15	86	82	41	24	55	73	138	56
13	35731391	C	G	66	5	151	105	54	38	71	86	191	46
13	46919711	C	A	110	0	98	16	115	32	104	40	129	21
13	61986693	C	T	44	0	47	0	28	0	47	15	82	0
13	88328770	C	A	33	0	15	6	48	7	66	17	29	9
13	95114381	C	T	106	9	118	119	96	65	103	127	159	52
13	99098960	C	A	214	13	209	63	310	56	269	109	186	31
14	20444643	G	T	85	11	86	61	33	31	69	61	101	52
14	20502103	G	A	46	4	29	32	19	20	35	49	33	19
14	20711129	G	A	66	7	63	75	67	44	92	82	71	40
14	21500122	C	A	165	9	189	58	245	53	212	73	168	28
14	23390156	G	C	357	40	262	276	175	109	121	141	289	237
14	23519066	C	T	83	0	48	13	75	14	68	22	42	0
14	26917715	T	C	80	5	107	36	52	8	106	36	80	0
14	36302297	G	A	124	9	420	0	194	0	373	0	316	0
14	37050647	C	G	28	0	11	12	17	9	10	23	1	9
14	38061509	C	G	162	36	60	149	108	102	57	89	29	48
14	39601176	T	A	118	4	219	63	140	35	208	71	261	0
14	45475443	C	G	60	6	62	44	31	8	38	50	108	35
14	45705142	A	T	116	18	118	117	74	30	105	126	173	92
14	45705143	C	T	114	17	117	115	72	30	107	123	170	87
14	47120869	C	A	161	0	216	58	314	63	252	77	198	0
14	50789383	C	A	178	28	177	194	167	96	143	170	124	92
14	55903520	C	G	154	22	333	391	393	208	236	346	279	206
14	56130749	A	G	116	5	252	75	160	31	208	64	250	0
14	58599888	G	C	80	5	100	41	98	20	117	43	137	0
14	59113371	G	T	13	0	1	7	19	8	7	7	4	0
14	59970663	G	C	136	12	290	114	180	54	274	99	352	4
14	69866178	C	G	423	23	823	269	266	71	340	160	744	8
14	70633865	C	G	122	16	78	66	101	47	57	93	67	61
14	73958340	G	C	18	0	12	9	13	0	11	13	28	0
14	74194213	T	G	137	14	162	0	153	7	171	4	128	0
14	74824784	G	C	35	0	13	21	45	20	50	58	27	10
14	75388221	G	T	69	0	35	7	103	21	73	37	39	0
14	75520317	C	T	185	10	259	76	246	62	179	71	292	0
14	80164038	C	A	99	0	128	32	97	23	99	49	104	17
14	88477749	C	T	82	6	72	7	31	4	38	14	113	0
14	88737089	A	T	99	30	86	91	108	80	96	116	83	61
14	90651225	G	A	31	9	12	12	50	20	32	41	16	8
14	92343986	G	A	135	18	90	117	160	113	103	115	101	83
14	94044207	C	A	90	6	154	45	136	20	171	68	133	0
14	94718090	G	A	86	10	145	87	108	37	160	172	171	120
14	94722940	G	T	82	0	138	46	64	11	186	52	206	0
14	94780693	G	T	83	6	54	55	84	50	49	101	42	33
14	94962785	T	C	120	5	229	58	195	45	219	88	169	46
14	97010579	G	T	103	19	139	151	90	61	143	151	172	126
14	101012849	C	T	65	6	53	23	62	14	69	26	61	15
14	102028217	G	T	105	6	39	35	122	119	69	80	31	21
14	102481446	G	C	130	16	65	83	91	51	86	96	77	38
15	23811332	C	T	36	10	10	45	30	27	7	17	16	21
15	27182471	C	A	37	5	29	0	71	0	59	0	43	0
15	28116366	G	T	133	0	92	36	231	54	112	107	94	21
15	28116367	A	G	134	0	87	32	229	54	112	104	91	20
15	40030294	C	T	119	7	69	249	156	95	78	337	211	166
15	40226436	G	A	139	23	52	108	62	58	16	81	123	94
15	43766924	C	A	152	26	58	162	85	62	32	159	153	79
15	45389441	G	A	84	0	67	0	146	0	149	0	69	9
15	53957931	T	C	64	7	33	94	34	28	16	81	94	59
15	63961796	C	T	165	13	86	187	105	97	39	169	273	114
15	65350836	C	T	48	15	8	43	67	53	19	82	40	22
15	67073858	C	T	27	5	6	8	28	14	7	12	4	3
15	73995414	G	T	120	16	29	71	105	67	24	110	73	37
15	76632623	G	T	34	7	9	19	43	46	8	30	22	8
15	79341889	G	T	125	11	126	62	196	45	137	107	132	39
15	81585253	A	G	189	6	92	56	77	61	20	96	209	44
15	86807562	C	A	74	0	60	26	89	0	94	0	75	0
15	102346356	T	C	85	11	24	51	29	16	16	78	62	40
16	343490	C	T	56	5	22	18	60	48	29	47	42	14
16	425257	C	A	139	4	67	26	139	27	110	41	66	14
16	2027364	A	G	199	0	165	59	293	0	248	0	181	0
16	2290078	C	T	268	19	351	128	703	158	406	153	267	64
16	13329068	C	A	117	17	68	64	168	84	112	168	115	28
16	13329069	C	A	118	18	66	64	173	84	111	164	118	29
16	13329183	G	A	55	0	41	8	82	13	83	35	58	12
16	18544416	G	A	92	11	174	93	104	39	142	120	166	63
16	18549937	G	A	68	4	219	65	188	39	273	84	227	35
16	18861758	C	G	121	15	151	96	69	32	100	85	189	50
16	21213043	G	A	113	5	136	66	102	42	129	100	144	85
16	22237167	C	T	172	29	144	126	147	56	150	113	149	40
16	23712424	C	A	88	6	174	39	162	28	156	43	155	18
16	25258554	T	A	103	10	83	43	108	22	112	51	110	24
16	27818821	C	T	166	6	228	62	295	38	316	115	193	39
16	28986581	G	C	86	8	72	10	101	23	52	23	77	15
16	29811281	G	C	233	25	139	115	145	88	98	133	137	103
16	30381215	G	C	15	0	0	6	8	4	10	10	10	4
16	30750740	C	G	129	10	114	42	118	17	111	27	90	38
16	31414856	C	A	75	9	118	31	146	18	105	46	86	12
16	47007463	C	T	208	26	63	166	116	101	26	79	123	85
16	54967463	C	T	10	1	2	12	5	9	2	15	3	0
16	56509445	A	T	217	4	465	15	193	6	432	5	458	240
16	69401062	G	A	63	0	60	0	39	0	64	0	40	10
16	70906049	C	T	243	6	380	209	431	100	354	283	383	103
16	70969903	G	A	307	30	955	283	1078	219	1210	455	757	158
16	85141536	G	A	255	24	92	185	149	143	71	507	286	109
17	2139904	C	T	140	5	93	48	97	23	43	25	141	34
17	4579098	C	G	163	6	76	49	113	29	52	38	106	32
17	4644269	G	A	198	0	95	9	140	0	124	0	143	0
17	4995523	C	T	125	14	51	22	26	4	50	23	53	34
17	6606419	G	T	135	0	116	55	221	0	196	0	128	0
17	7365310	T	C	208	9	134	42	163	46	106	74	132	17
17	7710892	G	C	79	8	70	36	101	31	56	37	78	19
17	8007445	G	C	187	24	285	258	164	58	113	80	184	132
17	8926509	C	T	71	0	21	14	109	0	49	0	44	0
17	10404615	C	A	99	6	91	42	183	25	201	101	111	14
17	10448772	C	A	107	6	145	65	234	45	145	107	143	38
17	11795210	C	A	153	4	85	48	146	41	82	27	110	11
17	16526634	G	A	67	7	21	34	24	9	30	28	37	13
17	18023255	G	A	75	9	48	31	109	37	73	55	46	5
17	18397666	C	A	95	4	81	25	189	33	196	68	95	6
17	20353392	A	G	10	0	15	0	18	6	5	10	2	0
17	25973598	A	C	176	4	271	0	353	4	409	6	304	0
17	27943117	G	T	157	8	77	43	77	18	42	26	87	25
17	36508578	C	T	40	0	27	10	76	25	26	13	24	8
17	36872858	G	T	42	0	12	6	22	7	17	10	13	6
17	37334296	G	C	285	46	286	167	345	99	232	135	302	81
17	38938552	C	T	67	0	42	0	53	0	109	0	33	4
17	39623175	G	A	97	5	89	38	108	36	94	78	86	26
17	41244517	C	T	102	14	100	67	53	23	67	56	199	29
17	41245042	C	T	47	8	36	18	20	6	43	20	59	17
17	41245075	C	T	82	11	97	40	57	11	90	46	114	30
17	41245399	C	T	79	6	104	42	55	23	68	61	184	51
17	42744918	G	C	103	6	96	51	51	6	91	58	127	42
17	43005683	G	C	41	4	23	12	56	28	38	26	29	6
17	46620511	G	C	294	5	182	29	188	47	74	58	292	19
17	48586008	G	T	77	0	50	14	39	11	52	20	55	13
17	49067228	C	T	99	4	64	50	81	22	85	47	145	23
17	57737942	C	T	93	6	80	50	50	10	46	28	138	21
17	58503654	C	G	109	7	72	24	106	29	83	56	130	19
17	60112884	C	A	164	19	202	105	141	32	166	96	315	90
17	71395412	G	T	123	10	96	54	229	72	136	116	131	34
17	71415423	G	C	155	10	145	117	348	122	218	148	192	55
17	72240158	A	G	121	0	66	21	200	55	96	67	85	13
17	76134126	C	A	322	0	304	0	255	0	135	92	237	0
17	77080717	A	T	142	9	80	55	224	51	99	59	119	16
17	78157733	T	A	22	0	4	7	11	0	7	13	4	3
17	79536071	C	T	248	24	315	246	152	36	193	117	320	113
18	347193	C	G	103	8	37	67	63	60	17	84	77	102
18	44109185	G	T	122	7	80	136	210	155	30	190	137	76
18	50866170	C	A	127	9	95	135	107	116	31	189	123	92
18	55338809	C	T	121	9	66	146	66	75	38	182	206	100
18	56149222	T	C	123	18	85	183	101	112	58	220	161	116
18	59170279	G	C	109	12	69	218	95	150	37	160	122	86
18	65180502	T	A	66	9	33	112	23	54	15	100	84	102
19	760010	C	G	183	51	43	207	129	151	25	115	102	93
19	1008178	C	A	155	23	29	94	102	75	32	106	60	38
19	2520629	C	G	199	35	34	139	151	119	27	195	88	81
19	2987917	C	T	67	0	38	0	88	13	75	0	33	0
19	3578002	G	T	124	16	27	48	107	97	23	57	41	18
19	3816680	G	T	95	0	40	0	92	0	47	0	37	5
19	3823387	G	A	79	7	45	18	79	22	47	32	48	5
19	4429735	G	A	216	16	108	128	145	103	66	231	213	56
19	6415715	T	C	48	9	29	10	45	0	28	15	11	7
19	7927895	C	A	77	6	9	46	64	86	10	60	38	15
19	8841393	G	T	44	0	12	30	17	10	6	34	17	10
19	8923819	T	A	240	47	89	262	174	153	91	317	194	169
19	9075381	G	T	52	7	9	34	21	19	5	49	23	19
19	11134238	C	T	186	33	38	128	154	120	34	167	85	102
19	11134239	C	T	185	30	39	128	155	121	35	169	88	101
19	11213412	G	A	285	0	234	109	460	41	204	149	296	0
19	12903331	C	G	162	0	93	0	51	0	17	13	114	0
19	13563751	G	T	62	4	13	69	55	29	11	77	39	30
19	18054068	A	C	80	4	63	0	82	0	55	7	59	20
19	19368756	C	A	26	4	2	11	22	19	7	25	6	13
19	35617922	C	A	85	12	47	36	75	42	54	45	39	13
19	35800878	G	C	195	19	144	77	364	161	192	119	134	26
19	36223175	C	A	79	9	40	30	76	37	45	39	46	4
19	36246690	G	T	105	7	60	36	140	62	69	45	50	32
19	36501523	G	T	379	35	469	306	800	332	409	363	377	95
19	37676170	G	C	158	28	397	165	405	174	293	194	297	34
19	37680943	C	A	139	13	135	126	195	73	193	129	94	60
19	38610179	G	A	154	0	193	43	322	48	304	99	118	32
19	38996565	G	T	233	24	266	125	479	166	342	273	267	24
19	39299495	G	A	264	21	354	123	554	89	461	131	231	44
19	40540620	A	C	95	8	73	50	33	24	66	54	61	30
19	40978621	C	T	113	0	105	0	207	0	150	0	57	14
19	44130980	G	A	69	5	36	24	117	14	72	24	59	6
19	44635839	G	A	129	14	215	117	126	44	152	117	186	31
19	45150575	C	T	135	0	116	0	174	0	119	32	73	0
19	48305914	T	A	151	7	119	94	303	117	223	156	93	24
19	48908108	C	A	77	13	35	33	52	23	55	26	32	12
19	49611301	C	A	32	0	17	0	55	0	25	9	14	0
19	49639155	C	T	139	6	118	28	147	26	136	28	72	21
19	50059589	G	A	266	32	205	118	376	160	286	178	172	45
19	50510977	C	A	178	17	237	130	428	168	282	192	171	24
19	50548740	A	G	52	16	37	26	40	23	29	14	33	7
19	51190067	A	T	146	23	106	100	360	153	261	176	100	26
19	52918481	G	T	137	19	179	101	107	43	123	122	164	40
19	52937247	C	G	164	13	258	123	274	76	303	194	153	79
19	53086022	A	T	121	13	121	91	100	26	149	73	106	71
19	54314425	A	G	111	11	94	54	147	90	140	106	62	23
19	54578257	G	A	100	8	66	32	83	47	72	74	84	22
19	54647802	G	T	246	20	200	145	248	92	171	122	113	66
19	54691117	G	A	260	6	380	0	445	0	306	75	305	0
19	54744889	T	C	775	16	699	54	866	61	997	117	595	31
19	54848794	G	T	64	6	21	9	50	11	73	37	43	0
19	55263846	G	C	48	4	65	85	75	66	48	105	79	16
19	59025580	G	C	95	24	128	96	126	70	56	57	59	40
20	2686364	C	T	155	17	186	114	352	168	185	203	144	54
20	2796215	C	A	101	38	98	81	73	55	55	63	63	58
20	2845283	A	C	114	5	95	13	99	49	109	41	63	18
20	3673562	G	T	40	4	19	8	44	15	21	22	14	6
20	4680056	G	T	57	6	25	22	95	31	61	54	57	15
20	8717777	A	T	128	7	285	111	136	42	263	78	322	65
20	10628752	T	A	148	0	84	36	96	23	105	59	108	25
20	11900431	A	G	182	11	346	113	164	45	198	68	277	53
20	13145505	C	T	67	5	217	0	136	0	169	0	178	0
20	21687619	C	T	14	0	4	5	10	5	5	12	1	2
20	23666572	C	A	160	0	290	0	336	5	346	139	287	0
20	23860272	G	T	58	0	45	0	101	0	74	32	48	0
20	30556280	C	T	109	8	75	30	148	41	130	64	82	11
20	34057761	G	C	222	18	174	180	168	102	165	207	257	97
20	34057803	G	C	188	20	137	114	134	56	114	150	186	89
20	36766726	C	T	111	4	130	57	159	40	125	47	222	0
20	42743437	C	A	78	0	73	26	89	13	105	41	72	25
20	43247004	G	C	168	13	183	53	263	53	181	76	160	36
20	45130487	G	C	70	8	35	31	19	15	30	56	52	26
20	51871727	C	A	31	0	17	11	21	16	32	37	21	11
20	52198150	C	G	226	40	175	162	193	170	92	117	246	104
20	55909888	C	T	91	9	106	107	78	51	114	149	156	101
20	57829009	C	A	39	0	32	4	43	6	38	23	28	8
20	61528344	C	T	15	0	6	0	24	0	11	11	5	0
20	62197429	C	T	52	5	23	0	103	0	50	0	38	0
20	62365077	C	T	124	11	78	29	138	38	103	37	68	13
21	33651131	C	G	45	0	23	8	53	7	30	16	19	8
21	34399406	C	A	82	7	44	15	103	42	45	49	50	10
21	36042565	C	A	20	0	6	3	17	4	9	7	8	2
21	39755380	G	T	149	5	111	58	136	34	131	73	171	12
21	40194724	C	T	277	15	326	183	420	91	170	129	372	86
21	44837469	T	C	16	0	1	2	15	4	7	8	4	3
22	17590492	G	T	91	7	17	18	52	39	15	44	30	10
22	24579098	C	T	201	4	130	39	296	63	186	54	125	5
22	38130999	G	A	149	14	19	43	91	50	15	69	64	24
22	44495974	G	A	165	4	107	35	167	52	99	74	118	19
22	50355456	G	T	117	15	29	61	36	27	9	23	55	43
22	50956637	C	T	181	27	27	84	116	93	23	108	72	53
X	7894077	A	C	69	19	42	158	62	46	7	53	106	67
X	20284706	C	A	67	14	24	37	18	18	4	22	43	26
X	29414441	C	A	65	7	33	58	45	25	17	60	77	41
X	35989865	G	A	27	5	11	21	14	0	5	13	18	6
X	49957774	T	A	37	6	76	0	45	0	77	0	86	0
X	49957775	C	T	37	6	77	0	43	0	75	0	86	0
X	53106761	C	T	34	5	53	0	99	0	115	0	69	0
X	55033123	A	T	104	27	31	122	58	111	18	186	102	65
X	63411131	C	T	99	12	153	0	168	0	181	0	99	0
X	64749585	G	C	82	35	34	145	45	95	17	169	63	105
X	68060429	G	A	74	0	66	0	73	0	74	0	48	7
X	70360591	C	A	70	0	68	0	101	0	69	47	66	0
X	75395389	G	C	136	55	83	448	85	121	28	273	212	228
X	84559355	C	A	93	19	32	158	31	47	17	205	44	92
X	105450799	C	T	57	12	85	0	42	0	102	0	86	0
X	110491886	G	C	44	12	14	96	26	65	14	73	43	34
X	119681095	C	A	50	46	44	174	37	46	8	136	54	123
X	128694556	G	T	90	12	213	0	105	0	161	0	187	0
X	129803975	C	G	92	0	181	72	118	0	238	0	209	0
X	130416702	G	T	25	0	18	10	19	7	21	15	23	5
X	152830497	C	G	50	21	8	36	39	37	10	74	16	17
X	153224181	C	A	53	22	8	34	23	68	5	68	15	23
