Chr	Posi	Wild	Mut	PrimT:ref	PrimT:alt	Met1T:ref	Met1T:alt	Met2T:ref	Met2T:alt	Met3T:ref	Met3T:alt
1	152084018	C	T	44	11	87	4	53	35	74	42
1	152324182	G	C	204	35	265	19	210	23	265	24
1	152327063	A	G	146	21	106	12	133	13	140	11
1	201180243	A	G	171	13	120	15	163	24	139	32
1	201180717	C	T	401	58	300	32	347	70	348	49
1	201180767	A	G	364	39	327	30	342	46	357	30
1	215814067	T	C	94	0	69	33	77	0	78	0
2	21235202	C	T	219	53	135	53	146	76	154	86
2	219324626	A	C	111	0	75	38	103	0	106	0
3	49163546	C	A	133	24	207	0	96	40	113	57
3	87027679	G	A	148	0	132	37	171	0	159	0
3	186501400	A	G	573	139	345	117	513	134	343	131
3	195507796	G	C	308	47	333	25	280	35	364	23
3	195512165	A	G	431	79	406	87	416	98	439	100
3	195513031	A	G	687	154	993	193	864	183	1079	163
3	195513319	G	A	290	53	403	83	330	62	336	84
5	21802491	T	G	145	0	106	42	193	0	150	0
5	23527724	A	G	144	17	113	20	188	16	219	27
5	24491833	C	G	172	26	128	30	163	51	175	37
5	36035970	C	T	104	54	108	44	107	61	104	105
6	53769234	A	C	309	0	173	79	240	0	215	0
6	71603915	C	T	209	54	351	0	218	93	205	109
6	111688985	A	G	177	50	127	0	122	55	146	64
7	100647838	T	C	255	99	277	26	291	70	301	18
7	100682922	G	C	206	40	185	15	185	27	187	19
7	100683565	G	C	148	37	101	19	167	22	172	30
8	141285784	C	T	419	90	229	0	449	103	356	151
8	144995427	A	G	152	64	204	93	156	83	195	119
9	429808	G	A	230	39	180	52	179	58	201	55
9	113259135	G	T	193	62	145	74	149	80	178	88
9	114462242	C	T	346	83	190	0	224	97	179	98
9	129642355	G	T	124	21	112	0	76	45	93	72
9	129642356	A	G	131	21	114	0	74	44	94	72
10	119014834	G	A	213	47	234	0	223	79	208	74
11	1017240	G	A	512	85	332	55	413	73	283	73
11	3380633	G	T	330	53	280	37	299	43	293	34
11	107506466	C	T	265	29	311	0	329	90	347	77
11	123900411	G	A	333	79	475	100	385	81	451	62
11	124857562	A	G	336	44	276	39	326	45	235	39
11	128642820	C	T	100	0	108	28	109	0	98	0
12	46230439	G	A	224	53	126	50	172	100	168	80
13	30077183	A	G	126	33	101	0	100	43	83	46
13	47409492	A	C	49	0	70	0	36	16	46	29
14	92084054	G	C	245	50	179	27	240	52	238	42
14	105417243	T	C	55	76	86	106	70	116	79	85
16	24373095	G	A	123	0	153	53	141	0	158	0
16	67424181	C	T	198	52	323	0	225	75	219	92
16	90126912	G	T	164	27	166	15	165	34	164	29
17	5085647	A	G	159	22	82	5	135	16	113	0
17	16285542	G	A	211	33	220	27	254	32	272	26
17	16285560	T	C	217	47	226	43	249	43	248	43
17	74068439	G	A	213	0	245	122	207	0	226	0
18	14543062	A	G	83	25	138	26	102	31	103	33
19	11979192	A	C	157	0	126	60	149	0	143	0
19	12060105	G	A	137	15	99	11	118	23	110	14
19	23542763	G	A	196	36	161	25	224	34	243	32
19	40580636	G	T	364	26	230	31	311	26	285	23
19	45451737	T	C	179	18	217	0	165	73	212	117
19	46522497	C	T	475	118	580	226	415	207	545	262
21	14987721	A	G	348	37	283	38	391	50	307	48
21	15872852	G	A	167	46	74	39	110	57	111	59
22	38206096	G	C	123	32	139	0	132	67	116	62
X	84561225	G	A	73	59	43	0	42	79	32	57
