Chr	Posi	Wild	Mut	Met1T:ref	Met1T:alt	Met2T:ref	Met2T:alt	Met3T:ref	Met3T:alt	Met4T:ref	Met4T:alt	PrimT:ref	PrimT:alt
9	6980929.0	C	A	167	2	62	1	183	0	86	0	107	2
9	6980929.1	C	T	167	38	62	57	183	81	86	38	107	61
21	45223644.0	C	T	84	19	232	101	142	69	175	72	191	73
21	45223644.1	C	A	84	0	232	2	142	0	175	1	191	4
21	45223644.2	C	G	84	0	232	0	142	1	175	0	191	0
1	201180270.0	G	A	292	1	169	0	488	1	219	2	293	1
1	201180270.1	G	C	292	24	169	12	488	62	219	26	293	32
1	201180270.2	G	T	292	0	169	2	488	0	219	1	293	0
1	74670690.0	C	T	103	0	65	13	124	0	77	0	87	0
1	74670690.1	C	G	103	0	65	2	124	0	77	0	87	0
15	49620830.0	A	T	246	26	85	25	312	49	145	0	186	52
15	49620830.1	A	C	246	0	85	2	312	0	145	0	186	1
15	49620830.2	A	G	246	0	85	0	312	3	145	0	186	0
8	14412293.0	A	C	298	0	66	21	265	0	248	0	305	0
4	88537270.0	C	T	58	3	88	10	128	19	176	19	120	11
5	125960303.0	A	T	82	40	39	12	67	7	72	14	109	22
5	125960303.1	A	G	82	0	39	0	67	1	72	0	109	0
4	113533708.0	G	C	320	116	59	61	183	69	155	67	175	131
4	113533708.1	G	T	320	0	59	1	183	1	155	0	175	0
2	113977707.0	T	G	140	42	91	24	282	59	78	8	157	23
2	113977707.1	T	C	140	2	91	1	282	0	78	0	157	0
3	52265465.0	C	A	163	26	281	72	304	53	255	42	304	59
3	52265465.1	C	T	163	0	281	1	304	0	255	1	304	1
3	52265465.2	C	G	163	0	281	0	304	1	255	0	304	0
1	108313336.0	A	G	248	56	55	20	62	50	120	36	134	92
1	108313336.1	A	C	248	0	55	0	62	1	120	0	134	0
11	134095163.0	G	A	153	26	181	102	235	46	180	30	215	60
11	134095163.1	G	T	153	0	181	0	235	1	180	0	215	0
22	38051463.0	A	C	17	1	96	4	23	2	41	5	27	2
19	52003582.0	C	T	14	16	24	8	30	14	32	4	24	10
22	45938087.0	C	T	200	0	405	0	251	29	336	2	294	0
18	19997269.0	G	A	208	0	98	1	215	29	183	0	206	31
18	19997269.1	G	T	208	0	98	0	215	0	183	0	206	1
2	177036949.0	C	A	74	0	186	1	109	0	155	0	127	0
2	177036949.1	C	T	74	0	186	39	109	0	155	0	127	0
2	177036949.2	C	G	74	0	186	1	109	0	155	0	127	0
17	48696080.0	T	G	87	30	140	118	177	53	125	38	113	73
17	48696080.1	T	C	87	0	140	1	177	0	125	0	113	0
17	48696080.2	T	A	87	0	140	0	177	1	125	0	113	1
3	53212542.0	C	T	87	0	165	0	124	21	124	0	134	30
3	53212542.1	C	A	87	0	165	0	124	0	124	0	134	1
11	74875079.0	C	T	61	10	170	30	136	22	87	21	133	30
1	52798574.0	C	A	147	49	44	30	190	7	110	37	142	54
15	69737300.0	G	A	82	32	52	41	163	56	71	27	102	29
15	69737300.1	G	T	82	1	52	0	163	0	71	0	102	0
15	69737300.2	G	C	82	0	52	0	163	1	71	0	102	0
8	144995348.0	G	T	176	21	484	57	199	26	353	50	292	40
X	99887560.0	A	G	140	33	50	1	127	0	73	0	124	0
10	26436380.0	T	G	290	31	96	0	246	0	226	0	287	0
10	26436380.1	T	C	290	1	96	0	246	0	226	0	287	0
10	26436380.2	T	A	290	0	96	0	246	1	226	0	287	0
20	41400102.0	C	G	165	13	116	26	196	23	110	10	167	30
20	41400102.1	C	A	165	0	116	3	196	0	110	0	167	0
20	41400102.2	C	T	165	0	116	0	196	0	110	0	167	1
4	26673806.0	A	T	219	0	37	6	127	0	140	0	132	0
1	159023409.0	A	T	223	53	109	67	418	51	159	55	149	44
1	159023409.1	A	G	223	0	109	0	418	0	159	1	149	0
18	3879165.0	C	A	53	1	127	6	114	3	92	11	95	5
18	3879165.1	C	G	53	0	127	0	114	0	92	1	95	0
8	110439374.0	A	G	132	0	112	0	125	21	118	0	78	21
1	11579820.0	G	T	104	45	344	82	141	55	183	56	134	106
1	11579820.1	G	C	104	0	344	1	141	0	183	0	134	1
1	11579820.2	G	A	104	0	344	0	141	0	183	1	134	0
8	68396050.0	C	A	242	1	181	0	349	1	157	1	188	0
8	68396050.1	C	T	242	73	181	53	349	62	157	32	188	36
8	68396050.2	C	G	242	0	181	0	349	2	157	0	188	0
X	122761618.0	G	A	190	58	81	0	263	0	203	0	267	2
X	122761618.1	G	C	190	1	81	0	263	0	203	0	267	1
8	102213947.0	A	T	271	20	135	10	383	32	155	30	220	23
1	149871943.0	C	G	54	17	115	91	115	20	80	33	71	32
1	149871943.1	C	A	54	0	115	2	115	0	80	1	71	0
1	149871943.2	C	T	54	0	115	1	115	1	80	0	71	0
2	127864505.0	G	A	157	20	567	313	228	37	287	80	230	73
2	127864505.1	G	T	157	0	567	2	228	0	287	6	230	1
2	127864505.2	G	C	157	0	567	19	228	1	287	1	230	4
