Chr	Posi	Wild	Mut	Met1T:ref	Met1T:alt	Met3T:ref	Met3T:alt	Met4T:ref	Met4T:alt
17	8053582.0	A	T	285	4	338	0	289	0
17	8053582.1	A	G	285	146	338	121	289	97
17	8053582.2	A	C	285	1	338	1	289	1
11	114262300.0	A	C	118	74	129	53	129	58
11	114262300.1	A	T	118	0	129	2	129	3
17	27031073.0	G	T	62	26	62	16	52	14
17	27031073.1	G	A	62	0	62	1	52	1
17	27031073.2	G	C	62	0	62	0	52	1
2	101582184.0	A	G	103	96	137	60	200	18
2	101582184.1	A	C	103	1	137	3	200	1
2	101582184.2	A	T	103	0	137	4	200	0
11	44135761.0	C	A	215	1	248	2	362	2
11	44135761.1	C	T	215	2	248	3	362	4
11	44135761.2	C	G	215	420	248	275	362	291
12	133385095.0	A	T	45	1	63	0	50	0
12	133385095.1	A	G	45	38	63	20	50	14
2	116497386.0	A	T	215	170	237	98	281	22
1	177915582.0	T	G	67	4	70	11	85	3
5	94938996.0	T	A	64	1	63	0	61	0
5	94938996.1	T	C	64	19	63	14	61	13
12	118682756.0	G	A	180	0	194	0	234	1
12	118682756.1	G	T	180	0	194	0	234	43
12	118682756.2	G	C	180	0	194	0	234	1
7	48353840.0	T	A	323	1	223	0	283	0
7	48353840.1	T	G	323	1	223	0	283	2
7	48353840.2	T	C	323	0	223	0	283	38
9	96416756.0	G	A	88	1	102	0	145	0
9	96416756.1	G	T	88	30	102	33	145	48
16	66919183.0	C	A	82	45	91	25	105	47
X	43817831.0	C	A	114	168	86	80	134	132
X	43817831.1	C	T	114	0	86	0	134	1
19	12874190.0	G	T	53	9	68	14	58	0
19	12874190.1	G	A	53	0	68	1	58	0
9	107367599.0	C	T	215	48	209	27	308	42
9	107367599.1	C	A	215	0	209	1	308	0
4	84375024.0	G	A	493	2	325	0	504	139
4	84375024.1	G	T	493	0	325	0	504	2
4	84375024.2	G	C	493	0	325	0	504	1
2	136575002.0	G	T	98	65	130	59	147	14
2	136575002.1	G	A	98	0	130	1	147	0
17	4381878.0	C	A	92	1	104	1	97	0
17	4381878.1	C	T	92	46	104	37	97	14
17	4381878.2	C	G	92	1	104	0	97	0
12	6666567.0	C	A	308	56	250	27	278	34
12	6666567.1	C	T	308	2	250	0	278	0
12	6666567.2	C	G	308	4	250	0	278	0
4	187557310.0	G	T	36	66	54	49	72	48
4	187557310.1	G	C	36	1	54	0	72	1
17	71166080.0	T	C	31	20	35	8	47	5
17	65119136.0	A	T	247	103	178	70	271	47
17	65119136.1	A	G	247	1	178	0	271	0
17	65119136.2	A	C	247	3	178	0	271	0
5	160758056.0	G	T	382	1	356	0	490	5
5	160758056.1	G	C	382	1	356	0	490	72
5	160758056.2	G	A	382	0	356	0	490	2
16	58752462.0	A	T	275	66	186	32	275	47
16	58752462.1	A	G	275	2	186	0	275	1
10	121658218.0	C	T	51	15	24	7	63	0
19	19611979.0	A	G	35	15	42	18	46	24
19	19611979.1	A	T	35	0	42	1	46	0
7	12410358.0	T	A	223	146	183	86	225	114
7	12410358.1	T	G	223	1	183	0	225	0
7	12410358.2	T	C	223	1	183	0	225	1
1	55317993.0	G	T	132	92	197	68	175	49
1	55317993.1	G	C	132	0	197	2	175	0
1	55317993.2	G	A	132	0	197	0	175	1
19	48542566.0	G	A	116	1	106	0	115	0
19	48542566.1	G	T	116	22	106	8	115	14
22	18387459.0	T	G	80	1	68	0	119	2
22	18387459.1	T	C	80	69	68	45	119	42
22	18387459.2	T	A	80	0	68	0	119	1
7	100356222.0	T	G	93	41	114	53	118	36
7	100356222.1	T	A	93	0	114	0	118	1
7	100356222.2	T	C	93	0	114	0	118	1
12	121756386.0	T	A	426	1	417	0	402	1
12	121756386.1	T	G	426	0	417	0	402	2
12	121756386.2	T	C	426	0	417	0	402	57
X	123181309.0	A	T	148	1	143	2	185	1
X	123181309.1	A	G	148	175	143	144	185	155
X	123181309.2	A	C	148	1	143	2	185	0
19	56416354.0	A	G	158	47	162	14	198	24
19	56416354.1	A	T	158	0	162	1	198	1
19	54848349.0	C	T	110	38	92	37	146	40
19	54848349.1	C	G	110	1	92	0	146	0
8	68031003.0	G	A	374	1	288	0	339	3
8	68031003.1	G	T	374	2	288	5	339	3
8	68031003.2	G	C	374	264	288	135	339	167
2	226447267.0	G	A	31	7	31	5	27	13
7	86468553.0	G	T	92	67	124	46	162	65
7	86468553.1	G	C	92	0	124	2	162	1
7	86468553.2	G	A	92	0	124	0	162	1
5	86670014.0	A	T	558	3	410	2	366	5
5	86670014.1	A	G	558	170	410	132	366	141
5	86670014.2	A	C	558	2	410	1	366	6
X	70774405.0	T	A	84	1	90	1	125	2
X	70774405.1	T	G	84	203	90	113	125	103
X	70774405.2	T	C	84	0	90	1	125	1
12	101740351.0	T	G	98	2	104	0	136	0
12	101740351.1	T	C	98	52	104	39	136	39
19	13888907.0	G	A	100	13	125	10	134	0
6	127607933.0	C	A	160	148	167	98	195	120
6	127607933.1	C	T	160	2	167	1	195	5
6	127607933.2	C	G	160	1	167	0	195	1
12	65141590.0	T	A	438	2	370	0	420	5
12	65141590.1	T	C	438	130	370	89	420	112
12	65141590.2	T	G	438	0	370	2	420	4
7	86810632.0	C	A	456	3	294	0	408	4
7	86810632.1	C	T	456	164	294	95	408	99
7	86810632.2	C	G	456	1	294	0	408	1
20	35125270.0	G	A	72	35	93	47	64	11
20	35125270.1	G	T	72	0	93	1	64	0
11	4903191.0	G	A	93	141	113	112	166	145
11	4903191.1	G	T	93	2	113	3	166	1
11	4903191.2	G	C	93	3	113	1	166	5
12	49233873.0	C	A	162	114	157	90	170	43
12	49233873.1	C	G	162	1	157	1	170	1
12	49233873.2	C	T	162	0	157	1	170	1
1	94054752.0	G	A	83	13	72	16	79	24
1	94054752.1	G	T	83	0	72	0	79	1
18	14537884.0	A	T	1053	3	848	1	1403	14
18	14537884.1	A	G	1053	147	848	65	1403	122
18	14537884.2	A	C	1053	2	848	0	1403	6
18	31538276.0	T	G	167	81	181	59	209	68
18	31538276.1	T	C	167	1	181	1	209	3
11	721315.0	C	T	38	56	74	59	56	34
11	721315.1	C	G	38	0	74	1	56	1
11	721315.2	C	A	38	0	74	0	56	1
10	99664461.0	G	C	231	25	213	27	206	29
8	30464607.0	T	G	460	1	387	0	377	3
8	30464607.1	T	C	460	237	387	161	377	135
8	30464607.2	T	A	460	0	387	1	377	3
8	19819659.0	T	A	332	148	303	125	401	74
8	19819659.1	T	G	332	1	303	0	401	1
8	19819659.2	T	C	332	1	303	0	401	1
20	16385499.0	C	A	213	2	197	2	263	2
20	16385499.1	C	T	213	1	197	2	263	2
20	16385499.2	C	G	213	174	197	103	263	127
21	35239623.0	G	C	175	31	155	27	223	32
10	122348880.0	C	A	103	15	87	22	125	18
10	122348880.1	C	T	103	1	87	3	125	1
8	30335318.0	T	A	871	529	794	331	754	325
8	30335318.1	T	G	871	1	794	4	754	0
8	30335318.2	T	C	871	1	794	0	754	1
3	172351639.0	G	T	135	47	122	35	195	41
3	172351639.1	G	A	135	0	122	0	195	2
3	172351639.2	G	C	135	0	122	0	195	1
4	22390343.0	G	A	117	147	120	112	211	149
4	22390343.1	G	T	117	2	120	1	211	1
4	22390343.2	G	C	117	1	120	1	211	0
9	33796721.0	C	T	236	28	174	28	293	26
15	74573094.0	G	C	139	17	147	26	171	20
16	2757310.0	A	T	284	2	357	1	320	0
16	2757310.1	A	G	284	52	357	58	320	39
