Chr	Posi	Wild	Mut	Met1T:ref	Met1T:alt	Met2T:ref	Met2T:alt	PrimT:ref	PrimT:alt
1	3753959.0	G	T	202	38	411	94	248	85
1	3753959.1	G	C	202	0	411	1	248	0
1	153910066.0	C	A	339	1	223	0	259	0
1	153910066.1	C	G	339	80	223	27	259	101
1	153910066.2	C	T	339	0	223	1	259	0
12	58174385.0	G	A	118	34	124	21	78	38
12	58174385.1	G	C	118	0	124	1	78	0
2	31628824.0	C	A	175	1	346	2	173	7
2	31628824.1	C	T	175	2	346	0	173	8
2	31628824.2	C	G	175	40	346	66	173	80
16	2503443.0	A	T	300	2	219	1	224	4
16	2503443.1	A	G	300	1	219	0	224	1
16	2503443.2	A	C	300	144	219	42	224	96
16	84227757.0	T	C	233	49	156	0	194	1
16	84227757.1	T	A	233	0	156	0	194	1
16	84227757.2	T	G	233	0	156	0	194	1
9	75435870.0	G	T	129	83	154	30	93	77
9	75435870.1	G	A	129	0	154	0	93	3
9	75435870.2	G	C	129	0	154	0	93	1
16	28596263.0	A	G	113	1	116	0	140	0
16	28596263.1	A	C	113	33	116	27	140	67
16	28596263.2	A	T	113	0	116	0	140	1
15	30092904.0	C	T	226	66	584	118	207	89
15	30092904.1	C	G	226	3	584	2	207	0
15	30092904.2	C	A	226	0	584	1	207	4
16	71015378.0	C	T	1147	107	1479	127	790	144
16	71015378.1	C	A	1147	0	1479	1	790	4
16	71015378.2	C	G	1147	0	1479	2	790	9
9	33798037.0	T	A	501	3	237	0	381	0
9	33798037.1	T	C	501	82	237	38	381	90
7	98528417.0	A	T	330	3	437	0	292	3
7	98528417.1	A	G	330	1	437	1	292	1
7	98528417.2	A	C	330	187	437	121	292	244
17	7129957.0	G	A	145	31	129	37	131	62
17	7129957.1	G	T	145	0	129	1	131	1
17	7129957.2	G	C	145	0	129	1	131	0
1	94140276.0	C	A	422	3	336	0	326	4
1	94140276.1	C	T	422	4	336	0	326	0
1	94140276.2	C	G	422	120	336	58	326	168
19	52627272.0	C	G	232	1	345	0	203	1
19	52627272.1	C	A	232	0	345	47	203	1
19	52627272.2	C	T	232	0	345	1	203	0
2	242063442.0	C	G	133	28	108	12	213	111
2	242063442.1	C	A	133	0	108	0	213	1
2	242063442.2	C	T	133	0	108	0	213	5
3	50395855.0	C	A	478	110	311	0	379	137
3	50395855.1	C	T	478	3	311	0	379	2
3	50395855.2	C	G	478	0	311	0	379	3
5	179048252.0	A	T	270	1	788	1	191	5
5	179048252.1	A	G	270	0	788	119	191	102
5	179048252.2	A	C	270	0	788	1	191	2
17	42170127.0	C	A	276	1	163	0	195	1
17	42170127.1	C	T	276	55	163	16	195	88
17	42170127.2	C	G	276	7	163	0	195	3
18	12999576.0	C	A	185	42	467	76	155	67
18	12999576.1	C	T	185	1	467	3	155	1
18	12999576.2	C	G	185	1	467	1	155	2
2	179730522.0	T	A	326	1	277	1	207	1
2	179730522.1	T	G	326	3	277	1	207	3
2	179730522.2	T	C	326	85	277	65	207	85
1	90400943.0	T	G	136	49	249	41	101	39
1	90400943.1	T	C	136	1	249	0	101	0
1	90400943.2	T	A	136	0	249	0	101	1
18	54446682.0	A	T	186	1	302	0	123	5
18	54446682.1	A	G	186	56	302	65	123	69
18	54446682.2	A	C	186	0	302	0	123	1
20	20493315.0	G	C	111	26	200	31	99	48
20	20493315.1	G	A	111	0	200	0	99	2
20	20493315.2	G	T	111	0	200	0	99	1
3	35785365.0	C	T	214	2	202	0	115	0
3	35785365.1	C	G	214	45	202	43	115	51
22	24175892.0	T	A	199	1	166	0	140	3
22	24175892.1	T	G	199	1	166	0	140	0
22	24175892.2	T	C	199	61	166	34	140	93
22	30812300.0	C	G	128	44	118	21	62	48
22	30812300.1	C	T	128	0	118	2	62	0
17	5357161.0	C	A	260	2	212	0	206	2
17	5357161.1	C	T	260	1	212	0	206	0
17	5357161.2	C	G	260	46	212	20	206	64
19	18103867.0	C	A	555	3	468	0	448	1
19	18103867.1	C	T	555	1	468	0	448	2
19	18103867.2	C	G	555	159	468	62	448	160
17	41597567.0	G	A	292	58	237	28	207	89
17	41597567.1	G	T	292	1	237	0	207	1
14	103450084.0	A	G	145	0	96	7	102	42
14	103450084.1	A	C	145	0	96	0	102	1
11	250834.0	T	A	320	94	490	95	213	119
11	250834.1	T	G	320	2	490	2	213	0
11	250834.2	T	C	320	1	490	1	213	4
17	21205542.0	G	T	481	41	559	36	535	78
17	21205542.1	G	A	481	0	559	1	535	6
4	3189428.0	G	A	507	0	689	133	415	0
4	3189428.1	G	T	507	0	689	2	415	0
4	3189428.2	G	C	507	0	689	1	415	0
1	226037691.0	A	G	245	58	163	23	171	81
1	226037691.1	A	T	245	0	163	0	171	2
10	124152762.0	A	T	201	1	639	2	162	0
10	124152762.1	A	G	201	56	639	110	162	48
10	124152762.2	A	C	201	1	639	1	162	1
9	136531896.0	G	T	450	0	257	57	234	173
19	40541949.0	C	T	111	26	334	68	85	35
19	40541949.1	C	A	111	0	334	1	85	0
14	20944683.0	A	C	150	0	236	6	108	46
14	20944683.1	A	T	150	0	236	0	108	1
20	3362139.0	T	C	173	36	241	30	62	45
20	3362139.1	T	A	173	0	241	1	62	1
10	27024223.0	G	A	494	5	778	5	267	2
10	27024223.1	G	C	494	118	778	124	267	119
10	27024223.2	G	T	494	0	778	2	267	3
11	33763554.0	G	T	235	68	405	78	247	104
11	33763554.1	G	C	235	3	405	1	247	1
11	33763554.2	G	A	235	0	405	2	247	0
5	149386171.0	C	A	203	1	461	2	169	2
5	149386171.1	C	T	203	59	461	70	169	90
5	149386171.2	C	G	203	0	461	1	169	2
5	170351487.0	T	A	166	3	472	0	200	2
5	170351487.1	T	C	166	75	472	83	200	103
5	170351487.2	T	G	166	0	472	0	200	2
6	83847087.0	C	A	75	1	181	0	42	0
6	83847087.1	C	G	75	34	181	57	42	28
8	38124831.0	G	C	136	50	255	42	91	34
8	38124831.1	G	T	136	0	255	2	91	1
8	38124831.2	G	A	136	0	255	0	91	1
15	65219168.0	C	A	367	1	250	0	295	1
15	65219168.1	C	T	367	79	250	55	295	123
16	48596101.0	C	G	103	21	230	43	66	32
1	169528500.0	A	T	125	1	212	0	73	0
1	169528500.1	A	G	125	52	212	29	73	26
8	143566126.0	G	A	111	53	126	13	154	59
8	143566126.1	G	T	111	1	126	1	154	0
8	143566126.2	G	C	111	1	126	0	154	0
2	165383625.0	C	A	216	48	641	0	163	0
2	165383625.1	C	T	216	3	641	3	163	0
2	165383625.2	C	G	216	2	641	0	163	0
16	47002046.0	C	T	209	2	432	0	173	2
16	47002046.1	C	G	209	59	432	99	173	96
16	47002046.2	C	A	209	0	432	1	173	1
5	36105295.0	T	A	152	1	378	0	102	0
5	36105295.1	T	C	152	60	378	64	102	58
5	36105295.2	T	G	152	0	378	0	102	1
16	84182741.0	G	A	138	1	107	2	78	0
16	84182741.1	G	T	138	22	107	16	78	54
1	228482039.0	G	A	641	112	444	85	530	162
1	228482039.1	G	T	641	5	444	4	530	3
1	228482039.2	G	C	641	2	444	2	530	2
5	140181891.0	C	T	183	1	198	0	157	0
5	140181891.1	C	G	183	1	198	49	157	68
5	140181891.2	C	A	183	0	198	1	157	0
19	39308138.0	G	A	248	1	212	44	187	73
12	6692397.0	C	T	295	1	294	3	186	0
12	6692397.1	C	G	295	65	294	44	186	110
12	6692397.2	C	A	295	0	294	0	186	1
7	130008393.0	G	A	392	72	228	43	356	108
7	130008393.1	G	C	392	1	228	0	356	1
17	2598233.0	C	A	237	63	194	35	218	111
17	2598233.1	C	T	237	2	194	0	218	0
12	53185082.0	C	G	261	59	178	22	164	72
12	53185082.1	C	A	261	0	178	0	164	1
5	16458633.0	C	A	164	2	502	2	151	0
5	16458633.1	C	G	164	85	502	87	151	40
5	16458633.2	C	T	164	0	502	1	151	0
11	57798779.0	C	G	342	86	439	69	276	132
11	57798779.1	C	A	342	0	439	0	276	1
11	57798779.2	C	T	342	0	439	0	276	3
