Chr	Posi	Wild	Mut	Met2T:ref	Met2T:alt	Met3T:ref	Met3T:alt	Met5T:ref	Met5T:alt
1	237774078.0	C	T	218	31	377	31	112	10
7	28843919.0	C	A	125	1	283	0	72	0
7	28843919.1	C	T	125	24	283	12	72	8
11	76867749.0	C	T	86	20	334	19	62	4
13	33002128.0	C	T	198	58	574	50	105	14
13	33002128.1	C	G	198	3	574	0	105	0
13	33002128.2	C	A	198	0	574	1	105	0
19	31768074.0	G	A	44	8	167	10	40	9
15	55520906.0	G	A	163	41	51	3	112	0
16	3799627.0	C	T	273	37	105	10	219	13
16	3799627.1	C	A	273	0	105	1	219	0
14	60005443.0	G	A	252	64	83	10	159	14
14	60005443.1	G	C	252	1	83	1	159	0
19	58049504.0	C	A	104	28	46	3	56	4
4	90856590.0	T	C	59	9	5	0	24	10
2	202494057.0	T	C	236	0	45	1	121	0
2	202494057.1	T	A	236	0	45	0	121	17
17	80919005.0	C	A	59	31	372	23	48	3
12	56216207.0	G	A	342	0	245	0	155	26
12	100957045.0	G	A	168	46	63	5	107	6
1	181019157.0	T	A	131	18	161	8	84	6
1	235950641.0	G	A	312	72	64	5	173	13
19	16275664.0	G	A	160	46	518	20	114	15
19	16275664.1	G	C	160	1	518	1	114	1
19	16275664.2	G	T	160	0	518	0	114	2
2	212483963.0	G	A	439	89	80	4	253	21
2	212483963.1	G	T	439	2	80	0	253	0
19	54297307.0	C	T	180	65	221	8	103	17
17	66596647.0	G	A	54	26	206	16	51	0
17	66596647.1	G	T	54	0	206	0	51	1
14	103958304.0	T	C	137	31	299	18	103	13
X	34150304.0	G	A	63	20	196	16	56	4
1	67154905.0	C	A	173	1	246	0	104	0
1	67154905.1	C	T	173	27	246	9	104	5
16	30435773.0	G	A	78	47	265	43	62	19
19	36352788.0	C	T	97	44	532	38	74	13
6	43594117.0	A	T	143	1	369	0	112	0
6	43594117.1	A	C	143	50	369	34	112	19
3	13916669.0	C	A	34	1	94	0	30	0
3	13916669.1	C	T	34	11	94	8	30	2
5	139219624.0	C	T	92	23	173	7	76	5
11	6291062.0	G	A	69	14	162	5	40	6
11	6291062.1	G	C	69	1	162	0	40	0
13	39266244.0	C	A	216	50	52	2	118	12
2	220172238.0	G	A	130	31	259	11	81	3
8	133152420.0	C	T	133	38	386	22	110	5
8	133152420.1	C	G	133	1	386	0	110	0
5	37348686.0	C	T	163	22	74	4	97	5
17	2901556.0	C	A	121	27	119	14	110	4
19	40715118.0	C	T	83	28	264	21	83	9
2	29443656.0	C	A	163	0	407	0	127	14
17	18054468.0	T	C	82	25	313	27	53	6
8	140715144.0	G	A	71	41	375	41	56	5
8	140715144.1	G	T	71	0	375	2	56	0
5	40981602.0	C	A	174	4	321	0	124	0
5	40981602.1	C	T	174	46	321	19	124	9
10	24810774.0	G	A	100	21	284	19	74	2
5	118728933.0	C	T	145	26	102	5	96	5
17	11648316.0	G	T	212	42	322	11	138	10
17	11648316.1	G	C	212	1	322	0	138	0
4	77631344.0	G	A	119	28	212	13	92	8
4	77631344.1	G	T	119	0	212	0	92	1
15	56704563.0	C	T	329	42	74	0	218	15
5	171533681.0	C	T	194	76	795	68	141	21
14	52520821.0	G	A	166	30	89	4	95	11
14	52520821.1	G	C	166	1	89	0	95	0
7	129929535.0	C	T	155	22	342	24	99	15
1	247751882.0	G	A	198	65	116	3	109	9
17	56274319.0	G	A	136	42	385	34	105	7
17	56274319.1	G	T	136	1	385	0	105	0
1	22151219.0	G	A	43	33	278	21	59	5
1	22151219.1	G	T	43	0	278	1	59	0
11	124440133.0	G	A	134	36	127	9	82	8
11	124440133.1	G	T	134	1	127	0	82	0
9	95796855.0	G	T	32	8	218	15	40	3
15	28419720.0	G	A	191	29	378	19	133	7
2	169952221.0	C	A	171	35	81	7	97	9
17	66253088.0	G	A	157	1	52	0	115	0
17	66253088.1	G	T	157	26	52	3	115	3
2	166011138.0	T	C	41	15	17	0	29	4
17	27807493.0	C	A	232	1	181	0	123	0
17	27807493.1	C	G	232	48	181	4	123	7
1	47078584.0	G	A	75	13	261	13	52	6
10	75549484.0	G	A	105	34	265	24	59	13
11	6648031.0	T	A	51	20	168	21	45	5
5	140719876.0	C	T	83	21	198	8	89	0
4	8588890.0	C	T	25	9	164	12	36	2
10	68687393.0	A	G	46	12	18	3	27	1
3	52841893.0	G	A	63	18	199	12	67	9
17	14248479.0	C	A	104	1	345	1	73	0
17	14248479.1	C	T	104	31	345	21	73	6
12	57662159.0	G	A	109	28	196	12	70	2
12	57662159.1	G	T	109	0	196	0	70	1
11	404322.0	C	T	37	11	203	22	44	5
11	2930503.0	C	T	17	14	59	5	5	2
16	12996290.0	C	T	87	22	336	34	52	3
1	86289369.0	G	A	305	79	101	4	216	12
7	98546218.0	C	G	134	0	253	0	77	10
22	23610691.0	G	A	110	40	387	21	111	11
22	23610691.1	G	T	110	1	387	0	111	0
15	68695330.0	G	A	260	73	658	46	205	0
15	68695330.1	G	T	260	0	658	1	205	0
16	88014663.0	T	C	227	32	77	4	177	12
14	77880338.0	C	T	72	0	143	1	41	0
14	77880338.1	C	A	72	0	143	0	41	10
17	53851104.0	G	A	104	35	255	11	84	9
4	166986992.0	G	A	182	24	52	8	100	3
4	166986992.1	G	T	182	0	52	1	100	0
2	24471548.0	T	G	181	38	38	3	104	10
6	42986153.0	C	T	95	21	215	16	64	4
10	17905608.0	C	T	166	31	98	8	83	10
19	58419972.0	C	T	243	53	81	4	133	6
1	110735142.0	T	A	145	42	293	15	115	7
1	110735142.1	T	G	145	1	293	0	115	1
1	110735142.2	T	C	145	1	293	0	115	0
20	34611649.0	C	T	113	28	58	3	75	15
17	8741916.0	C	T	185	42	471	47	124	7
17	49357776.0	A	C	201	38	73	4	115	9
1	46476599.0	A	T	59	12	40	0	31	5
1	235324301.0	G	A	76	10	139	5	28	6
1	235324301.1	G	C	76	0	139	0	28	1
10	1406062.0	C	A	12	1	117	0	24	0
10	1406062.1	C	T	12	19	117	6	24	4
11	61511590.0	C	G	36	15	153	16	33	4
14	93392973.0	C	T	158	45	316	21	99	22
9	125486635.0	C	T	145	37	188	11	68	8
22	39222685.0	G	A	107	37	501	35	95	7
21	31709690.0	C	T	149	38	147	6	74	4
7	134730556.0	C	T	131	17	34	2	68	3
X	137785249.0	G	A	121	23	56	2	68	5
19	36592921.0	G	A	46	15	186	6	31	4
19	36592921.1	G	T	46	0	186	1	31	0
6	18237674.0	C	T	545	124	127	12	397	42
11	771409.0	G	A	25	14	147	9	19	3
8	21824482.0	A	G	157	0	79	9	71	0
11	99426956.0	C	T	610	114	110	3	336	31
7	150698951.0	G	A	58	29	383	27	60	4
7	150698951.1	G	C	58	0	383	1	60	0
1	248366423.0	C	A	428	81	276	17	237	27
2	31215722.0	G	A	69	10	140	10	40	8
11	32954359.0	C	A	38	10	4	0	28	3
X	118221185.0	G	A	97	15	52	1	59	7
4	144617826.0	G	A	264	48	119	10	136	13
7	119915718.0	C	A	92	1	124	0	51	0
7	119915718.1	C	T	92	23	124	4	51	5
4	144617536.0	G	T	174	24	52	3	84	11
10	126185566.0	C	A	215	1	732	1	227	0
10	126185566.1	C	T	215	91	732	70	227	22
2	74438913.0	C	T	252	35	90	3	182	0
11	108114696.0	C	A	171	3	32	0	73	0
11	108114696.1	C	T	171	41	32	2	73	14
19	44418393.0	G	A	181	42	247	14	110	18
19	44418393.1	G	C	181	1	247	1	110	3
6	154360838.0	C	A	125	1	272	0	84	0
6	154360838.1	C	T	125	42	272	17	84	7
18	264068.0	C	T	135	19	55	1	104	7
18	264068.1	C	G	135	1	55	0	104	0
1	177199082.0	G	T	57	9	223	16	57	10
1	177199082.1	G	C	57	1	223	0	57	1
5	98129249.0	T	G	76	19	153	13	55	9
5	98129249.1	T	C	76	0	153	0	55	1
18	45374945.0	C	T	238	49	111	8	147	9
3	15115841.0	A	G	211	0	392	50	143	0
3	15115841.1	A	C	211	0	392	1	143	0
2	216237032.0	G	A	75	12	58	4	50	2
14	29237704.0	G	A	44	24	218	15	40	2
14	29237704.1	G	T	44	1	218	0	40	0
X	15585870.0	T	C	168	39	37	0	115	9
9	130829233.0	C	T	23	11	82	6	10	1
6	154360433.0	C	T	102	21	170	18	70	13
6	46659900.0	C	T	125	16	15	1	86	4
12	22677460.0	G	A	491	103	146	9	272	28
12	22677460.1	G	T	491	1	146	0	272	0
17	64225461.0	G	A	126	29	70	2	61	10
12	4553334.0	C	T	123	33	212	6	79	8
10	125804237.0	G	A	73	15	311	16	70	0
2	234904976.0	G	A	117	24	140	4	71	5
2	234904976.1	G	T	117	1	140	0	71	1
3	138739098.0	C	A	79	1	352	0	55	0
3	138739098.1	C	T	79	18	352	24	55	7
17	40269939.0	G	A	102	30	280	12	83	4
17	40269939.1	G	T	102	1	280	0	83	0
21	32492824.0	G	A	67	25	204	6	68	0
1	227073381.0	G	A	52	14	187	12	43	3
19	1438428.0	G	A	101	41	387	43	58	9
2	179638940.0	T	C	173	42	40	2	91	6
20	7894818.0	G	A	438	73	491	35	209	22
20	7894818.1	G	T	438	0	491	1	209	0
16	20451219.0	C	T	339	48	314	7	169	10
17	28749746.0	G	A	120	18	25	0	63	8
16	57790771.0	C	T	38	17	194	8	41	0
3	62636630.0	G	A	189	34	213	14	127	8
3	62636630.1	G	T	189	0	213	0	127	1
12	46205284.0	C	T	248	60	102	6	134	7
5	127873247.0	C	A	62	1	176	0	30	0
5	127873247.1	C	G	62	16	176	11	30	1
16	31367956.0	G	T	155	24	347	21	110	14
22	38121796.0	G	A	28	17	85	11	18	1
22	38121796.1	G	C	28	1	85	0	18	0
22	38121796.2	G	T	28	0	85	1	18	0
15	56985377.0	T	C	224	78	68	5	160	18
11	129743778.0	C	T	37	10	108	8	28	2
9	130479271.0	C	T	136	63	205	12	72	4
6	30917040.0	A	G	29	8	19	1	41	0
12	100166813.0	G	T	325	0	48	10	180	0
22	20074078.0	G	A	84	21	118	9	67	8
17	7830727.0	C	A	184	41	165	10	117	15
10	121341971.0	C	T	132	30	29	1	62	9
10	121341971.1	C	A	132	0	29	1	62	0
17	7534615.0	G	A	101	36	298	16	72	1
17	7534615.1	G	C	101	0	298	1	72	0
2	159477523.0	G	A	219	65	123	5	160	12
2	159477523.1	G	T	219	1	123	0	160	0
4	533031.0	G	A	161	26	63	7	97	8
19	17111257.0	G	A	105	24	243	11	82	7
19	17111257.1	G	T	105	1	243	0	82	0
19	17111257.2	G	C	105	1	243	0	82	0
16	31004794.0	G	A	124	17	277	14	93	9
16	31004794.1	G	T	124	0	277	1	93	0
22	18613639.0	G	T	65	22	263	26	42	5
5	140720434.0	G	C	36	14	138	8	22	5
5	140720434.1	G	T	36	0	138	1	22	0
20	57484421.0	G	A	128	29	106	4	80	11
20	57484421.1	G	T	128	1	106	0	80	0
10	402365.0	C	T	156	54	567	35	118	10
15	23890798.0	C	T	24	14	129	6	20	3
