Chr	Posi	Wild	Mut	Met1T:ref	Met1T:alt	Met2T:ref	Met2T:alt	Met3T:ref	Met3T:alt	Met4T:ref	Met4T:alt	PrimT:ref	PrimT:alt
22	24579098.0	C	A	130	2	296	1	186	0	125	0	201	0
22	24579098.1	C	T	130	39	296	63	186	54	125	5	201	4
22	24579098.2	C	G	130	0	296	3	186	1	125	0	201	0
1	32690056.0	G	A	182	4	161	0	79	3	150	0	152	0
1	32690056.1	G	T	182	49	161	26	79	39	150	18	152	18
1	32690056.2	G	C	182	0	161	1	79	0	150	0	152	0
4	25671405.0	G	A	91	101	80	39	147	100	95	45	108	17
4	25671405.1	G	C	91	1	80	0	147	0	95	0	108	0
4	25671405.2	G	T	91	0	80	3	147	0	95	0	108	0
12	69326600.0	G	A	234	54	113	23	106	45	251	28	162	6
12	69326600.1	G	T	234	0	113	1	106	0	251	0	162	0
12	69326600.2	G	C	234	0	113	0	106	1	251	0	162	0
X	110491886.0	G	T	14	1	26	0	14	1	43	0	44	0
X	110491886.1	G	C	14	96	26	65	14	73	43	34	44	12
X	110491886.2	G	A	14	0	26	1	14	0	43	0	44	0
4	87671690.0	A	T	72	40	81	35	83	45	70	31	60	7
4	87671690.1	A	G	72	1	81	0	83	0	70	0	60	0
12	20523043.0	G	C	28	11	54	11	37	15	48	2	27	5
8	110520005.0	C	T	189	0	68	0	177	38	140	0	89	0
8	110520005.1	C	G	189	0	68	0	177	1	140	0	89	0
7	126079190.0	T	A	362	84	242	44	538	113	474	65	167	7
7	126079190.1	T	G	362	0	242	1	538	2	474	0	167	0
7	126079190.2	T	C	362	0	242	0	538	3	474	0	167	2
11	74800181.0	G	A	91	63	161	52	122	107	62	49	94	8
11	74800181.1	G	C	91	1	161	2	122	1	62	0	94	0
14	75388221.0	G	A	35	1	103	0	73	0	39	0	69	0
14	75388221.1	G	T	35	7	103	21	73	37	39	0	69	2
6	43333122.0	A	T	136	1	129	0	90	3	141	0	121	0
6	43333122.1	A	G	136	1	129	0	90	0	141	0	121	0
6	43333122.2	A	C	136	111	129	49	90	81	141	39	121	34
15	43766924.0	C	A	58	162	85	62	32	159	153	79	152	26
15	43766924.1	C	T	58	2	85	0	32	0	153	0	152	0
15	43766924.2	C	G	58	1	85	0	32	2	153	0	152	0
15	73995414.0	G	A	29	1	105	1	24	0	73	0	120	1
15	73995414.1	G	T	29	71	105	67	24	110	73	37	120	16
15	73995414.2	G	C	29	1	105	0	24	0	73	0	120	0
5	126874741.0	G	A	473	165	375	97	299	136	421	93	222	10
5	126874741.1	G	C	473	1	375	0	299	1	421	0	222	0
5	126874741.2	G	T	473	0	375	0	299	0	421	1	222	0
1	248059242.0	G	A	16	11	28	7	19	22	19	7	37	2
7	121738588.0	T	C	337	84	182	20	357	95	411	78	149	6
7	121738588.1	T	A	337	0	182	0	357	2	411	0	149	0
11	57296226.0	C	A	227	1	158	0	141	0	175	0	205	0
11	57296226.1	C	T	227	153	158	91	141	104	175	72	205	22
11	57296226.2	C	G	227	0	158	1	141	0	175	0	205	0
X	130416702.0	G	T	18	10	19	7	21	15	23	5	25	0
7	100414898.0	T	C	145	33	260	40	179	37	108	12	153	10
7	100414898.1	T	A	145	0	260	0	179	1	108	0	153	0
20	61528344.0	C	T	6	0	24	3	11	11	5	0	15	2
5	178585847.0	G	C	88	34	198	35	203	70	86	14	130	5
5	178585847.1	G	A	88	0	198	0	203	0	86	1	130	0
5	178585847.2	G	T	88	0	198	0	203	0	86	0	130	1
15	27182471.0	C	A	29	0	71	0	59	0	43	0	37	5
15	86807562.0	C	A	60	26	89	0	94	1	75	0	74	0
15	86807562.1	C	T	60	0	89	0	94	1	75	0	74	1
19	6415715.0	T	C	29	10	45	3	28	15	11	7	48	9
19	6415715.1	T	A	29	0	45	0	28	1	11	0	48	0
19	6415715.2	T	G	29	0	45	0	28	0	11	1	48	0
5	149456891.0	C	A	250	64	357	76	295	119	286	46	186	7
5	149456891.1	C	T	250	1	357	0	295	0	286	0	186	0
5	149456891.2	C	G	250	0	357	0	295	3	286	1	186	0
8	95884192.0	A	T	313	85	146	20	396	92	378	52	155	9
8	95884192.1	A	C	313	5	146	0	396	1	378	0	155	0
9	79323874.0	G	A	66	1	145	0	52	1	174	0	121	0
9	79323874.1	G	T	66	147	145	164	52	176	174	82	121	23
9	79323874.2	G	C	66	1	145	5	52	0	174	0	121	0
17	38938552.0	C	T	42	0	53	0	109	0	33	4	67	0
1	209933484.0	C	A	145	63	252	97	118	73	145	33	167	13
1	209933484.1	C	T	145	1	252	0	118	0	145	0	167	0
1	209933484.2	C	G	145	1	252	0	118	0	145	0	167	0
15	40226436.0	G	A	52	108	62	58	16	81	123	94	139	23
15	40226436.1	G	C	52	2	62	1	16	0	123	0	139	1
15	40226436.2	G	T	52	0	62	0	16	0	123	1	139	3
8	107773440.0	C	T	193	38	149	13	177	53	238	27	111	0
8	107773440.1	C	A	193	0	149	0	177	1	238	0	111	0
8	107773440.2	C	G	193	0	149	0	177	1	238	0	111	1
4	111553577.0	C	A	271	3	562	3	376	1	221	1	204	0
4	111553577.1	C	T	271	1	562	1	376	1	221	1	204	0
4	111553577.2	C	G	271	143	562	304	376	167	221	76	204	9
5	140711841.0	G	T	147	56	198	37	177	58	81	18	105	17
16	18549937.0	G	A	219	65	188	39	273	84	227	35	68	4
16	18549937.1	G	T	219	2	188	0	273	1	227	0	68	0
16	18549937.2	G	C	219	0	188	2	273	0	227	0	68	0
12	112701965.0	T	C	208	1	105	0	131	0	165	0	104	0
12	112701965.1	T	A	208	0	105	0	131	58	165	0	104	0
12	112701965.2	T	G	208	0	105	0	131	1	165	0	104	0
12	113830914.0	G	T	94	40	206	45	131	63	83	12	120	14
12	113830914.1	G	C	94	1	206	1	131	0	83	0	120	1
12	113830914.2	G	A	94	0	206	1	131	1	83	0	120	0
6	132859482.0	G	C	47	40	74	29	46	60	70	4	52	0
6	132859482.1	G	A	47	0	74	0	46	1	70	0	52	0
6	132859482.2	G	T	47	0	74	0	46	0	70	1	52	0
1	53556298.0	C	G	39	33	73	50	57	64	43	23	100	16
1	53556298.1	C	T	39	0	73	1	57	0	43	0	100	1
1	53556298.2	C	A	39	0	73	0	57	1	43	0	100	0
1	117656050.0	G	A	137	124	226	118	128	85	132	76	125	13
1	117656050.1	G	C	137	2	226	0	128	1	132	0	125	0
1	117656050.2	G	T	137	0	226	1	128	2	132	0	125	0
14	38061509.0	C	A	60	2	108	0	57	0	29	0	162	1
14	38061509.1	C	T	60	2	108	2	57	0	29	0	162	0
14	38061509.2	C	G	60	149	108	102	57	89	29	48	162	36
22	50956637.0	C	T	27	84	116	93	23	108	72	53	181	27
22	50956637.1	C	A	27	0	116	1	23	0	72	0	181	0
22	50956637.2	C	G	27	0	116	4	23	1	72	0	181	0
6	53517059.0	C	T	191	1	146	0	138	1	166	0	112	0
6	53517059.1	C	G	191	323	146	100	138	164	166	129	112	37
2	27804130.0	G	A	27	24	29	9	35	33	36	11	46	7
2	27804130.1	G	C	27	0	29	0	35	1	36	0	46	0
2	27804130.2	G	T	27	0	29	0	35	0	36	0	46	2
17	71415423.0	G	T	145	4	348	0	218	0	192	0	155	0
17	71415423.1	G	C	145	117	348	122	218	148	192	55	155	10
17	71415423.2	G	A	145	0	348	2	218	1	192	0	155	0
9	100693484.0	G	T	140	1	92	1	142	3	99	1	105	0
9	100693484.1	G	A	140	0	92	0	142	2	99	0	105	0
9	100693484.2	G	C	140	0	92	0	142	3	99	18	105	1
1	180235585.0	C	G	42	39	72	50	57	41	61	20	86	5
1	180235585.1	C	T	42	0	72	0	57	1	61	0	86	3
1	180235585.2	C	A	42	0	72	0	57	0	61	1	86	0
8	133913694.0	C	A	67	4	127	2	128	2	72	0	114	0
8	133913694.1	C	T	67	61	127	100	128	124	72	23	114	18
8	133913694.2	C	G	67	2	127	2	128	0	72	0	114	0
2	131520870.0	G	A	18	29	73	32	48	55	33	17	58	10
2	131520870.1	G	C	18	0	73	0	48	2	33	0	58	0
17	2139904.0	C	A	93	1	97	0	43	0	141	0	140	0
17	2139904.1	C	T	93	48	97	23	43	25	141	34	140	5
9	127215747.0	T	C	6	10	8	21	2	13	11	8	8	5
20	21687619.0	C	T	4	5	10	5	5	12	1	2	14	1
15	28116367.0	A	T	87	1	229	1	112	1	91	0	134	0
15	28116367.1	A	G	87	32	229	54	112	104	91	20	134	3
15	28116367.2	A	C	87	4	229	0	112	0	91	0	134	0
15	28116366.0	G	T	92	36	231	54	112	107	94	21	133	3
15	28116366.1	G	C	92	0	231	1	112	0	94	0	133	0
6	165843778.0	G	A	363	4	189	2	437	2	380	0	130	0
6	165843778.1	G	C	363	100	189	27	437	112	380	7	130	12
6	165843778.2	G	T	363	0	189	0	437	1	380	0	130	0
5	16711109.0	G	C	177	70	235	47	192	76	106	40	118	8
5	16711109.1	G	A	177	0	235	1	192	1	106	1	118	0
5	16711109.2	G	T	177	0	235	2	192	1	106	0	118	0
15	79341889.0	G	T	126	62	196	45	137	107	132	39	125	11
15	79341889.1	G	C	126	1	196	0	137	1	132	0	125	0
15	79341889.2	G	A	126	0	196	0	137	0	132	1	125	0
17	72240158.0	A	G	66	21	200	55	96	67	85	13	121	2
17	72240158.1	A	C	66	0	200	0	96	1	85	0	121	0
17	72240158.2	A	T	66	0	200	0	96	0	85	0	121	1
8	145557018.0	G	A	104	0	164	0	141	0	32	9	92	0
8	145557018.1	G	T	104	0	164	0	141	0	32	2	92	0
8	145557018.2	G	C	104	0	164	0	141	0	32	1	92	1
11	4903219.0	C	G	100	39	85	46	142	118	101	32	79	6
11	4903219.1	C	A	100	0	85	2	142	1	101	0	79	0
11	4903219.2	C	T	100	0	85	1	142	4	101	2	79	0
10	84118577.0	C	A	166	53	206	33	226	65	179	29	155	7
10	84118577.1	C	T	166	0	206	0	226	1	179	0	155	0
3	43074783.0	G	A	55	12	136	24	90	43	49	12	63	2
3	43074783.1	G	T	55	1	136	1	90	0	49	0	63	0
3	43074783.2	G	C	55	3	136	13	90	1	49	0	63	0
3	147114131.0	C	A	6	3	26	14	21	7	9	3	8	3
19	11213412.0	G	A	234	109	460	41	204	149	296	0	285	0
19	11213412.1	G	C	234	1	460	0	204	0	296	0	285	0
19	11213412.2	G	T	234	0	460	0	204	0	296	1	285	0
1	156555527.0	G	A	89	116	111	65	83	112	111	50	138	14
1	156555527.1	G	T	89	0	111	1	83	0	111	0	138	0
10	44111886.0	G	A	133	1	124	1	106	0	178	0	150	0
10	44111886.1	G	T	133	69	124	20	106	62	178	55	150	18
1	238051685.0	C	A	89	97	80	44	70	62	120	71	126	23
1	238051685.1	C	G	89	1	80	0	70	0	120	0	126	0
7	81588668.0	C	A	789	120	324	36	600	119	568	67	190	6
7	81588668.1	C	T	789	3	324	1	600	1	568	3	190	0
7	81588668.2	C	G	789	1	324	0	600	2	568	1	190	0
9	37424937.0	C	T	50	0	120	0	53	7	56	0	77	0
9	37424937.1	C	A	50	0	120	0	53	0	56	0	77	1
8	87241899.0	T	A	288	2	106	1	326	1	249	0	107	0
8	87241899.1	T	C	288	53	106	12	326	81	249	26	107	3
14	101012849.0	C	T	53	23	62	14	69	26	61	15	65	6
9	138453690.0	G	A	11	69	64	82	18	90	45	61	68	36
9	138453690.1	G	C	11	0	64	0	18	0	45	1	68	0
19	37676170.0	G	T	397	2	405	0	293	3	297	2	158	0
19	37676170.1	G	C	397	165	405	174	293	194	297	34	158	28
19	37676170.2	G	A	397	0	405	3	293	2	297	0	158	0
14	55903520.0	C	T	333	4	393	1	236	1	279	0	154	1
14	55903520.1	C	G	333	391	393	208	236	346	279	206	154	22
14	55903520.2	C	A	333	0	393	1	236	2	279	0	154	0
11	27390662.0	C	T	61	12	41	9	76	39	64	25	33	5
11	27390662.1	C	A	61	0	41	0	76	1	64	0	33	0
5	7396500.0	G	A	20	2	39	24	32	17	10	0	26	1
17	42744918.0	G	C	96	51	51	6	91	58	127	42	103	6
17	42744918.1	G	A	96	0	51	0	91	1	127	0	103	0
17	42744918.2	G	T	96	0	51	0	91	1	127	0	103	0
10	75673864.0	G	A	233	217	144	67	95	124	276	183	252	67
10	75673864.1	G	T	233	3	144	0	95	0	276	1	252	1
10	75673864.2	G	C	233	2	144	2	95	3	276	0	252	2
15	45389441.0	G	A	67	0	146	0	149	1	69	9	84	0
12	27128485.0	C	A	355	128	224	47	234	87	393	72	174	6
12	27128485.1	C	T	355	2	224	1	234	1	393	0	174	0
12	27128485.2	C	G	355	3	224	0	234	0	393	0	174	0
11	5537254.0	C	A	439	170	609	111	541	157	351	72	167	10
11	5537254.1	C	G	439	2	609	1	541	2	351	0	167	0
11	5537254.2	C	T	439	0	609	4	541	2	351	1	167	0
19	39299495.0	G	A	354	123	554	89	461	131	231	44	264	21
19	39299495.1	G	T	354	6	554	3	461	2	231	2	264	0
19	39299495.2	G	C	354	1	554	5	461	0	231	0	264	0
10	129906621.0	T	A	152	193	178	91	199	213	188	115	176	15
10	129906621.1	T	G	152	2	178	2	199	1	188	4	176	0
10	129906621.2	T	C	152	0	178	1	199	0	188	0	176	1
10	50081560.0	G	A	75	1	107	0	56	1	88	0	97	0
10	50081560.1	G	T	75	0	107	0	56	40	88	0	97	1
19	51190067.0	A	T	106	100	360	153	261	176	100	26	146	23
19	51190067.1	A	G	106	1	360	8	261	0	100	1	146	1
19	51190067.2	A	C	106	0	360	13	261	7	100	0	146	1
9	32630702.0	A	G	18	77	19	24	10	71	69	63	61	16
9	32630702.1	A	T	18	0	19	1	10	0	69	0	61	0
9	32630702.2	A	C	18	0	19	0	10	0	69	0	61	1
17	39623175.0	G	A	89	38	108	36	94	78	86	26	97	5
17	39623175.1	G	T	89	0	108	0	94	0	86	0	97	1
12	62940786.0	G	A	203	77	175	37	142	65	223	28	101	6
12	62940786.1	G	T	203	2	175	0	142	0	223	0	101	0
12	62940786.2	G	C	203	1	175	0	142	0	223	0	101	0
1	16265876.0	T	A	235	159	253	122	320	230	247	70	210	37
1	16265876.1	T	G	235	1	253	1	320	0	247	0	210	0
1	16265876.2	T	C	235	2	253	4	320	4	247	0	210	0
1	87033200.0	G	A	97	1	111	4	119	2	146	1	133	0
1	87033200.1	G	C	97	112	111	59	119	68	146	67	133	13
1	87033200.2	G	T	97	0	111	0	119	0	146	0	133	1
18	347193.0	C	A	37	1	63	0	17	0	77	0	103	0
18	347193.1	C	T	37	1	63	0	17	0	77	0	103	0
18	347193.2	C	G	37	67	63	60	17	84	77	102	103	8
10	111967817.0	A	T	115	113	52	41	43	58	140	45	62	5
14	92343986.0	G	A	90	117	160	113	103	115	101	83	135	18
14	92343986.1	G	C	90	0	160	0	103	0	101	1	135	0
14	92343986.2	G	T	90	0	160	0	103	0	101	0	135	1
14	47120869.0	C	A	216	58	314	63	252	77	198	1	161	3
14	47120869.1	C	T	216	0	314	2	252	1	198	2	161	0
14	47120869.2	C	G	216	0	314	1	252	0	198	0	161	0
11	18159154.0	C	A	33	35	63	43	92	70	35	19	41	2
11	18159154.1	C	T	33	0	63	0	92	1	35	0	41	0
2	125405394.0	G	T	78	18	100	26	87	32	66	15	69	2
2	125405394.1	G	C	78	0	100	1	87	0	66	0	69	0
1	237947291.0	C	T	66	25	96	11	47	24	52	6	56	2
12	52757870.0	C	T	34	42	87	50	64	95	31	27	82	8
12	52757870.1	C	A	34	0	87	1	64	0	31	0	82	0
10	46272813.0	G	A	117	0	114	1	165	0	123	0	23	0
10	46272813.1	G	C	117	0	114	2	165	0	123	0	23	0
10	46272813.2	G	T	117	0	114	0	165	1	123	0	23	17
2	21247823.0	C	A	57	47	97	42	97	52	82	7	71	7
2	21247823.1	C	T	57	0	97	1	97	0	82	0	71	0
9	95033289.0	G	T	470	1	399	0	405	0	369	1	161	0
9	95033289.1	G	A	470	0	399	0	405	1	369	64	161	4
2	74655785.0	G	T	99	29	150	14	157	33	87	0	126	0
4	46043060.0	G	T	395	86	202	24	357	202	402	43	123	4
4	46043060.1	G	A	395	0	202	0	357	1	402	0	123	0
8	70591708.0	C	G	245	98	140	45	257	151	315	83	139	7
8	70591708.1	C	T	245	0	140	1	257	1	315	1	139	0
8	70591708.2	C	A	245	0	140	0	257	2	315	2	139	0
1	163039231.0	G	T	173	20	167	0	167	0	202	0	118	0
1	163039231.1	G	A	173	0	167	1	167	0	202	0	118	0
14	94722940.0	G	A	138	1	64	1	186	0	206	1	82	0
14	94722940.1	G	T	138	46	64	11	186	52	206	1	82	3
20	13145505.0	C	A	217	1	136	0	169	0	178	0	67	0
20	13145505.1	C	T	217	1	136	0	169	0	178	0	67	5
8	94768057.0	G	T	439	191	246	60	282	103	439	125	186	14
8	94768057.1	G	C	439	0	246	1	282	0	439	0	186	0
8	94768057.2	G	A	439	0	246	0	282	0	439	0	186	1
19	3816680.0	G	T	40	0	92	0	47	0	37	5	95	0
6	138575047.0	G	A	35	28	55	50	63	59	51	0	69	5
6	138575047.1	G	C	35	1	55	1	63	0	51	0	69	0
6	138575047.2	G	T	35	0	55	1	63	2	51	0	69	0
2	108626898.0	G	T	128	2	192	2	142	2	164	0	138	0
2	108626898.1	G	C	128	145	192	70	142	174	164	91	138	17
2	108626898.2	G	A	128	0	192	1	142	0	164	0	138	0
8	2944747.0	C	A	29	24	41	5	17	35	36	14	54	2
6	129468129.0	C	T	202	71	145	32	193	81	241	0	149	4
12	133778768.0	C	A	42	73	34	24	21	39	86	49	143	22
12	133778768.1	C	G	42	0	34	2	21	0	86	0	143	0
12	133778768.2	C	T	42	0	34	0	21	2	86	0	143	0
1	226836430.0	G	A	275	274	320	116	267	146	302	117	292	31
1	226836430.1	G	T	275	1	320	0	267	2	302	0	292	0
1	226836430.2	G	C	275	2	320	1	267	0	302	0	292	1
19	50510977.0	C	A	237	130	428	168	282	192	171	24	178	17
19	50510977.1	C	T	237	1	428	0	282	0	171	0	178	0
19	50510977.2	C	G	237	1	428	1	282	2	171	0	178	0
4	70361436.0	C	A	80	1	69	0	73	0	83	1	80	0
4	70361436.1	C	G	80	32	69	19	73	60	83	42	80	0
4	177608386.0	T	G	377	301	290	134	240	311	473	215	180	17
4	177608386.1	T	A	377	0	290	1	240	0	473	0	180	0
4	177608386.2	T	C	377	0	290	1	240	0	473	0	180	0
21	36042565.0	C	A	6	3	17	4	9	7	8	2	20	0
1	247835421.0	T	C	65	76	56	37	73	48	76	48	79	8
19	59025580.0	G	A	128	1	126	0	56	0	59	0	95	1
19	59025580.1	G	C	128	96	126	70	56	57	59	40	95	24
19	59025580.2	G	T	128	0	126	0	56	0	59	0	95	1
14	88737089.0	A	T	86	91	108	80	96	116	83	61	99	30
14	88737089.1	A	C	86	2	108	3	96	4	83	0	99	2
14	88737089.2	A	G	86	0	108	0	96	2	83	0	99	0
9	135447872.0	G	A	29	60	126	130	24	185	89	30	98	20
9	135447872.1	G	T	29	0	126	1	24	0	89	1	98	0
9	135447872.2	G	C	29	0	126	1	24	0	89	2	98	0
2	1133310.0	G	T	153	80	154	57	162	99	118	47	100	6
2	1133310.1	G	A	153	0	154	1	162	0	118	0	100	0
2	1133310.2	G	C	153	0	154	0	162	1	118	0	100	0
1	248084819.0	G	T	145	69	284	49	166	53	159	46	150	9
5	11111003.0	G	T	53	31	90	42	112	64	38	18	34	1
5	11111003.1	G	C	53	0	90	1	112	1	38	1	34	0
5	11111003.2	G	A	53	0	90	0	112	1	38	0	34	0
12	57442017.0	G	A	106	31	79	28	72	41	128	18	140	16
12	57442017.1	G	T	106	0	79	1	72	0	128	1	140	0
12	57442017.2	G	C	106	0	79	0	72	0	128	1	140	0
2	173881912.0	G	T	293	92	172	34	221	71	286	45	128	7
2	173881912.1	G	A	293	0	172	0	221	2	286	0	128	0
2	173881912.2	G	C	293	0	172	0	221	2	286	1	128	0
11	11394081.0	T	A	87	26	140	18	166	44	96	10	95	0
11	11394081.1	T	G	87	3	140	0	166	0	96	0	95	0
11	11394081.2	T	C	87	1	140	0	166	0	96	0	95	0
22	17590492.0	G	T	17	18	52	39	15	44	30	10	91	7
22	17590492.1	G	C	17	0	52	0	15	1	30	0	91	0
5	128440729.0	C	A	326	2	196	0	187	0	347	2	168	0
5	128440729.1	C	G	326	265	196	115	187	281	347	180	168	10
5	128440729.2	C	T	326	0	196	3	187	1	347	1	168	0
11	64022277.0	C	T	176	39	218	40	170	60	129	21	181	11
11	64022277.1	C	G	176	0	218	2	170	0	129	0	181	0
11	22747980.0	G	A	290	225	228	86	357	268	423	150	94	14
11	22747980.1	G	C	290	0	228	1	357	3	423	0	94	0
11	22747980.2	G	T	290	0	228	0	357	1	423	2	94	0
3	122354777.0	G	T	106	93	85	47	59	98	140	61	119	13
3	122354777.1	G	A	106	0	85	0	59	2	140	0	119	0
19	45150575.0	C	T	116	0	174	0	119	32	73	0	135	0
19	45150575.1	C	A	116	0	174	0	119	0	73	1	135	0
17	7710892.0	G	C	70	36	101	31	56	37	78	19	79	8
1	247751844.0	G	T	206	69	172	33	114	105	195	40	122	1
1	247751844.1	G	A	206	0	172	0	114	0	195	1	122	2
5	135508133.0	T	C	315	130	158	54	248	91	400	80	151	12
5	135508133.1	T	G	315	0	158	1	248	0	400	1	151	0
3	142078747.0	C	A	286	4	149	0	289	0	411	1	153	3
3	142078747.1	C	T	286	71	149	24	289	97	411	73	153	23
3	142078747.2	C	G	286	0	149	0	289	0	411	0	153	3
12	124371794.0	C	A	81	1	147	0	93	0	112	0	108	0
12	124371794.1	C	T	81	100	147	40	93	147	112	30	108	3
12	124371794.2	C	G	81	0	147	0	93	1	112	0	108	0
5	59899346.0	C	A	105	133	118	62	100	147	229	109	144	26
5	59899346.1	C	G	105	1	118	0	100	1	229	0	144	0
5	59899346.2	C	T	105	0	118	1	100	1	229	0	144	0
12	94658982.0	T	A	410	1	165	0	162	2	548	0	228	0
12	94658982.1	T	G	410	204	165	17	162	17	548	21	228	162
12	94658982.2	T	C	410	1	165	0	162	2	548	0	228	1
17	79536071.0	C	T	315	246	152	36	193	117	320	113	248	24
17	79536071.1	C	G	315	1	152	3	193	0	320	0	248	0
17	79536071.2	C	A	315	0	152	1	193	0	320	0	248	0
5	132534883.0	C	T	74	0	132	0	151	0	98	1	95	2
5	132534883.1	C	G	74	0	132	0	151	0	98	12	95	0
11	35457638.0	C	A	221	1	276	3	236	1	196	1	173	0
11	35457638.1	C	T	221	92	276	117	236	236	196	66	173	18
11	35457638.2	C	G	221	0	276	2	236	2	196	0	173	0
2	207636936.0	G	A	185	75	126	51	126	162	235	121	143	19
2	207636936.1	G	C	185	2	126	1	126	0	235	0	143	0
2	207636936.2	G	T	185	0	126	1	126	0	235	1	143	0
8	113988292.0	G	A	196	3	127	0	167	0	147	0	121	0
8	113988292.1	G	C	196	84	127	68	167	90	147	46	121	10
8	113988292.2	G	T	196	0	127	2	167	3	147	0	121	0
17	36508578.0	C	T	27	10	76	25	26	13	24	8	40	3
17	36508578.1	C	G	27	0	76	1	26	0	24	0	40	0
17	4579098.0	C	T	76	2	113	0	52	0	106	0	163	0
17	4579098.1	C	G	76	49	113	29	52	38	106	32	163	6
17	4579098.2	C	A	76	0	113	0	52	1	106	0	163	0
5	132150936.0	A	C	1	7	13	6	14	21	7	5	14	2
5	132150936.1	A	T	1	0	13	0	14	1	7	0	14	0
15	102346356.0	T	C	24	51	29	16	16	78	62	40	85	11
15	102346356.1	T	G	24	0	29	0	16	0	62	0	85	1
2	26802299.0	G	T	182	102	196	64	225	134	195	21	189	17
2	26802299.1	G	A	182	0	196	3	225	0	195	0	189	1
13	29598838.0	G	T	70	1	66	0	66	0	79	0	56	0
13	29598838.1	G	C	70	22	66	18	66	26	79	16	56	7
2	220040969.0	C	A	140	1	151	0	141	0	233	0	229	0
2	220040969.1	C	G	140	93	151	0	141	0	233	0	229	3
2	220040969.2	C	T	140	0	151	0	141	0	233	0	229	1
1	38019694.0	G	T	53	8	73	11	43	14	63	13	77	3
9	80336391.0	G	A	224	82	194	38	147	53	198	30	115	11
9	80336391.1	G	C	224	1	194	2	147	1	198	0	115	0
9	80336391.2	G	T	224	0	194	2	147	0	198	1	115	0
6	86350258.0	T	C	99	155	53	31	59	90	218	8	134	33
7	84671586.0	G	A	703	4	369	1	472	1	543	0	225	0
7	84671586.1	G	T	703	92	369	57	472	120	543	57	225	10
7	84671586.2	G	C	703	1	369	3	472	1	543	0	225	0
6	109980585.0	G	A	158	1	99	3	106	1	232	0	94	0
6	109980585.1	G	C	158	151	99	61	106	147	232	7	94	10
6	109980585.2	G	T	158	0	99	2	106	1	232	0	94	1
20	43247004.0	G	T	183	2	263	2	181	1	160	0	168	0
20	43247004.1	G	C	183	53	263	53	181	76	160	36	168	13
20	43247004.2	G	A	183	0	263	2	181	0	160	0	168	0
3	51967616.0	C	A	89	107	172	128	129	159	100	42	171	32
3	51967616.1	C	G	89	1	172	0	129	0	100	0	171	0
11	56043315.0	T	A	87	41	36	20	72	56	78	26	39	4
5	161317966.0	C	A	95	1	67	0	123	0	163	0	102	0
5	161317966.1	C	T	95	2	67	0	123	0	163	0	102	0
5	161317966.2	C	G	95	89	67	39	123	155	163	68	102	16
10	1405850.0	C	A	11	4	52	21	21	13	10	9	34	3
2	3447581.0	G	A	146	1	212	0	183	0	116	0	132	0
2	3447581.1	G	T	146	145	212	159	183	161	116	73	132	18
2	3447581.2	G	C	146	0	212	1	183	0	116	0	132	0
14	58599888.0	G	A	100	2	98	0	117	1	137	0	80	0
14	58599888.1	G	T	100	1	98	3	117	1	137	0	80	0
14	58599888.2	G	C	100	41	98	20	117	43	137	0	80	5
1	93620381.0	G	T	445	0	217	3	177	1	480	0	187	1
1	93620381.1	G	C	445	0	217	2	177	2	480	0	187	0
1	93620381.2	G	A	445	0	217	0	177	108	480	0	187	0
22	44495974.0	G	A	107	35	167	52	99	74	118	19	165	4
22	44495974.1	G	T	107	0	167	0	99	1	118	0	165	0
20	8717777.0	A	T	285	111	136	42	263	78	322	65	128	7
20	8717777.1	A	C	285	0	136	0	263	0	322	0	128	1
8	131370320.0	C	A	700	317	716	202	445	253	758	174	533	62
8	131370320.1	C	T	700	7	716	2	445	1	758	2	533	6
8	131370320.2	C	G	700	2	716	6	445	3	758	1	533	1
15	40030294.0	C	T	69	249	156	95	78	337	211	166	119	7
15	40030294.1	C	A	69	0	156	4	78	0	211	0	119	0
15	40030294.2	C	G	69	0	156	2	78	2	211	1	119	0
20	4680056.0	G	T	25	22	95	31	61	54	57	15	57	6
20	4680056.1	G	C	25	0	95	1	61	0	57	0	57	0
20	4680056.2	G	A	25	0	95	0	61	1	57	0	57	0
1	150769338.0	G	A	467	93	340	74	354	117	492	71	235	10
1	150769338.1	G	T	467	0	340	2	354	1	492	0	235	1
1	150769338.2	G	C	467	0	340	0	354	1	492	2	235	0
17	11795210.0	C	A	85	48	146	41	82	27	110	11	153	4
17	11795210.1	C	G	85	0	146	1	82	0	110	0	153	0
17	11795210.2	C	T	85	0	146	0	82	0	110	1	153	0
X	29414441.0	C	A	33	58	45	25	17	60	77	41	65	7
X	29414441.1	C	G	33	0	45	0	17	2	77	0	65	0
1	22157559.0	C	G	58	47	179	66	99	89	57	27	86	5
1	22157559.1	C	A	58	0	179	2	99	0	57	0	86	0
1	22157559.2	C	T	58	0	179	1	99	0	57	0	86	0
11	56258384.0	C	A	62	43	81	33	85	78	85	18	72	2
11	56258384.1	C	T	62	1	81	0	85	0	85	0	72	0
19	53086022.0	A	T	121	91	100	26	149	73	106	71	121	13
19	53086022.1	A	G	121	1	100	0	149	0	106	0	121	0
19	53086022.2	A	C	121	0	100	0	149	1	106	0	121	0
7	141736699.0	C	A	162	50	154	31	271	74	201	0	160	0
7	141736699.1	C	T	162	1	154	0	271	0	201	0	160	0
8	2057254.0	G	A	53	1	107	0	24	0	112	0	106	0
8	2057254.1	G	T	53	58	107	47	24	82	112	49	106	9
8	2057254.2	G	C	53	1	107	1	24	0	112	0	106	1
16	13329069.0	C	A	66	64	173	84	111	164	118	29	118	18
16	13329069.1	C	T	66	0	173	0	111	1	118	0	118	0
16	13329069.2	C	G	66	0	173	0	111	1	118	0	118	0
16	13329068.0	C	A	68	64	168	84	112	168	115	28	117	17
16	13329068.1	C	T	68	0	168	1	112	0	115	0	117	1
16	13329068.2	C	G	68	0	168	2	112	0	115	0	117	0
2	228883034.0	G	T	35	14	36	3	54	25	49	10	68	0
2	228883034.1	G	C	35	0	36	0	54	0	49	1	68	0
13	95114381.0	C	T	118	119	96	65	103	127	159	52	106	9
13	95114381.1	C	G	118	0	96	1	103	1	159	1	106	0
13	95114381.2	C	A	118	0	96	0	103	2	159	0	106	0
7	18066635.0	G	A	89	1	60	0	77	0	74	0	65	0
7	18066635.1	G	T	89	16	60	14	77	36	74	14	65	1
7	18066635.2	G	C	89	0	60	1	77	0	74	0	65	0
10	73767989.0	G	C	34	36	74	36	38	46	29	6	77	8
10	73767989.1	G	A	34	0	74	0	38	1	29	0	77	0
2	100623671.0	C	A	129	1	259	0	228	1	185	0	117	0
2	100623671.1	C	T	129	41	259	0	228	0	185	0	117	0
2	100623671.2	C	G	129	1	259	0	228	0	185	0	117	1
5	101834476.0	C	G	91	56	126	28	91	51	77	7	79	13
6	127608288.0	G	A	56	70	40	23	51	67	128	8	103	6
6	127608288.1	G	T	56	0	40	2	51	0	128	0	103	0
10	78944594.0	T	G	351	4	251	2	285	1	315	0	183	0
10	78944594.1	T	C	351	107	251	75	285	109	315	69	183	11
10	78944594.2	T	A	351	0	251	2	285	0	315	0	183	2
10	101912068.0	C	A	134	43	72	15	88	34	100	28	125	8
10	101912068.1	C	T	134	1	72	0	88	0	100	1	125	0
10	101912068.2	C	G	134	0	72	1	88	0	100	0	125	0
2	73479835.0	G	C	164	129	242	88	244	178	172	50	156	11
2	73479835.1	G	T	164	0	242	4	244	1	172	0	156	0
2	73479835.2	G	A	164	0	242	0	244	0	172	0	156	1
6	43152352.0	C	T	24	4	9	10	14	22	13	2	18	3
1	29606581.0	C	A	123	1	208	1	132	0	99	0	104	0
1	29606581.1	C	T	123	39	208	36	132	55	99	21	104	11
1	29606581.2	C	G	123	0	208	0	132	1	99	0	104	0
1	229641882.0	G	A	184	1	98	0	116	0	213	0	180	1
1	229641882.1	G	T	184	3	98	0	116	2	213	0	180	2
1	229641882.2	G	C	184	230	98	74	116	72	213	106	180	24
14	73958340.0	G	C	12	9	13	3	11	13	28	0	18	0
5	149631377.0	T	A	100	0	124	0	146	1	85	0	130	1
5	149631377.1	T	G	100	0	124	0	146	0	85	5	130	0
5	149631377.2	T	C	100	0	124	0	146	0	85	0	130	1
4	74306453.0	G	A	160	114	173	63	90	126	176	63	92	7
4	74306453.1	G	T	160	1	173	0	90	0	176	1	92	0
4	74306453.2	G	C	160	1	173	3	90	0	176	0	92	1
10	128193239.0	G	T	14	7	25	7	26	10	27	5	13	1
17	4995523.0	C	T	51	22	26	4	50	23	53	34	125	14
1	24020383.0	A	T	89	1	125	2	41	0	136	0	283	0
1	24020383.1	A	G	89	498	125	246	41	341	136	278	283	129
1	24020383.2	A	C	89	1	125	0	41	0	136	0	283	0
3	48698934.0	G	T	5	7	16	2	11	15	3	1	30	11
10	61112191.0	C	A	136	53	243	53	209	70	129	11	129	3
6	161160104.0	C	T	225	47	168	12	197	59	97	57	142	2
6	161160104.1	C	G	225	0	168	1	197	0	97	0	142	0
19	35800878.0	G	A	144	1	364	1	192	0	134	0	195	1
19	35800878.1	G	C	144	77	364	161	192	119	134	26	195	19
19	35800878.2	G	T	144	0	364	1	192	0	134	1	195	0
X	152830497.0	C	G	8	36	39	37	10	74	16	17	50	21
X	152830497.1	C	A	8	0	39	1	10	0	16	0	50	0
5	11346579.0	A	C	245	45	402	37	463	85	263	11	172	2
5	11346579.1	A	G	245	0	402	1	463	0	263	0	172	0
5	11346579.2	A	T	245	0	402	0	463	1	263	0	172	0
1	90180169.0	C	T	23	42	25	13	20	26	47	26	70	7
1	90180169.1	C	G	23	0	25	0	20	0	47	0	70	1
1	179198379.0	G	A	31	3	43	0	37	0	61	0	86	1
1	179198379.1	G	T	31	57	43	20	37	18	61	39	86	16
1	179198379.2	G	C	31	0	43	1	37	0	61	0	86	0
1	67105506.0	G	T	244	215	143	68	218	259	397	199	131	18
1	67105506.1	G	A	244	0	143	0	218	1	397	0	131	0
12	4700406.0	G	A	152	50	184	37	174	59	168	41	130	5
12	4700406.1	G	C	152	0	184	1	174	0	168	1	130	0
12	4700406.2	G	T	152	0	184	0	174	1	168	0	130	0
1	159275782.0	G	C	110	1	65	0	68	37	91	0	71	0
1	159275782.1	G	A	110	0	65	1	68	0	91	0	71	0
1	159275782.2	G	T	110	0	65	0	68	1	91	0	71	0
1	6266732.0	C	A	188	114	351	0	201	0	222	0	223	0
1	6266732.1	C	T	188	1	351	0	201	0	222	0	223	0
19	44635839.0	G	A	215	117	126	44	152	117	186	31	129	14
19	44635839.1	G	T	215	1	126	0	152	0	186	0	129	0
19	44635839.2	G	C	215	0	126	0	152	1	186	0	129	0
11	47296362.0	G	T	49	14	44	12	71	28	40	9	46	2
11	47296362.1	G	A	49	0	44	0	71	1	40	0	46	2
1	155447895.0	C	T	227	93	156	32	170	79	206	38	177	18
1	155447895.1	C	A	227	0	156	0	170	1	206	1	177	0
6	123377145.0	G	T	92	26	56	11	109	31	58	35	61	6
6	123377145.1	G	C	92	1	56	0	109	0	58	0	61	0
2	29754945.0	C	A	251	46	259	34	373	115	192	32	162	7
2	29754945.1	C	T	251	3	259	1	373	1	192	0	162	0
2	29754945.2	C	G	251	0	259	1	373	0	192	0	162	0
20	2686364.0	C	T	186	114	352	168	185	203	144	54	155	17
20	2686364.1	C	G	186	1	352	1	185	2	144	0	155	0
20	2686364.2	C	A	186	0	352	6	185	0	144	0	155	0
19	40978621.0	C	A	105	0	207	0	150	0	57	1	113	0
19	40978621.1	C	T	105	0	207	0	150	0	57	14	113	0
5	156464264.0	C	G	96	72	65	31	98	87	115	42	88	4
5	156464264.1	C	T	96	0	65	1	98	0	115	1	88	0
5	156464264.2	C	A	96	0	65	0	98	1	115	1	88	0
14	80164038.0	C	A	128	32	97	23	99	49	104	17	99	3
14	80164038.1	C	G	128	0	97	2	99	1	104	0	99	0
14	80164038.2	C	T	128	0	97	0	99	0	104	1	99	0
19	3578002.0	G	T	27	48	107	97	23	57	41	18	124	16
X	49957775.0	C	T	77	0	43	1	75	1	86	0	37	6
19	54578257.0	G	A	66	32	83	47	72	74	84	22	100	8
19	54578257.1	G	T	66	0	83	2	72	0	84	0	100	0
19	54578257.2	G	C	66	0	83	0	72	1	84	0	100	0
2	8919803.0	C	A	59	39	64	27	59	42	87	21	60	5
2	8919803.1	C	T	59	0	64	0	59	0	87	0	60	1
2	71825744.0	G	T	86	42	153	72	168	122	109	24	130	11
2	71825744.1	G	C	86	1	153	1	168	0	109	0	130	2
14	56130749.0	A	T	252	1	160	0	208	1	250	0	116	0
14	56130749.1	A	G	252	75	160	31	208	64	250	0	116	5
X	49957774.0	T	C	76	0	45	0	77	1	86	0	37	0
X	49957774.1	T	A	76	0	45	0	77	0	86	0	37	6
12	91347996.0	A	T	46	1	104	0	78	0	49	0	80	0
12	91347996.1	A	G	46	15	104	13	78	37	49	4	80	7
12	91347996.2	A	C	46	0	104	0	78	1	49	0	80	1
11	1270422.0	G	C	102	18	419	51	294	53	91	11	185	8
11	1270422.1	G	T	102	0	419	2	294	0	91	0	185	0
2	163213355.0	G	A	209	60	96	14	147	51	207	31	144	4
2	163213355.1	G	T	209	0	96	2	147	0	207	0	144	0
12	123105134.0	G	A	177	67	130	50	147	68	165	32	124	9
12	123105134.1	G	T	177	0	130	1	147	0	165	0	124	0
6	137519717.0	G	A	49	72	43	16	42	45	101	3	94	9
6	137519717.1	G	C	49	0	43	1	42	0	101	0	94	0
20	36766726.0	C	T	130	57	159	40	125	47	222	0	111	4
20	36766726.1	C	A	130	0	159	2	125	0	222	0	111	1
12	101514378.0	G	A	230	77	174	34	240	71	191	40	125	6
12	101514378.1	G	T	230	1	174	2	240	1	191	0	125	1
12	101514378.2	G	C	230	2	174	0	240	1	191	0	125	0
21	33651131.0	C	G	23	8	53	7	30	16	19	8	45	2
17	49067228.0	C	A	64	1	81	0	85	0	145	1	99	0
17	49067228.1	C	T	64	50	81	22	85	47	145	23	99	4
17	49067228.2	C	G	64	1	81	0	85	0	145	0	99	0
7	139661721.0	C	A	184	1	177	0	241	1	171	0	136	0
7	139661721.1	C	T	184	42	177	19	241	53	171	24	136	2
4	85414603.0	C	A	180	128	381	194	230	295	188	46	176	15
4	85414603.1	C	G	180	1	381	4	230	2	188	0	176	0
4	85414603.2	C	T	180	0	381	1	230	0	188	0	176	0
12	6494476.0	T	C	266	81	340	61	136	51	307	0	297	0
12	6494476.1	T	A	266	0	340	1	136	1	307	0	297	0
4	38829274.0	G	C	84	57	117	34	159	62	117	33	147	6
4	38829274.1	G	A	84	0	117	0	159	1	117	1	147	0
4	38829274.2	G	T	84	0	117	0	159	3	117	0	147	0
2	207615715.0	C	A	188	87	164	18	359	126	395	78	100	4
2	207615715.1	C	T	188	0	164	0	359	1	395	1	100	0
2	61441781.0	T	A	96	36	59	21	58	57	101	24	93	11
2	61441781.1	T	G	96	0	59	0	58	1	101	0	93	0
2	61441781.2	T	C	96	0	59	0	58	1	101	0	93	0
17	7365310.0	T	C	134	42	163	46	106	74	132	17	208	9
17	7365310.1	T	A	134	0	163	1	106	0	132	0	208	0
17	7365310.2	T	G	134	0	163	1	106	1	132	0	208	0
17	4644269.0	G	A	95	9	140	0	124	0	143	0	198	0
17	4644269.1	G	T	95	0	140	0	124	1	143	0	198	0
3	57399507.0	C	A	249	86	116	27	217	106	291	72	104	11
3	57399507.1	C	G	249	1	116	0	217	0	291	0	104	0
16	25258554.0	T	A	83	43	108	22	112	51	110	24	103	10
16	25258554.1	T	G	83	1	108	0	112	0	110	0	103	0
16	25258554.2	T	C	83	1	108	2	112	0	110	0	103	0
3	149678610.0	C	G	123	43	89	18	103	38	113	27	114	14
3	149678610.1	C	A	123	0	89	0	103	1	113	0	114	0
7	66098270.0	G	T	297	42	258	32	281	45	337	23	223	7
2	113509859.0	C	A	733	2	362	5	426	1	767	3	240	0
2	113509859.1	C	T	733	209	362	72	426	186	767	148	240	13
2	113509859.2	C	G	733	1	362	0	426	0	767	0	240	0
14	102481446.0	G	C	65	83	91	51	86	96	77	38	130	16
14	102481446.1	G	T	65	0	91	0	86	0	77	1	130	0
2	99251739.0	C	T	245	89	147	29	287	115	468	87	199	10
2	99251739.1	C	G	245	0	147	1	287	0	468	2	199	0
2	99251739.2	C	A	245	0	147	0	287	1	468	0	199	1
22	50355456.0	G	T	29	61	36	27	9	23	55	43	117	15
10	27702526.0	G	T	14	8	40	19	52	24	29	26	38	4
14	75520317.0	C	A	259	2	246	2	179	0	292	0	185	0
14	75520317.1	C	T	259	76	246	62	179	71	292	1	185	10
21	34399406.0	C	A	44	15	103	42	45	49	50	10	82	7
21	34399406.1	C	T	44	1	103	0	45	0	50	0	82	0
2	135756546.0	T	G	186	1	128	0	154	0	208	0	125	0
2	135756546.1	T	C	186	65	128	33	154	45	208	40	125	1
2	135756546.2	T	A	186	0	128	1	154	0	208	1	125	0
1	3511943.0	C	T	26	1	66	0	67	0	32	0	44	6
2	27680613.0	C	T	68	12	87	13	127	26	56	15	79	6
2	27680613.1	C	A	68	0	87	0	127	1	56	0	79	0
7	141424945.0	C	T	68	23	71	20	65	21	70	9	59	6
7	141424945.1	C	A	68	0	71	0	65	1	70	1	59	0
7	141424945.2	C	G	68	0	71	0	65	2	70	0	59	0
19	4429735.0	G	A	108	128	145	103	66	231	213	56	216	16
19	4429735.1	G	T	108	1	145	2	66	0	213	0	216	0
19	4429735.2	G	C	108	1	145	1	66	0	213	0	216	0
12	113812293.0	C	A	22	11	74	24	65	29	31	10	54	4
12	113812293.1	C	T	22	1	74	0	65	0	31	0	54	0
5	16701183.0	C	T	35	16	75	16	77	15	48	11	47	3
5	16701183.1	C	G	35	0	75	1	77	0	48	0	47	0
5	16701183.2	C	A	35	0	75	0	77	1	48	0	47	0
12	66539695.0	C	A	325	1	94	0	197	0	547	0	305	0
12	66539695.1	C	T	325	74	94	14	197	82	547	72	305	15
16	2290078.0	C	A	351	1	703	0	406	2	267	1	268	0
16	2290078.1	C	T	351	128	703	158	406	153	267	64	268	19
16	2290078.2	C	G	351	2	703	0	406	0	267	0	268	0
19	48908108.0	C	A	35	33	52	23	55	26	32	12	77	13
19	54848794.0	G	T	21	9	50	11	73	37	43	1	64	6
11	73471660.0	G	A	473	316	199	105	169	145	365	142	351	73
11	73471660.1	G	T	473	2	199	1	169	1	365	0	351	0
11	73471660.2	G	C	473	2	199	2	169	1	365	0	351	0
4	860902.0	G	A	13	7	81	26	28	24	20	10	40	3
4	860902.1	G	T	13	0	81	1	28	0	20	0	40	0
2	179470002.0	G	A	21	14	7	4	8	15	17	4	21	6
13	23908537.0	C	G	39	16	21	3	26	12	33	12	30	2
13	23908537.1	C	T	39	0	21	1	26	0	33	0	30	0
4	177089903.0	G	T	164	86	70	34	88	149	235	88	91	6
4	177089903.1	G	A	164	0	70	4	88	0	235	0	91	0
16	70906049.0	C	A	380	2	431	2	354	4	383	1	243	0
16	70906049.1	C	T	380	209	431	100	354	283	383	103	243	6
16	70906049.2	C	G	380	1	431	0	354	1	383	1	243	0
10	119133997.0	C	A	107	152	96	56	55	93	107	63	146	29
1	64671344.0	G	A	249	237	185	80	252	305	387	223	131	28
1	64671344.1	G	T	249	1	185	3	252	1	387	1	131	0
1	64671344.2	G	C	249	0	185	0	252	3	387	2	131	1
10	50872937.0	A	C	31	16	49	8	57	27	46	16	52	2
7	76888353.0	A	T	521	103	213	25	499	89	551	73	156	10
7	76888353.1	A	G	521	5	213	0	499	1	551	1	156	0
7	76888353.2	A	C	521	1	213	0	499	0	551	1	156	0
5	121187761.0	G	T	9	3	33	8	20	15	8	0	22	0
5	121187761.1	G	C	9	0	33	1	20	0	8	0	22	0
14	23390156.0	G	A	262	2	175	0	121	0	289	1	357	0
14	23390156.1	G	C	262	276	175	109	121	141	289	237	357	40
14	23390156.2	G	T	262	0	175	1	121	1	289	2	357	0
19	50548740.0	A	G	37	26	40	23	29	14	33	7	52	16
15	67073858.0	C	T	6	8	28	14	7	12	4	3	27	5
15	67073858.1	C	G	6	0	28	0	7	1	4	0	27	0
7	138310762.0	C	A	202	47	163	36	210	62	208	35	146	5
7	138310762.1	C	T	202	2	163	0	210	1	208	0	146	0
7	138310762.2	C	G	202	0	163	1	210	1	208	0	146	0
1	46073610.0	G	T	100	2	79	0	58	0	150	0	111	0
1	46073610.1	G	C	100	17	79	0	58	0	150	0	111	0
17	25973598.0	A	C	271	1	353	4	409	6	304	1	176	4
17	25973598.1	A	T	271	0	353	1	409	1	304	0	176	0
17	25973598.2	A	G	271	0	353	0	409	2	304	0	176	0
17	41245399.0	C	T	104	42	55	23	68	61	184	51	79	6
17	41245399.1	C	G	104	0	55	0	68	0	184	0	79	2
18	44109185.0	G	T	80	136	210	155	30	190	137	76	122	7
18	44109185.1	G	A	80	0	210	2	30	1	137	0	122	2
18	44109185.2	G	C	80	0	210	2	30	0	137	0	122	0
2	197656066.0	C	A	606	2	249	0	356	0	392	0	184	0
2	197656066.1	C	T	606	1	249	2	356	0	392	1	184	0
2	197656066.2	C	G	606	123	249	64	356	109	392	70	184	8
19	11134239.0	C	A	39	1	155	0	35	1	88	0	185	0
19	11134239.1	C	T	39	128	155	121	35	169	88	101	185	30
19	11134238.0	C	T	38	128	154	120	34	167	85	102	186	33
19	11134238.1	C	G	38	2	154	0	34	1	85	0	186	0
14	94044207.0	C	A	154	45	136	20	171	68	133	0	90	6
14	94044207.1	C	G	154	1	136	0	171	0	133	0	90	0
16	2027364.0	A	T	165	1	293	0	248	0	181	0	199	0
16	2027364.1	A	G	165	59	293	0	248	0	181	0	199	0
1	65137295.0	C	T	213	2	204	0	253	3	249	0	109	0
1	65137295.1	C	G	213	73	204	67	253	101	249	68	109	2
1	65137295.2	C	A	213	0	204	0	253	2	249	0	109	0
20	34057761.0	G	A	174	2	168	0	165	2	257	1	222	1
20	34057761.1	G	C	174	180	168	102	165	207	257	97	222	18
20	34057761.2	G	T	174	0	168	1	165	1	257	0	222	0
19	7927895.0	C	A	9	46	64	86	10	60	38	15	77	6
6	33660616.0	C	A	172	2	99	2	187	1	173	0	224	3
6	33660616.1	C	T	172	188	99	118	187	256	173	77	224	43
6	33660616.2	C	G	172	1	99	3	187	3	173	1	224	0
7	157202689.0	G	T	6	5	16	17	8	15	7	0	9	2
6	34839409.0	A	T	217	5	171	2	200	2	234	0	185	0
6	34839409.1	A	G	217	3	171	4	200	5	234	2	185	0
6	34839409.2	A	C	217	156	171	103	200	184	234	104	185	22
11	123810912.0	C	A	437	102	445	71	579	129	368	69	160	11
11	123810912.1	C	G	437	2	445	0	579	1	368	0	160	1
11	123810912.2	C	T	437	0	445	2	579	3	368	0	160	0
5	176918115.0	C	A	85	39	210	42	104	39	82	18	187	6
5	176918115.1	C	T	85	0	210	1	104	0	82	0	187	0
12	11244143.0	T	A	87	10	26	3	67	13	101	7	62	2
7	11632984.0	G	A	154	142	160	89	95	169	169	70	128	5
7	11632984.1	G	T	154	0	160	1	95	1	169	0	128	1
7	11632984.2	G	C	154	0	160	0	95	1	169	0	128	0
19	52937247.0	C	A	258	4	274	2	303	4	153	0	164	0
19	52937247.1	C	T	258	2	274	2	303	0	153	0	164	2
19	52937247.2	C	G	258	123	274	76	303	194	153	79	164	13
1	216595566.0	G	A	142	53	140	23	124	0	136	29	110	6
6	47976673.0	T	C	38	16	22	7	51	30	39	4	37	3
1	207793392.0	C	T	174	1	207	4	101	1	212	0	165	0
1	207793392.1	C	G	174	87	207	46	101	79	212	21	165	5
14	94718090.0	G	A	145	87	108	37	160	172	171	120	86	10
14	94718090.1	G	C	145	2	108	0	160	0	171	0	86	0
1	209907866.0	G	A	74	16	31	9	30	33	97	35	75	6
1	209907866.1	G	C	74	0	31	1	30	1	97	0	75	0
2	179449849.0	G	T	171	43	143	33	141	62	172	32	114	6
2	179449849.1	G	C	171	1	143	1	141	1	172	0	114	0
13	33110404.0	G	C	86	82	41	24	55	73	138	56	109	15
13	33110404.1	G	T	86	0	41	1	55	2	138	2	109	1
X	70360591.0	C	G	68	0	101	1	69	1	66	0	70	0
X	70360591.1	C	A	68	0	101	0	69	47	66	0	70	0
X	70360591.2	C	T	68	0	101	0	69	1	66	0	70	0
18	50866170.0	C	A	95	135	107	116	31	189	123	92	127	9
18	50866170.1	C	T	95	0	107	1	31	0	123	0	127	0
18	50866170.2	C	G	95	0	107	1	31	0	123	0	127	0
7	48375122.0	A	T	224	72	184	40	202	83	195	33	133	2
7	48375122.1	A	G	224	2	184	1	202	1	195	0	133	0
7	48375122.2	A	C	224	1	184	0	202	0	195	1	133	0
5	82834548.0	C	T	23	11	15	4	22	13	51	15	44	1
1	118727745.0	G	A	433	187	155	28	124	88	371	69	215	13
1	118727745.1	G	C	433	2	155	0	124	1	371	0	215	0
1	118727745.2	G	T	433	0	155	0	124	1	371	1	215	0
8	143998578.0	C	A	66	23	157	43	180	65	54	9	80	17
8	143998578.1	C	T	66	0	157	1	180	0	54	0	80	0
8	143998578.2	C	G	66	0	157	0	180	1	54	0	80	0
8	88885175.0	C	A	247	177	344	50	437	79	372	82	153	6
8	88885175.1	C	T	247	1	344	0	437	1	372	0	153	0
8	88885175.2	C	G	247	2	344	0	437	3	372	2	153	0
2	17888505.0	C	G	291	202	201	59	296	205	397	104	159	12
2	17888505.1	C	A	291	0	201	2	296	1	397	0	159	0
2	17888505.2	C	T	291	0	201	4	296	0	397	1	159	0
8	121353599.0	G	A	396	2	386	0	385	2	376	0	139	0
8	121353599.1	G	T	396	1	386	1	385	3	376	0	139	1
8	121353599.2	G	C	396	160	386	141	385	206	376	71	139	8
8	33451073.0	G	T	24	57	88	59	24	85	56	36	89	19
8	33451073.1	G	C	24	1	88	0	24	1	56	1	89	0
8	33451073.2	G	A	24	0	88	1	24	0	56	0	89	0
6	108492697.0	G	A	189	173	408	263	272	347	195	7	219	17
6	108492697.1	G	T	189	1	408	2	272	1	195	0	219	1
6	108492697.2	G	C	189	1	408	1	272	1	195	0	219	0
12	102542034.0	C	T	20	12	14	2	36	12	42	13	17	0
6	43475319.0	T	A	122	82	131	63	143	97	111	50	138	26
6	43475319.1	T	G	122	1	131	1	143	1	111	2	138	0
6	43475319.2	T	C	122	0	131	3	143	0	111	1	138	2
X	128694556.0	G	T	213	0	105	0	161	1	187	0	90	12
X	128694556.1	G	C	213	0	105	0	161	0	187	0	90	3
8	71126249.0	C	A	549	215	254	85	488	210	894	211	252	18
8	71126249.1	C	T	549	0	254	2	488	1	894	3	252	0
8	71126249.2	C	G	549	0	254	0	488	1	894	1	252	0
1	34033199.0	A	G	88	26	81	32	84	43	88	18	53	3
11	58126290.0	T	A	103	87	91	37	151	83	154	40	74	7
11	58126290.1	T	C	103	0	91	1	151	0	154	0	74	0
2	216296680.0	G	T	359	2	188	55	170	55	431	107	186	19
2	216296680.1	G	A	359	0	188	1	170	0	431	0	186	0
4	147861038.0	G	A	401	1	503	4	406	2	381	0	169	0
4	147861038.1	G	T	401	252	503	177	406	145	381	146	169	11
4	147861038.2	G	C	401	0	503	1	406	3	381	0	169	0
7	44924591.0	G	C	26	6	16	6	12	9	28	6	34	0
12	44166116.0	A	G	79	89	56	27	63	49	114	52	97	15
12	44166116.1	A	C	79	2	56	0	63	1	114	0	97	0
12	44166116.2	A	T	79	0	56	1	63	0	114	0	97	1
20	10628752.0	T	A	84	36	96	23	105	59	108	25	148	3
20	10628752.1	T	G	84	0	96	0	105	1	108	0	148	0
X	75395389.0	G	T	83	1	85	0	28	1	212	1	136	2
X	75395389.1	G	C	83	448	85	121	28	273	212	228	136	55
X	75395389.2	G	A	83	0	85	1	28	1	212	0	136	0
1	151006650.0	C	A	62	1	91	0	57	0	93	0	82	0
1	151006650.1	C	T	62	17	91	14	57	22	93	11	82	4
1	151006650.2	C	G	62	2	91	0	57	0	93	0	82	0
8	133053897.0	G	A	128	3	125	0	120	0	105	1	101	0
8	133053897.1	G	T	128	54	125	27	120	52	105	24	101	6
8	133053897.2	G	C	128	1	125	0	120	4	105	0	101	1
3	9852311.0	C	A	79	68	77	54	66	70	69	37	174	24
3	9852311.1	C	G	79	0	77	0	66	1	69	0	174	0
10	23481662.0	T	A	6	12	52	15	16	2	24	9	42	3
10	23481662.1	T	C	6	0	52	1	16	0	24	0	42	0
12	10586433.0	G	A	964	360	280	66	509	192	981	250	203	19
12	10586433.1	G	T	964	3	280	2	509	1	981	2	203	0
12	10586433.2	G	C	964	2	280	1	509	3	981	2	203	0
13	61986693.0	C	T	47	0	28	0	47	15	82	0	44	0
7	158664077.0	A	T	143	22	225	31	217	47	122	18	123	18
7	158664077.1	A	G	143	1	225	0	217	1	122	0	123	1
7	158664077.2	A	C	143	0	225	0	217	1	122	0	123	0
1	230493021.0	G	A	54	20	123	21	70	46	69	13	99	5
16	18544416.0	G	A	174	93	104	39	142	120	166	63	92	11
16	18544416.1	G	C	174	1	104	1	142	1	166	0	92	0
7	141739968.0	G	T	227	281	193	131	158	371	237	179	197	20
7	141739968.1	G	C	227	1	193	0	158	1	237	0	197	0
7	141739968.2	G	A	227	0	193	1	158	1	237	1	197	0
1	86334204.0	G	A	72	77	62	38	52	54	91	65	67	4
1	86334204.1	G	C	72	1	62	0	52	1	91	0	67	0
3	194344362.0	G	A	17	18	43	27	15	33	18	2	36	10
3	194344362.1	G	T	17	1	43	0	15	0	18	0	36	0
3	194344362.2	G	C	17	1	43	0	15	0	18	0	36	0
14	45475443.0	C	A	62	1	31	0	38	0	108	0	60	0
14	45475443.1	C	G	62	44	31	8	38	50	108	35	60	6
13	99098960.0	C	A	209	63	310	56	269	109	186	31	214	13
13	99098960.1	C	T	209	2	310	2	269	0	186	0	214	0
13	99098960.2	C	G	209	0	310	3	269	1	186	0	214	0
11	133805605.0	G	A	72	42	144	55	103	60	75	25	94	19
11	133805605.1	G	T	72	0	144	1	103	1	75	0	94	0
6	152552693.0	T	C	95	32	74	16	76	38	109	51	85	4
6	152552693.1	T	A	95	0	74	0	76	1	109	1	85	0
6	152552693.2	T	G	95	0	74	0	76	1	109	0	85	0
1	233135082.0	T	A	86	32	116	35	58	38	59	19	75	1
1	233135082.1	T	C	86	0	116	0	58	1	59	0	75	0
1	144931640.0	C	A	187	68	88	12	97	20	249	65	123	12
1	144931640.1	C	G	187	1	88	0	97	0	249	0	123	0
3	49020395.0	G	A	298	74	250	64	275	115	291	0	222	17
3	49020395.1	G	C	298	1	250	0	275	0	291	0	222	0
3	49020395.2	G	T	298	0	250	0	275	2	291	0	222	0
5	123974829.0	C	T	248	2	206	1	270	0	346	0	169	0
5	123974829.1	C	G	248	100	206	53	270	97	346	58	169	9
5	123974829.2	C	A	248	0	206	1	270	1	346	0	169	0
6	74497175.0	G	A	75	1	49	0	63	0	113	0	50	0
6	74497175.1	G	T	75	62	49	16	63	60	113	5	50	11
8	99006764.0	G	A	358	1	212	2	345	1	222	0	164	0
8	99006764.1	G	T	358	3	212	2	345	4	222	0	164	0
8	99006764.2	G	C	358	70	212	37	345	70	222	37	164	10
17	46620511.0	G	T	182	2	188	1	74	0	292	0	294	2
17	46620511.1	G	C	182	29	188	47	74	58	292	19	294	5
9	90537905.0	C	T	1	7	3	7	2	16	2	3	4	0
9	90537905.1	C	G	1	0	3	0	2	1	2	0	4	0
6	32134526.0	G	A	125	163	349	177	211	249	145	67	181	18
6	32134526.1	G	T	125	3	349	3	211	2	145	1	181	0
6	32134526.2	G	C	125	1	349	1	211	0	145	0	181	0
7	101845057.0	C	T	80	0	204	1	128	21	63	0	84	0
8	107773659.0	T	A	225	30	106	15	172	49	199	32	98	3
8	107773659.1	T	G	225	0	106	0	172	1	199	0	98	0
8	107773659.2	T	C	225	0	106	0	172	1	199	0	98	0
3	9495552.0	G	A	57	58	23	14	41	61	96	54	72	11
3	9495552.1	G	T	57	1	23	0	41	0	96	0	72	0
7	149480000.0	C	A	160	1	334	1	217	1	133	0	121	0
7	149480000.1	C	T	160	28	334	75	217	58	133	0	121	9
7	149480000.2	C	G	160	1	334	3	217	2	133	0	121	0
9	125281486.0	C	A	14	49	70	89	27	116	70	20	69	19
9	125281486.1	C	G	14	1	70	1	27	1	70	0	69	0
X	7894077.0	A	T	42	1	62	0	7	1	106	0	69	0
X	7894077.1	A	C	42	158	62	46	7	53	106	67	69	19
X	7894077.2	A	G	42	0	62	0	7	1	106	0	69	0
12	57058569.0	C	A	193	2	87	0	132	0	358	1	157	0
12	57058569.1	C	T	193	1	87	2	132	0	358	1	157	0
12	57058569.2	C	G	193	225	87	69	132	204	358	202	157	21
19	12903331.0	C	G	93	0	51	0	17	13	114	0	162	0
19	49611301.0	C	A	17	0	55	0	25	9	14	0	32	0
19	49611301.1	C	T	17	0	55	0	25	1	14	0	32	0
5	64748020.0	G	A	272	193	208	83	176	254	342	177	141	20
5	64748020.1	G	T	272	1	208	1	176	1	342	2	141	2
5	64748020.2	G	C	272	0	208	0	176	1	342	0	141	1
7	82544439.0	C	A	7	32	16	16	9	33	32	16	23	4
7	82544439.1	C	T	7	2	16	2	9	0	32	0	23	0
9	35101492.0	G	A	80	1	171	0	45	1	158	0	289	0
9	35101492.1	G	C	80	190	171	141	45	138	158	141	289	38
9	35101492.2	G	T	80	0	171	0	45	1	158	0	289	2
2	238280640.0	C	A	25	5	62	21	58	21	41	5	34	4
1	144871765.0	C	T	101	19	104	30	112	31	65	26	77	3
1	144871765.1	C	G	101	1	104	0	112	0	65	0	77	0
1	144871765.2	C	A	101	0	104	3	112	3	65	0	77	0
3	38180306.0	G	A	367	1	281	1	182	0	318	0	360	1
3	38180306.1	G	T	367	100	281	57	182	63	318	64	360	34
3	38180306.2	G	C	367	1	281	1	182	0	318	0	360	1
2	71060070.0	C	T	141	72	130	65	141	87	134	37	154	9
2	71060070.1	C	G	141	1	130	0	141	0	134	0	154	0
2	71060070.2	C	A	141	0	130	1	141	2	134	0	154	0
7	98992091.0	G	A	450	1	357	0	403	0	314	0	366	1
7	98992091.1	G	C	450	80	357	50	403	70	314	48	366	20
7	98992091.2	G	T	450	0	357	0	403	0	314	3	366	0
3	145790428.0	G	T	602	0	169	2	422	0	598	0	190	0
3	145790428.1	G	A	602	0	169	0	422	1	598	116	190	0
3	145790428.2	G	C	602	0	169	0	422	1	598	0	190	0
4	90034866.0	G	A	198	162	68	30	112	52	192	84	136	11
4	90034866.1	G	T	198	2	68	1	112	0	192	0	136	0
4	90034866.2	G	C	198	1	68	0	112	0	192	0	136	0
3	49038870.0	G	A	24	7	46	6	37	16	28	8	65	5
3	49038870.1	G	T	24	0	46	1	37	0	28	0	65	0
1	19487474.0	C	A	194	1	238	2	181	0	230	0	183	0
1	19487474.1	C	T	194	150	238	130	181	138	230	75	183	13
1	19487474.2	C	G	194	0	238	1	181	0	230	0	183	0
7	21698595.0	C	T	111	72	87	23	92	40	136	24	126	2
7	21698595.1	C	G	111	1	87	0	92	0	136	0	126	0
7	21698595.2	C	A	111	0	87	2	92	0	136	0	126	0
8	87060813.0	G	A	388	2	254	0	400	0	354	3	173	1
8	87060813.1	G	T	388	2	254	0	400	0	354	0	173	2
8	87060813.2	G	C	388	52	254	37	400	71	354	30	173	9
3	140265357.0	G	T	94	25	95	21	86	50	110	21	88	7
3	140265357.1	G	C	94	0	95	0	86	0	110	0	88	1
5	7626329.0	A	T	177	1	167	6	156	1	181	1	130	0
5	7626329.1	A	G	177	73	167	62	156	93	181	46	130	8
5	7626329.2	A	C	177	0	167	2	156	3	181	0	130	0
5	92956762.0	C	A	191	101	147	62	115	61	187	59	126	17
5	92956762.1	C	T	191	2	147	0	115	0	187	1	126	0
5	92956762.2	C	G	191	1	147	0	115	0	187	0	126	0
10	6539015.0	G	A	222	1	130	0	128	0	380	1	178	0
10	6539015.1	G	T	222	1	130	0	128	1	380	2	178	2
10	6539015.2	G	C	222	77	130	28	128	70	380	96	178	5
17	41245075.0	C	T	97	40	57	11	90	46	114	30	82	11
17	41245075.1	C	G	97	0	57	1	90	0	114	0	82	0
2	179577483.0	G	A	63	1	37	0	76	0	71	0	56	0
2	179577483.1	G	T	63	29	37	4	76	24	71	14	56	7
11	5364688.0	G	C	103	39	56	35	107	77	94	53	69	9
11	5364688.1	G	A	103	0	56	1	107	1	94	0	69	0
11	5364688.2	G	T	103	0	56	1	107	4	94	0	69	0
2	160884795.0	C	G	157	113	91	41	121	114	198	91	95	9
2	160884795.1	C	A	157	0	91	1	121	1	198	0	95	0
2	160884795.2	C	T	157	0	91	1	121	1	198	0	95	0
20	23666572.0	C	T	290	1	336	0	346	2	287	0	160	0
20	23666572.1	C	A	290	0	336	5	346	139	287	0	160	0
20	23666572.2	C	G	290	0	336	0	346	2	287	0	160	0
16	21213043.0	G	A	136	66	102	42	129	100	144	85	113	5
16	21213043.1	G	C	136	1	102	0	129	0	144	0	113	0
1	236740245.0	C	G	117	35	75	25	63	34	130	37	97	1
1	236740245.1	C	A	117	0	75	1	63	0	130	3	97	0
1	236740245.2	C	T	117	0	75	0	63	0	130	1	97	0
2	71185224.0	C	A	111	72	226	122	226	147	118	39	136	18
2	71185224.1	C	G	111	1	226	1	226	2	118	0	136	0
2	71185224.2	C	T	111	0	226	0	226	2	118	1	136	0
X	84559355.0	C	A	32	158	31	47	17	205	44	92	93	19
X	84559355.1	C	G	32	1	31	0	17	1	44	0	93	0
3	171323111.0	C	A	300	2	258	0	246	1	307	1	145	0
3	171323111.1	C	T	300	86	258	51	246	109	307	57	145	7
17	6606419.0	G	A	116	1	221	0	196	0	128	0	135	0
17	6606419.1	G	T	116	55	221	0	196	0	128	0	135	0
20	62197429.0	C	T	23	0	103	0	50	0	38	0	52	5
1	192780679.0	G	T	379	83	112	11	166	0	484	48	311	8
1	192780679.1	G	C	379	2	112	0	166	0	484	0	311	0
1	192780679.2	G	A	379	0	112	1	166	1	484	1	311	0
2	238277687.0	C	G	79	36	96	67	79	134	122	50	114	12
2	238277687.1	C	A	79	0	96	1	79	3	122	0	114	0
2	238277687.2	C	T	79	0	96	1	79	0	122	0	114	0
19	54744889.0	T	C	699	54	866	61	997	117	595	31	775	16
2	183731215.0	G	C	9	3	46	5	33	11	13	0	25	1
4	68610358.0	G	A	246	2	108	1	125	3	285	0	99	2
4	68610358.1	G	C	246	191	108	56	125	154	285	154	99	26
4	68610358.2	G	T	246	0	108	2	125	1	285	1	99	2
16	47007463.0	C	T	63	166	116	101	26	79	123	85	208	26
16	47007463.1	C	G	63	0	116	1	26	0	123	0	208	0
7	56183846.0	G	T	17	13	52	30	34	46	24	3	49	10
5	5447981.0	C	A	568	3	242	3	520	2	653	0	147	0
5	5447981.1	C	T	568	1	242	3	520	4	653	3	147	0
5	5447981.2	C	G	568	248	242	78	520	265	653	229	147	20
19	49639155.0	C	T	118	28	147	26	136	28	72	21	139	6
19	49639155.1	C	A	118	0	147	3	136	0	72	0	139	0
11	64571952.0	C	T	130	1	198	1	154	1	114	1	229	0
11	64571952.1	C	G	130	99	198	88	154	93	114	50	229	19
11	64571952.2	C	A	130	0	198	1	154	1	114	0	229	0
16	18861758.0	C	G	151	96	69	32	100	85	189	50	121	15
16	18861758.1	C	T	151	0	69	0	100	2	189	0	121	0
16	18861758.2	C	A	151	0	69	0	100	0	189	1	121	0
2	202358008.0	G	A	12	22	3	4	11	15	21	5	16	2
3	49051697.0	G	A	136	1	181	0	135	0	135	0	148	0
3	49051697.1	G	T	136	42	181	57	135	55	135	25	148	16
3	49051697.2	G	C	136	1	181	0	135	0	135	0	148	0
2	233244315.0	G	C	22	7	76	19	78	39	32	7	38	3
2	233244315.1	G	T	22	0	76	2	78	0	32	0	38	1
2	233244315.2	G	A	22	0	76	0	78	0	32	0	38	1
2	179602956.0	C	A	80	1	92	1	57	0	142	0	83	0
2	179602956.1	C	G	80	103	92	42	57	95	142	58	83	11
2	179602956.2	C	T	80	0	92	2	57	1	142	0	83	0
20	55909888.0	C	A	106	1	78	0	114	1	156	0	91	0
20	55909888.1	C	T	106	107	78	51	114	149	156	101	91	9
20	55909888.2	C	G	106	1	78	0	114	1	156	0	91	0
1	145492253.0	G	T	239	59	212	0	234	1	259	0	196	0
1	145492253.1	G	A	239	0	212	1	234	0	259	2	196	0
1	145492253.2	G	C	239	0	212	0	234	1	259	1	196	0
3	134278112.0	C	T	89	134	132	81	87	154	158	85	136	14
3	134278112.1	C	A	89	0	132	1	87	0	158	0	136	0
3	134278112.2	C	G	89	0	132	0	87	1	158	2	136	0
1	186331497.0	C	A	318	2	155	0	181	0	478	1	156	0
1	186331497.1	C	G	318	125	155	31	181	137	478	107	156	10
1	186331497.2	C	T	318	0	155	1	181	3	478	1	156	0
14	94962785.0	T	G	229	1	195	2	219	2	169	0	120	0
14	94962785.1	T	C	229	58	195	45	219	88	169	46	120	5
14	94962785.2	T	A	229	0	195	1	219	5	169	1	120	0
2	27464034.0	C	T	47	15	84	14	110	37	37	5	76	0
2	27464034.1	C	A	47	0	84	1	110	0	37	0	76	0
8	77761870.0	C	A	170	0	158	1	160	33	147	0	82	0
7	140449156.0	T	A	373	74	119	22	259	85	430	69	118	8
7	140449156.1	T	G	373	2	119	1	259	0	430	0	118	0
7	140449156.2	T	C	373	0	119	1	259	0	430	1	118	0
2	62728368.0	C	T	266	48	118	26	167	47	198	28	112	9
2	62728368.1	C	A	266	0	118	0	167	0	198	0	112	1
10	98155056.0	A	T	111	91	151	62	72	72	150	63	124	9
3	100962460.0	G	A	233	62	142	32	188	77	212	39	126	0
3	100962460.1	G	T	233	2	142	1	188	2	212	0	126	0
3	100962460.2	G	C	233	0	142	0	188	2	212	1	126	1
3	130107757.0	C	G	17	22	30	13	20	27	32	13	23	3
2	172930414.0	A	T	155	1	119	1	148	0	193	0	126	0
2	172930414.1	A	G	155	171	119	71	148	172	193	108	126	32
2	172930414.2	A	C	155	0	119	1	148	0	193	0	126	1
19	8923819.0	T	A	89	262	174	153	91	317	194	169	240	47
19	8923819.1	T	G	89	1	174	0	91	0	194	0	240	0
19	8923819.2	T	C	89	0	174	1	91	1	194	0	240	1
19	9075381.0	G	T	9	34	21	19	5	49	23	19	52	7
19	9075381.1	G	A	9	0	21	0	5	1	23	0	52	0
1	154164389.0	T	A	172	1	176	0	113	1	193	0	188	0
1	154164389.1	T	C	172	146	176	115	113	174	193	68	188	20
1	154164389.2	T	G	172	0	176	0	113	1	193	0	188	0
16	85141536.0	G	A	92	185	149	143	71	507	286	109	255	24
16	85141536.1	G	T	92	3	149	0	71	0	286	0	255	4
16	85141536.2	G	C	92	1	149	1	71	1	286	0	255	0
6	146720552.0	A	T	174	2	178	2	174	0	134	0	154	0
6	146720552.1	A	G	174	2	178	1	174	0	134	1	154	0
6	146720552.2	A	C	174	61	178	32	174	63	134	63	154	12
12	104460047.0	G	A	273	5	133	1	174	2	372	0	204	0
12	104460047.1	G	C	273	301	133	76	174	242	372	185	204	17
12	104460047.2	G	T	273	0	133	0	174	2	372	1	204	1
1	205554101.0	C	A	122	1	213	0	216	0	210	0	197	0
1	205554101.1	C	T	122	50	213	22	216	0	210	27	197	14
1	205554101.2	C	G	122	0	213	1	216	0	210	0	197	1
3	17052021.0	C	T	167	44	53	6	106	33	151	40	98	4
8	21976771.0	C	T	25	4	99	0	77	0	58	0	92	0
19	48305914.0	T	A	119	94	303	117	223	156	93	24	151	7
19	48305914.1	T	C	119	1	303	0	223	0	93	0	151	1
19	48305914.2	T	G	119	0	303	1	223	1	93	0	151	1
14	94780693.0	G	A	54	1	84	1	49	0	42	1	83	0
14	94780693.1	G	T	54	55	84	50	49	101	42	33	83	6
14	94780693.2	G	C	54	0	84	0	49	0	42	1	83	0
1	37979052.0	C	A	426	152	233	0	263	1	412	0	258	0
1	37979052.1	C	G	426	1	233	1	263	0	412	0	258	0
1	37979052.2	C	T	426	0	233	3	263	1	412	0	258	0
10	112063239.0	T	G	256	1	123	0	169	0	354	0	192	0
10	112063239.1	T	C	256	85	123	2	169	0	354	0	192	0
4	138451075.0	C	A	109	22	74	10	99	39	128	9	100	7
4	138451075.1	C	T	109	1	74	0	99	0	128	0	100	0
4	138451075.2	C	G	109	0	74	1	99	0	128	0	100	0
12	56713441.0	G	A	123	126	87	66	74	140	122	99	201	28
12	56713441.1	G	T	123	1	87	1	74	1	122	1	201	0
12	56713441.2	G	C	123	0	87	0	74	0	122	1	201	0
14	59113371.0	G	T	1	7	19	8	7	7	4	0	13	2
2	175337845.0	C	A	195	3	113	0	187	1	238	0	134	0
2	175337845.1	C	T	195	60	113	25	187	52	238	33	134	2
15	76632623.0	G	T	9	19	43	46	8	30	22	8	34	7
4	114279013.0	C	A	109	87	93	27	30	50	111	43	78	16
4	114279013.1	C	G	109	0	93	1	30	0	111	0	78	0
17	8007445.0	G	A	285	2	164	0	113	0	184	0	187	0
17	8007445.1	G	T	285	2	164	1	113	1	184	0	187	0
17	8007445.2	G	C	285	258	164	58	113	80	184	132	187	24
19	13563751.0	G	T	13	69	55	29	11	77	39	30	62	4
19	13563751.1	G	A	13	0	55	1	11	0	39	1	62	0
6	135299900.0	T	A	406	2	305	3	355	0	286	3	130	0
6	135299900.1	T	G	406	2	305	2	355	1	286	1	130	0
6	135299900.2	T	C	406	134	305	73	355	145	286	164	130	13
6	170592957.0	C	T	21	4	57	11	37	11	19	3	42	3
6	170592957.1	C	A	21	0	57	0	37	0	19	2	42	0
14	90651225.0	G	A	12	12	50	20	32	41	16	8	31	9
2	242573045.0	C	A	15	12	36	35	29	31	22	9	50	8
15	81585253.0	A	T	92	1	77	0	20	0	209	0	189	0
15	81585253.1	A	G	92	56	77	61	20	96	209	44	189	6
17	71395412.0	G	T	96	54	229	72	136	116	131	34	123	10
17	71395412.1	G	C	96	0	229	0	136	1	131	1	123	0
9	117050785.0	A	T	149	1	101	0	78	34	111	0	96	1
4	126328170.0	C	A	91	1	80	0	72	1	101	0	83	0
4	126328170.1	C	T	91	68	80	40	72	36	101	59	83	3
5	32712218.0	G	A	17	1	62	0	53	0	25	0	23	0
5	32712218.1	G	C	17	17	62	22	53	20	25	8	23	2
2	10581678.0	A	G	109	126	125	93	122	124	101	83	136	21
2	10581678.1	A	C	109	0	125	0	122	2	101	0	136	0
1	176563814.0	C	A	40	18	78	11	43	28	40	12	46	1
1	176563814.1	C	G	40	0	78	0	43	1	40	0	46	0
11	124294289.0	C	A	83	0	119	1	101	18	106	0	72	0
11	124294289.1	C	T	83	0	119	0	101	1	106	0	72	1
14	36302297.0	G	A	420	2	194	1	373	1	316	1	124	9
14	36302297.1	G	T	420	0	194	1	373	1	316	0	124	0
14	36302297.2	G	C	420	0	194	1	373	0	316	0	124	0
17	60112884.0	C	A	202	105	141	32	166	96	315	90	164	19
17	60112884.1	C	G	202	0	141	2	166	0	315	0	164	0
17	60112884.2	C	T	202	0	141	0	166	0	315	1	164	0
16	28986581.0	G	C	72	10	101	23	52	23	77	15	86	8
7	2958134.0	C	A	83	1	251	1	128	0	97	0	103	0
7	2958134.1	C	T	83	41	251	64	128	73	97	19	103	6
7	2958134.2	C	G	83	0	251	1	128	1	97	0	103	0
2	173955851.0	A	T	271	89	103	25	107	42	202	53	113	14
2	173955851.1	A	G	271	0	103	1	107	1	202	0	113	0
2	173955851.2	A	C	271	0	103	0	107	1	202	1	113	0
2	84880903.0	G	T	115	2	73	0	102	0	145	0	102	0
2	84880903.1	G	C	115	55	73	19	102	70	145	30	102	4
7	99171007.0	C	G	24	62	22	15	27	77	66	46	48	4
7	99171007.1	C	T	24	0	22	0	27	1	66	0	48	0
14	88477749.0	C	T	72	7	31	4	38	14	113	0	82	6
14	88477749.1	C	A	72	0	31	0	38	1	113	0	82	0
16	30750740.0	C	G	114	42	118	17	111	27	90	38	129	10
16	30750740.1	C	A	114	0	118	0	111	0	90	0	129	1
19	52918481.0	G	T	179	101	107	43	123	122	164	40	137	19
19	52918481.1	G	A	179	0	107	1	123	1	164	1	137	0
19	52918481.2	G	C	179	0	107	0	123	1	164	0	137	0
17	8926509.0	C	A	21	1	109	0	49	0	44	0	71	0
17	8926509.1	C	T	21	14	109	0	49	0	44	1	71	0
2	220355644.0	C	T	12	5	38	17	26	20	14	2	26	1
2	220355644.1	C	G	12	0	38	1	26	0	14	0	26	1
X	153224181.0	C	A	8	34	23	68	5	68	15	23	53	22
X	153224181.1	C	T	8	0	23	0	5	1	15	0	53	0
19	18054068.0	A	C	63	0	82	3	55	7	59	20	80	4
4	183575040.0	G	T	88	65	49	18	78	90	129	49	72	11
4	183575040.1	G	A	88	0	49	2	78	3	129	0	72	0
4	183575040.2	G	C	88	0	49	0	78	1	129	0	72	0
1	47582358.0	G	A	337	1	199	0	308	4	367	0	153	0
1	47582358.1	G	T	337	1	199	0	308	1	367	1	153	0
1	47582358.2	G	C	337	115	199	19	308	114	367	58	153	4
18	56149222.0	T	C	85	183	101	112	58	220	161	116	123	18
18	56149222.1	T	A	85	0	101	2	58	2	161	1	123	0
18	56149222.2	T	G	85	0	101	0	58	1	161	0	123	0
5	168187877.0	G	T	98	111	147	51	101	111	128	59	113	13
5	168187877.1	G	C	98	1	147	1	101	0	128	0	113	0
12	115109846.0	C	A	21	0	79	0	38	22	38	0	67	0
12	115109846.1	C	T	21	0	79	0	38	0	38	0	67	2
6	166579291.0	A	C	130	35	178	46	223	86	70	52	111	9
6	166579291.1	A	T	130	0	178	1	223	0	70	0	111	1
6	166579291.2	A	G	130	0	178	0	223	2	70	1	111	0
7	100681046.0	C	G	183	17	264	27	243	36	143	14	115	6
7	100681046.1	C	T	183	0	264	0	243	3	143	2	115	1
19	38996565.0	G	A	266	3	479	7	342	10	267	0	233	3
19	38996565.1	G	T	266	125	479	166	342	273	267	24	233	24
19	38996565.2	G	C	266	0	479	2	342	1	267	0	233	0
2	187693356.0	C	T	142	126	100	52	121	187	200	126	112	13
2	187693356.1	C	G	142	0	100	1	121	1	200	0	112	0
3	51418793.0	G	A	25	24	73	50	43	44	17	23	53	1
3	51418793.1	G	C	25	1	73	0	43	1	17	0	53	0
3	51418793.2	G	T	25	0	73	1	43	0	17	1	53	0
3	73433626.0	C	T	5	5	18	5	15	5	3	0	7	2
14	70633865.0	C	G	78	66	101	47	57	93	67	61	122	16
14	70633865.1	C	T	78	0	101	5	57	0	67	0	122	0
1	226108950.0	G	C	97	97	142	74	97	70	128	47	179	23
1	226108950.1	G	A	97	0	142	1	97	3	128	0	179	0
1	226108950.2	G	T	97	0	142	1	97	0	128	0	179	0
5	45262567.0	C	T	30	42	130	57	116	120	52	12	82	3
5	45262567.1	C	G	30	1	130	0	116	0	52	0	82	0
5	45262567.2	C	A	30	0	130	0	116	2	52	0	82	0
10	15325877.0	C	T	63	59	162	43	100	71	143	27	139	5
10	15325877.1	C	A	63	0	162	1	100	0	143	0	139	0
6	155450878.0	G	T	27	7	20	2	16	11	17	8	24	3
17	41244517.0	C	A	100	2	53	1	67	0	199	0	102	0
17	41244517.1	C	T	100	67	53	23	67	56	199	29	102	14
17	41244517.2	C	G	100	0	53	0	67	1	199	0	102	0
10	105906053.0	C	A	111	116	98	42	84	114	144	67	137	16
10	105906053.1	C	G	111	0	98	1	84	0	144	0	137	0
10	105906053.2	C	T	111	0	98	0	84	0	144	0	137	3
12	117768670.0	C	T	48	0	67	0	77	0	37	0	42	4
2	233409586.0	C	T	19	9	80	21	64	15	44	8	50	2
13	88328770.0	C	A	15	6	48	7	66	17	29	9	33	1
7	154863137.0	G	A	126	0	248	4	211	58	102	0	114	0
7	154863137.1	G	T	126	0	248	1	211	0	102	0	114	0
5	79034722.0	C	A	30	8	51	2	31	24	53	14	49	5
4	16590336.0	C	A	480	1	108	3	247	5	576	3	189	0
4	16590336.1	C	T	480	400	108	42	247	127	576	388	189	47
4	16590336.2	C	G	480	3	108	1	247	0	576	0	189	1
5	127474522.0	C	A	250	5	147	0	345	1	409	0	125	0
5	127474522.1	C	T	250	1	147	0	345	0	409	0	125	0
5	127474522.2	C	G	250	109	147	3	345	1	409	0	125	0
20	3673562.0	G	T	19	8	44	15	21	22	14	6	40	4
20	3673562.1	G	A	19	0	44	2	21	0	14	0	40	0
19	50059589.0	G	A	205	118	376	160	286	178	172	45	266	32
19	50059589.1	G	T	205	1	376	0	286	2	172	2	266	0
5	154393458.0	A	G	184	50	249	11	275	11	160	14	127	30
5	154393458.1	A	T	184	0	249	0	275	1	160	0	127	0
1	158632727.0	C	A	46	9	35	2	63	20	74	11	50	4
1	158632727.1	C	G	46	2	35	0	63	0	74	0	50	0
11	107375461.0	T	A	87	70	115	69	97	79	116	41	95	15
11	107375461.1	T	C	87	1	115	0	97	0	116	0	95	0
17	16526634.0	G	A	21	34	24	9	30	28	37	13	67	7
17	16526634.1	G	T	21	1	24	0	30	1	37	0	67	0
17	16526634.2	G	C	21	0	24	0	30	0	37	0	67	1
4	7714487.0	C	T	87	20	160	30	182	56	65	15	89	11
4	7714487.1	C	A	87	0	160	1	182	0	65	0	89	0
4	7714487.2	C	G	87	0	160	0	182	1	65	0	89	0
7	100634862.0	A	G	182	1	393	2	328	0	130	1	89	0
7	100634862.1	A	C	182	4	393	2	328	7	130	1	89	6
7	100634862.2	A	T	182	0	393	1	328	1	130	0	89	0
1	248436617.0	C	A	46	12	83	13	71	16	45	11	40	3
1	248436617.1	C	G	46	0	83	1	71	0	45	0	40	0
X	63411131.0	C	T	153	0	168	0	181	0	99	1	99	12
4	164394649.0	C	A	78	39	134	41	75	111	94	33	107	11
4	164394649.1	C	T	78	0	134	1	75	0	94	1	107	0
4	164394649.2	C	G	78	0	134	4	75	1	94	0	107	0
1	22915846.0	G	A	36	1	59	0	52	0	32	0	48	0
1	22915846.1	G	C	36	17	59	19	52	35	32	8	48	10
19	40540620.0	A	C	73	50	33	24	66	54	61	30	95	8
19	40540620.1	A	G	73	0	33	0	66	2	61	0	95	0
2	26698307.0	G	A	86	1	112	0	121	0	92	0	143	0
2	26698307.1	G	T	86	47	112	48	121	94	92	14	143	25
11	20113774.0	C	A	118	1	109	1	84	0	73	0	96	0
11	20113774.1	C	T	118	36	109	39	84	67	73	53	96	3
2	48027844.0	G	A	102	71	43	24	63	52	104	40	98	8
2	48027844.1	G	T	102	0	43	0	63	0	104	2	98	1
2	48027844.2	G	C	102	0	43	0	63	0	104	1	98	0
10	47758855.0	C	T	220	0	84	1	127	0	134	0	28	10
10	47758855.1	C	A	220	0	84	0	127	2	134	0	28	0
5	131007712.0	C	T	149	25	113	16	130	39	157	25	122	9
5	131007712.1	C	G	149	0	113	0	130	1	157	0	122	0
16	22237167.0	C	T	144	126	147	56	150	113	149	40	172	29
16	22237167.1	C	G	144	1	147	0	150	0	149	1	172	1
16	22237167.2	C	A	144	0	147	0	150	1	149	1	172	1
9	100133907.0	A	T	171	0	170	2	239	0	162	0	143	0
9	100133907.1	A	G	171	0	170	0	239	0	162	48	143	0
15	65350836.0	C	T	8	43	67	53	19	82	40	22	48	15
15	65350836.1	C	A	8	0	67	0	19	1	40	0	48	0
19	44130980.0	G	A	36	24	117	14	72	24	59	6	69	5
19	44130980.1	G	C	36	0	117	0	72	1	59	0	69	0
11	26556061.0	T	C	129	157	98	37	172	141	244	84	117	6
11	26556061.1	T	A	129	0	98	1	172	4	244	1	117	0
11	26556061.2	T	G	129	0	98	1	172	1	244	0	117	0
1	12954511.0	C	T	155	40	203	48	238	57	170	21	122	5
1	12954511.1	C	A	155	0	203	1	238	1	170	0	122	0
1	12954511.2	C	G	155	0	203	1	238	1	170	0	122	0
2	118579308.0	A	T	313	38	169	0	237	0	315	0	151	0
10	64136657.0	C	G	55	29	40	18	68	27	72	19	73	3
10	64136657.1	C	A	55	0	40	0	68	1	72	0	73	0
10	64136657.2	C	T	55	0	40	0	68	1	72	0	73	0
X	20284706.0	C	A	24	37	18	18	4	22	43	26	67	14
6	123759231.0	G	A	292	83	186	47	337	97	287	51	160	11
6	123759231.1	G	C	292	1	186	0	337	0	287	0	160	0
6	123759231.2	G	T	292	0	186	1	337	5	287	0	160	0
6	165809828.0	G	A	176	1	174	1	154	0	296	0	176	0
6	165809828.1	G	T	176	153	174	73	154	205	296	11	176	10
6	165809828.2	G	C	176	0	174	0	154	1	296	0	176	0
19	36246690.0	G	T	60	36	140	62	69	45	50	32	105	7
19	36246690.1	G	C	60	1	140	0	69	0	50	0	105	0
2	211464266.0	C	A	85	38	95	66	80	93	121	53	122	5
2	211464266.1	C	G	85	0	95	0	80	1	121	0	122	0
11	17531998.0	T	C	104	97	136	94	131	85	151	34	124	9
11	17531998.1	T	A	104	0	136	1	131	1	151	0	124	0
11	17531998.2	T	G	104	0	136	2	131	1	151	0	124	0
19	54691117.0	G	A	380	2	445	3	306	75	305	0	260	6
19	54691117.1	G	T	380	0	445	3	306	1	305	0	260	0
19	54691117.2	G	C	380	0	445	0	306	4	305	0	260	0
17	20353392.0	A	G	15	3	18	6	5	10	2	0	10	0
3	122631096.0	G	T	85	86	208	158	161	172	80	36	153	34
3	122631096.1	G	C	85	2	208	1	161	2	80	0	153	0
3	122631096.2	G	A	85	0	208	0	161	0	80	0	153	1
2	179584358.0	C	A	153	2	97	1	181	0	214	0	95	0
2	179584358.1	C	T	153	54	97	21	181	83	214	40	95	6
2	179584358.2	C	G	153	0	97	0	181	1	214	0	95	0
11	30925123.0	A	T	153	61	78	42	125	105	199	35	106	13
11	30925123.1	A	C	153	3	78	1	125	0	199	0	106	0
11	30925123.2	A	G	153	0	78	1	125	0	199	0	106	0
11	12020310.0	G	A	1144	1	351	0	580	0	1004	2	340	0
11	12020310.1	G	T	1144	0	351	1	580	0	1004	207	340	1
11	12020310.2	G	C	1144	0	351	0	580	0	1004	0	340	1
20	2796215.0	C	A	98	81	73	55	55	63	63	58	101	38
20	2796215.1	C	T	98	1	73	0	55	0	63	0	101	0
20	2796215.2	C	G	98	0	73	1	55	0	63	0	101	0
6	71246072.0	C	A	349	1	235	2	268	2	574	0	182	0
6	71246072.1	C	T	349	298	235	98	268	299	574	26	182	38
6	71246072.2	C	G	349	1	235	0	268	1	574	0	182	0
12	863115.0	C	A	107	1	65	0	35	0	120	0	125	0
12	863115.1	C	T	107	26	65	12	35	13	120	6	125	10
12	863115.2	C	G	107	2	65	0	35	0	120	0	125	0
3	184107199.0	G	A	80	21	141	50	125	45	82	11	125	7
3	184107199.1	G	T	80	0	141	0	125	1	82	0	125	0
3	57401171.0	G	A	166	191	148	69	129	179	271	147	146	16
3	57401171.1	G	C	166	0	148	1	129	0	271	0	146	0
3	98251664.0	C	A	136	125	132	75	82	105	192	77	95	14
3	98251664.1	C	T	136	1	132	4	82	1	192	1	95	0
3	98251664.2	C	G	136	4	132	1	82	0	192	0	95	0
7	90377051.0	G	A	173	1	100	4	131	2	295	0	173	0
7	90377051.1	G	T	173	320	100	127	131	417	295	272	173	19
7	90377051.2	G	C	173	0	100	0	131	2	295	0	173	0
11	58602052.0	A	G	174	0	88	1	166	0	189	0	68	0
11	58602052.1	A	T	174	0	88	0	166	0	189	0	68	12
14	45705142.0	A	T	118	117	74	30	105	126	173	92	116	18
14	45705142.1	A	G	118	1	74	0	105	0	173	0	116	0
14	45705142.2	A	C	118	0	74	0	105	2	173	1	116	0
17	10404615.0	C	A	91	42	183	25	201	101	111	14	99	6
17	10404615.1	C	G	91	1	183	0	201	0	111	0	99	0
17	10404615.2	C	T	91	0	183	0	201	3	111	0	99	2
6	43402376.0	G	T	13	12	41	21	44	43	36	14	24	6
17	78157733.0	T	A	4	7	11	0	7	13	4	3	22	1
18	65180502.0	T	A	33	112	23	54	15	100	84	102	66	9
2	24253977.0	G	A	223	123	165	75	160	122	209	72	158	19
2	24253977.1	G	T	223	0	165	0	160	2	209	0	158	0
2	24253977.2	G	C	223	0	165	0	160	0	209	0	158	1
3	4345189.0	G	A	149	56	116	30	77	33	169	27	136	8
3	4345189.1	G	C	149	2	116	0	77	1	169	0	136	0
3	4345189.2	G	T	149	0	116	2	77	0	169	0	136	0
9	90744887.0	G	A	148	106	151	74	248	212	204	45	98	4
9	90744887.1	G	T	148	0	151	1	248	2	204	0	98	0
19	2987917.0	C	T	38	0	88	13	75	0	33	0	67	0
12	9754191.0	G	A	196	56	238	55	226	67	212	35	84	6
12	9754191.1	G	T	196	6	238	1	226	0	212	1	84	3
12	9754191.2	G	C	196	0	238	2	226	0	212	0	84	0
14	59970663.0	G	A	290	1	180	2	274	2	352	0	136	0
14	59970663.1	G	T	290	2	180	1	274	0	352	0	136	0
14	59970663.2	G	C	290	114	180	54	274	99	352	4	136	12
12	121622282.0	G	A	90	34	136	27	126	31	87	10	103	9
12	121622282.1	G	C	90	0	136	1	126	1	87	0	103	0
12	121622282.2	G	T	90	0	136	0	126	2	87	0	103	0
7	29111916.0	C	A	123	137	84	45	132	149	187	76	142	10
7	29111916.1	C	T	123	1	84	2	132	2	187	0	142	0
7	29111916.2	C	G	123	0	84	1	132	0	187	0	142	0
1	182635114.0	G	A	213	1	129	0	131	1	223	0	127	0
1	182635114.1	G	T	213	2	129	0	131	1	223	0	127	0
1	182635114.2	G	C	213	73	129	36	131	74	223	40	127	3
1	62175013.0	G	A	167	2	118	1	103	0	247	0	143	0
1	62175013.1	G	C	167	163	118	64	103	154	247	107	143	18
1	62175013.2	G	T	167	0	118	1	103	1	247	0	143	0
12	55356821.0	G	A	124	25	139	23	80	31	123	18	109	5
12	55356821.1	G	C	124	0	139	2	80	0	123	0	109	0
3	156867162.0	G	A	362	100	194	39	249	96	381	78	215	9
3	156867162.1	G	T	362	1	194	0	249	2	381	2	215	0
3	156867162.2	G	C	362	0	194	0	249	1	381	0	215	0
9	124086911.0	A	C	86	0	88	0	108	1	63	8	112	0
2	96148098.0	C	A	37	1	69	0	42	0	48	2	47	0
2	96148098.1	C	T	37	28	69	44	42	68	48	23	47	13
2	96148098.2	C	G	37	0	69	1	42	0	48	0	47	0
4	6349578.0	G	C	65	34	185	86	167	156	59	24	103	16
4	6349578.1	G	A	65	0	185	0	167	1	59	0	103	0
4	6349578.2	G	T	65	0	185	0	167	2	59	0	103	0
7	55229208.0	C	T	66	18	201	51	147	71	77	15	96	7
2	165956873.0	G	A	124	2	73	0	99	0	134	0	106	0
2	165956873.1	G	C	124	38	73	13	99	45	134	15	106	5
8	100587970.0	C	A	648	2	284	0	456	1	541	1	142	0
8	100587970.1	C	T	648	105	284	33	456	91	541	73	142	11
8	100587970.2	C	G	648	3	284	0	456	2	541	1	142	0
5	134670677.0	C	A	92	27	107	16	89	38	106	33	103	6
5	134670677.1	C	T	92	0	107	0	89	1	106	0	103	0
5	134670677.2	C	G	92	0	107	0	89	1	106	0	103	0
7	104747070.0	C	A	604	2	257	0	517	0	451	0	219	1
7	104747070.1	C	T	604	105	257	38	517	79	451	46	219	12
7	104747070.2	C	G	604	1	257	1	517	0	451	0	219	0
3	121994751.0	C	A	99	91	126	48	81	101	111	60	118	15
3	121994751.1	C	T	99	1	126	2	81	1	111	0	118	0
3	121994751.2	C	G	99	1	126	1	81	1	111	1	118	0
17	18397666.0	C	A	81	25	189	33	196	68	95	6	95	4
7	29548916.0	G	A	92	35	94	13	110	48	85	16	92	4
7	29548916.1	G	T	92	1	94	1	110	2	85	0	92	0
7	29548916.2	G	C	92	1	94	1	110	0	85	0	92	0
12	51585462.0	G	A	103	39	171	27	176	68	121	22	113	10
12	49949668.0	C	A	10	4	40	8	24	9	16	4	24	1
2	128914842.0	G	A	322	1	252	0	237	1	378	1	212	0
2	128914842.1	G	T	322	231	252	118	237	244	378	180	212	13
2	128914842.2	G	C	322	2	252	1	237	4	378	0	212	0
15	63961796.0	C	T	86	187	105	97	39	169	273	114	165	13
15	63961796.1	C	A	86	0	105	1	39	1	273	0	165	1
10	43606750.0	G	C	68	47	129	50	82	49	70	17	133	8
10	43606750.1	G	T	68	0	129	1	82	0	70	1	133	0
14	26917715.0	T	C	107	36	52	8	106	36	80	2	80	5
7	144095510.0	T	C	116	93	160	109	118	205	136	50	184	36
7	144095510.1	T	G	116	0	160	0	118	0	136	0	184	1
5	94903667.0	A	T	163	79	133	29	140	65	247	54	134	5
5	94903667.1	A	G	163	0	133	0	140	1	247	0	134	0
2	203379613.0	G	A	105	1	63	0	79	0	194	0	105	0
2	203379613.1	G	T	105	3	63	0	79	1	194	0	105	0
2	203379613.2	G	C	105	274	63	38	79	114	194	88	105	16
4	187172720.0	T	A	248	193	196	66	158	176	303	114	138	13
4	187172720.1	T	G	248	1	196	0	158	0	303	0	138	0
4	187172720.2	T	C	248	2	196	1	158	0	303	0	138	0
17	18023255.0	G	A	48	31	109	37	73	55	46	5	75	9
17	18023255.1	G	C	48	1	109	0	73	2	46	0	75	0
1	161641417.0	T	G	35	10	52	21	67	56	27	13	35	1
11	22248877.0	C	A	88	1	63	1	130	0	147	0	79	0
11	22248877.1	C	T	88	83	63	26	130	76	147	32	79	9
11	22248877.2	C	G	88	0	63	0	130	2	147	2	79	0
19	1008178.0	C	A	29	94	102	75	32	106	60	38	155	23
19	1008178.1	C	T	29	0	102	1	32	2	60	0	155	1
19	1008178.2	C	G	29	0	102	0	32	0	60	0	155	4
4	141868823.0	C	A	165	72	197	55	202	73	160	58	95	6
4	141868823.1	C	T	165	0	197	2	202	2	160	0	95	2
4	1006276.0	G	A	151	102	246	92	129	120	165	57	172	42
4	1006276.1	G	T	151	1	246	0	129	0	165	0	172	2
4	1006276.2	G	C	151	1	246	0	129	0	165	0	172	0
17	36872858.0	G	T	12	6	22	7	17	10	13	6	42	0
X	105450799.0	C	G	85	0	42	1	102	0	86	0	57	0
X	105450799.1	C	T	85	0	42	0	102	0	86	0	57	12
20	11900431.0	A	G	346	113	164	45	198	68	277	53	182	11
20	11900431.1	A	C	346	1	164	0	198	0	277	0	182	0
20	11900431.2	A	T	346	0	164	2	198	1	277	0	182	0
1	159888618.0	C	A	97	32	188	0	148	0	137	0	133	0
1	159888618.1	C	T	97	1	188	0	148	0	137	0	133	0
1	159888618.2	C	G	97	1	188	0	148	0	137	0	133	0
14	74194213.0	T	G	162	3	153	7	171	4	128	3	137	14
20	34057803.0	G	T	137	1	134	0	114	1	186	0	188	0
20	34057803.1	G	C	137	114	134	56	114	150	186	89	188	20
20	34057803.2	G	A	137	0	134	0	114	1	186	0	188	0
X	68060429.0	G	A	66	0	73	0	74	0	48	7	74	0
7	7635988.0	C	T	487	140	316	59	292	100	457	85	191	17
7	7635988.1	C	G	487	2	316	1	292	0	457	0	191	0
7	7635988.2	C	A	487	0	316	0	292	1	457	1	191	0
17	43005683.0	G	C	23	12	56	28	38	26	29	6	41	4
7	102417770.0	G	A	110	43	47	26	147	99	146	55	41	4
7	102417770.1	G	T	110	0	47	0	147	3	146	1	41	0
7	102417770.2	G	C	110	0	47	0	147	1	146	0	41	0
4	72425921.0	G	A	131	90	81	37	152	39	169	48	103	8
4	72425921.1	G	C	131	1	81	2	152	1	169	1	103	0
4	72425921.2	G	T	131	0	81	3	152	3	169	0	103	0
14	20444643.0	G	T	86	61	33	31	69	61	101	52	85	11
14	20444643.1	G	A	86	0	33	2	69	1	101	0	85	0
12	113830873.0	A	T	78	70	166	94	86	116	71	35	121	10
12	113830873.1	A	G	78	0	166	0	86	1	71	0	121	0
12	113830873.2	A	C	78	0	166	0	86	1	71	0	121	0
5	154185521.0	C	A	196	76	162	25	156	65	208	46	134	14
5	154185521.1	C	T	196	1	162	0	156	2	208	0	134	0
5	154185521.2	C	G	196	0	162	1	156	0	208	0	134	0
4	142053481.0	G	T	47	5	76	14	41	14	32	4	38	0
4	142053481.1	G	A	47	0	76	1	41	0	32	0	38	0
17	58503654.0	C	T	72	1	106	5	83	2	130	1	109	0
17	58503654.1	C	G	72	24	106	29	83	56	130	19	109	7
17	58503654.2	C	A	72	0	106	1	83	0	130	0	109	0
3	179479000.0	C	A	203	1	180	1	88	0	210	0	155	0
3	179479000.1	C	T	203	257	180	85	88	156	210	158	155	22
3	179479000.2	C	G	203	1	180	0	88	1	210	1	155	0
10	79556310.0	C	A	88	32	158	33	136	54	62	15	104	4
10	79556310.1	C	T	88	0	158	1	136	1	62	1	104	0
10	79556310.2	C	G	88	0	158	1	136	1	62	0	104	0
16	23712424.0	C	A	174	39	162	28	156	43	155	18	88	6
16	23712424.1	C	T	174	0	162	1	156	0	155	0	88	0
16	23712424.2	C	G	174	0	162	1	156	0	155	0	88	0
4	154624450.0	T	A	86	22	43	9	77	29	199	0	108	10
4	154624450.1	T	G	86	0	43	1	77	0	199	0	108	0
2	20203004.0	G	A	57	85	104	52	81	83	103	14	79	6
2	20203004.1	G	T	57	0	104	0	81	1	103	0	79	0
10	49986669.0	G	C	42	11	76	15	56	42	52	15	100	2
10	49986669.1	G	T	42	0	76	1	56	0	52	0	100	0
10	49986669.2	G	A	42	0	76	0	56	0	52	1	100	0
19	38610179.0	G	A	193	43	322	48	304	99	118	32	154	3
19	38610179.1	G	T	193	1	322	7	304	6	118	0	154	2
19	38610179.2	G	C	193	0	322	2	304	0	118	0	154	0
9	115946624.0	G	A	107	224	48	56	19	148	243	95	165	36
9	115946624.1	G	T	107	1	48	2	19	0	243	0	165	0
9	115946624.2	G	C	107	2	48	0	19	0	243	0	165	0
1	152282205.0	G	T	55	14	131	25	127	49	54	10	84	6
1	152282205.1	G	C	55	0	131	1	127	0	54	0	84	0
1	152282205.2	G	A	55	0	131	0	127	1	54	0	84	0
1	182509381.0	G	T	98	31	137	25	97	47	97	25	78	4
1	182509381.1	G	C	98	2	137	0	97	0	97	0	78	0
1	182509381.2	G	A	98	0	137	1	97	0	97	0	78	0
7	100638792.0	A	C	170	29	369	21	447	30	139	5	119	3
7	100638792.1	A	T	170	0	369	1	447	1	139	0	119	0
7	100638792.2	A	G	170	0	369	0	447	1	139	0	119	0
19	8841393.0	G	T	12	30	17	10	6	34	17	10	44	3
19	8841393.1	G	A	12	0	17	0	6	1	17	0	44	0
14	20502103.0	G	A	29	32	19	20	35	49	33	19	46	4
14	20502103.1	G	T	29	0	19	0	35	1	33	0	46	0
5	154394699.0	A	T	129	2	140	0	137	0	128	0	79	0
5	154394699.1	A	G	129	29	140	25	137	45	128	23	79	5
5	154394699.2	A	C	129	0	140	0	137	1	128	0	79	0
20	57829009.0	C	A	32	4	43	6	38	23	28	8	39	1
20	57829009.1	C	T	32	0	43	0	38	1	28	1	39	0
19	760010.0	C	T	43	1	129	2	25	1	102	0	183	1
19	760010.1	C	G	43	207	129	151	25	115	102	93	183	51
19	760010.2	C	A	43	0	129	1	25	0	102	1	183	1
14	97010579.0	G	T	139	151	90	61	143	151	172	126	103	19
3	43122329.0	C	A	25	24	94	40	48	60	18	16	66	9
3	43122329.1	C	T	25	0	94	2	48	0	18	0	66	2
3	43122329.2	C	G	25	0	94	1	48	1	18	0	66	0
20	23860272.0	G	T	45	0	101	0	74	32	48	0	58	0
20	23860272.1	G	A	45	0	101	0	74	0	48	0	58	2
2	242742771.0	C	A	60	1	183	0	156	1	98	0	144	0
2	242742771.1	C	G	60	22	183	35	156	48	98	20	144	6
1	202915596.0	T	A	201	1	201	0	161	1	214	0	196	0
1	202915596.1	T	C	201	0	201	0	161	0	214	22	196	0
20	51871727.0	C	A	17	11	21	16	32	37	21	11	31	2
20	51871727.1	C	T	17	1	21	0	32	0	21	0	31	0
20	51871727.2	C	G	17	0	21	2	32	0	21	0	31	0
10	15686152.0	T	A	100	41	82	19	82	35	101	60	99	5
3	183884706.0	C	T	71	28	175	27	153	55	60	10	101	7
3	183884706.1	C	G	71	0	175	0	153	0	60	0	101	1
8	124453628.0	A	T	504	90	291	42	362	64	362	67	196	4
8	124453628.1	A	G	504	2	291	0	362	2	362	2	196	0
8	124453628.2	A	C	504	1	291	0	362	2	362	0	196	0
19	54314425.0	A	G	94	54	147	90	140	106	62	23	111	11
19	54314425.1	A	C	94	0	147	1	140	1	62	0	111	0
19	54314425.2	A	T	94	0	147	0	140	1	62	0	111	0
10	70992887.0	G	A	291	1	105	0	158	1	228	1	123	2
10	70992887.1	G	C	291	73	105	37	158	42	228	45	123	17
10	70992887.2	G	T	291	0	105	0	158	1	228	0	123	0
7	151092949.0	G	T	176	31	407	67	238	47	119	16	137	8
7	151092949.1	G	A	176	0	407	2	238	1	119	0	137	1
7	151092949.2	G	C	176	0	407	1	238	1	119	0	137	0
11	55927236.0	A	T	81	59	47	9	86	70	97	31	92	10
11	55927236.1	A	G	81	0	47	2	86	1	97	0	92	0
15	53957931.0	T	C	33	94	34	28	16	81	94	59	64	7
15	53957931.1	T	A	33	0	34	0	16	2	94	0	64	0
12	72068020.0	C	A	387	1	199	0	254	1	398	0	117	0
12	72068020.1	C	T	387	2	199	0	254	0	398	6	117	5
4	22415346.0	T	A	269	166	114	48	170	145	295	99	113	14
4	22415346.1	T	G	269	2	114	1	170	1	295	0	113	0
4	22415346.2	T	C	269	0	114	0	170	1	295	0	113	0
1	109280141.0	G	A	291	1	226	4	357	2	481	3	162	0
1	109280141.1	G	T	291	3	226	1	357	3	481	0	162	0
1	109280141.2	G	C	291	113	226	36	357	0	481	115	162	2
7	148711999.0	G	A	63	114	62	71	72	165	80	68	142	22
7	148711999.1	G	T	63	1	62	0	72	0	80	0	142	0
7	148711999.2	G	C	63	0	62	0	72	1	80	0	142	0
1	74670494.0	G	C	35	18	16	4	28	16	45	9	27	1
14	102028217.0	G	T	39	35	122	119	69	80	31	21	105	6
14	102028217.1	G	A	39	0	122	0	69	0	31	1	105	0
9	711542.0	A	G	12	33	50	53	17	72	25	25	50	5
9	711542.1	A	T	12	0	50	1	17	0	25	0	50	0
9	711542.2	A	C	12	0	50	2	17	0	25	0	50	0
12	108634197.0	G	A	134	44	286	68	174	86	90	34	109	6
12	108634197.1	G	T	134	3	286	1	174	0	90	0	109	0
7	100634833.0	C	T	140	4	303	6	281	10	95	1	104	21
7	100634833.1	C	A	140	0	303	0	281	0	95	0	104	1
11	56057976.0	C	T	41	24	46	12	38	31	41	16	44	1
11	56057976.1	C	G	41	0	46	0	38	0	41	0	44	1
17	76134126.0	C	A	304	1	255	1	135	92	237	0	322	0
5	110428040.0	A	T	309	1	178	0	180	0	300	0	181	0
5	110428040.1	A	C	309	102	178	0	180	0	300	0	181	0
1	46646791.0	C	A	574	1	177	2	252	0	607	0	301	0
1	46646791.1	C	T	574	229	177	0	252	0	607	0	301	0
1	46646791.2	C	G	574	1	177	1	252	0	607	0	301	1
9	137776588.0	G	A	59	59	186	89	115	139	102	0	110	6
9	137776588.1	G	T	59	2	186	3	115	1	102	0	110	1
9	137776588.2	G	C	59	0	186	3	115	4	102	0	110	0
16	425257.0	C	A	67	26	139	27	110	41	66	14	139	4
16	425257.1	C	G	67	2	139	1	110	0	66	0	139	0
10	70992818.0	G	A	695	3	191	2	320	1	454	1	239	0
10	70992818.1	G	T	695	194	191	50	320	94	454	118	239	34
10	70992818.2	G	C	695	0	191	0	320	1	454	0	239	0
14	74824784.0	G	C	13	21	45	20	50	58	27	10	35	2
14	74824784.1	G	A	13	0	45	0	50	0	27	1	35	1
5	36986223.0	G	A	391	2	222	9	448	2	409	2	167	0
5	36986223.1	G	T	391	2	222	3	448	2	409	0	167	1
5	36986223.2	G	C	391	132	222	54	448	131	409	105	167	25
11	74203366.0	G	T	135	3	116	0	94	0	115	1	126	1
11	74203366.1	G	C	135	81	116	50	94	57	115	53	126	18
11	74203366.2	G	A	135	0	116	0	94	1	115	0	126	0
12	27235145.0	G	A	118	0	77	1	67	2	120	0	80	0
12	27235145.1	G	T	118	0	77	1	67	32	120	0	80	0
12	27235145.2	G	C	118	0	77	0	67	0	120	0	80	1
11	3381501.0	C	T	40	39	47	14	51	53	75	45	95	16
11	3381501.1	C	A	40	0	47	0	51	3	75	0	95	1
11	3381501.2	C	G	40	0	47	0	51	1	75	0	95	0
14	37050647.0	C	G	11	12	17	9	10	23	1	9	28	2
11	57970831.0	G	A	161	41	171	17	218	29	155	12	100	6
11	57970831.1	G	T	161	0	171	0	218	1	155	0	100	0
21	39755380.0	G	T	111	58	136	34	131	73	171	12	149	5
21	39755380.1	G	A	111	0	136	0	131	1	171	0	149	0
20	52198150.0	C	G	175	162	193	170	92	117	246	104	226	40
20	52198150.1	C	T	175	0	193	3	92	0	246	0	226	0
20	52198150.2	C	A	175	0	193	0	92	2	246	0	226	0
9	80537208.0	C	A	326	1	163	0	231	1	252	48	195	0
9	80537208.1	C	T	326	2	163	0	231	0	252	0	195	0
6	18122614.0	C	A	4	13	14	6	2	9	8	2	15	6
2	21258501.0	T	G	194	0	248	1	245	1	195	0	169	0
2	21258501.1	T	C	194	0	248	4	245	64	195	0	169	1
2	21258501.2	T	A	194	0	248	0	245	1	195	0	169	0
2	130859745.0	A	T	311	1	255	4	467	2	195	0	40	0
2	130859745.1	A	G	311	0	255	1	467	1	195	0	40	0
2	130859745.2	A	C	311	0	255	1	467	2	195	0	40	0
8	48830890.0	C	A	521	173	299	61	387	144	513	90	192	10
8	48830890.1	C	G	521	3	299	1	387	1	513	0	192	0
8	48830890.2	C	T	521	0	299	2	387	1	513	0	192	2
1	232551297.0	C	A	92	85	153	64	111	64	102	47	147	16
1	232551297.1	C	G	92	1	153	0	111	0	102	0	147	0
1	232551297.2	C	T	92	0	153	0	111	1	102	0	147	0
12	104111565.0	G	T	247	58	244	0	294	0	270	0	148	1
12	104111565.1	G	C	247	1	244	0	294	0	270	0	148	0
12	104111565.2	G	A	247	0	244	0	294	1	270	0	148	0
2	168098409.0	A	T	114	38	57	14	87	48	117	22	77	5
2	168098409.1	A	C	114	1	57	0	87	1	117	0	77	0
2	168098409.2	A	G	114	0	57	1	87	0	117	1	77	0
16	31414856.0	C	A	118	31	146	18	105	46	86	12	75	9
11	51515658.0	A	T	159	4	146	0	245	0	166	0	103	0
11	51515658.1	A	G	159	32	146	0	245	0	166	0	103	0
11	51515658.2	A	C	159	2	146	0	245	0	166	0	103	0
1	65684446.0	G	A	249	1	146	0	220	0	273	0	120	0
1	65684446.1	G	T	249	88	146	42	220	94	273	67	120	9
1	65684446.2	G	C	249	0	146	1	220	0	273	0	120	0
7	100732062.0	G	C	9	16	21	33	14	43	8	11	35	11
3	141917716.0	T	A	270	2	183	0	223	1	374	0	173	4
3	141917716.1	T	G	270	2	183	2	223	1	374	0	173	0
3	141917716.2	T	C	270	349	183	128	223	255	374	163	173	25
6	161010668.0	G	T	369	3	366	3	373	2	232	0	180	1
6	161010668.1	G	C	369	136	366	78	373	126	232	110	180	8
6	161010668.2	G	A	369	0	366	0	373	3	232	0	180	0
3	46450317.0	G	A	84	1	47	0	54	1	132	0	93	0
3	46450317.1	G	C	84	23	47	4	54	26	132	15	93	4
3	46450317.2	G	T	84	0	47	0	54	0	132	0	93	1
16	70969903.0	G	A	955	283	1078	219	1210	455	757	158	307	30
16	70969903.1	G	T	955	7	1078	8	1210	11	757	5	307	1
16	70969903.2	G	C	955	3	1078	4	1210	4	757	1	307	0
12	120806020.0	G	T	34	8	70	19	64	19	22	5	60	4
12	120806020.1	G	A	34	0	70	2	64	0	22	0	60	0
12	120806020.2	G	C	34	0	70	2	64	4	22	0	60	0
5	7709360.0	C	A	112	1	164	0	158	0	106	0	85	0
5	7709360.1	C	T	112	48	164	49	158	79	106	20	85	5
1	167847828.0	T	G	203	5	132	0	152	2	180	0	140	0
1	167847828.1	T	C	203	56	132	34	152	65	180	42	140	2
1	167847828.2	T	A	203	0	132	0	152	4	180	1	140	0
1	160267505.0	C	T	47	49	86	33	36	40	36	34	75	18
11	102643737.0	C	G	50	25	32	13	78	42	80	15	40	2
11	102643737.1	C	A	50	0	32	1	78	0	80	0	40	0
11	102643737.2	C	T	50	0	32	0	78	2	80	0	40	0
17	57737942.0	C	A	80	2	50	0	46	2	138	1	93	0
17	57737942.1	C	T	80	50	50	10	46	28	138	21	93	6
20	2845283.0	A	C	95	13	99	49	109	41	63	18	114	5
20	2845283.1	A	T	95	0	99	1	109	0	63	0	114	0
16	54967463.0	C	T	2	12	5	9	2	15	3	0	10	1
8	2092845.0	C	T	45	18	108	42	42	47	89	12	113	4
8	2092845.1	C	A	45	0	108	1	42	0	89	0	113	0
14	50789383.0	C	A	177	194	167	96	143	170	124	92	178	28
14	50789383.1	C	G	177	0	167	2	143	0	124	0	178	0
1	44684005.0	C	A	119	146	158	83	106	175	143	73	195	17
1	44684005.1	C	G	119	2	158	1	106	0	143	1	195	0
1	44684005.2	C	T	119	0	158	0	106	1	143	1	195	4
7	128487850.0	A	T	183	1	408	1	305	1	141	0	173	0
7	128487850.1	A	C	183	43	408	68	305	67	141	28	173	12
10	108389048.0	G	T	114	39	181	35	125	49	147	23	98	8
10	108389048.1	G	A	114	0	181	1	125	0	147	0	98	0
10	108389048.2	G	C	114	0	181	1	125	0	147	0	98	0
14	21500122.0	C	A	189	58	245	53	212	73	168	28	165	9
14	21500122.1	C	G	189	0	245	2	212	2	168	0	165	0
14	21500122.2	C	T	189	0	245	0	212	1	168	0	165	0
19	35617922.0	C	A	47	36	75	42	54	45	39	13	85	12
19	35617922.1	C	T	47	0	75	0	54	2	39	0	85	0
19	35617922.2	C	G	47	0	75	0	54	0	39	1	85	1
5	83360657.0	G	A	209	1	100	1	189	4	285	0	110	2
5	83360657.1	G	T	209	0	100	0	189	1	285	0	110	0
12	57910646.0	T	A	219	2	170	0	132	0	184	0	176	0
12	57910646.1	T	G	219	77	170	44	132	67	184	40	176	14
12	57910646.2	T	C	219	2	170	2	132	0	184	1	176	0
22	38130999.0	G	A	19	43	91	50	15	69	64	24	149	14
7	11514096.0	T	A	50	25	46	10	41	11	55	11	83	9
9	97082543.0	C	T	39	2	127	2	43	1	76	0	104	0
9	97082543.1	C	G	39	148	127	165	43	270	76	48	104	11
4	70461993.0	G	A	298	172	287	87	226	205	408	107	160	9
4	70461993.1	G	T	298	3	287	2	226	0	408	1	160	1
4	70461993.2	G	C	298	1	287	0	226	0	408	0	160	0
17	41245042.0	C	T	36	18	20	6	43	20	59	17	47	8
1	103463880.0	C	A	316	1	206	1	152	1	283	0	182	2
1	103463880.1	C	T	316	75	206	32	152	79	283	32	182	1
1	103463880.2	C	G	316	0	206	0	152	1	283	0	182	0
6	56507465.0	A	T	239	299	100	76	145	167	230	93	147	29
6	56507465.1	A	G	239	1	100	0	145	1	230	0	147	0
6	56507465.2	A	C	239	1	100	1	145	0	230	0	147	0
8	41519441.0	G	A	76	2	107	0	77	0	52	10	93	1
8	41519441.1	G	T	76	0	107	1	77	0	52	0	93	0
5	180047975.0	T	A	42	23	117	29	82	26	42	13	93	2
5	180047975.1	T	G	42	1	117	1	82	0	42	0	93	0
5	180047975.2	T	C	42	0	117	2	82	1	42	0	93	0
11	92577819.0	C	T	307	72	439	69	364	91	210	26	163	8
11	92577819.1	C	G	307	2	439	0	364	1	210	0	163	0
11	92577819.2	C	A	307	0	439	1	364	1	210	0	163	0
11	7981915.0	G	T	10	10	29	15	39	24	15	5	16	2
11	7981915.1	G	C	10	0	29	0	39	1	15	0	16	0
3	42305055.0	A	T	6	20	17	6	11	14	2	7	16	3
3	42305055.1	A	C	6	1	17	14	11	3	2	1	16	0
3	42305055.2	A	G	6	0	17	2	11	0	2	0	16	0
6	64472416.0	G	A	319	91	224	32	441	94	548	43	157	6
6	64472416.1	G	T	319	2	224	2	441	4	548	0	157	0
6	64472416.2	G	C	319	1	224	0	441	0	548	0	157	0
8	110471877.0	G	A	257	2	122	0	227	0	208	0	114	0
8	110471877.1	G	T	257	42	122	16	227	38	208	29	114	3
8	110471877.2	G	C	257	0	122	1	227	0	208	0	114	0
19	2520629.0	C	A	34	1	151	0	27	0	88	0	199	0
19	2520629.1	C	T	34	2	151	6	27	2	88	0	199	0
19	2520629.2	C	G	34	139	151	119	27	195	88	81	199	35
19	36223175.0	C	A	40	30	76	37	45	39	46	4	79	9
19	36223175.1	C	T	40	1	76	2	45	1	46	0	79	0
19	36223175.2	C	G	40	0	76	1	45	0	46	0	79	0
3	42739737.0	T	G	122	1	193	8	185	1	94	23	136	0
3	42739737.1	T	A	122	0	193	0	185	1	94	0	136	0
3	42739737.2	T	C	122	0	193	0	185	0	94	0	136	1
16	56509445.0	A	T	465	15	193	6	432	5	458	240	217	4
16	56509445.1	A	C	465	1	193	0	432	0	458	3	217	1
16	56509445.2	A	G	465	0	193	0	432	1	458	1	217	0
19	3823387.0	G	A	45	18	79	22	47	32	48	5	79	7
19	3823387.1	G	T	45	0	79	0	47	2	48	0	79	0
3	38783848.0	G	C	62	12	67	14	82	25	78	0	52	4
1	237880530.0	G	T	187	60	133	10	136	1	175	38	137	5
1	237880530.1	G	A	187	0	133	1	136	0	175	0	137	0
1	237880530.2	G	C	187	0	133	0	136	0	175	0	137	2
21	40194724.0	C	A	326	2	420	2	170	1	372	0	277	0
21	40194724.1	C	T	326	183	420	91	170	129	372	86	277	15
21	40194724.2	C	G	326	4	420	1	170	0	372	0	277	0
3	113955551.0	C	A	20	18	38	19	42	38	28	9	55	6
18	59170279.0	G	T	69	1	95	1	37	0	122	0	109	0
18	59170279.1	G	C	69	218	95	150	37	160	122	86	109	12
18	59170279.2	G	A	69	0	95	1	37	0	122	0	109	0
5	131670535.0	C	A	81	91	84	64	75	127	102	77	130	9
5	131670535.1	C	T	81	1	84	1	75	0	102	0	130	0
5	131670535.2	C	G	81	0	84	0	75	1	102	0	130	0
11	102464284.0	G	A	232	4	99	0	100	0	234	0	129	0
11	102464284.1	G	T	232	178	99	43	100	88	234	132	129	34
11	102464284.2	G	C	232	0	99	0	100	0	234	0	129	1
17	10448772.0	C	A	145	65	234	45	145	107	143	38	107	6
17	10448772.1	C	G	145	1	234	1	145	1	143	0	107	0
17	10448772.2	C	T	145	0	234	2	145	2	143	1	107	0
7	88966073.0	C	T	244	21	166	20	367	61	182	21	118	4
7	88966073.1	C	G	244	0	166	0	367	2	182	0	118	0
1	6204182.0	G	A	48	1	140	0	47	0	92	1	135	0
1	6204182.1	G	C	48	103	140	106	47	211	92	62	135	21
1	6204182.2	G	T	48	0	140	0	47	3	92	0	135	0
1	176526313.0	G	T	8	23	41	7	18	11	20	9	27	0
11	123894563.0	C	A	315	91	314	40	328	80	334	0	144	0
11	123894563.1	C	T	315	2	314	1	328	5	334	0	144	0
11	123894563.2	C	G	315	0	314	0	328	1	334	0	144	0
17	48586008.0	G	A	50	1	39	0	52	0	55	0	77	0
17	48586008.1	G	T	50	14	39	11	52	20	55	13	77	3
2	167992524.0	T	A	197	98	162	0	200	0	236	2	130	0
2	167992524.1	T	G	197	1	162	0	200	1	236	0	130	0
2	167992524.2	T	C	197	1	162	0	200	0	236	0	130	0
1	107979325.0	T	A	188	1	203	1	200	1	230	0	120	0
1	107979325.1	T	C	188	207	203	130	200	125	230	138	120	10
1	107979325.2	T	G	188	0	203	1	200	0	230	0	120	0
11	62389398.0	C	A	670	476	349	155	284	207	562	259	516	62
11	62389398.1	C	T	670	1	349	0	284	0	562	1	516	0
11	62389398.2	C	G	670	3	349	1	284	0	562	0	516	0
7	128637488.0	C	A	470	156	367	60	373	98	391	48	221	7
7	128637488.1	C	G	470	4	367	2	373	2	391	0	221	0
7	128637488.2	C	T	470	0	367	1	373	1	391	0	221	0
11	12399303.0	C	A	154	2	70	2	73	1	102	0	138	0
11	12399303.1	C	T	154	1	70	0	73	0	102	2	138	1
11	12399303.2	C	G	154	40	70	30	73	57	102	65	138	28
X	55033123.0	A	T	31	122	58	111	18	186	102	65	104	27
X	55033123.1	A	G	31	1	58	1	18	0	102	0	104	0
12	102125421.0	C	G	141	59	94	15	158	57	239	41	109	6
12	102125421.1	C	T	141	0	94	1	158	0	239	0	109	0
15	23811332.0	C	T	10	45	30	27	7	17	16	21	36	10
15	23811332.1	C	G	10	0	30	1	7	0	16	0	36	0
15	23811332.2	C	A	10	0	30	0	7	0	16	0	36	1
10	18250629.0	G	A	106	4	75	1	86	0	267	0	110	0
10	18250629.1	G	T	106	62	75	12	86	62	267	63	110	8
1	171810851.0	G	T	153	47	226	65	150	60	167	32	149	3
1	171810851.1	G	A	153	0	226	1	150	0	167	0	149	0
2	77746259.0	G	A	46	1	46	0	59	0	66	0	65	0
2	77746259.1	G	T	46	52	46	20	59	60	66	12	65	3
16	30381215.0	G	C	0	6	8	4	10	10	10	4	15	1
12	22354882.0	C	A	23	12	24	3	25	21	56	4	49	0
12	22354882.1	C	T	23	0	24	0	25	0	56	1	49	0
4	152682101.0	C	A	174	137	125	66	103	94	236	87	156	29
4	152682101.1	C	T	174	0	125	0	103	0	236	0	156	1
11	55761676.0	T	C	59	13	39	5	70	15	53	14	50	0
1	156532968.0	C	A	64	53	96	53	85	102	87	35	123	7
1	156532968.1	C	G	64	1	96	1	85	0	87	0	123	0
1	156532968.2	C	T	64	0	96	1	85	1	87	0	123	1
1	24409128.0	C	T	74	58	176	86	145	83	68	17	100	14
1	24409128.1	C	G	74	1	176	3	145	0	68	0	100	1
1	24409128.2	C	A	74	0	176	0	145	0	68	2	100	0
6	36981748.0	C	A	64	31	133	66	114	78	51	22	111	10
12	57595682.0	G	A	60	1	127	0	103	0	54	0	108	0
12	57595682.1	G	T	60	1	127	0	103	1	54	0	108	0
12	57595682.2	G	C	60	22	127	25	103	38	54	6	108	11
10	102750653.0	G	T	124	114	132	75	98	111	155	87	158	20
10	102750653.1	G	C	124	1	132	0	98	0	155	0	158	0
10	102750653.2	G	A	124	0	132	0	98	2	155	0	158	0
17	77080717.0	A	T	80	55	224	51	99	59	119	16	142	9
17	77080717.1	A	G	80	3	224	0	99	1	119	0	142	0
17	77080717.2	A	C	80	3	224	10	99	4	119	0	142	0
16	343490.0	C	T	22	18	60	48	29	47	42	14	56	5
16	343490.1	C	G	22	0	60	1	29	0	42	0	56	0
20	30556280.0	C	T	75	30	148	41	130	64	82	11	109	8
20	30556280.1	C	A	75	0	148	5	130	0	82	0	109	0
20	30556280.2	C	G	75	0	148	1	130	0	82	1	109	0
2	55253935.0	G	A	339	187	170	42	254	199	359	203	216	18
2	55253935.1	G	T	339	1	170	0	254	4	359	1	216	1
2	55253935.2	G	C	339	1	170	0	254	1	359	0	216	0
3	196744024.0	G	A	52	35	164	54	111	50	93	1	134	9
3	196744024.1	G	T	52	1	164	1	111	0	93	0	134	0
3	196744024.2	G	C	52	0	164	2	111	0	93	0	134	0
19	54647802.0	G	T	200	145	248	92	171	122	113	66	246	20
19	54647802.1	G	C	200	1	248	2	171	4	113	0	246	0
19	54647802.2	G	A	200	0	248	1	171	2	113	2	246	0
3	97251356.0	C	T	146	51	86	6	114	34	136	19	83	3
3	97251356.1	C	A	146	0	86	0	114	4	136	0	83	0
3	97251356.2	C	G	146	0	86	0	114	1	136	0	83	0
16	69401062.0	G	A	60	0	39	0	64	0	40	10	63	0
11	45671777.0	C	T	34	9	51	37	26	22	12	4	31	7
6	152534802.0	G	A	519	3	306	2	463	2	404	3	161	2
6	152534802.1	G	T	519	2	306	4	463	1	404	2	161	1
6	152534802.2	G	C	519	169	306	62	463	177	404	173	161	3
10	5014896.0	C	A	184	1	408	3	279	0	235	0	132	2
10	5014896.1	C	T	184	72	408	102	279	158	235	37	132	15
10	5014896.2	C	G	184	2	408	3	279	0	235	0	132	0
X	53106761.0	C	T	53	1	99	2	115	0	69	0	34	5
1	40363335.0	G	T	124	20	123	0	150	0	97	0	128	0
1	40363335.1	G	C	124	1	123	0	150	0	97	0	128	0
14	45705143.0	C	T	117	115	72	30	107	123	170	87	114	17
14	45705143.1	C	G	117	0	72	1	107	0	170	0	114	0
14	45705143.2	C	A	117	0	72	0	107	0	170	0	114	1
2	69093060.0	G	A	107	1	94	0	105	3	122	0	123	0
2	69093060.1	G	T	107	65	94	36	105	56	122	28	123	8
5	140474892.0	C	A	39	15	27	6	30	15	18	7	51	3
12	124827700.0	G	A	159	0	383	1	263	0	158	29	176	0
12	124827700.1	G	T	159	0	383	0	263	1	158	0	176	0
1	150240397.0	G	A	194	208	185	114	107	130	252	120	385	61
1	150240397.1	G	T	194	2	185	2	107	0	252	0	385	6
6	158014099.0	G	A	195	46	291	73	266	120	120	77	143	12
6	158014099.1	G	C	195	1	291	1	266	0	120	0	143	0
6	158014099.2	G	T	195	0	291	1	266	1	120	0	143	0
5	110836732.0	G	C	226	191	121	55	179	204	392	164	145	24
5	110836732.1	G	A	226	0	121	0	179	0	392	0	145	2
6	169634923.0	C	T	79	0	196	1	193	0	89	0	118	0
6	169634923.1	C	A	79	0	196	0	193	0	89	11	118	0
12	19592683.0	T	A	11	16	13	6	7	9	22	8	36	1
12	19592683.1	T	C	11	2	13	0	7	1	22	0	36	0
1	103491874.0	A	T	123	31	72	18	108	57	152	23	85	4
1	103491874.1	A	C	123	0	72	0	108	1	152	0	85	0
1	103491874.2	A	G	123	0	72	0	108	0	152	0	85	1
14	20711129.0	G	A	63	75	67	44	92	82	71	40	66	7
14	20711129.1	G	T	63	0	67	1	92	2	71	0	66	0
14	20711129.2	G	C	63	0	67	1	92	0	71	0	66	0
2	103322318.0	C	A	253	83	150	39	273	84	320	52	122	3
2	103322318.1	C	T	253	0	150	0	273	1	320	0	122	0
11	59811098.0	G	T	155	0	72	1	181	0	185	1	53	0
11	59811098.1	G	A	155	0	72	0	181	0	185	0	53	6
11	59811098.2	G	C	155	0	72	0	181	0	185	0	53	1
8	142228940.0	C	T	40	25	136	49	75	53	44	11	82	4
8	142228940.1	C	G	40	0	136	0	75	0	44	1	82	0
8	142228940.2	C	A	40	0	136	0	75	0	44	0	82	1
1	197871987.0	G	T	50	26	60	10	32	22	49	18	44	5
1	197871987.1	G	A	50	0	60	0	32	2	49	1	44	0
8	21981180.0	G	T	15	17	73	30	13	30	35	7	39	4
8	21981180.1	G	A	15	0	73	2	13	0	35	0	39	0
8	21981180.2	G	C	15	0	73	5	13	1	35	0	39	0
4	101109262.0	A	G	102	66	56	22	101	39	141	40	92	7
4	101109262.1	A	T	102	0	56	1	101	0	141	0	92	0
6	24847919.0	T	A	43	24	48	5	43	28	38	0	84	0
6	24847919.1	T	G	43	1	48	0	43	0	38	0	84	0
6	24847919.2	T	C	43	0	48	0	43	1	38	0	84	0
1	247978667.0	G	C	35	16	27	4	25	14	38	6	37	0
1	247978667.1	G	A	35	0	27	1	25	0	38	0	37	0
9	90588857.0	C	T	237	0	216	1	213	0	210	0	197	0
9	90588857.1	C	G	237	0	216	0	213	0	210	34	197	0
1	184688379.0	C	A	63	61	56	23	62	50	129	109	99	8
4	70460396.0	G	T	70	20	41	13	86	23	83	20	90	8
1	110155445.0	G	A	247	1	299	0	168	1	316	0	301	4
1	110155445.1	G	T	247	216	299	135	168	112	316	105	301	43
1	110155445.2	G	C	247	1	299	4	168	1	316	0	301	0
2	210824292.0	A	T	200	1	275	0	233	1	244	0	136	0
2	210824292.1	A	G	200	99	275	55	233	74	244	27	136	2
2	210824292.2	A	C	200	1	275	2	233	0	244	0	136	0
7	27195976.0	C	G	121	132	218	169	128	191	150	60	198	34
7	27195976.1	C	T	121	0	218	5	128	0	150	2	198	1
8	70591772.0	C	A	73	11	57	10	90	27	71	19	82	2
8	70591772.1	C	G	73	0	57	1	90	0	71	0	82	0
8	70591772.2	C	T	73	0	57	0	90	0	71	2	82	2
5	176859807.0	G	T	59	22	107	27	70	43	55	6	178	5
5	176859807.1	G	C	59	0	107	0	70	1	55	0	178	0
5	176859807.2	G	A	59	0	107	0	70	0	55	2	178	0
14	39601176.0	T	A	219	63	140	35	208	71	261	0	118	4
14	39601176.1	T	G	219	1	140	1	208	0	261	0	118	0
14	39601176.2	T	C	219	0	140	1	208	0	261	0	118	0
12	80730309.0	C	T	77	69	58	34	85	113	151	50	97	8
12	80730309.1	C	A	77	0	58	0	85	1	151	1	97	0
12	80730309.2	C	G	77	0	58	0	85	1	151	0	97	0
9	104162188.0	T	A	822	2	310	0	375	0	765	0	341	0
9	104162188.1	T	G	822	3	310	0	375	0	765	0	341	0
9	104162188.2	T	C	822	274	310	0	375	0	765	0	341	0
8	3226820.0	T	G	64	66	68	29	36	74	176	0	110	4
8	3226820.1	T	A	64	0	68	2	36	0	176	0	110	0
8	3226820.2	T	C	64	0	68	0	36	0	176	0	110	1
8	120430357.0	C	A	232	2	236	0	241	1	187	1	148	0
8	120430357.1	C	T	232	132	236	91	241	134	187	71	148	13
8	120430357.2	C	G	232	0	236	4	241	2	187	0	148	0
2	31604553.0	C	A	281	175	275	106	259	177	211	126	199	14
2	31604553.1	C	T	281	0	275	2	259	1	211	0	199	1
2	31604553.2	C	G	281	0	275	3	259	1	211	0	199	2
11	119180608.0	A	T	145	98	193	107	245	218	168	68	184	15
11	119180608.1	A	G	145	2	193	0	245	1	168	0	184	2
11	119180608.2	A	C	145	0	193	1	245	0	168	0	184	0
X	35989865.0	G	A	11	21	14	3	5	13	18	6	27	5
X	64749585.0	G	A	34	2	45	0	17	0	63	1	82	0
X	64749585.1	G	T	34	1	45	0	17	5	63	1	82	6
X	64749585.2	G	C	34	145	45	95	17	169	63	105	82	35
19	37680943.0	C	A	135	126	195	73	193	129	94	60	139	13
19	37680943.1	C	T	135	2	195	0	193	0	94	0	139	0
19	37680943.2	C	G	135	3	195	1	193	0	94	0	139	0
2	179495971.0	C	T	65	12	31	4	83	29	79	13	46	1
2	210791698.0	G	C	100	47	107	28	150	58	148	23	97	5
2	210791698.1	G	A	100	0	107	1	150	0	148	0	97	0
2	210791698.2	G	T	100	0	107	0	150	0	148	2	97	0
2	141762937.0	G	T	93	105	144	64	109	152	137	65	82	15
2	141762937.1	G	C	93	0	144	1	109	1	137	0	82	2
2	141762937.2	G	A	93	0	144	0	109	1	137	0	82	1
2	119727774.0	C	A	148	1	136	1	76	1	205	2	151	0
2	119727774.1	C	G	148	128	136	99	76	139	205	46	151	25
2	119727774.2	C	T	148	0	136	3	76	1	205	0	151	0
17	27943117.0	G	T	77	43	77	18	42	26	87	25	157	8
20	45130487.0	G	A	35	1	19	0	30	0	52	0	70	0
20	45130487.1	G	C	35	31	19	15	30	56	52	26	70	8
20	45130487.2	G	T	35	0	19	0	30	1	52	0	70	0
17	37334296.0	G	A	286	3	345	1	232	2	302	6	285	0
17	37334296.1	G	C	286	167	345	99	232	135	302	81	285	46
17	37334296.2	G	T	286	0	345	1	232	0	302	1	285	4
20	42743437.0	C	A	73	26	89	13	105	41	72	25	78	0
20	42743437.1	C	T	73	0	89	0	105	1	72	0	78	0
20	42743437.2	C	G	73	0	89	0	105	2	72	0	78	0
18	55338809.0	C	T	66	146	66	75	38	182	206	100	121	9
18	55338809.1	C	A	66	0	66	3	38	1	206	0	121	0
3	183756291.0	C	A	36	34	149	55	96	108	51	23	86	7
3	183756291.1	C	T	36	0	149	0	96	0	51	0	86	1
14	69866178.0	C	A	823	7	266	0	340	2	744	0	423	0
14	69866178.1	C	T	823	5	266	3	340	1	744	0	423	0
14	69866178.2	C	G	823	269	266	71	340	160	744	8	423	23
5	36995735.0	C	A	101	1	66	0	86	0	119	0	41	1
5	36995735.1	C	G	101	44	66	16	86	40	119	41	41	2
21	44837469.0	T	C	1	2	15	4	7	8	4	3	16	2
5	9044485.0	C	A	293	89	196	67	240	122	254	57	94	4
5	9044485.1	C	G	293	2	196	2	240	3	254	0	94	0
5	9044485.2	C	T	293	0	196	1	240	1	254	0	94	0
1	165218669.0	C	A	53	19	84	19	96	48	53	6	65	8
11	55703124.0	C	A	202	134	222	82	173	130	222	76	133	12
11	55703124.1	C	T	202	2	222	1	173	3	222	0	133	0
11	55703124.2	C	G	202	0	222	0	173	1	222	1	133	0
7	143056481.0	G	T	168	50	189	0	201	0	174	0	160	3
7	143056481.1	G	A	168	0	189	2	201	0	174	1	160	0
7	143056481.2	G	C	168	0	189	1	201	0	174	0	160	0
11	102395753.0	A	T	161	102	145	86	139	120	130	70	175	35
11	102395753.1	A	G	161	3	145	0	139	0	130	0	175	0
11	102395753.2	A	C	161	4	145	0	139	0	130	0	175	0
4	84205914.0	G	A	125	1	57	0	44	0	145	0	117	0
4	84205914.1	G	T	125	1	57	0	44	0	145	0	117	0
4	84205914.2	G	C	125	65	57	25	44	44	145	51	117	10
3	195595101.0	C	T	16	28	67	44	21	34	16	10	75	9
19	19368756.0	C	A	2	11	22	19	7	25	6	13	26	4
19	19368756.1	C	T	2	0	22	0	7	1	6	0	26	0
1	216680493.0	G	A	49	20	48	10	33	24	56	11	64	0
19	55263846.0	G	C	65	85	75	66	48	105	79	16	48	4
19	55263846.1	G	T	65	0	75	1	48	0	79	0	48	0
X	119681095.0	C	A	44	174	37	46	8	136	54	123	50	46
X	119681095.1	C	G	44	1	37	0	8	0	54	0	50	0
11	1266651.0	G	C	39	15	254	40	194	47	71	0	96	6
11	1266651.1	G	A	39	0	254	1	194	0	71	0	96	0
1	160924524.0	G	T	145	41	114	27	131	47	140	15	131	6
1	160924524.1	G	A	145	0	114	2	131	0	140	0	131	0
14	23519066.0	C	T	48	13	75	14	68	22	42	0	83	2
14	23519066.1	C	A	48	0	75	1	68	0	42	0	83	1
14	23519066.2	C	G	48	0	75	0	68	1	42	0	83	0
16	29811281.0	G	A	139	1	145	1	98	1	137	0	233	0
16	29811281.1	G	C	139	115	145	88	98	133	137	103	233	25
16	29811281.2	G	T	139	0	145	2	98	0	137	0	233	0
10	48416635.0	A	T	2	2	14	9	8	5	2	0	11	3
10	56424012.0	T	G	182	0	154	1	159	1	243	0	131	1
10	56424012.1	T	A	182	0	154	0	159	54	243	0	131	0
10	56424012.2	T	C	182	0	154	0	159	0	243	1	131	0
1	157490238.0	C	A	69	18	143	31	111	27	55	9	84	6
1	157490238.1	C	T	69	0	143	1	111	0	55	1	84	0
10	15296783.0	C	A	121	50	188	33	140	83	166	55	142	3
10	15296783.1	C	T	121	1	188	0	140	0	166	0	142	0
3	89462347.0	C	A	215	55	99	12	200	77	199	38	124	4
2	228883454.0	T	G	156	2	94	24	170	65	172	48	114	2
2	228883454.1	T	A	156	0	94	0	170	1	172	2	114	0
2	228883454.2	T	C	156	0	94	0	170	0	172	1	114	0
16	13329183.0	G	A	41	8	82	13	83	35	58	12	55	1
16	13329183.1	G	C	41	0	82	0	83	1	58	0	55	0
13	46919711.0	C	A	98	16	115	32	104	40	129	21	110	3
1	160062261.0	C	T	15	14	34	31	34	37	12	3	41	3
7	18801892.0	T	A	113	29	100	28	57	31	118	23	100	2
7	18801892.1	T	G	113	0	100	1	57	0	118	0	100	0
7	18801892.2	T	C	113	0	100	2	57	1	118	0	100	0
11	4928847.0	G	T	47	51	60	19	76	68	57	30	64	5
11	4928847.1	G	C	47	0	60	1	76	1	57	0	64	0
11	4928847.2	G	A	47	0	60	0	76	2	57	0	64	1
4	26322390.0	G	A	365	112	132	34	146	87	372	76	281	10
4	26322390.1	G	T	365	1	132	2	146	0	372	0	281	0
4	26322390.2	G	C	365	3	132	0	146	0	372	0	281	0
12	54422692.0	G	A	203	63	156	50	134	60	211	28	160	6
12	54422692.1	G	T	203	1	156	1	134	0	211	0	160	0
12	54422692.2	G	C	203	0	156	1	134	0	211	0	160	0
20	62365077.0	C	T	78	29	138	38	103	37	68	13	124	11
20	62365077.1	C	G	78	0	138	2	103	0	68	0	124	0
20	62365077.2	C	A	78	0	138	0	103	1	68	0	124	0
1	23782502.0	C	A	123	101	153	59	188	136	134	75	173	26
1	23782502.1	C	T	123	1	153	0	188	0	134	1	173	3
1	23782502.2	C	G	123	0	153	1	188	0	134	0	173	1
4	13543832.0	G	T	52	50	155	97	61	93	42	26	62	15
4	13543832.1	G	C	52	1	155	1	61	0	42	0	62	1
13	35731391.0	C	A	151	1	54	0	71	0	191	0	66	0
13	35731391.1	C	T	151	1	54	3	71	2	191	1	66	0
13	35731391.2	C	G	151	105	54	38	71	86	191	46	66	5
2	202093718.0	C	A	274	2	135	1	93	0	295	0	174	0
2	202093718.1	C	T	274	150	135	89	93	108	295	237	174	29
2	202093718.2	C	G	274	0	135	0	93	3	295	0	174	0
12	20876085.0	A	T	265	1	180	0	212	1	341	0	124	0
12	20876085.1	A	G	265	1	180	0	212	0	341	1	124	0
12	20876085.2	A	C	265	213	180	109	212	247	341	174	124	10
3	129140435.0	G	A	179	83	212	54	235	101	202	45	188	3
3	129140435.1	G	C	179	1	212	0	235	0	202	1	188	0
3	129140435.2	G	T	179	0	212	4	235	1	202	1	188	0
X	129803975.0	C	A	181	2	118	0	238	0	209	0	92	0
X	129803975.1	C	G	181	72	118	0	238	1	209	0	92	0
1	22175268.0	G	A	36	1	69	0	75	1	38	0	43	0
1	22175268.1	G	C	36	13	69	22	75	27	38	6	43	5
2	220366681.0	C	T	155	1	287	1	256	2	185	0	192	0
2	220366681.1	C	G	155	58	287	69	256	91	185	47	192	13
2	220366681.2	C	A	155	0	287	4	256	0	185	0	192	0
2	210860307.0	G	T	10	11	12	1	11	3	14	6	13	0
8	132051713.0	G	A	163	29	225	42	247	57	105	13	75	3
8	132051713.1	G	T	163	0	225	1	247	1	105	0	75	0
19	36501523.0	G	A	469	7	800	9	409	2	377	0	379	0
19	36501523.1	G	T	469	306	800	332	409	363	377	95	379	35
19	36501523.2	G	C	469	6	800	7	409	8	377	1	379	1
11	1955208.0	G	A	37	46	122	50	102	65	59	13	111	9
11	1955208.1	G	C	37	1	122	2	102	0	59	0	111	0
5	140737201.0	T	C	46	36	32	23	54	78	49	22	55	12
3	38592077.0	C	A	50	1	127	0	119	0	69	0	63	0
3	38592077.1	C	T	50	17	127	26	119	34	69	14	63	5
16	27818821.0	C	A	228	2	295	0	316	1	193	0	166	0
16	27818821.1	C	T	228	62	295	38	316	115	193	39	166	6
16	27818821.2	C	G	228	0	295	0	316	0	193	0	166	1
1	155234486.0	T	A	177	2	141	0	134	0	187	0	192	1
1	155234486.1	T	G	177	1	141	2	134	0	187	0	192	0
1	155234486.2	T	C	177	62	141	47	134	60	187	55	192	9
2	71305453.0	C	A	231	51	219	40	290	81	207	12	213	6
2	71305453.1	C	T	231	0	219	1	290	3	207	0	213	0
2	71305453.2	C	G	231	0	219	0	290	3	207	1	213	0
2	138722175.0	G	A	556	1	82	0	125	1	733	0	186	1
2	138722175.1	G	C	556	207	82	15	125	59	733	108	186	6
2	138722175.2	G	T	556	0	82	0	125	1	733	1	186	0
11	58391634.0	G	T	203	150	232	61	166	153	170	87	123	29
11	58391634.1	G	A	203	0	232	0	166	1	170	1	123	2
11	58391634.2	G	C	203	0	232	0	166	1	170	0	123	1
9	130536739.0	G	A	60	1	71	0	33	0	176	0	222	0
9	130536739.1	G	C	60	85	71	64	33	93	176	33	222	10
9	130536739.2	G	T	60	0	71	1	33	0	176	0	222	3
4	70620485.0	C	G	267	46	118	11	283	4	435	36	208	3
4	70620485.1	C	T	267	0	118	0	283	3	435	1	208	0
12	121004699.0	G	C	129	35	120	34	139	71	142	29	172	13
12	121004699.1	G	A	129	0	120	2	139	1	142	0	172	2
12	121004699.2	G	T	129	0	120	0	139	1	142	0	172	1
7	143042639.0	G	A	85	28	109	22	106	20	88	17	80	3
7	143042639.1	G	C	85	0	109	0	106	1	88	0	80	0
3	115382657.0	C	A	282	3	272	2	200	0	358	0	121	3
3	115382657.1	C	T	282	81	272	48	200	80	358	0	121	16
3	115382657.2	C	G	282	0	272	0	200	0	358	0	121	1
