Chr	Posi	Wild	Mut	Met1T:ref	Met1T:alt	Met3T:ref	Met3T:alt	Met4T:ref	Met4T:alt	Met5T:ref	Met5T:alt	Met6T:ref	Met6T:alt	Met7T:ref	Met7T:alt	Met8T:ref	Met8T:alt	PrimT:ref	PrimT:alt
12	111729305.0	C	T	39	43	55	39	13	52	18	88	32	90	62	144	50	45	90	44
12	111729305.1	C	G	39	2	55	1	13	0	18	0	32	0	62	0	50	0	90	0
12	111729305.2	C	A	39	0	55	0	13	0	18	0	32	2	62	0	50	0	90	1
15	74317220.0	C	G	303	0	422	0	282	0	376	1	403	0	464	0	292	0	341	1
15	74317220.1	C	A	303	0	422	0	282	0	376	0	403	0	464	0	292	0	341	94
1	45110941.0	C	A	117	0	124	0	77	0	74	0	77	76	116	0	82	0	123	0
1	45110941.1	C	T	117	0	124	0	77	0	74	0	77	0	116	0	82	0	123	1
12	547549.0	G	A	240	0	243	118	281	0	201	0	190	0	226	0	219	0	246	0
12	547549.1	G	T	240	0	243	0	281	0	201	0	190	1	226	0	219	2	246	1
12	547549.2	G	C	240	0	243	0	281	0	201	0	190	0	226	0	219	0	246	1
11	65793647.0	G	T	266	0	418	0	231	1	243	0	441	101	435	1	245	0	354	3
11	65793647.1	G	A	266	0	418	0	231	0	243	0	441	0	435	1	245	0	354	0
6	99856149.0	T	C	78	28	76	55	73	62	41	56	80	4	36	68	76	28	104	0
6	99856149.1	T	A	78	0	76	0	73	0	41	0	80	0	36	0	76	0	104	1
19	54782829.0	G	A	157	0	185	0	99	0	119	0	236	0	190	0	121	19	260	0
17	38906706.0	C	T	148	22	163	55	136	74	143	61	138	70	208	87	160	37	142	55
17	38906706.1	C	A	148	0	163	0	136	2	143	0	138	0	208	0	160	0	142	0
17	38906706.2	C	G	148	0	163	0	136	0	143	0	138	1	208	0	160	0	142	0
12	26869091.0	G	A	323	1	451	3	514	2	362	1	232	0	307	0	374	0	443	3
12	26869091.1	G	T	323	1	451	0	514	2	362	5	232	1	307	1	374	2	443	3
12	26869091.2	G	C	323	64	451	92	514	113	362	2	232	1	307	100	374	112	443	0
19	46733763.0	G	A	43	0	35	0	40	0	44	0	69	22	38	0	39	0	52	17
19	46733763.1	G	C	43	0	35	0	40	0	44	0	69	1	38	0	39	0	52	0
17	9923171.0	G	T	88	0	135	1	80	0	85	0	115	2	168	0	100	1	86	0
17	9923171.1	G	A	88	0	135	0	80	0	85	0	115	0	168	0	100	0	86	35
1	172501928.0	A	G	89	5	200	1	99	9	200	0	106	15	205	0	179	0	72	3
1	172501928.1	A	C	89	0	200	0	99	0	200	0	106	2	205	0	179	0	72	0
10	49635182.0	G	A	434	4	550	1	590	1	518	0	372	0	499	1	513	3	448	4
10	49635182.1	G	C	434	0	550	1	590	2	518	0	372	0	499	0	513	0	448	0
10	49635182.2	G	T	434	0	550	0	590	0	518	124	372	0	499	0	513	0	448	0
1	159751977.0	G	T	275	0	422	2	298	0	355	0	350	0	434	1	295	0	333	0
1	159751977.1	G	A	275	0	422	0	298	0	355	2	350	130	434	2	295	1	333	0
1	159751977.2	G	C	275	0	422	0	298	0	355	0	350	1	434	0	295	0	333	0
20	55840863.0	G	A	52	17	103	48	36	18	51	26	92	56	74	35	41	21	98	30
20	55840863.1	G	T	52	0	103	0	36	0	51	0	92	1	74	0	41	0	98	0
20	55840863.2	G	C	52	0	103	0	36	0	51	0	92	0	74	0	41	1	98	0
15	31338419.0	A	T	296	1	292	0	244	0	245	0	125	0	184	0	236	1	304	3
15	31338419.1	A	C	296	77	292	119	244	115	245	106	125	117	184	88	236	79	304	86
15	31338419.2	A	G	296	0	292	0	244	0	245	0	125	0	184	1	236	0	304	1
21	31654971.0	G	A	154	0	198	0	129	0	122	0	131	91	176	1	169	0	149	23
21	31654971.1	G	T	154	0	198	0	129	0	122	0	131	3	176	0	169	1	149	0
16	70896016.0	A	T	336	1	487	0	340	0	417	1	462	2	417	0	332	0	388	1
16	70896016.1	A	G	336	25	487	51	340	39	417	53	462	78	417	73	332	44	388	42
16	70896016.2	A	C	336	0	487	1	340	0	417	0	462	1	417	0	332	0	388	0
15	23014512.0	C	A	242	1	265	1	196	0	182	0	203	79	211	0	179	0	200	0
15	23014512.1	C	T	242	0	265	0	196	0	182	0	203	1	211	0	179	0	200	1
15	23014512.2	C	G	242	0	265	0	196	0	182	0	203	3	211	0	179	0	200	0
10	48389383.0	G	A	28	7	55	34	29	13	41	19	76	32	52	27	30	12	73	16
11	65649956.0	G	A	188	47	263	0	149	0	184	0	375	0	334	0	167	0	319	0
11	65649956.1	G	T	188	1	263	0	149	0	184	0	375	0	334	0	167	1	319	0
1	145311931.0	C	T	31	6	47	9	27	13	37	21	40	9	33	8	32	9	30	4
1	145311931.1	C	G	31	1	47	0	27	0	37	0	40	0	33	0	32	0	30	1
1	145311931.2	C	A	31	0	47	0	27	0	37	3	40	0	33	0	32	0	30	0
1	47048972.0	C	G	107	0	133	0	89	0	127	1	102	0	111	0	93	0	104	1
1	47048972.1	C	A	107	0	133	0	89	0	127	0	102	1	111	0	93	1	104	0
1	47048972.2	C	T	107	0	133	0	89	0	127	0	102	1	111	0	93	0	104	51
6	27879804.0	C	G	301	1	392	0	312	0	316	0	160	0	308	0	293	0	263	0
6	27879804.1	C	A	301	0	392	0	312	1	316	0	160	107	308	0	293	0	263	0
6	27879804.2	C	T	301	0	392	0	312	1	316	0	160	0	308	0	293	0	263	1
11	85623729.0	C	A	402	2	478	1	361	0	310	3	351	1	355	0	396	2	614	3
11	85623729.1	C	T	402	117	478	196	361	198	310	215	351	221	355	168	396	152	614	169
11	85623729.2	C	G	402	0	478	1	361	4	310	2	351	1	355	0	396	2	614	1
18	61223484.0	C	A	344	2	364	0	359	0	261	1	202	1	303	0	318	1	355	1
18	61223484.1	C	T	344	1	364	0	359	2	261	0	202	109	303	0	318	1	355	0
18	61223484.2	C	G	344	0	364	0	359	0	261	0	202	1	303	0	318	0	355	0
12	58131102.0	C	T	107	0	164	1	106	0	131	0	228	0	179	0	93	0	214	0
12	58131102.1	C	A	107	0	164	0	106	0	131	0	228	0	179	0	93	0	214	60
12	58131102.2	C	G	107	0	164	0	106	0	131	0	228	0	179	0	93	0	214	1
9	433959.0	A	T	187	1	175	0	136	1	88	0	44	0	110	0	161	1	151	0
9	433959.1	A	G	187	82	175	118	136	146	88	125	44	180	110	95	161	84	151	72
9	433959.2	A	C	187	0	175	0	136	0	88	0	44	0	110	0	161	1	151	0
19	39879938.0	C	T	125	0	88	78	84	0	99	0	149	0	111	0	123	0	189	0
3	75787712.0	G	A	379	14	462	24	385	17	340	25	269	28	421	9	357	15	389	30
3	75787712.1	G	T	379	0	462	1	385	4	340	2	269	0	421	0	357	4	389	5
3	75787712.2	G	C	379	0	462	1	385	0	340	2	269	3	421	0	357	3	389	5
4	91230625.0	A	C	239	1	289	0	302	0	186	1	104	0	205	0	234	0	202	61
4	91230625.1	A	T	239	0	289	0	302	1	186	0	104	1	205	0	234	0	202	0
2	113588905.0	G	A	385	95	391	161	318	192	375	172	396	6	349	182	374	82	423	0
2	113588905.1	G	T	385	4	391	1	318	2	375	4	396	1	349	0	374	5	423	2
2	113588905.2	G	C	385	2	391	2	318	3	375	0	396	1	349	0	374	0	423	1
19	39098655.0	G	A	61	20	56	70	32	29	31	66	109	95	79	72	62	26	215	61
19	39098655.1	G	C	61	0	56	0	32	0	31	1	109	0	79	0	62	0	215	0
19	39098655.2	G	T	61	0	56	0	32	0	31	0	109	1	79	0	62	0	215	1
5	79734658.0	C	A	197	1	190	0	169	0	185	0	113	0	167	1	207	0	177	5
5	79734658.1	C	T	197	66	190	69	169	121	185	102	113	71	167	84	207	70	177	64
5	79734658.2	C	G	197	0	190	0	169	0	185	1	113	0	167	1	207	0	177	0
8	145678748.0	A	G	71	17	110	54	49	25	67	47	140	80	114	53	79	27	135	81
8	145678748.1	A	T	71	0	110	0	49	0	67	1	140	0	114	0	79	0	135	0
8	145678748.2	A	C	71	0	110	0	49	0	67	0	140	1	114	1	79	0	135	1
9	116346421.0	G	A	37	19	76	37	30	21	39	34	80	21	76	33	55	23	77	24
9	116346421.1	G	C	37	0	76	0	30	1	39	0	80	0	76	0	55	0	77	1
2	234581384.0	C	A	139	1	160	2	160	0	143	0	94	0	188	0	129	0	149	0
2	234581384.1	C	T	139	15	160	21	160	17	143	29	94	12	188	23	129	15	149	10
1	165218810.0	G	T	62	0	82	31	61	0	56	0	83	0	96	0	58	4	86	0
4	149075964.0	C	G	111	0	232	29	133	1	176	17	173	0	279	25	147	7	171	3
4	149075964.1	C	A	111	0	232	0	133	2	176	2	173	2	279	0	147	0	171	2
4	149075964.2	C	T	111	0	232	0	133	0	176	0	173	2	279	1	147	1	171	2
19	9017365.0	C	T	214	18	317	49	201	34	235	35	248	48	295	33	243	35	299	34
19	9017365.1	C	G	214	0	317	1	201	0	235	0	248	0	295	0	243	0	299	1
19	9017365.2	C	A	214	0	317	0	201	0	235	0	248	0	295	0	243	0	299	1
17	7576897.0	G	A	237	94	184	150	111	131	93	183	101	223	130	149	196	75	316	121
17	7576897.1	G	T	237	1	184	1	111	2	93	2	101	4	130	1	196	2	316	0
17	7576897.2	G	C	237	0	184	0	111	1	93	0	101	0	130	0	196	0	316	0
5	121780324.0	G	A	153	60	243	115	157	77	165	99	165	122	234	113	170	61	230	74
5	121780324.1	G	T	153	1	243	0	157	1	165	0	165	2	234	0	170	2	230	1
5	121780324.2	G	C	153	1	243	2	157	0	165	0	165	0	234	0	170	1	230	1
5	140564355.0	G	A	75	23	91	25	62	29	54	29	61	45	52	33	44	20	80	35
5	140564355.1	G	T	75	0	91	0	62	0	54	0	61	0	52	0	44	0	80	1
4	118975840.0	C	A	348	75	304	108	282	156	98	128	173	54	126	119	320	92	286	99
4	118975840.1	C	T	348	1	304	0	282	1	98	1	173	1	126	0	320	1	286	2
4	118975840.2	C	G	348	1	304	0	282	0	98	0	173	0	126	1	320	0	286	0
19	55716764.0	C	A	226	1	349	0	212	0	202	0	215	208	297	0	205	1	471	1
12	25398285.0	C	G	320	177	400	384	369	439	143	314	204	125	273	298	377	198	294	288
12	25398285.1	C	A	320	0	400	1	369	2	143	1	204	0	273	1	377	2	294	4
12	25398285.2	C	T	320	0	400	0	369	2	143	1	204	6	273	0	377	3	294	0
16	31422660.0	G	T	121	2	157	0	88	1	130	0	301	0	204	0	90	0	274	0
16	31422660.1	G	C	121	34	157	98	88	56	130	55	301	6	204	94	90	30	274	0
16	31422660.2	G	A	121	0	157	0	88	0	130	1	301	1	204	0	90	0	274	0
14	24836270.0	A	G	261	1	345	0	256	0	253	0	365	2	419	1	247	0	307	1
14	24836270.1	A	C	261	21	345	9	256	21	253	7	365	37	419	16	247	1	307	17
14	24836270.2	A	T	261	0	345	1	256	1	253	0	365	1	419	0	247	1	307	0
1	171250062.0	G	A	408	83	504	157	566	165	466	161	395	134	377	117	423	96	399	87
1	171250062.1	G	T	408	3	504	2	566	1	466	0	395	1	377	1	423	3	399	0
1	171250062.2	G	C	408	1	504	0	566	1	466	0	395	0	377	1	423	0	399	0
9	33797991.0	G	A	265	2	359	8	229	7	276	6	363	8	361	6	233	10	379	3
9	33797991.1	G	T	265	0	359	0	229	0	276	1	363	0	361	1	233	0	379	0
19	19655070.0	G	A	52	0	93	0	38	0	42	0	130	0	105	0	35	0	104	1
19	19655070.1	G	T	52	0	93	0	38	0	42	0	130	0	105	0	35	0	104	47
8	99961471.0	C	T	51	0	103	0	56	0	97	0	132	0	78	2	53	0	147	0
8	99961471.1	C	G	51	0	103	0	56	0	97	0	132	0	78	41	53	0	147	0
19	55148039.0	T	G	156	1	162	0	83	0	83	0	218	0	147	0	153	0	313	3
19	55148039.1	T	C	156	50	162	113	83	92	83	122	218	195	147	119	153	76	313	92
8	7215882.0	C	T	263	18	296	33	269	39	247	29	166	12	278	20	269	15	206	12
8	7215882.1	C	A	263	0	296	0	269	1	247	0	166	0	278	1	269	2	206	0
8	7215882.2	C	G	263	0	296	0	269	0	247	1	166	0	278	0	269	0	206	0
2	223489020.0	G	A	348	94	353	171	407	168	342	197	202	130	307	144	390	116	347	111
2	223489020.1	G	T	348	1	353	2	407	2	342	1	202	1	307	1	390	2	347	2
2	223489020.2	G	C	348	0	353	2	407	0	342	0	202	1	307	0	390	0	347	0
3	122514306.0	C	T	52	0	136	2	67	0	92	0	110	0	155	0	69	0	81	0
3	122514306.1	C	A	52	0	136	0	67	0	92	0	110	0	155	0	69	0	81	36
