Chr	Posi	Wild	Mut	Prim1T:ref	Prim1T:alt	Met0T:ref	Met0T:alt	Met1T:ref	Met1T:alt	Met3T:ref	Met3T:alt	Met4T:ref	Met4T:alt	Met5T:ref	Met5T:alt	Met6T:ref	Met6T:alt	Met7T:ref	Met7T:alt
1	6215763	C	T	256	0	144	0	50	7	97	17	70	6	57	0	70	0	59	7
1	16356289	A	G	679	40	537	36	224	25	404	48	242	16	220	28	241	14	271	26
1	109813566	G	T	147	23	100	4	38	6	65	10	40	6	29	14	53	4	56	4
1	112303742	C	A	217	40	160	0	167	0	92	0	179	0	180	0	235	0	209	0
1	150248187	A	T	804	0	530	6	506	79	542	108	454	28	720	0	544	0	718	71
1	155165873	A	C	231	30	199	4	165	0	255	0	151	0	225	4	135	5	216	7
2	17961917	G	A	175	0	136	0	149	11	131	10	158	9	158	26	186	12	212	27
2	27565716	T	G	109	7	109	0	66	0	112	0	75	0	115	0	78	0	103	0
2	39250192	T	C	103	0	98	0	93	12	85	8	96	5	84	24	100	7	124	16
2	74760020	G	C	226	46	219	19	131	24	179	34	156	16	153	26	123	7	169	47
2	179308036	C	T	389	0	278	22	329	65	202	29	333	18	342	98	398	53	411	72
2	197184508	T	C	168	34	125	14	77	29	110	20	94	9	121	47	138	21	156	47
2	203760799	A	C	153	36	101	0	92	21	125	27	93	10	96	32	112	17	138	37
3	65415544	C	A	106	0	120	0	80	12	71	11	80	6	88	30	104	12	126	14
3	121575980	C	T	286	0	168	13	156	27	155	26	157	13	197	59	235	25	200	58
3	129546978	C	A	102	0	76	0	45	4	55	8	49	0	77	6	73	0	84	12
4	1746681	G	A	69	0	59	0	17	4	53	13	34	8	31	4	26	0	36	11
4	7725535	G	A	141	0	90	12	55	22	101	39	64	10	56	14	66	10	55	21
4	17710708	T	C	39	0	25	0	22	4	29	6	18	0	30	11	23	4	40	13
4	56757571	A	T	461	0	382	16	349	70	337	76	450	62	397	68	467	34	449	118
4	56757572	G	T	450	0	373	16	341	71	331	75	402	59	387	71	464	35	439	118
4	156294588	C	A	91	0	37	0	106	0	36	6	78	0	145	0	151	0	123	0
5	98215411	C	A	112	0	112	0	137	0	53	7	171	0	208	0	212	0	229	0
5	110408628	C	T	312	140	361	62	189	133	265	147	217	83	231	190	263	59	265	182
5	140718600	C	T	222	0	144	9	130	18	164	14	131	16	137	25	105	11	182	44
5	150664180	G	A	405	107	366	54	303	113	459	99	368	67	456	162	335	76	475	152
5	151170548	C	G	628	141	539	90	495	139	715	182	470	68	620	224	535	105	693	189
5	151170611	C	A	633	142	495	79	517	107	739	163	465	76	648	228	550	94	729	165
6	36169409	T	G	105	11	123	0	64	0	91	0	80	0	77	0	87	0	105	0
6	36930739	G	C	140	27	85	11	49	8	83	30	54	8	39	23	52	0	57	13
6	146267438	C	T	433	92	368	28	419	121	287	72	531	82	437	183	635	102	511	176
6	152265440	T	G	254	0	205	0	103	11	192	28	166	18	183	0	201	0	190	30
6	158497754	A	C	121	15	132	0	57	0	97	0	75	0	85	0	91	0	111	0
6	170592574	C	T	230	41	258	0	128	0	152	0	153	0	144	0	124	0	163	0
7	55249071	C	T	87	0	67	4	58	19	69	15	55	7	74	17	66	0	95	14
7	76826020	A	G	355	134	282	52	239	159	182	106	373	104	245	296	377	110	316	232
7	105177146	G	C	299	0	125	5	212	19	135	7	190	0	245	42	264	14	324	26
8	37823802	G	A	37	0	38	0	12	12	25	20	16	13	14	21	23	16	21	29
8	37823981	G	A	43	0	33	7	4	17	31	28	19	13	16	23	13	11	11	17
10	3147334	G	A	343	0	290	6	113	24	164	46	139	10	151	32	139	9	154	20
10	47942037	A	T	228	69	150	32	75	78	105	88	169	53	59	111	150	73	95	124
10	51885892	A	T	191	9	207	8	103	6	103	10	189	6	94	22	181	4	114	27
10	73556891	G	A	165	36	116	12	78	20	112	52	80	7	46	38	119	9	95	43
10	86130975	C	G	146	0	121	0	115	11	68	5	138	5	154	18	183	8	143	11
11	5290804	G	T	256	29	319	0	258	0	270	0	211	0	351	0	302	0	359	0
11	67207831	G	T	240	0	188	5	78	0	141	19	121	0	80	9	66	8	106	9
11	114276470	G	T	486	83	417	22	412	92	377	61	461	45	511	128	468	68	549	133
12	9252100	G	T	157	29	179	18	115	28	129	37	118	15	118	62	146	32	115	41
12	12976935	T	G	167	0	172	0	105	16	128	12	153	5	180	0	177	0	167	30
12	19615567	G	T	269	0	265	0	168	25	219	0	215	0	237	0	280	0	282	0
12	20903607	A	T	193	0	173	9	161	15	131	13	194	15	219	33	236	17	183	35
12	34179195	C	A	527	63	582	32	508	75	583	96	677	56	472	151	620	69	569	91
12	56651627	C	T	188	0	138	0	103	0	122	0	77	0	116	0	67	9	141	0
12	112846063	A	C	298	59	502	0	281	0	396	5	343	0	337	0	341	0	350	5
12	120783979	C	T	45	0	49	10	19	10	30	9	21	0	22	11	25	4	14	6
12	124094646	A	C	74	5	110	0	59	0	73	0	68	0	63	0	64	0	77	0
12	125396605	G	A	26	0	15	0	14	0	7	0	12	0	12	14	18	0	20	0
12	132249111	A	G	157	0	152	0	59	25	95	27	106	15	57	23	94	17	101	43
13	103266531	C	G	170	0	203	0	164	0	152	0	238	0	233	0	265	31	278	0
14	20666316	G	T	221	0	174	5	116	8	167	23	138	9	195	32	160	26	173	34
14	20666317	G	T	222	0	167	6	117	8	164	23	132	9	192	33	155	27	172	35
14	20922825	A	C	16	6	37	0	25	0	35	0	21	0	40	0	33	0	41	0
14	55467328	G	C	373	0	312	5	307	21	297	24	351	21	420	96	352	0	416	55
14	76108237	A	G	410	97	332	24	309	58	397	84	319	34	411	147	258	24	406	90
14	102466355	G	C	256	0	179	8	144	12	220	9	120	0	210	22	140	8	197	24
15	22867456	A	G	169	0	215	0	144	0	143	0	144	0	163	24	156	0	204	0
15	59124080	C	T	230	0	197	0	139	15	158	13	212	12	228	0	217	0	202	45
15	73044836	T	G	106	0	108	9	55	0	75	0	72	10	88	6	71	4	71	4
15	90775542	C	A	45	7	101	0	51	0	91	0	59	0	68	0	65	0	66	0
15	100821466	C	T	89	0	72	0	30	4	69	5	50	0	64	8	45	9	46	5
16	19580756	C	A	145	0	137	0	73	11	101	8	73	0	108	0	82	0	106	10
16	23507073	C	G	356	0	252	11	192	18	265	21	171	8	191	33	194	21	224	35
17	7483133	G	C	167	0	152	8	65	23	103	30	85	10	71	25	78	17	95	24
17	7606425	G	T	101	0	105	5	29	8	53	7	36	4	25	0	44	4	40	6
17	8222657	C	T	77	23	63	0	29	9	51	32	41	11	42	20	40	7	35	22
17	9545119	G	A	238	0	250	23	142	53	231	70	196	33	184	65	191	42	179	83
17	26680751	C	G	295	159	356	68	175	91	264	128	225	61	165	154	183	61	187	138
17	56345180	A	G	237	40	205	8	110	34	193	36	136	11	156	34	137	25	177	45
17	61466771	G	A	351	48	456	37	402	90	435	62	408	44	505	93	369	55	579	87
18	13884765	G	A	77	17	85	16	41	15	72	16	61	5	48	37	54	10	60	18
18	21660689	C	T	351	0	441	15	268	52	354	36	376	10	312	65	317	31	367	44
18	66367698	A	C	266	9	178	21	272	81	209	66	333	41	332	168	485	94	365	137
19	46215043	G	A	105	17	53	6	20	0	51	9	35	0	44	10	29	0	36	18
19	58565136	G	A	56	0	37	6	14	9	40	10	18	8	23	0	22	5	25	29
20	23066476	G	C	230	30	188	0	100	0	159	0	103	0	140	0	119	0	168	0
20	31393196	T	C	333	51	333	30	297	50	482	74	310	27	271	92	295	33	406	73
20	44333119	C	T	360	43	324	25	247	54	372	59	277	33	280	77	275	31	416	102
20	57605383	A	G	326	95	249	39	290	140	240	96	281	58	272	206	367	100	357	192
21	43413891	A	C	79	0	86	0	62	10	76	12	80	13	82	0	71	0	78	8
21	46596038	C	T	177	0	137	5	75	11	123	19	89	13	93	28	91	5	143	25
22	28378378	G	A	294	0	205	0	88	0	164	0	139	0	108	23	135	0	123	0
22	40676112	A	T	227	47	270	0	135	0	179	0	194	0	199	0	224	0	228	0
22	51182573	G	A	452	74	362	21	120	30	241	41	191	38	165	22	188	19	170	44
X	85149255	C	A	259	0	273	18	269	67	311	63	270	30	308	163	282	32	347	68
