Chr	Posi	Wild	Mut	Met1T:ref	Met1T:alt	Met2T:ref	Met2T:alt	Met4T:ref	Met4T:alt	PrimT:ref	PrimT:alt
10	17702518.0	C	G	1114	0	637	182	1024	0	586	0
10	17702518.1	C	A	1114	0	637	0	1024	1	586	0
8	29989552.0	G	T	42	1	40	0	34	0	25	0
8	29989552.1	G	C	42	17	40	0	34	4	25	3
22	43231437.0	A	C	345	0	562	0	392	0	239	34
18	42530884.0	G	T	73	46	70	0	68	26	32	7
18	42530884.1	G	C	73	0	70	0	68	0	32	1
22	39777892.0	C	A	39	0	99	59	49	6	22	10
18	44603801.0	G	C	258	1	290	0	240	0	116	19
18	44603801.1	G	T	258	0	290	3	240	0	116	1
14	75498793.0	C	G	268	0	322	74	339	0	178	0
22	28559257.0	C	A	120	2	154	0	149	0	105	0
22	28559257.1	C	G	120	125	154	129	149	123	105	63
9	140968452.0	G	C	48	47	97	28	61	41	41	18
9	140968452.1	G	T	48	0	97	0	61	1	41	0
11	56057613.0	T	G	21	6	36	0	60	4	47	0
11	56057613.1	T	C	21	0	36	1	60	0	47	0
11	56057613.2	T	A	21	0	36	0	60	1	47	0
1	92174300.0	G	A	172	26	182	30	200	18	90	6
21	34805100.0	C	T	285	0	276	78	253	0	130	0
21	34805100.1	C	G	285	0	276	1	253	0	130	0
21	34805100.2	C	A	285	0	276	0	253	1	130	1
9	38396840.0	G	T	130	0	156	0	113	18	89	0
X	119048808.0	C	A	42	23	85	54	44	20	24	29
X	119048808.1	C	T	42	0	85	1	44	0	24	0
3	142243011.0	C	G	167	41	286	2	173	30	153	0
X	102004006.0	G	T	53	58	50	89	51	34	25	38
10	7318914.0	A	T	153	1	128	1	242	0	132	1
10	7318914.1	A	G	153	77	128	51	242	36	132	25
10	7318914.2	A	C	153	1	128	1	242	0	132	0
11	130332470.0	A	G	6	9	11	18	9	3	4	5
20	40790127.0	G	A	245	36	249	0	216	24	83	11
20	40790127.1	G	T	245	0	249	0	216	1	83	0
17	65105532.0	G	T	412	1	341	1	394	0	156	0
17	65105532.1	G	C	412	0	341	70	394	0	156	0
14	31539127.0	G	T	301	1	278	1	404	3	216	0
14	31539127.1	G	A	301	0	278	0	404	1	216	64
2	218675022.0	C	A	268	41	397	0	259	0	139	0
1	215990520.0	C	T	76	44	84	42	74	30	35	28
1	215990520.1	C	A	76	0	84	0	74	1	35	0
10	134540346.0	G	T	581	0	343	1	487	3	237	0
10	134540346.1	G	C	581	0	343	81	487	1	237	0
19	53304049.0	G	A	155	1	152	0	146	0	96	0
19	53304049.1	G	T	155	0	152	1	146	32	96	0
18	10691258.0	C	A	133	0	178	0	80	0	77	1
18	10691258.1	C	T	133	0	178	0	80	0	77	1
18	10691258.2	C	G	133	0	178	0	80	0	77	14
9	88573418.0	G	A	204	67	308	0	261	62	158	0
9	88573418.1	G	C	204	1	308	0	261	0	158	0
9	88573418.2	G	T	204	0	308	0	261	1	158	0
7	150769187.0	C	T	180	1	248	56	208	0	100	0
7	150769187.1	C	A	180	0	248	1	208	0	100	0
22	35661369.0	G	T	130	1	242	0	275	2	126	0
22	35661369.1	G	C	130	0	242	63	275	0	126	0
22	35661369.2	G	A	130	0	242	0	275	1	126	0
20	23731370.0	T	G	405	2	331	1	378	3	216	0
20	23731370.1	T	C	405	212	331	130	378	199	216	103
20	23731370.2	T	A	405	0	331	1	378	1	216	0
19	13059509.0	C	G	86	0	96	32	90	0	45	0
1	144854574.0	T	C	477	24	616	50	503	28	223	33
12	45269643.0	G	A	310	64	460	0	292	60	213	0
12	45269643.1	G	C	310	1	460	0	292	1	213	0
7	72738717.0	G	T	142	2	167	19	141	0	58	0
18	6999496.0	G	A	60	14	125	0	46	0	52	0
X	102968852.0	T	C	6	14	10	18	18	13	9	9
X	102968852.1	T	G	6	0	10	0	18	1	9	0
17	73919315.0	G	A	42	17	82	0	60	8	29	0
4	90170777.0	G	C	133	38	101	25	128	23	69	29
19	55110700.0	G	T	234	53	247	161	470	79	166	62
19	55110700.1	G	A	234	0	247	0	470	0	166	1
18	29340427.0	C	A	279	111	124	98	280	92	103	64
18	29340427.1	C	G	279	0	124	1	280	0	103	0
2	32640052.0	C	A	83	0	151	0	85	0	52	25
11	55944825.0	C	A	121	42	100	26	106	45	83	35
11	55944825.1	C	T	121	0	100	0	106	0	83	1
10	70645387.0	G	T	147	1	123	0	165	0	84	0
10	70645387.1	G	A	147	0	123	33	165	0	84	0
16	89293322.0	C	T	58	0	63	1	110	0	47	0
16	89293322.1	C	G	58	0	63	16	110	0	47	0
20	44052934.0	C	G	180	28	223	0	170	24	75	1
14	45653092.0	A	G	126	38	163	44	127	18	100	26
14	45653092.1	A	C	126	0	163	0	127	1	100	0
11	57317500.0	C	A	205	49	228	65	212	42	133	42
7	44560396.0	G	A	142	0	230	1	204	0	52	0
7	44560396.1	G	T	142	0	230	0	204	0	52	13
2	97327422.0	C	A	380	0	257	44	304	0	148	0
13	24460502.0	G	A	101	0	115	26	89	0	63	0
7	26224211.0	C	T	85	8	86	0	79	13	24	0
7	26224211.1	C	G	85	0	86	0	79	1	24	0
9	34725904.0	C	A	31	40	50	8	41	31	31	14
8	88886053.0	C	A	97	25	47	30	116	13	41	9
19	51528036.0	C	A	88	0	120	1	63	0	37	0
19	51528036.1	C	T	88	0	120	34	63	0	37	0
19	39591932.0	G	A	98	23	138	80	86	44	82	26
8	54142101.0	C	A	113	30	84	20	118	14	49	10
8	54142101.1	C	G	113	1	84	1	118	0	49	0
17	28791794.0	G	A	148	0	133	39	142	0	85	0
1	40363275.0	G	A	133	34	141	0	104	18	61	0
2	85578140.0	G	A	312	0	301	0	249	0	112	26
2	85578140.1	G	T	312	0	301	0	249	0	112	1
12	124297808.0	C	G	174	0	178	35	192	0	149	0
6	152762276.0	C	A	133	0	289	1	286	0	193	1
6	152762276.1	C	T	133	0	289	0	286	0	193	23
6	145156965.0	G	T	82	1	95	0	132	0	63	0
6	145156965.1	G	C	82	28	95	43	132	34	63	25
7	87196157.0	C	G	264	50	315	85	264	41	154	22
7	143400267.0	C	A	139	0	111	36	157	0	84	0
7	143400267.1	C	G	139	0	111	1	157	1	84	0
7	99796944.0	G	T	203	0	314	1	292	2	81	0
7	99796944.1	G	A	203	0	314	0	292	0	81	19
8	101154018.0	C	A	93	56	218	72	152	96	72	34
8	101154018.1	C	G	93	0	218	0	152	0	72	1
9	12698602.0	G	C	222	53	201	81	219	45	102	99
9	12698602.1	G	A	222	0	201	0	219	1	102	0
9	12698602.2	G	T	222	0	201	0	219	0	102	1
4	72317015.0	G	T	237	0	192	2	178	0	125	0
4	72317015.1	G	C	237	0	192	48	178	1	125	0
4	72317015.2	G	A	237	0	192	0	178	1	125	0
4	52862242.0	G	A	240	19	120	16	164	16	88	13
4	52862242.1	G	T	240	0	120	2	164	0	88	0
6	6182372.0	G	A	179	0	180	32	127	0	112	0
6	6182372.1	G	T	179	0	180	1	127	0	112	0
6	108723225.0	A	T	21	0	90	0	157	0	94	16
11	58601918.0	G	T	149	35	94	46	100	37	96	40
11	58601918.1	G	C	149	0	94	1	100	1	96	0
7	128041132.0	C	T	82	25	136	0	93	15	69	0
2	71795174.0	C	A	313	0	340	60	282	0	121	0
6	93973586.0	T	A	225	83	333	0	293	79	244	0
6	93973586.1	T	G	225	1	333	1	293	0	244	0
6	93973586.2	T	C	225	0	333	0	293	1	244	0
7	75168646.0	C	G	198	45	292	94	283	59	129	13
7	75168646.1	C	A	198	0	292	0	283	1	129	0
1	117663581.0	G	C	112	0	114	23	103	0	84	0
8	141711049.0	G	A	270	0	214	70	200	1	106	0
8	141711049.1	G	C	270	0	214	1	200	0	106	1
8	141711049.2	G	T	270	0	214	0	200	1	106	0
2	85581520.0	G	A	516	0	677	103	468	0	209	0
2	85581520.1	G	T	516	0	677	2	468	1	209	0
2	85581520.2	G	C	516	0	677	1	468	0	209	0
7	131825483.0	G	A	416	0	470	1	434	0	197	0
7	131825483.1	G	C	416	0	470	0	434	0	197	39
5	41199965.0	C	A	111	46	114	44	84	17	65	22
5	41199965.1	C	G	111	0	114	1	84	0	65	0
1	92647600.0	G	A	275	0	212	31	219	0	135	0
1	92647600.1	G	T	275	0	212	0	219	0	135	1
5	140737030.0	C	A	70	25	88	31	75	20	38	24
15	28370177.0	G	T	113	32	210	76	111	21	45	22
15	28370177.1	G	A	113	0	210	1	111	0	45	0
1	247615196.0	G	A	194	45	206	51	220	36	91	22
1	247615196.1	G	T	194	1	206	1	220	0	91	0
1	247615196.2	G	C	194	0	206	0	220	1	91	0
2	180014084.0	A	G	111	0	138	0	295	0	139	34
10	72298116.0	C	T	103	33	186	0	103	0	37	0
10	72298115.0	G	T	100	35	192	0	102	0	37	0
2	220030007.0	C	A	64	1	82	1	67	0	18	0
2	220030007.1	C	T	64	0	82	20	67	0	18	0
19	14581586.0	C	G	99	37	96	93	154	27	59	18
X	129203385.0	C	A	72	62	112	64	106	53	44	13
12	82750856.0	G	T	555	5	568	14	424	0	322	0
12	82750856.1	G	A	555	0	568	125	424	0	322	0
12	82750856.2	G	C	555	0	568	1	424	0	322	0
20	13866986.0	T	A	183	52	293	8	461	90	274	35
20	13866986.1	T	C	183	0	293	0	461	1	274	0
5	160047684.0	C	A	40	14	40	12	35	8	11	9
5	160047684.1	C	T	40	0	40	0	35	0	11	1
12	13768577.0	C	T	82	1	134	0	136	1	69	0
12	13768577.1	C	G	82	156	134	286	136	123	69	57
12	13768577.2	C	A	82	0	134	0	136	1	69	1
12	132631846.0	C	G	158	0	167	28	154	0	46	0
2	86257404.0	T	G	843	0	679	1	654	1	361	0
2	86257404.1	T	C	843	0	679	110	654	0	361	1
2	86257404.2	T	A	843	0	679	0	654	1	361	0
1	150532576.0	G	A	427	0	398	86	465	0	198	0
1	150532576.1	G	T	427	0	398	3	465	1	198	0
5	140256885.0	G	A	215	0	317	100	234	0	78	0
5	140256885.1	G	T	215	0	317	1	234	0	78	0
11	31815036.0	C	A	438	96	461	110	493	84	172	122
11	31815036.1	C	T	438	1	461	2	493	1	172	0
11	31815036.2	C	G	438	9	461	1	493	3	172	1
4	69188588.0	G	T	138	0	265	0	143	1	60	1
4	69188588.1	G	A	138	0	265	0	143	0	60	18
2	179399605.0	C	G	44	0	21	12	41	0	26	0
10	120818732.0	G	T	122	2	131	1	181	0	86	0
10	120818732.1	G	C	122	69	131	32	181	26	86	17
6	16279077.0	G	T	244	0	269	1	199	2	96	0
6	16279077.1	G	C	244	0	269	79	199	0	96	0
1	241757931.0	T	G	194	0	197	1	141	0	78	0
1	241757931.1	T	A	194	0	197	0	141	34	78	0
1	241757931.2	T	C	194	0	197	0	141	1	78	0
12	76425053.0	C	A	91	0	62	38	83	0	43	0
6	170102976.0	C	A	40	0	70	3	30	0	29	0
6	170102976.1	C	T	40	0	70	13	30	0	29	0
2	179400049.0	C	A	277	0	204	1	239	0	166	0
2	179400049.1	C	T	277	0	204	63	239	1	166	0
18	2890707.0	C	T	76	0	66	21	68	0	76	0
7	143016876.0	C	A	124	0	130	1	150	0	87	1
7	143016876.1	C	T	124	0	130	1	150	0	87	0
7	143016876.2	C	G	124	0	130	38	150	0	87	0
5	33577045.0	G	T	161	64	213	47	188	61	88	44
5	33577045.1	G	A	161	0	213	1	188	0	88	0
5	33577045.2	G	C	161	0	213	3	188	0	88	1
1	215990394.0	C	A	146	33	155	35	148	23	85	14
1	215990394.1	C	T	146	0	155	0	148	0	85	1
7	100686046.0	G	A	117	30	151	32	128	19	58	7
19	35801505.0	C	A	294	0	484	0	361	0	131	21
8	52339290.0	C	T	130	22	174	41	138	26	82	15
16	89293417.0	C	T	70	0	77	30	110	0	44	0
16	87367659.0	C	A	16	5	15	8	17	4	7	1
5	159661888.0	C	A	162	0	163	1	204	0	102	0
5	159661888.1	C	T	162	0	163	47	204	0	102	0
19	7712288.0	G	T	41	15	143	0	72	22	33	8
19	7712288.1	G	A	41	0	143	0	72	1	33	0
7	150649922.0	T	A	41	18	75	21	66	13	28	9
7	150649922.1	T	G	41	1	75	0	66	0	28	0
7	103368635.0	C	T	206	0	148	37	194	0	87	0
2	74881587.0	G	C	23	4	64	15	21	2	5	8
16	24826469.0	T	A	201	57	258	0	264	41	161	0
16	24826469.1	T	G	201	3	258	0	264	0	161	0
11	85692816.0	G	T	118	0	96	25	213	0	149	1
2	29295306.0	T	A	110	31	142	24	110	0	61	0
2	29295306.1	T	G	110	0	142	2	110	0	61	1
2	29295306.2	T	C	110	0	142	1	110	0	61	0
1	248845575.0	G	C	17	6	29	9	29	7	15	4
18	9517058.0	T	C	93	11	260	11	155	9	163	12
18	9517058.1	T	A	93	0	260	0	155	1	163	0
2	182358051.0	G	T	74	94	68	64	107	98	61	54
11	123847894.0	G	T	177	0	118	13	139	0	99	0
12	56574825.0	C	G	393	0	579	96	496	2	223	0
12	56574825.1	C	T	393	0	579	0	496	1	223	0
6	111527923.0	G	A	215	0	238	1	267	0	139	0
6	111527923.1	G	T	215	0	238	1	267	0	139	0
6	111527923.2	G	C	215	0	238	71	267	0	139	0
4	37445775.0	G	T	182	0	64	21	132	0	86	0
1	171254669.0	C	T	33	8	58	18	49	6	27	2
19	9074011.0	G	A	80	82	104	131	107	53	56	62
19	9074011.1	G	C	80	0	104	0	107	1	56	1
19	9074011.2	G	T	80	0	104	0	107	0	56	1
4	123176285.0	G	C	31	24	62	58	54	51	49	25
8	96060709.0	C	G	220	0	252	63	270	0	120	0
12	25347841.0	G	T	72	1	70	2	62	0	39	0
12	25347841.1	G	C	72	308	70	775	62	198	39	73
2	179401066.0	C	T	170	0	115	41	184	0	119	0
2	179401066.1	C	A	170	0	115	0	184	0	119	1
19	425184.0	C	T	60	0	219	55	60	0	33	0
19	425184.1	C	G	60	0	219	1	60	0	33	0
3	14940283.0	G	A	67	67	94	107	63	43	25	67
3	14940283.1	G	C	67	1	94	0	63	0	25	0
X	114424768.0	C	A	22	6	25	25	22	8	7	5
X	114424768.1	C	G	22	1	25	0	22	0	7	0
X	114424768.2	C	T	22	0	25	0	22	0	7	1
3	30769830.0	G	T	131	1	127	0	172	2	79	0
3	30769830.1	G	C	131	38	127	46	172	43	79	24
2	69706148.0	G	C	289	0	249	40	188	0	122	0
2	69706148.1	G	T	289	0	249	0	188	1	122	0
4	38995545.0	A	G	276	0	240	42	298	0	216	0
4	38995545.1	A	C	276	0	240	0	298	1	216	0
1	153430319.0	C	A	227	97	318	96	293	87	143	44
1	153430319.1	C	T	227	1	318	0	293	0	143	0
1	153430319.2	C	G	227	2	318	5	293	2	143	2
11	65427656.0	C	T	345	1	259	71	264	1	122	0
11	65427656.1	C	A	345	0	259	1	264	0	122	0
13	46721189.0	C	A	57	40	65	63	82	36	23	32
3	119425674.0	C	T	194	1	202	0	241	2	167	0
3	119425674.1	C	G	194	102	202	97	241	63	167	37
3	119425674.2	C	A	194	0	202	0	241	1	167	0
9	35108150.0	C	A	19	0	24	7	20	0	13	1
8	28707757.0	C	A	341	1	332	2	293	1	190	0
8	28707757.1	C	T	341	0	332	108	293	0	190	0
11	55761901.0	G	T	97	8	66	3	110	10	68	11
12	117217144.0	C	T	71	0	117	31	101	0	44	0
2	204591431.0	C	T	89	0	91	19	66	1	35	0
6	26156838.0	G	C	224	0	208	45	202	0	110	0
X	47315362.0	G	A	179	0	229	0	202	0	78	17
X	47315362.1	G	T	179	0	229	0	202	0	78	1
7	30951893.0	G	T	32	19	34	5	24	7	3	1
11	113650655.0	G	A	57	0	72	0	81	1	26	0
11	113650655.1	G	C	57	0	72	0	81	0	26	14
18	28968979.0	C	A	56	16	32	24	49	20	29	15
2	29451793.0	A	C	96	5	85	3	87	14	49	5
14	68191927.0	C	A	241	60	248	57	249	35	118	44
14	68191927.1	C	G	241	0	248	0	249	1	118	0
14	68191927.2	C	T	241	0	248	0	249	0	118	1
12	56722073.0	C	T	214	0	223	0	256	2	103	29
2	43984294.0	C	A	100	1	119	0	129	0	70	0
2	43984294.1	C	T	100	0	119	39	129	0	70	0
6	27277382.0	G	A	59	19	39	10	64	9	30	4
3	37512527.0	C	T	96	32	199	0	137	24	70	0
3	37512527.1	C	G	96	0	199	0	137	1	70	0
14	65007886.0	G	A	177	33	221	0	181	26	103	0
1	248524885.0	G	T	85	44	112	32	116	20	53	10
1	248524885.1	G	A	85	0	112	1	116	1	53	0
1	248524885.2	G	C	85	0	112	1	116	0	53	0
1	248524886.0	G	T	85	43	114	32	115	21	51	10
1	248524886.1	G	A	85	0	114	0	115	1	51	0
8	143427171.0	C	G	186	35	224	0	170	0	60	0
20	43378840.0	C	T	122	19	200	0	77	13	31	2
3	44889478.0	G	A	131	2	187	0	202	1	112	0
3	44889478.1	G	C	131	0	187	0	202	0	112	37
11	9450665.0	C	A	190	0	183	1	196	0	107	0
11	9450665.1	C	G	190	0	183	0	196	0	107	14
6	26032128.0	C	A	224	0	291	0	185	0	83	1
6	26032128.1	C	T	224	0	291	0	185	0	83	22
6	26032128.2	C	G	224	0	291	0	185	0	83	3
17	59489375.0	G	A	213	62	228	0	184	29	110	0
11	30902759.0	C	A	338	0	241	1	294	1	137	0
11	30902759.1	C	T	338	0	241	3	294	1	137	0
11	30902759.2	C	G	338	0	241	51	294	0	137	0
12	39170083.0	C	T	207	0	199	1	597	0	333	1
12	39170083.1	C	G	207	0	199	75	597	0	333	0
2	32264494.0	G	A	292	74	384	64	286	50	97	40
2	32264494.1	G	C	292	1	384	2	286	1	97	0
2	32264494.2	G	T	292	0	384	0	286	1	97	1
1	28800471.0	C	T	123	0	135	0	151	0	47	1
1	28800471.1	C	G	123	0	135	0	151	0	47	17
22	43464564.0	C	T	83	0	177	0	105	22	82	0
2	24246478.0	G	T	201	2	343	0	202	0	87	0
2	24246478.1	G	C	201	48	343	0	202	0	87	0
2	24246478.2	G	A	201	0	343	2	202	0	87	0
12	988811.0	G	T	444	0	165	0	380	1	122	43
16	87448968.0	C	A	114	2	164	0	223	1	123	0
16	87448968.1	C	G	114	32	164	0	223	50	123	0
20	43836745.0	G	A	63	11	104	0	83	12	58	0
19	36303440.0	G	T	43	8	45	18	35	16	16	4
19	36303440.1	G	A	43	0	45	1	35	0	16	0
12	56494858.0	C	T	66	0	86	0	70	0	18	10
15	89816692.0	C	G	145	2	358	76	223	0	145	0
13	46553997.0	G	T	281	0	236	68	216	0	158	0
13	46553997.1	G	C	281	0	236	1	216	0	158	0
5	137627779.0	G	C	196	0	168	48	145	0	82	0
11	7530870.0	C	A	104	46	132	31	93	42	63	0
11	7530870.1	C	T	104	0	132	0	93	2	63	0
17	16612451.0	A	T	140	0	141	1	155	0	134	94
17	16612451.1	A	C	140	0	141	0	155	0	134	1
1	38227506.0	G	T	28	19	56	40	31	16	9	3
10	134219470.0	C	T	245	57	387	0	267	0	114	0
10	134219470.1	C	G	245	2	387	0	267	0	114	0
22	26761394.0	C	A	71	16	90	29	91	7	49	2
22	26761394.1	C	T	71	1	90	0	91	0	49	0
1	120437228.0	G	T	53	13	48	17	37	10	25	5
1	120437228.1	G	A	53	0	48	0	37	1	25	0
1	70504182.0	A	G	86	68	98	78	106	50	50	21
17	72999285.0	G	T	78	0	128	42	75	0	27	0
1	15692371.0	C	A	182	1	168	1	179	0	89	0
1	15692371.1	C	T	182	0	168	38	179	0	89	0
5	140214945.0	G	A	288	1	298	0	328	0	188	0
5	140214945.1	G	T	288	67	298	94	328	68	188	26
5	140214945.2	G	C	288	1	298	1	328	0	188	0
19	9020007.0	G	A	172	6	244	16	185	7	99	5
19	9020007.1	G	T	172	0	244	0	185	1	99	0
X	91090813.0	G	C	299	87	220	74	403	61	220	34
X	91090813.1	G	A	299	0	220	1	403	1	220	0
X	91090813.2	G	T	299	0	220	2	403	0	220	0
1	52498617.0	G	C	62	14	114	20	59	9	38	2
6	30571040.0	G	A	352	84	449	0	401	67	262	0
6	30571040.1	G	T	352	1	449	0	401	0	262	0
5	1036421.0	G	A	581	72	814	47	503	67	185	10
5	1036421.1	G	T	581	0	814	1	503	1	185	0
19	51920543.0	G	A	77	0	141	1	111	0	37	0
19	51920543.1	G	T	77	0	141	0	111	25	37	0
22	35661410.0	G	T	141	1	257	0	273	0	116	0
22	35661410.1	G	A	141	0	257	61	273	0	116	0
12	56553785.0	G	C	59	13	64	0	59	5	37	0
12	56553785.1	G	T	59	0	64	0	59	2	37	0
19	42855478.0	C	T	39	17	66	0	37	9	30	0
11	1579363.0	C	T	173	0	246	1	200	0	70	0
11	1579363.1	C	G	173	0	246	0	200	0	70	16
5	72469181.0	G	T	65	14	71	29	92	16	47	9
5	72469181.1	G	C	65	0	71	0	92	2	47	0
17	10355321.0	C	A	112	43	159	24	133	23	124	48
3	33194704.0	A	T	32	1	15	1	42	0	24	0
3	33194704.1	A	G	32	25	15	22	42	26	24	23
X	34149295.0	G	T	32	14	48	20	34	10	15	11
X	34149295.1	G	C	32	0	48	0	34	0	15	1
18	42532627.0	A	T	92	21	57	12	97	10	50	16
18	42532627.1	A	G	92	0	57	1	97	0	50	0
6	87964901.0	G	A	150	1	161	0	167	0	130	0
6	87964901.1	G	C	150	39	161	60	167	40	130	48
2	141259390.0	T	G	129	4	96	0	110	0	62	8
7	151800335.0	C	T	137	0	125	25	174	0	90	0
7	151800335.1	C	A	137	0	125	0	174	0	90	1
2	3651918.0	G	T	274	69	328	71	271	0	117	0
2	3651918.1	G	C	274	1	328	0	271	0	117	0
1	32658282.0	C	T	276	0	238	0	219	0	92	20
1	32658282.1	C	G	276	0	238	0	219	0	92	1
2	55570820.0	G	A	236	181	268	219	272	253	149	172
2	55570820.1	G	T	236	0	268	2	272	4	149	0
2	55570820.2	G	C	236	0	268	0	272	0	149	1
16	76350313.0	A	T	95	0	135	0	121	0	58	9
16	76350313.1	A	G	95	0	135	0	121	0	58	2
1	240072317.0	C	G	133	117	145	71	182	61	83	38
1	240072317.1	C	A	133	0	145	1	182	0	83	0
14	51060605.0	G	A	65	9	116	0	118	11	109	0
10	8006060.0	G	A	126	1	105	1	74	0	44	0
10	8006060.1	G	T	126	57	105	30	74	44	44	24
10	16946109.0	C	A	88	47	90	21	90	40	53	41
10	16946109.1	C	G	88	1	90	0	90	0	53	0
6	130762498.0	G	T	121	1	70	0	169	0	130	0
6	130762498.1	G	A	121	0	70	28	169	0	130	0
20	61958113.0	G	T	140	64	121	101	152	61	49	18
20	61958113.1	G	C	140	1	121	0	152	0	49	0
22	43227590.0	G	T	223	0	394	1	317	0	203	0
22	43227590.1	G	C	223	0	394	0	317	0	203	34
11	89819906.0	G	T	8	20	10	8	17	10	10	6
15	58467151.0	G	A	180	36	238	59	157	30	94	22
15	58467151.1	G	T	180	1	238	0	157	0	94	0
19	53613139.0	G	A	124	0	145	0	133	1	80	10
8	91937792.0	C	T	309	0	375	49	372	0	118	0
8	91937792.1	C	A	309	0	375	0	372	1	118	0
17	37566819.0	G	A	390	0	533	104	419	0	206	0
17	37566819.1	G	T	390	0	533	3	419	0	206	0
10	76780917.0	G	A	209	30	197	0	154	65	183	0
19	33140633.0	G	A	162	75	147	92	190	52	89	23
19	33140633.1	G	T	162	0	147	1	190	0	89	0
14	93393003.0	C	A	245	0	241	0	276	0	89	1
14	93393003.1	C	T	245	0	241	0	276	0	89	43
1	248005172.0	C	A	140	23	173	36	112	24	54	26
1	248005172.1	C	G	140	0	173	0	112	1	54	1
8	118174126.0	A	T	141	0	103	38	111	0	76	0
3	36779093.0	T	A	76	53	66	56	83	40	22	29
3	36779093.1	T	C	76	1	66	0	83	0	22	1
3	36779093.2	T	G	76	0	66	1	83	0	22	0
9	125922696.0	G	T	191	1	402	2	164	1	108	0
9	125922696.1	G	A	191	0	402	54	164	0	108	0
6	125379234.0	G	A	88	36	160	0	85	23	89	0
12	95566518.0	G	C	74	47	136	2	59	46	48	0
19	44352460.0	A	T	163	0	115	43	194	0	126	0
3	46874657.0	G	A	85	27	62	25	92	15	53	22
3	46874657.1	G	T	85	0	62	0	92	1	53	0
X	127185206.0	G	T	57	43	84	42	63	25	60	10
3	192125836.0	C	A	36	29	72	65	22	15	22	10
3	192125836.1	C	T	36	0	72	1	22	0	22	0
17	78313459.0	C	A	85	0	75	15	71	0	30	0
17	78313459.1	C	G	85	0	75	1	71	0	30	0
9	35061085.0	A	T	67	0	66	16	92	0	59	0
9	35061084.0	G	A	67	0	65	16	88	0	58	0
9	35061084.1	G	T	67	0	65	1	88	0	58	0
9	35061084.2	G	C	67	0	65	0	88	1	58	0
17	8192352.0	C	G	53	0	79	52	64	0	60	0
1	55352649.0	G	A	48	7	78	0	26	8	14	0
17	39261881.0	C	T	40	15	100	1	28	6	22	3
3	38598004.0	G	T	262	64	363	0	414	76	281	0
3	38598004.1	G	A	262	0	363	1	414	1	281	0
3	38598004.2	G	C	262	0	363	0	414	0	281	1
14	86089736.0	C	A	29	11	14	7	19	13	13	4
3	85935357.0	C	A	192	0	243	42	191	0	103	0
14	51224904.0	C	T	85	0	72	19	117	0	76	0
12	68553308.0	C	T	134	1	176	0	191	1	62	0
12	68553308.1	C	G	134	0	176	1	191	0	62	0
12	68553308.2	C	A	134	0	176	0	191	0	62	35
17	74469985.0	C	A	44	28	81	23	38	17	16	0
9	125239525.0	C	T	143	0	85	23	159	0	110	0
11	117304162.0	C	A	251	0	230	2	212	1	193	0
11	117304162.1	C	G	251	0	230	42	212	0	193	0
18	13040931.0	C	T	74	0	101	34	216	0	218	0
17	72366788.0	T	C	253	0	439	1	236	0	113	0
17	72366788.1	T	A	253	0	439	0	236	35	113	0
2	26257507.0	C	G	403	92	488	0	338	0	161	0
2	26257507.1	C	A	403	0	488	0	338	0	161	1
10	125506467.0	C	A	234	116	261	77	256	41	135	26
10	125506467.1	C	T	234	1	261	0	256	0	135	1
16	4621606.0	C	A	105	0	162	0	112	0	42	12
X	152226046.0	C	A	82	0	96	39	78	0	35	15
X	152226046.1	C	G	82	0	96	1	78	0	35	1
1	152059301.0	G	A	296	0	435	1	314	0	234	2
1	152059301.1	G	T	296	0	435	3	314	1	234	1
1	152059301.2	G	C	296	0	435	56	314	0	234	0
12	40671798.0	A	T	25	44	66	38	80	66	48	84
10	124395573.0	C	A	364	2	403	0	337	0	161	1
10	124395573.1	C	G	364	0	403	0	337	0	161	29
11	1467037.0	C	A	71	33	179	28	83	22	39	0
11	1467037.1	C	G	71	1	179	0	83	1	39	0
11	1467037.2	C	T	71	0	179	0	83	1	39	0
11	76072059.0	C	G	297	0	302	73	411	0	244	0
11	76072059.1	C	A	297	0	302	0	411	1	244	0
19	18543829.0	C	A	124	0	88	1	140	0	86	0
19	18543829.1	C	T	124	0	88	47	140	0	86	0
19	18543829.2	C	G	124	0	88	1	140	0	86	0
16	2636764.0	C	T	161	0	273	1	153	0	92	1
16	2636764.1	C	A	161	0	273	0	153	1	92	0
16	2636764.2	C	G	161	0	273	0	153	49	92	0
10	46122432.0	G	C	87	1	87	0	82	0	43	0
10	46122432.1	G	A	87	0	87	0	82	0	43	9
12	125621318.0	C	T	125	0	229	0	108	21	70	0
X	131231322.0	G	T	113	98	311	137	137	84	125	25
X	131231322.1	G	A	113	0	311	0	137	1	125	0
X	131231322.2	G	C	113	0	311	0	137	1	125	0
2	32713770.0	C	T	22	0	10	7	46	0	31	0
19	37006110.0	C	T	27	3	40	0	32	10	45	0
19	37006110.1	C	G	27	0	40	0	32	1	45	0
8	114186036.0	G	A	198	35	211	67	214	38	120	16
8	114186036.1	G	T	198	0	211	1	214	0	120	0
8	114186036.2	G	C	198	0	211	1	214	0	120	0
5	76128803.0	C	T	75	0	66	0	80	0	33	21
3	180372596.0	G	A	393	4	645	1	374	0	255	2
3	180372596.1	G	T	393	72	645	77	374	53	255	30
3	180372596.2	G	C	393	1	645	1	374	2	255	0
8	24771822.0	G	A	20	13	52	17	27	2	10	0
10	105796829.0	G	A	110	0	142	34	114	0	75	0
10	105796829.1	G	T	110	0	142	1	114	0	75	0
10	105796829.2	G	C	110	0	142	1	114	0	75	0
14	45605305.0	G	T	19	15	18	11	11	2	12	4
8	118165232.0	C	G	134	89	313	2	140	110	93	0
8	118165232.1	C	T	134	0	313	1	140	0	93	0
2	203676484.0	A	G	83	0	261	0	195	0	115	17
17	73872121.0	C	A	140	0	140	29	145	0	39	0
13	99992774.0	G	A	50	15	51	15	60	7	33	6
13	99992774.1	G	T	50	0	51	0	60	0	33	1
17	10399365.0	C	A	188	19	333	39	280	16	196	27
17	10399365.1	C	T	188	1	333	0	280	0	196	0
6	93955017.0	C	A	67	0	52	1	81	0	68	0
6	93955017.1	C	T	67	0	52	21	81	0	68	0
6	93955017.2	C	G	67	0	52	1	81	0	68	0
5	154287184.0	C	T	157	60	224	0	188	45	102	0
5	154287184.1	C	A	157	0	224	0	188	0	102	1
10	101715650.0	C	A	107	32	70	36	87	56	25	38
10	101715650.1	C	G	107	0	70	0	87	1	25	1
10	101715650.2	C	T	107	0	70	0	87	0	25	1
2	175619013.0	A	G	113	15	130	65	151	24	55	6
17	18053743.0	G	A	71	1	103	67	116	0	87	0
17	18053743.1	G	T	71	0	103	1	116	0	87	0
22	29932690.0	C	G	310	63	424	0	365	29	183	0
7	150935632.0	C	T	239	0	279	58	233	0	99	0
7	150935632.1	C	G	239	0	279	1	233	0	99	0
18	28584192.0	A	G	227	144	263	0	239	56	148	21
18	28584192.1	A	T	227	0	263	0	239	2	148	0
21	38536516.0	G	T	48	13	86	37	140	26	86	16
6	11104214.0	G	C	65	0	26	15	51	0	29	0
6	11104214.1	G	T	65	0	26	0	51	0	29	1
5	130517976.0	C	G	13	4	10	4	44	13	31	11
4	48027283.0	T	A	193	27	211	0	138	19	72	0
2	25064464.0	C	A	87	22	122	0	107	0	42	0
2	25064464.1	C	T	87	0	122	0	107	0	42	1
6	12125698.0	C	T	47	10	63	15	55	8	54	9
19	5686507.0	G	A	121	1	251	0	138	0	75	0
19	5686507.1	G	C	121	25	251	0	138	29	75	0
22	28503915.0	G	A	211	0	149	24	177	0	99	0
22	28503915.1	G	T	211	0	149	0	177	0	99	1
4	41648236.0	G	A	283	165	373	1	312	126	259	1
4	41648236.1	G	T	283	1	373	0	312	4	259	0
4	41648236.2	G	C	283	0	373	0	312	2	259	1
7	143093483.0	C	A	118	0	162	0	104	0	60	2
7	143093483.1	C	T	118	0	162	0	104	0	60	8
4	99969991.0	C	A	285	2	177	1	250	0	204	0
4	99969991.1	C	G	285	0	177	76	250	0	204	0
20	49575048.0	C	A	155	40	175	0	188	0	58	0
X	70601652.0	G	C	270	73	180	0	242	40	142	0
X	70601652.1	G	T	270	0	180	2	242	0	142	0
13	46541734.0	G	C	228	0	235	70	310	0	151	0
19	22271351.0	A	T	79	14	46	22	112	20	56	18
20	1424415.0	G	A	114	33	118	41	109	21	76	18
20	1424415.1	G	T	114	0	118	1	109	0	76	0
16	5040805.0	A	T	133	0	193	66	125	0	91	0
X	18234838.0	G	T	20	11	4	5	16	5	8	8
2	219694735.0	C	A	35	52	28	38	27	27	12	20
2	219694735.1	C	G	35	1	28	2	27	0	12	0
16	75665720.0	C	T	172	0	156	43	254	0	108	0
7	111535744.0	C	G	180	50	308	75	242	41	137	13
7	111535744.1	C	T	180	0	308	1	242	4	137	0
7	111535744.2	C	A	180	0	308	0	242	2	137	2
22	50528518.0	A	T	5	6	11	14	5	5	2	8
22	50528518.1	A	C	5	0	11	1	5	0	2	0
7	36461519.0	G	T	188	23	263	29	267	21	100	0
7	36461519.1	G	A	188	0	263	0	267	1	100	0
2	32713704.0	C	T	98	16	138	34	121	0	78	0
19	4154938.0	G	C	60	17	117	0	63	17	33	0
19	4154938.1	G	A	60	0	117	0	63	1	33	0
14	24839611.0	A	C	21	3	24	4	34	10	22	3
1	200842272.0	C	A	94	29	242	1	101	10	49	0
1	156594246.0	C	A	75	11	162	0	91	14	46	0
1	156594246.1	C	T	75	0	162	1	91	0	46	0
14	89628821.0	C	A	132	1	156	0	118	0	81	0
14	89628821.1	C	T	132	37	156	0	118	15	81	0
17	57761332.0	G	A	171	0	156	53	282	0	196	0
19	53762201.0	C	G	121	16	150	0	101	14	52	9
19	53762201.1	C	T	121	0	150	0	101	1	52	0
5	31305293.0	G	T	175	0	285	0	186	0	109	2
5	31305293.1	G	C	175	0	285	0	186	0	109	34
8	145619961.0	C	T	94	81	217	0	128	93	101	0
11	830099.0	G	A	39	6	56	13	31	3	6	7
19	53911073.0	G	T	129	55	204	41	143	45	91	29
19	53911073.1	G	A	129	0	204	0	143	1	91	0
11	722136.0	G	A	98	0	188	0	101	0	45	8
4	1090586.0	A	T	328	45	338	0	442	0	207	0
3	155199657.0	C	A	43	3	55	11	54	5	31	6
10	96540264.0	T	A	423	0	416	2	447	0	278	0
10	96540264.1	T	G	423	0	416	85	447	0	278	0
10	96540264.2	T	C	423	0	416	1	447	0	278	0
11	55110828.0	C	A	176	89	180	55	157	80	119	74
11	55110828.1	C	T	176	1	180	0	157	0	119	0
11	6953613.0	C	G	137	0	165	0	117	0	38	13
15	45778869.0	C	A	94	2	156	0	144	0	113	0
15	45778869.1	C	G	94	41	156	0	144	37	113	0
17	78313315.0	C	T	41	0	25	10	28	0	10	0
9	138773641.0	C	T	112	0	67	30	125	0	76	0
1	101188769.0	G	A	221	64	249	73	234	49	120	25
1	101188769.1	G	T	221	0	249	0	234	0	120	1
2	239353209.0	G	A	95	25	187	55	121	17	60	17
5	1801562.0	C	T	75	0	144	33	56	0	24	0
5	1801562.1	C	G	75	0	144	5	56	0	24	0
11	59271594.0	C	A	210	95	223	134	277	117	143	91
11	59271594.1	C	T	210	1	223	1	277	0	143	0
20	57769619.0	G	T	40	25	85	45	70	19	29	12
20	57769619.1	G	C	40	0	85	0	70	1	29	0
7	96747046.0	G	C	183	30	232	51	145	13	75	12
10	62645901.0	C	A	200	92	290	62	251	35	112	16
10	62645901.1	C	T	200	0	290	1	251	0	112	1
10	62645901.2	C	G	200	0	290	0	251	0	112	1
7	79082404.0	G	T	143	0	197	0	116	0	47	25
16	75563644.0	G	A	43	0	88	32	65	0	21	0
3	150903224.0	G	T	211	44	349	0	204	0	128	0
14	24765979.0	C	T	300	0	271	0	280	0	99	1
14	24765979.1	C	G	300	0	271	0	280	0	99	60
3	58067355.0	G	C	110	0	95	25	132	0	80	0
1	173616094.0	C	A	339	1	423	0	211	0	169	0
1	173616094.1	C	T	339	0	423	0	211	32	169	0
1	173616095.0	A	T	338	0	421	0	207	32	167	0
1	173616095.1	A	G	338	0	421	0	207	2	167	0
12	96429190.0	G	T	65	95	107	90	66	55	29	29
12	96429190.1	G	A	65	0	107	1	66	0	29	0
12	132862939.0	C	A	89	0	129	26	89	0	31	0
8	92365176.0	A	T	241	61	455	16	452	68	172	28
8	92365176.1	A	G	241	1	455	0	452	0	172	0
8	92365176.2	A	C	241	1	455	0	452	0	172	0
6	56380468.0	T	A	96	0	70	17	79	0	74	0
3	88040477.0	C	A	19	22	21	12	23	16	16	16
3	88040476.0	C	A	19	22	22	11	24	15	16	16
17	10215341.0	G	T	133	0	217	0	149	0	113	51
17	72245514.0	G	A	167	0	140	31	152	0	43	0
6	44121907.0	C	A	183	0	179	30	153	0	102	0
17	45286795.0	C	T	82	55	181	49	89	38	62	19
X	142716956.0	C	A	92	73	134	81	113	51	46	9
5	109026243.0	C	A	123	63	121	38	138	25	91	38
5	109026243.1	C	T	123	1	121	0	138	0	91	0
5	109026243.2	C	G	123	0	121	3	138	0	91	0
17	34499300.0	C	T	315	39	228	12	326	35	283	44
17	34499300.1	C	G	315	0	228	0	326	0	283	1
19	5783030.0	G	C	42	0	101	0	57	0	26	9
2	70451753.0	C	A	402	2	514	0	335	0	137	0
2	70451753.1	C	T	402	0	514	0	335	1	137	60
11	51515473.0	C	T	281	0	221	31	270	0	190	0
11	51515473.1	C	A	281	0	221	0	270	2	190	2
4	2946861.0	G	A	175	76	168	0	140	81	63	0
4	2946861.1	G	T	175	1	168	1	140	0	63	0
16	30037972.0	G	A	95	0	122	1	84	0	38	0
16	30037972.1	G	C	95	0	122	26	84	0	38	0
19	50165742.0	G	A	231	1	361	1	287	0	112	0
19	50165742.1	G	T	231	3	361	65	287	0	112	0
19	50165742.2	G	C	231	0	361	1	287	0	112	0
1	203452460.0	G	C	79	0	78	32	69	0	37	0
21	31654588.0	C	T	122	40	93	39	105	39	64	19
21	31654588.1	C	G	122	1	93	0	105	0	64	0
21	31654588.2	C	A	122	0	93	0	105	0	64	1
5	180432681.0	C	A	117	50	111	45	155	35	91	47
5	180432681.1	C	T	117	0	111	0	155	2	91	0
5	180432681.2	C	G	117	0	111	0	155	1	91	0
3	131254074.0	C	T	388	1	291	1	296	0	204	0
3	131254074.1	C	A	388	0	291	2	296	0	204	0
3	131254074.2	C	G	388	0	291	102	296	0	204	0
15	64445463.0	A	T	136	30	203	0	176	0	81	0
15	64445463.1	A	G	136	0	203	0	176	1	81	0
15	64445463.2	A	C	136	0	203	0	176	1	81	0
1	150131482.0	G	T	124	118	150	188	157	69	52	68
1	150131482.1	G	C	124	2	150	0	157	0	52	0
1	150131482.2	G	A	124	0	150	0	157	1	52	0
6	33996033.0	C	T	144	0	206	35	153	0	69	0
2	99722075.0	C	A	437	282	545	297	394	160	179	72
2	99722075.1	C	T	437	1	545	6	394	1	179	1
2	99722075.2	C	G	437	1	545	2	394	1	179	0
2	99722074.0	C	A	431	277	548	289	389	154	177	69
2	99722074.1	C	T	431	1	548	0	389	0	177	1
2	99722074.2	C	G	431	2	548	0	389	0	177	0
12	56679748.0	G	A	283	0	400	90	221	1	135	0
12	56679748.1	G	C	283	0	400	1	221	0	135	0
12	56679748.2	G	T	283	0	400	0	221	2	135	0
12	25398282.0	C	A	134	528	109	1132	129	260	83	148
12	25398282.1	C	T	134	0	109	3	129	1	83	0
12	25398282.2	C	G	134	0	109	0	129	1	83	0
2	66664987.0	C	T	155	37	153	32	133	0	74	0
17	3550737.0	G	C	278	1	415	113	283	0	211	0
17	3550737.1	G	T	278	0	415	2	283	0	211	1
2	36669838.0	G	A	319	2	303	0	282	0	136	0
2	36669838.1	G	T	319	52	303	56	282	35	136	32
2	36669838.2	G	C	319	0	303	1	282	0	136	0
12	109623428.0	T	G	99	0	131	1	97	14	38	0
X	99922344.0	C	G	351	0	378	1	316	0	145	0
X	99922344.1	C	T	351	0	378	0	316	0	145	72
15	23811872.0	A	T	126	49	96	28	146	21	56	32
15	23811872.1	A	C	126	1	96	0	146	0	56	0
18	60223434.0	A	T	68	73	115	129	151	87	72	60
18	60223434.1	A	G	68	0	115	0	151	1	72	0
1	171236805.0	C	G	158	2	153	28	176	0	114	1
1	171236805.1	C	T	158	0	153	1	176	0	114	0
9	40774419.0	C	A	79	1	116	0	109	0	104	0
9	40774419.1	C	G	79	68	116	39	109	76	104	33
9	40774419.2	C	T	79	0	116	1	109	0	104	0
19	6902032.0	G	T	45	18	105	0	55	8	31	0
11	134022922.0	C	A	71	1	78	0	91	2	56	0
11	134022922.1	C	T	71	211	78	131	91	109	56	126
11	134022922.2	C	G	71	0	78	1	91	0	56	1
16	69726561.0	C	T	74	0	51	16	75	0	42	0
8	70744003.0	T	A	47	29	51	21	68	40	32	13
8	70744003.1	T	G	47	0	51	0	68	1	32	0
6	133097478.0	C	T	158	1	199	0	168	0	74	34
3	69168258.0	C	T	217	0	168	1	202	0	129	0
3	69168258.1	C	G	217	0	168	36	202	0	129	0
19	9084022.0	A	T	174	73	157	159	182	47	126	35
19	9084022.1	A	C	174	1	157	2	182	0	126	0
20	50235573.0	G	A	85	27	161	0	132	13	51	0
20	50235573.1	G	T	85	1	161	0	132	0	51	0
1	155252323.0	G	T	107	27	182	17	98	37	80	12
15	63964729.0	C	A	129	65	131	96	173	95	63	40
15	63964729.1	C	T	129	3	131	0	173	0	63	0
15	63964729.2	C	G	129	0	131	0	173	1	63	0
5	89793491.0	G	C	27	9	106	1	130	26	85	0
5	89793491.1	G	T	27	0	106	0	130	2	85	0
5	89793491.2	G	A	27	0	106	0	130	0	85	1
11	62287401.0	C	T	486	0	411	1	436	2	130	0
11	62287401.1	C	A	486	0	411	0	436	0	130	1
11	62287401.2	C	G	486	0	411	0	436	0	130	72
16	88501816.0	G	A	51	1	40	0	63	0	27	0
16	88501816.1	G	C	51	27	40	30	63	29	27	17
18	3255828.0	G	A	150	0	131	1	110	0	99	27
18	3255828.1	G	T	150	0	131	0	110	0	99	1
17	35310492.0	G	A	127	1	308	0	179	0	141	1
17	35310492.1	G	T	127	162	308	51	179	127	141	124
17	35310492.2	G	C	127	0	308	0	179	0	141	1
2	238725732.0	C	A	35	0	61	1	79	0	52	0
2	238725732.1	C	T	35	0	61	18	79	1	52	0
2	238725732.2	C	G	35	0	61	1	79	0	52	0
22	42191833.0	C	T	86	1	94	18	100	0	59	0
17	53485153.0	C	T	115	18	124	0	102	24	101	11
17	79210511.0	C	A	136	36	225	53	165	33	74	0
17	79210511.1	C	T	136	0	225	1	165	0	74	0
17	79210511.2	C	G	136	0	225	1	165	0	74	0
11	34937827.0	G	C	112	25	117	0	82	10	48	0
2	54101611.0	C	T	133	0	151	29	136	0	83	0
18	22057122.0	A	T	61	0	33	15	57	0	28	0
1	19180711.0	C	A	30	21	26	18	19	13	14	4
20	61341199.0	G	A	24	12	29	1	31	13	8	5
20	61341199.1	G	T	24	0	29	0	31	1	8	0
20	61341199.2	G	C	24	0	29	0	31	1	8	0
9	87570384.0	C	A	74	61	184	54	91	52	55	26
9	87570384.1	C	T	74	0	184	1	91	0	55	0
9	87570384.2	C	G	74	0	184	1	91	0	55	0
3	88205608.0	C	A	165	0	230	1	147	0	96	0
3	88205608.1	C	G	165	0	230	39	147	0	96	0
5	41033186.0	C	A	154	39	196	53	138	22	85	43
5	41033186.1	C	T	154	1	196	0	138	0	85	0
2	85553943.0	G	C	195	0	140	17	156	0	68	0
2	85553943.1	G	T	195	0	140	0	156	0	68	1
15	34023798.0	G	T	107	26	147	51	111	33	58	27
15	34023798.1	G	C	107	1	147	0	111	2	58	0
15	34023798.2	G	A	107	0	147	2	111	0	58	1
1	111506249.0	G	T	193	119	428	1	292	72	164	2
1	111506249.1	G	A	193	0	428	0	292	2	164	0
1	111506249.2	G	C	193	0	428	0	292	1	164	0
8	77616782.0	G	A	99	1	143	0	147	0	71	0
8	77616782.1	G	T	99	28	143	0	147	0	71	0
8	77616782.2	G	C	99	0	143	0	147	1	71	0
19	42489186.0	C	A	142	1	135	0	139	2	86	0
19	42489186.1	C	G	142	26	135	0	139	28	86	0
4	90856956.0	C	A	53	42	100	65	116	44	62	58
4	90856956.1	C	T	53	0	100	3	116	0	62	0
4	90856956.2	C	G	53	0	100	0	116	1	62	0
19	54967620.0	G	A	115	30	277	1	131	23	56	0
6	70900023.0	A	G	77	31	214	0	236	57	245	0
6	70900023.1	A	T	77	0	214	0	236	1	245	0
1	176852097.0	G	C	84	23	149	0	124	19	67	0
17	57049509.0	C	A	84	72	140	25	94	45	72	51
18	42532626.0	T	C	92	21	56	13	96	10	51	15
18	42532626.1	T	A	92	0	56	1	96	0	51	0
9	5358254.0	G	A	188	1	227	0	273	0	267	0
9	5358254.1	G	C	188	45	227	0	273	44	267	0
9	5358254.2	G	T	188	0	227	0	273	1	267	0
3	169700673.0	G	A	18	1	51	1	68	0	35	1
3	169700673.1	G	T	18	1	51	0	68	0	35	0
3	169700673.2	G	C	18	0	51	8	68	1	35	0
20	61303165.0	G	A	187	2	154	2	137	1	63	0
20	61303165.1	G	T	187	1	154	2	137	1	63	0
20	61303165.2	G	C	187	54	154	34	137	25	63	15
2	63272271.0	C	A	206	0	277	1	140	0	67	0
2	63272271.1	C	T	206	0	277	1	140	0	67	0
2	63272271.2	C	G	206	0	277	47	140	0	67	0
16	23535755.0	C	G	334	0	232	89	346	0	130	0
16	23535755.1	C	A	334	0	232	0	346	1	130	0
12	100166844.0	T	C	139	0	320	0	217	55	118	0
8	48746761.0	C	T	210	48	241	10	178	32	83	16
8	48746761.1	C	G	210	1	241	0	178	0	83	0
9	32635509.0	C	A	103	0	102	33	128	0	50	10
6	117725555.0	G	A	122	0	84	33	135	0	109	0
6	117725555.1	G	C	122	0	84	1	135	0	109	0
X	100646014.0	G	A	488	167	624	0	477	124	293	0
X	100646014.1	G	T	488	0	624	2	477	4	293	0
2	211306049.0	G	T	251	0	197	1	176	2	93	0
2	211306049.1	G	C	251	0	197	0	176	0	93	15
3	57348608.0	C	G	78	2	140	42	122	0	121	0
10	64414644.0	G	T	228	127	186	144	267	187	120	84
10	64414644.1	G	A	228	0	186	0	267	2	120	0
10	64414644.2	G	C	228	0	186	0	267	1	120	0
2	26702459.0	G	T	50	50	94	77	54	45	20	31
10	23287195.0	C	A	182	87	106	20	134	32	101	13
10	23287195.1	C	T	182	1	106	0	134	1	101	0
10	23287195.2	C	G	182	1	106	0	134	1	101	0
1	12785439.0	T	A	83	54	110	52	94	37	43	17
1	12785439.1	T	C	83	1	110	0	94	0	43	0
10	91470741.0	C	A	52	1	153	0	161	0	128	0
10	91470741.1	C	T	52	27	153	39	161	21	128	28
19	4231306.0	C	T	45	0	77	21	56	0	25	0
2	73613292.0	C	G	40	0	51	22	40	0	13	0
3	38017230.0	C	A	143	1	181	0	236	2	96	0
3	38017230.1	C	T	143	165	181	172	236	120	96	106
3	38017230.2	C	G	143	1	181	0	236	0	96	1
4	151509258.0	G	A	137	41	229	0	106	32	84	0
4	151509258.1	G	C	137	1	229	0	106	0	84	0
14	74769595.0	C	G	50	35	156	97	76	26	24	22
14	74769595.1	C	T	50	0	156	1	76	0	24	0
3	140123484.0	G	T	90	90	130	90	125	62	44	36
9	18770712.0	C	T	109	0	121	1	134	0	45	0
9	18770712.1	C	G	109	0	121	28	134	0	45	0
3	136714329.0	G	A	285	2	413	1	391	1	143	0
3	136714329.1	G	T	285	239	413	305	391	142	143	105
3	136714329.2	G	C	285	1	413	0	391	1	143	0
4	55981569.0	G	T	70	97	73	35	70	54	55	33
11	106579269.0	G	A	326	100	290	96	349	74	167	114
11	106579269.1	G	T	326	0	290	2	349	0	167	0
11	106579269.2	G	C	326	0	290	1	349	2	167	0
5	140870089.0	G	A	166	0	104	27	173	0	103	0
1	155233056.0	C	A	353	0	449	61	400	0	172	0
1	155233056.1	C	T	353	0	449	1	400	0	172	0
1	155233056.2	C	G	353	0	449	1	400	0	172	0
2	160811756.0	T	A	299	0	415	1	516	2	244	36
2	160811756.1	T	C	299	0	415	0	516	2	244	1
11	57077003.0	T	C	228	0	188	0	151	0	103	13
17	60493478.0	G	T	179	23	211	115	207	36	88	48
6	49494331.0	G	T	130	88	162	83	141	63	82	44
6	49494331.1	G	A	130	0	162	3	141	0	82	0
6	90576100.0	G	T	30	25	61	76	91	54	47	43
6	90576100.1	G	A	30	0	61	0	91	1	47	0
1	43317434.0	C	T	120	0	124	34	103	1	36	0
17	1538706.0	G	C	106	0	357	0	110	0	83	22
X	153175485.0	C	G	94	26	277	0	143	23	78	0
4	164061412.0	C	T	89	0	156	0	272	0	157	33
12	111317824.0	T	A	69	69	97	101	119	95	51	42
12	111317824.1	T	C	69	2	97	0	119	0	51	0
1	62718750.0	G	A	121	47	173	0	128	31	93	0
1	62718750.1	G	C	121	0	173	0	128	1	93	0
1	163122432.0	C	T	254	0	276	37	176	0	151	0
4	56737360.0	G	A	240	1	156	0	103	0	80	0
4	56737360.1	G	C	240	27	156	0	103	10	80	0
20	55803329.0	C	A	92	61	67	59	124	51	57	9
19	56473437.0	C	A	96	66	168	43	168	66	82	32
19	56473437.1	C	G	96	1	168	1	168	0	82	0
18	76754170.0	G	A	32	15	62	15	38	8	11	3
17	4803090.0	G	A	95	24	150	0	109	20	84	0
17	4803090.1	G	T	95	1	150	0	109	0	84	0
17	46670537.0	C	T	184	0	184	1	136	0	85	0
17	46670537.1	C	G	184	0	184	54	136	0	85	0
17	46670537.2	C	A	184	0	184	0	136	1	85	0
20	6057861.0	C	T	181	2	170	41	177	0	114	0
7	135320346.0	G	A	173	0	187	40	306	0	253	0
7	135320346.1	G	T	173	0	187	1	306	0	253	0
1	215914763.0	G	A	279	1	259	1	303	0	177	0
1	215914763.1	G	T	279	44	259	41	303	49	177	33
1	215914763.2	G	C	279	0	259	1	303	0	177	0
2	167289148.0	C	A	45	9	103	0	110	12	83	0
11	1605776.0	G	C	98	47	136	83	95	28	10	28
11	1605776.1	G	A	98	0	136	0	95	1	10	0
5	140176453.0	G	T	40	17	63	34	43	15	19	6
11	55761902.0	G	T	99	8	67	3	110	10	69	10
11	55761902.1	G	A	99	0	67	0	110	1	69	1
6	159188482.0	T	G	50	1	46	2	32	5	33	1
2	32476575.0	G	T	48	13	49	0	59	13	32	0
9	139945515.0	C	A	89	17	157	0	90	15	45	0
6	160328360.0	G	T	85	0	79	1	104	0	44	7
6	160328360.1	G	A	85	0	79	0	104	0	44	1
6	30917725.0	C	T	34	14	30	14	24	7	11	5
6	30917725.1	C	G	34	0	30	1	24	1	11	0
6	30917725.2	C	A	34	0	30	0	24	1	11	0
2	136481652.0	C	G	133	0	145	60	133	0	62	0
1	186055481.0	C	A	315	1	368	0	268	2	106	0
1	186055481.1	C	T	315	0	368	0	268	1	106	20
4	153883983.0	G	A	114	0	153	0	136	0	65	33
3	128628911.0	C	A	173	1	171	0	104	0	56	1
3	128628911.1	C	T	173	0	171	0	104	0	56	17
12	88390247.0	G	A	269	0	421	1	393	0	311	0
12	88390247.1	G	T	269	0	421	1	393	2	311	1
12	88390247.2	G	C	269	0	421	62	393	0	311	0
10	34626294.0	C	A	388	178	437	100	322	66	236	42
10	34626294.1	C	T	388	1	437	0	322	0	236	2
10	34626294.2	C	G	388	1	437	2	322	0	236	0
12	80699460.0	T	A	275	0	362	1	380	0	251	0
12	80699460.1	T	C	275	0	362	76	380	1	251	0
12	80699460.2	T	G	275	0	362	0	380	0	251	1
6	83851737.0	G	C	170	41	167	46	197	39	143	46
6	83851737.1	G	T	170	0	167	0	197	0	143	1
2	74688688.0	G	C	92	0	69	0	62	0	26	9
7	42088281.0	G	C	233	31	229	0	274	80	112	0
7	42088281.1	G	T	233	0	229	1	274	1	112	1
2	29606705.0	C	T	135	28	206	42	118	18	65	24
2	29606705.1	C	G	135	0	206	0	118	0	65	1
12	12311941.0	G	A	344	0	348	0	337	0	81	34
12	12311941.1	G	T	344	0	348	0	337	0	81	2
12	12311941.2	G	C	344	0	348	0	337	0	81	1
17	37844206.0	G	C	42	0	67	17	33	0	20	0
20	31671201.0	C	T	150	0	81	16	136	0	71	0
20	31671201.1	C	A	150	0	81	0	136	2	71	0
20	31671201.2	C	G	150	0	81	0	136	1	71	0
11	118885736.0	G	A	103	0	147	9	133	0	93	0
11	118885736.1	G	T	103	0	147	44	133	0	93	0
16	4829754.0	G	C	79	25	248	0	75	20	54	0
2	36775713.0	G	C	146	0	149	23	131	0	76	0
2	36775713.1	G	A	146	0	149	0	131	1	76	0
17	42152697.0	G	A	282	3	198	40	265	0	116	1
17	42152697.1	G	T	282	0	198	0	265	2	116	0
17	42152697.2	G	C	282	0	198	0	265	1	116	0
4	47597813.0	G	A	141	108	164	77	144	53	85	49
4	47597813.1	G	C	141	2	164	1	144	1	85	1
3	183961608.0	G	A	117	0	160	38	88	0	32	0
14	24839043.0	C	A	34	0	31	9	29	0	16	0
11	114401075.0	C	T	137	64	172	0	189	33	140	0
11	114401075.1	C	A	137	0	172	0	189	1	140	0
16	2510636.0	G	A	87	1	180	51	128	0	47	0
12	57397810.0	C	A	216	47	206	0	194	19	110	0
12	57397810.1	C	T	216	0	206	1	194	0	110	0
7	137082159.0	C	A	225	47	286	61	322	39	228	72
7	137082159.1	C	T	225	0	286	0	322	0	228	1
2	24247022.0	C	G	301	0	282	69	197	0	135	0
3	142396883.0	C	T	80	0	136	70	122	0	105	0
19	48025230.0	G	A	193	0	229	49	233	0	88	0
11	8132335.0	T	G	320	0	293	0	216	0	123	18
11	123755211.0	A	T	199	55	207	0	261	2	218	0
11	123755211.1	A	C	199	0	207	0	261	1	218	0
9	713397.0	G	A	91	23	82	0	71	16	41	0
3	147113750.0	T	A	182	37	287	75	227	0	81	21
3	147113750.1	T	C	182	1	287	0	227	0	81	0
13	33700268.0	G	A	229	61	291	0	239	44	141	0
13	33700268.1	G	T	229	1	291	0	239	0	141	0
X	128788554.0	G	T	20	19	60	37	27	11	12	0
X	128788554.1	G	C	20	0	60	1	27	0	12	0
19	50383566.0	G	T	244	2	328	2	271	2	144	0
19	50383566.1	G	C	244	55	328	0	271	45	144	0
3	57357227.0	C	A	83	73	53	70	83	51	59	61
7	143747687.0	C	A	166	0	119	0	124	16	86	0
3	183823080.0	G	C	160	1	176	0	129	0	47	14
3	183823080.1	G	A	160	0	176	1	129	0	47	0
1	152282530.0	G	T	306	60	352	59	292	72	146	17
1	152282530.1	G	C	306	0	352	0	292	1	146	0
15	40914143.0	G	A	33	0	32	6	33	0	36	0
11	67075125.0	G	A	53	0	59	12	71	1	37	0
1	155145044.0	C	A	433	1	505	2	668	0	320	0
1	155145044.1	C	T	433	0	505	97	668	0	320	0
1	36315797.0	G	C	134	28	136	36	123	26	66	5
1	36315797.1	G	T	134	0	136	1	123	1	66	0
6	34735690.0	G	T	126	1	142	0	130	1	57	0
6	34735690.1	G	A	126	0	142	32	130	0	57	0
6	34735690.2	G	C	126	0	142	1	130	0	57	1
17	73322040.0	C	T	292	2	335	0	311	0	111	16
17	73322040.1	C	A	292	0	335	0	311	1	111	1
15	62173767.0	C	A	77	0	144	0	131	17	88	0
10	50534057.0	G	C	39	19	47	11	46	7	19	2
10	50534057.1	G	T	39	0	47	1	46	0	19	0
12	107125984.0	G	T	88	92	112	97	113	70	36	35
12	107125984.1	G	C	88	0	112	2	113	0	36	0
8	139688823.0	C	G	105	121	102	111	161	99	79	40
8	139688823.1	C	A	105	0	102	1	161	1	79	0
17	42756245.0	C	A	188	1	205	0	200	1	101	0
17	42756245.1	C	T	188	2	205	1	200	2	101	0
17	42756245.2	C	G	188	1	205	63	200	1	101	0
14	58605768.0	G	A	125	0	128	29	107	0	68	0
1	46073475.0	G	A	80	0	110	0	77	0	34	1
1	46073475.1	G	C	80	0	110	0	77	0	34	10
2	152226577.0	T	C	69	109	97	93	93	96	48	31
7	31125005.0	A	T	109	105	133	64	159	68	62	11
7	31125005.1	A	C	109	0	133	0	159	1	62	0
18	55373761.0	C	A	250	1	312	1	255	0	153	2
18	55373761.1	C	T	250	0	312	108	255	1	153	0
2	228384766.0	G	A	135	0	136	47	147	0	88	0
2	228384766.1	G	T	135	0	136	1	147	0	88	0
2	231331062.0	G	A	30	0	155	1	169	0	78	0
2	231331062.1	G	C	30	0	155	37	169	0	78	0
2	231331062.2	G	T	30	0	155	0	169	1	78	0
11	103908679.0	G	C	72	0	57	14	75	0	30	0
14	63473172.0	C	T	157	3	226	1	182	0	138	1
14	63473172.1	C	G	157	109	226	152	182	101	138	96
14	63473172.2	C	A	157	0	226	0	182	0	138	2
11	130341150.0	C	T	254	0	269	58	230	0	178	0
22	31658692.0	A	G	152	29	293	59	139	18	67	20
22	31658692.1	A	C	152	5	293	9	139	0	67	2
22	31658692.2	A	T	152	0	293	1	139	1	67	0
3	189526087.0	G	T	233	0	287	0	159	1	86	0
3	189526087.1	G	A	233	0	287	0	159	0	86	21
2	179599209.0	T	C	38	9	27	7	42	4	22	7
2	32689594.0	C	T	61	68	51	64	69	45	21	32
2	32689594.1	C	A	61	0	51	0	69	0	21	1
18	77794605.0	C	T	97	31	131	0	106	17	31	0
18	77794605.1	C	G	97	1	131	0	106	0	31	0
2	233394654.0	G	T	56	66	88	94	56	59	34	28
2	233394654.1	G	C	56	1	88	0	56	0	34	0
17	26864198.0	C	A	96	0	163	56	93	0	68	0
5	79373991.0	G	A	115	25	143	0	114	17	88	1
5	79373991.1	G	T	115	1	143	0	114	0	88	0
2	27322426.0	C	T	145	32	231	0	130	19	87	0
2	27322426.1	C	G	145	3	231	0	130	0	87	0
18	77208962.0	C	A	122	59	190	33	143	46	60	0
18	77208962.1	C	G	122	1	190	0	143	0	60	0
2	179399962.0	C	T	206	3	111	46	196	0	127	0
8	61654874.0	C	T	52	0	37	11	68	0	39	0
11	55587793.0	C	T	148	0	148	0	169	0	83	12
4	140272705.0	C	T	76	0	106	34	131	0	98	0
4	140272705.1	C	A	76	0	106	0	131	1	98	0
5	171766725.0	C	T	86	0	98	48	95	0	38	0
4	68490717.0	C	A	70	66	101	69	71	48	55	44
4	68490717.1	C	T	70	0	101	0	71	0	55	1
10	135193564.0	C	A	118	19	187	28	118	13	25	3
14	92150250.0	C	A	149	1	384	0	522	0	267	0
14	92150250.1	C	G	149	1	384	0	522	0	267	37
14	92150250.2	C	T	149	0	384	0	522	3	267	0
11	9517856.0	G	C	206	40	204	0	188	31	112	0
11	9517856.1	G	A	206	0	204	0	188	1	112	0
19	55603062.0	T	A	35	14	73	51	44	6	22	5
19	55603062.1	T	G	35	0	73	2	44	0	22	0
4	95229866.0	T	C	98	40	156	60	87	19	67	18
4	95229866.1	T	G	98	0	156	1	87	0	67	1
2	11053767.0	C	T	186	28	325	0	198	20	99	0
10	70202853.0	C	T	156	0	197	24	161	0	80	0
2	49217768.0	G	T	159	23	352	0	252	0	157	2
2	49217768.1	G	A	159	0	352	1	252	0	157	0
2	49217768.2	G	C	159	0	352	0	252	0	157	1
X	105183886.0	G	C	37	20	61	56	84	28	39	35
7	128848682.0	G	A	92	0	148	0	125	0	57	10
7	128848682.1	G	C	92	0	148	0	125	0	57	1
9	5549481.0	C	G	166	39	157	57	200	40	124	9
9	5549481.1	C	A	166	0	157	3	200	2	124	0
9	5549481.2	C	T	166	0	157	1	200	0	124	0
9	6328767.0	G	A	175	82	144	30	173	58	71	53
9	6328767.1	G	T	175	1	144	0	173	1	71	0
9	6328767.2	G	C	175	0	144	0	173	1	71	0
4	70346486.0	A	T	32	40	103	37	53	27	30	20
4	70346486.1	A	C	32	1	103	0	53	0	30	0
1	43637974.0	G	A	154	102	145	109	138	58	56	41
1	43637974.1	G	T	154	1	145	0	138	0	56	0
1	43637974.2	G	C	154	0	145	1	138	0	56	0
22	40708922.0	C	G	195	63	550	0	225	34	188	0
7	150325226.0	C	A	65	16	84	28	67	13	30	8
2	80529988.0	C	G	56	0	97	22	34	0	28	0
5	41009499.0	C	G	65	0	52	17	49	0	25	0
5	149265842.0	G	T	264	1	211	92	248	0	149	0
5	149265842.1	G	A	264	0	211	1	248	1	149	0
19	56702230.0	C	A	580	0	701	1	590	0	283	0
19	56702230.1	C	G	580	0	701	0	590	71	283	0
1	93312898.0	C	A	130	0	214	0	227	2	119	0
1	93312898.1	C	G	130	0	214	0	227	0	119	14
14	59107553.0	G	T	153	0	178	1	114	0	70	0
14	59107553.1	G	A	153	0	178	0	114	1	70	21
14	59107553.2	G	C	153	0	178	0	114	1	70	0
7	4285316.0	C	A	113	0	156	21	140	0	45	0
6	28097360.0	G	A	69	38	127	18	119	10	73	27
6	28097360.1	G	T	69	0	127	1	119	0	73	0
14	89178687.0	T	G	78	0	136	1	177	0	88	0
14	89178687.1	T	A	78	0	136	0	177	0	88	21
15	27128634.0	G	T	67	19	87	18	75	12	33	13
15	27128634.1	G	C	67	0	87	1	75	0	33	0
17	10399366.0	C	A	193	19	332	42	287	16	197	26
6	26056402.0	C	T	298	1	313	0	274	0	145	0
6	26056402.1	C	G	298	63	313	0	274	42	145	0
6	123319048.0	G	T	293	70	205	62	265	38	149	52
6	123319048.1	G	C	293	1	205	0	265	0	149	2
10	72195542.0	G	A	28	6	28	2	16	15	18	7
5	140957897.0	A	G	66	27	75	26	75	16	37	33
5	140957897.1	A	T	66	0	75	0	75	1	37	0
7	99013786.0	G	C	275	0	270	68	286	0	159	0
19	53911072.0	G	C	127	54	205	39	145	46	94	31
6	107009231.0	C	G	106	41	109	57	134	18	83	36
6	107009231.1	C	T	106	0	109	0	134	1	83	0
6	107009231.2	C	A	106	0	109	0	134	0	83	2
3	195516687.0	C	A	466	0	260	1	389	0	189	1
3	195516687.1	C	T	466	0	260	5	389	1	189	0
3	195516687.2	C	G	466	0	260	187	389	0	189	0
3	184870595.0	G	A	82	23	144	0	47	20	28	0
3	184870595.1	G	T	82	1	144	0	47	0	28	0
3	184870595.2	G	C	82	0	144	0	47	1	28	0
7	99818176.0	C	T	58	13	120	0	88	17	48	0
7	73011254.0	C	T	321	0	388	56	290	28	114	30
12	51467708.0	C	A	134	0	111	0	128	0	37	11
7	27196095.0	C	A	115	108	181	116	184	77	63	14
7	27196095.1	C	T	115	3	181	7	184	5	63	0
7	27196095.2	C	G	115	1	181	4	184	1	63	0
4	155254640.0	G	T	125	2	102	1	110	0	64	0
4	155254640.1	G	C	125	0	102	43	110	0	64	0
12	80838590.0	A	T	198	0	250	3	312	0	230	0
12	80838590.1	A	G	198	0	250	132	312	0	230	0
12	80838590.2	A	C	198	0	250	1	312	0	230	0
1	234582617.0	T	G	202	53	216	0	211	0	81	0
1	234582617.1	T	A	202	0	216	0	211	1	81	0
1	234582617.2	T	C	202	0	216	0	211	1	81	0
19	2431564.0	C	T	135	0	282	0	121	19	60	0
11	108235838.0	G	A	57	1	97	0	112	1	71	0
11	108235838.1	G	T	57	70	97	101	112	54	71	94
11	108235838.2	G	C	57	1	97	0	112	0	71	0
22	30734892.0	C	G	859	1	737	224	818	0	364	0
22	30734892.1	C	A	859	0	737	3	818	1	364	0
22	30734892.2	C	T	859	0	737	3	818	0	364	0
14	74193633.0	C	T	128	34	178	51	148	26	67	19
14	74193633.1	C	G	128	0	178	0	148	1	67	0
1	60503770.0	C	A	161	1	248	0	249	0	101	26
1	60503770.1	C	G	161	0	248	0	249	0	101	2
2	196746681.0	C	A	126	0	80	31	216	0	131	0
5	140209710.0	G	A	18	9	48	9	15	4	7	1
5	140209710.1	G	C	18	0	48	1	15	0	7	0
6	83851645.0	G	C	105	35	141	52	174	35	118	40
6	64694337.0	C	T	153	0	129	33	99	0	107	0
6	64694337.1	C	G	153	0	129	1	99	0	107	0
17	26675217.0	C	G	219	0	317	34	221	0	181	0
8	133056714.0	C	A	225	2	430	0	427	0	196	0
8	133056714.1	C	T	225	28	430	0	427	1	196	0
12	85623336.0	G	A	189	0	261	64	250	0	204	2
4	155411115.0	C	G	5	4	19	5	19	3	5	6
4	155411115.1	C	T	5	0	19	1	19	0	5	0
9	102992001.0	C	G	125	0	115	0	107	0	61	16
20	20505063.0	T	A	96	28	87	0	99	21	58	0
20	20505063.1	T	C	96	1	87	0	99	0	58	0
19	52376669.0	C	T	123	34	108	66	114	26	61	16
16	560760.0	G	A	117	2	163	0	120	0	56	0
16	560760.1	G	C	117	0	163	26	120	0	56	0
16	560760.2	G	T	117	0	163	0	120	1	56	0
3	186965126.0	C	A	661	0	783	0	586	1	255	0
3	186965126.1	C	G	661	0	783	0	586	0	255	61
10	122273492.0	G	A	397	175	598	0	494	78	306	0
10	122273492.1	G	T	397	1	598	2	494	0	306	2
10	122273492.2	G	C	397	0	598	0	494	1	306	0
12	56142422.0	C	T	102	0	109	20	121	0	56	0
4	8242568.0	C	T	283	0	269	0	245	0	85	11
1	179084088.0	C	G	195	0	203	63	207	0	89	0
4	1701776.0	G	T	371	1	613	0	754	3	199	0
4	1701776.1	G	A	371	0	613	1	754	0	199	187
4	1701776.2	G	C	371	0	613	1	754	0	199	1
7	100843571.0	C	A	120	51	180	38	201	26	97	19
7	100843571.1	C	T	120	1	180	0	201	0	97	0
3	111603606.0	G	T	75	0	43	24	67	0	25	1
3	111603606.1	G	C	75	0	43	1	67	0	25	0
6	166952186.0	C	T	300	0	179	64	255	0	214	0
6	166952186.1	C	G	300	0	179	1	255	0	214	0
6	166952186.2	C	A	300	0	179	0	255	3	214	0
18	21131687.0	G	A	135	39	87	0	121	18	55	0
3	169710384.0	C	T	190	24	187	32	140	22	98	4
3	169710384.1	C	A	190	0	187	1	140	0	98	0
3	169710384.2	C	G	190	0	187	0	140	1	98	0
19	54746394.0	C	A	42	1	21	10	36	1	22	4
3	128628205.0	G	T	179	0	222	1	140	0	58	0
3	128628205.1	G	C	179	0	222	0	140	0	58	13
19	18273784.0	G	A	108	0	90	0	105	0	40	21
7	19015519.0	C	A	206	54	223	56	259	68	71	24
7	19015519.1	C	T	206	0	223	2	259	4	71	0
1	144854555.0	C	T	466	24	588	49	512	30	228	34
7	88963584.0	G	T	112	0	115	1	122	0	77	0
7	88963584.1	G	C	112	0	115	15	122	0	77	0
7	88963584.2	G	A	112	0	115	0	122	1	77	0
4	79763658.0	C	A	254	1	232	0	256	0	131	0
4	79763658.1	C	G	254	0	232	0	256	0	131	66
22	30735227.0	C	G	157	0	150	29	188	0	74	0
22	30735227.1	C	T	157	0	150	0	188	1	74	0
3	160803577.0	G	T	39	35	36	39	45	8	13	22
3	160803577.1	G	A	39	0	36	0	45	1	13	0
5	35793271.0	T	A	84	0	133	16	132	0	79	0
5	35793271.1	T	G	84	0	133	1	132	0	79	0
22	38333099.0	C	A	208	0	496	1	275	0	155	0
22	38333099.1	C	T	208	0	496	77	275	0	155	0
8	146028325.0	G	A	187	0	144	2	188	0	89	0
8	146028325.1	G	C	187	0	144	54	188	0	89	0
3	112357931.0	C	T	263	48	197	27	242	41	111	28
3	112357931.1	C	A	263	0	197	0	242	1	111	0
5	134099766.0	G	A	161	0	134	38	159	0	89	0
22	46668284.0	C	T	235	0	414	1	286	0	149	0
22	46668284.1	C	G	235	0	414	81	286	0	149	0
7	107013191.0	G	A	133	0	143	25	169	0	111	0
7	107013191.1	G	T	133	0	143	0	169	3	111	0
4	69978218.0	C	A	253	3	273	0	233	0	111	0
4	69978218.1	C	T	253	0	273	43	233	0	111	0
X	154490123.0	C	G	154	0	152	27	199	0	101	0
18	6882138.0	A	T	153	43	228	0	181	0	192	0
6	146755272.0	C	A	14	28	49	57	36	27	16	21
19	36051816.0	G	C	261	0	272	81	292	0	131	0
10	100152806.0	C	G	120	0	86	21	101	0	58	0
12	21028352.0	A	T	47	113	39	240	45	116	34	80
12	21028352.1	A	G	47	0	39	1	45	0	34	2
12	21028352.2	A	C	47	0	39	1	45	0	34	0
2	97427598.0	C	A	370	1	256	0	341	0	154	0
2	97427598.1	C	T	370	0	256	36	341	0	154	0
17	78323581.0	C	T	177	0	179	36	212	0	96	0
4	72994477.0	T	A	90	82	121	108	154	104	81	93
4	72994477.1	T	C	90	1	121	0	154	1	81	1
4	72994477.2	T	G	90	0	121	0	154	1	81	0
1	156707291.0	C	G	283	66	296	99	363	35	147	71
16	89293225.0	C	G	141	0	144	50	256	0	92	0
2	24387114.0	G	C	250	45	273	0	211	0	149	0
8	124357196.0	C	G	202	0	219	30	227	0	105	0
15	48796005.0	G	T	55	13	71	19	73	19	30	8
3	101374980.0	C	T	81	23	139	0	138	34	95	0
3	101374980.1	C	A	81	0	139	0	138	1	95	0
17	685790.0	C	T	53	27	130	2	69	9	68	0
19	49846539.0	G	T	124	1	169	0	136	0	53	0
19	49846539.1	G	C	124	0	169	0	136	20	53	0
9	137717724.0	G	A	63	58	157	42	75	26	63	15
9	137717724.1	G	C	63	2	157	0	75	1	63	0
7	39610224.0	G	A	402	1	481	87	581	0	292	0
7	39610224.1	G	T	402	0	481	1	581	2	292	1
5	115336826.0	G	A	131	1	155	0	120	0	63	0
5	115336826.1	G	T	131	48	155	34	120	24	63	25
8	38265746.0	C	T	261	0	370	83	262	1	114	0
13	39263097.0	G	T	38	10	56	0	39	9	18	0
2	10044997.0	G	C	140	0	205	41	149	0	113	0
15	50925185.0	G	C	87	2	89	39	109	0	87	0
15	50925185.1	G	A	87	0	89	0	109	2	87	0
10	11505385.0	C	A	109	25	76	22	81	11	41	11
10	11505385.1	C	G	109	0	76	1	81	0	41	0
6	47650319.0	C	T	190	0	151	22	164	1	90	0
1	248262732.0	C	G	159	101	197	121	233	83	154	45
1	248262732.1	C	T	159	0	197	0	233	1	154	0
1	248262732.2	C	A	159	0	197	0	233	0	154	1
7	98638145.0	A	G	244	0	270	0	284	0	133	30
11	71166167.0	G	T	165	75	194	46	206	58	122	0
11	71166167.1	G	A	165	0	194	2	206	0	122	0
16	23767052.0	G	C	153	0	115	44	158	0	78	0
19	56423995.0	C	A	102	36	162	32	146	64	63	26
12	102159080.0	G	A	26	9	18	0	22	3	15	0
7	123269228.0	G	A	129	0	96	19	98	0	79	0
7	123269228.1	G	T	129	0	96	0	98	1	79	0
12	51347854.0	G	A	185	0	143	44	170	0	81	0
12	51347854.1	G	C	185	0	143	1	170	0	81	0
6	26033460.0	G	T	143	38	140	17	125	14	75	14
6	26033460.1	G	C	143	1	140	0	125	0	75	0
2	99725852.0	C	A	692	211	738	257	446	161	293	96
2	99725852.1	C	G	692	1	738	1	446	1	293	0
2	99725852.2	C	T	692	0	738	0	446	0	293	1
6	139113897.0	A	G	87	39	162	59	187	49	112	47
6	139113897.1	A	T	87	0	162	2	187	0	112	0
12	118848893.0	G	T	111	0	144	25	112	0	40	5
19	17940976.0	G	C	26	14	65	0	54	4	12	0
16	71570626.0	C	T	167	0	162	1	199	1	87	0
16	71570626.1	C	A	167	0	162	0	199	41	87	0
15	40933221.0	G	A	179	48	327	94	286	54	155	64
15	40933221.1	G	T	179	1	327	3	286	1	155	1
15	40933221.2	G	C	179	0	327	0	286	1	155	0
7	90747383.0	C	T	299	1	332	0	281	0	202	0
7	90747383.1	C	G	299	64	332	0	281	51	202	0
20	60791086.0	G	C	89	16	178	0	110	10	35	0
22	28378672.0	G	T	169	1	171	1	159	1	76	1
22	28378672.1	G	A	169	0	171	0	159	0	76	15
20	57769300.0	C	A	37	44	43	17	56	12	21	7
20	57769300.1	C	T	37	1	43	0	56	0	21	0
20	57769300.2	C	G	37	0	43	0	56	1	21	0
2	202358762.0	C	G	34	6	78	0	121	20	80	0
2	202358762.1	C	A	34	0	78	0	121	1	80	0
2	202358762.2	C	T	34	0	78	0	121	1	80	0
9	35698319.0	C	A	108	0	60	24	84	0	62	3
6	116720765.0	G	A	131	1	90	22	124	0	80	0
6	129714350.0	G	A	187	50	197	47	180	45	124	51
6	129714350.1	G	T	187	1	197	2	180	0	124	0
6	129714350.2	G	C	187	0	197	1	180	0	124	0
5	63509699.0	C	T	80	1	49	20	71	0	51	0
5	138714002.0	G	C	112	59	239	0	107	16	64	0
5	138714002.1	G	T	112	0	239	0	107	3	64	0
6	117710914.0	C	G	23	3	28	0	30	12	22	0
3	155628911.0	C	A	148	66	387	0	154	69	119	0
3	155628911.1	C	G	148	0	387	1	154	0	119	0
16	4621605.0	T	A	105	0	162	0	114	0	42	12
20	62871717.0	C	A	327	0	241	1	283	0	89	0
20	62871717.1	C	T	327	0	241	0	283	0	89	21
20	62871717.2	C	G	327	0	241	0	283	0	89	1
17	63537581.0	G	C	143	2	141	36	159	0	73	0
17	63537581.1	G	A	143	0	141	1	159	0	73	0
17	63537581.2	G	T	143	0	141	1	159	0	73	0
X	101971550.0	A	C	209	84	177	88	180	44	77	55
6	97621080.0	C	A	113	24	167	47	126	31	88	40
6	97621080.1	C	T	113	0	167	2	126	0	88	0
6	97621080.2	C	G	113	0	167	1	126	0	88	0
X	9905710.0	G	C	25	0	29	10	48	0	29	0
19	52869167.0	A	G	15	16	42	8	44	20	27	13
20	51871813.0	G	T	93	19	75	19	60	13	37	0
7	8272319.0	C	A	463	0	606	1	693	0	316	0
7	8272319.1	C	T	463	0	606	96	693	0	316	0
4	5333051.0	C	A	166	99	135	52	167	69	59	34
4	5333051.1	C	G	166	0	135	0	167	1	59	0
17	10427881.0	C	A	134	78	124	106	160	42	53	86
17	10427881.1	C	G	134	0	124	0	160	0	53	1
12	48534566.0	C	A	170	44	180	0	179	28	70	0
12	48534566.1	C	G	170	1	180	1	179	1	70	0
18	31324513.0	T	A	81	27	49	11	72	15	39	5
22	30953262.0	C	A	129	29	241	46	131	19	44	18
22	30953262.1	C	G	129	0	241	1	131	0	44	0
19	53304048.0	A	T	146	1	154	0	144	33	95	0
8	123965370.0	G	T	85	17	180	4	129	18	51	15
1	153905763.0	G	A	112	0	100	1	117	0	45	0
1	153905763.1	G	C	112	0	100	19	117	0	45	15
1	153905763.2	G	T	112	0	100	0	117	1	45	0
11	12315877.0	C	A	89	35	65	39	95	30	24	39
11	12315877.1	C	G	89	1	65	0	95	1	24	0
19	38377719.0	T	C	85	30	160	29	105	28	67	69
5	13762896.0	G	T	97	1	172	0	99	0	79	0
5	13762896.1	G	C	97	0	172	23	99	0	79	0
17	3850958.0	G	T	12	0	47	12	21	0	15	0
2	54122797.0	A	C	411	0	439	0	371	0	172	29
19	7680171.0	G	C	14	12	32	30	26	16	4	10
19	7680171.1	G	T	14	0	32	0	26	1	4	0
1	177935034.0	C	A	246	64	252	59	271	38	130	29
1	177935034.1	C	T	246	2	252	2	271	0	130	0
1	177935034.2	C	G	246	0	252	1	271	0	130	0
1	173952703.0	C	A	180	0	201	33	142	0	80	0
19	44536923.0	G	T	127	24	93	62	129	45	58	12
22	21331197.0	G	A	246	67	297	106	256	56	118	23
22	21331197.1	G	T	246	0	297	1	256	0	118	0
7	94030925.0	G	T	524	99	507	129	449	81	259	30
7	94030925.1	G	A	524	0	507	1	449	1	259	0
7	94030925.2	G	C	524	0	507	2	449	0	259	0
6	31323241.0	G	T	107	18	135	23	94	10	48	12
17	36872788.0	G	T	35	0	20	20	21	0	11	1
7	21947876.0	C	T	145	1	254	1	243	1	121	0
7	21947876.1	C	G	145	53	254	0	243	51	121	0
7	21947876.2	C	A	145	0	254	0	243	1	121	0
7	86542460.0	C	T	182	0	139	22	229	0	109	0
16	74640737.0	G	T	12	0	14	7	16	0	4	0
11	5776068.0	T	G	251	0	145	34	233	0	133	0
11	5776068.1	T	A	251	0	145	0	233	0	133	1
1	247588680.0	G	A	121	0	110	33	133	0	80	0
3	129389314.0	G	T	292	0	257	1	251	0	128	0
3	129389314.1	G	C	292	0	257	48	251	0	128	0
3	129389314.2	G	A	292	0	257	0	251	1	128	0
10	43127452.0	C	T	292	60	348	0	191	64	180	0
10	43127452.1	C	G	292	0	348	0	191	2	180	0
16	19883974.0	G	T	54	18	64	21	44	5	10	2
16	19883974.1	G	C	54	1	64	0	44	0	10	0
17	40946989.0	C	G	130	0	131	28	152	0	101	0
17	40946989.1	C	T	130	0	131	0	152	1	101	1
7	143701911.0	C	T	67	34	89	13	67	18	83	14
17	72832355.0	C	T	176	39	350	73	158	40	103	0
17	72832355.1	C	A	176	0	350	0	158	0	103	1
5	10258262.0	G	T	170	0	346	56	170	2	131	0
6	26157005.0	G	C	168	0	133	47	117	0	56	0
17	47677846.0	G	A	176	0	137	36	157	0	79	0
17	47677846.1	G	C	176	0	137	2	157	0	79	0
15	77471213.0	C	T	331	1	347	2	406	0	167	0
15	77471213.1	C	A	331	0	347	0	406	1	167	0
15	77471213.2	C	G	331	0	347	0	406	0	167	70
19	52023450.0	G	T	140	25	250	0	154	28	87	15
19	52023450.1	G	C	140	1	250	0	154	1	87	0
19	52023450.2	G	A	140	0	250	2	154	0	87	0
14	24843662.0	G	T	115	0	118	1	76	0	55	0
14	24843662.1	G	C	115	0	118	27	76	0	55	0
9	34379171.0	G	C	162	0	181	0	149	0	57	58
3	124053297.0	C	A	45	15	125	0	43	20	23	0
X	107977173.0	G	T	80	0	149	51	94	0	67	0
14	35492203.0	G	A	265	39	751	0	300	17	316	0
1	220324724.0	C	A	197	0	230	0	157	0	83	13
20	5996076.0	G	T	363	65	282	98	335	66	204	75
20	5996076.1	G	A	363	0	282	1	335	2	204	0
20	5996076.2	G	C	363	0	282	2	335	1	204	1
19	33119714.0	C	G	448	0	335	81	432	0	187	0
1	92515911.0	C	T	186	22	312	41	418	38	202	19
10	116032602.0	G	A	238	0	191	0	242	0	58	38
10	116032602.1	G	T	238	0	191	0	242	0	58	1
15	89390481.0	C	A	47	21	83	35	46	15	20	13
15	89390481.1	C	T	47	0	83	1	46	0	20	0
4	5837646.0	T	G	383	0	238	47	325	0	138	0
4	5837646.1	T	C	383	0	238	1	325	0	138	0
1	65344710.0	C	A	273	1	226	1	230	0	125	0
1	65344710.1	C	T	273	0	226	46	230	0	125	0
12	9311049.0	C	G	128	168	129	253	144	125	57	46
12	9311049.1	C	T	128	0	129	1	144	2	57	2
X	153881584.0	G	A	54	30	126	0	60	15	29	0
X	153881584.1	G	C	54	0	126	0	60	2	29	0
10	93770876.0	G	T	107	1	203	1	322	0	153	0
10	93770876.1	G	A	107	0	203	0	322	0	153	71
17	64224259.0	G	A	325	1	452	0	249	0	152	0
17	64224259.1	G	C	325	58	452	0	249	28	152	0
17	64224259.2	G	T	325	0	452	1	249	2	152	0
12	57868437.0	G	T	165	0	214	1	192	0	74	24
4	42122127.0	C	A	446	260	373	162	407	183	260	87
4	42122127.1	C	T	446	0	373	1	407	1	260	0
15	43890494.0	G	C	55	15	52	0	70	21	46	0
15	43890494.1	G	T	55	0	52	0	70	1	46	0
16	31373479.0	C	T	220	0	187	64	215	0	93	0
12	56574782.0	C	A	345	2	409	1	339	0	158	0
12	56574782.1	C	T	345	0	409	84	339	0	158	0
12	56574782.2	C	G	345	0	409	2	339	1	158	0
19	49448158.0	A	T	157	46	264	57	240	33	110	23
19	49448158.1	A	C	157	0	264	1	240	0	110	0
1	92647376.0	C	A	162	1	143	0	153	0	91	0
1	92647376.1	C	G	162	0	143	38	153	1	91	0
9	72132045.0	C	T	16	12	62	13	29	14	10	5
9	72132045.1	C	G	16	1	62	1	29	0	10	0
9	72132045.2	C	A	16	0	62	1	29	0	10	0
5	118500908.0	G	A	118	0	183	72	259	0	143	0
5	118500908.1	G	C	118	0	183	0	259	1	143	0
6	33286802.0	G	A	105	0	114	0	81	0	41	13
6	33286802.1	G	T	105	0	114	0	81	0	41	1
7	71743783.0	C	T	186	0	175	33	202	39	70	16
8	54967622.0	G	C	101	0	224	48	237	0	116	0
9	139750562.0	G	T	52	0	80	32	68	0	50	0
9	139750562.1	G	C	52	0	80	1	68	0	50	0
11	93118708.0	A	T	17	2	30	0	51	0	32	8
15	90897947.0	C	T	374	59	459	0	298	47	216	0
15	90897947.1	C	G	374	1	459	0	298	0	216	1
15	92988039.0	C	G	88	12	109	0	70	13	37	0
11	61511557.0	C	G	37	15	49	0	48	12	25	0
2	9588414.0	G	A	187	0	228	1	169	0	109	0
2	9588414.1	G	C	187	0	228	51	169	0	109	0
15	34130932.0	G	A	39	24	37	0	43	13	25	0
6	32808789.0	C	A	382	0	247	1	368	1	225	0
6	32808789.1	C	T	382	0	247	61	368	0	225	0
3	172166090.0	G	T	17	10	27	29	14	6	5	7
12	95422263.0	C	A	97	49	249	50	153	90	129	19
1	207751262.0	A	T	260	151	337	143	359	118	163	66
1	207751262.1	A	G	260	1	337	3	359	6	163	0
1	207751262.2	A	C	260	1	337	1	359	1	163	0
3	61548047.0	G	T	124	178	215	184	133	123	61	87
3	61548047.1	G	C	124	1	215	0	133	0	61	0
16	68846069.0	C	T	188	0	254	0	197	1	114	0
16	68846069.1	C	G	188	0	254	0	197	39	114	0
10	118236203.0	C	T	121	0	151	25	143	0	89	0
1	158618395.0	G	A	281	0	394	61	380	0	171	0
1	158618395.1	G	T	281	0	394	1	380	0	171	0
6	46851919.0	G	T	137	0	110	1	100	0	69	0
6	46851919.1	G	C	137	0	110	31	100	0	69	0
20	3363146.0	G	A	151	34	171	0	176	37	76	0
20	3363146.1	G	T	151	0	171	0	176	1	76	1
17	72366787.0	C	A	255	0	441	0	242	35	117	0
1	26513959.0	G	C	170	32	191	52	170	28	91	22
1	26513959.1	G	A	170	0	191	0	170	0	91	1
19	15234359.0	C	G	40	10	85	0	54	16	35	0
9	137020486.0	C	A	103	38	166	0	150	0	66	0
18	31226308.0	G	A	357	2	283	0	385	0	228	1
18	31226308.1	G	T	357	131	283	0	385	124	228	30
18	31226308.2	G	C	357	0	283	0	385	1	228	0
3	130150715.0	C	T	372	2	381	0	357	0	135	1
3	130150715.1	C	G	372	76	381	68	357	0	135	47
3	130150715.2	C	A	372	0	381	1	357	0	135	0
15	90127660.0	G	A	89	0	132	30	80	0	40	0
15	90127660.1	G	C	89	0	132	1	80	0	40	0
11	11348677.0	C	G	321	0	240	57	349	0	139	0
1	24433626.0	G	T	90	19	197	0	104	11	43	0
1	24433626.1	G	C	90	1	197	0	104	0	43	0
1	24433626.2	G	A	90	0	197	1	104	0	43	0
19	52272933.0	C	A	122	1	84	1	147	0	77	0
19	52272933.1	C	T	122	30	84	44	147	32	77	12
14	90651289.0	G	T	48	29	43	18	48	13	23	8
12	83290274.0	C	T	219	1	241	0	220	0	134	0
12	83290274.1	C	G	219	47	241	0	220	23	134	0
12	83290274.2	C	A	219	0	241	0	220	0	134	1
5	63257211.0	G	T	39	7	51	9	50	13	16	6
10	64136657.0	C	T	66	35	56	21	58	32	24	25
1	237824167.0	G	A	350	1	432	0	256	1	131	0
1	237824167.1	G	T	350	71	432	80	256	53	131	21
1	237824167.2	G	C	350	1	432	1	256	0	131	0
10	104184275.0	C	T	211	45	180	0	247	26	135	0
2	162890110.0	G	T	248	49	330	1	274	45	171	1
2	85133238.0	G	C	270	0	342	0	174	0	73	20
2	160194222.0	G	T	155	1	113	0	146	0	83	16
17	61888494.0	G	A	321	0	261	52	230	0	145	0
17	61888494.1	G	T	321	0	261	1	230	0	145	0
17	80050779.0	C	T	125	0	210	0	123	0	56	12
18	31320166.0	G	A	121	1	125	0	106	0	65	0
18	31320166.1	G	T	121	54	125	0	106	52	65	5
8	133769537.0	G	A	302	57	247	2	293	43	212	0
8	133769537.1	G	C	302	1	247	0	293	0	212	0
19	41858716.0	G	T	50	0	40	17	51	0	22	0
1	161596115.0	T	A	442	88	529	0	581	76	341	0
1	161596115.1	T	G	442	2	529	0	581	1	341	0
1	161596115.2	T	C	442	1	529	0	581	0	341	0
1	162492320.0	C	T	494	2	549	92	406	0	305	0
1	162492320.1	C	A	494	0	549	2	406	0	305	0
1	162492320.2	C	G	494	0	549	1	406	1	305	0
4	121706239.0	G	A	210	0	201	1	161	0	126	0
4	121706239.1	G	C	210	0	201	55	161	0	126	0
17	56434901.0	C	A	118	0	171	36	129	0	74	0
17	56434901.1	C	T	118	0	171	1	129	0	74	1
11	57982706.0	C	A	108	60	83	43	81	37	55	58
11	57982706.1	C	T	108	0	83	1	81	0	55	0
10	120801680.0	C	T	339	1	313	64	324	0	146	0
10	120801680.1	C	G	339	1	313	0	324	0	146	0
12	10560267.0	C	A	578	0	706	2	638	0	281	0
12	10560267.1	C	T	578	0	706	113	638	0	281	0
1	3319489.0	G	A	53	0	130	23	62	0	20	0
2	179477103.0	C	T	195	53	152	1	146	51	122	0
1	112991614.0	C	T	77	0	163	0	156	0	86	14
3	186435507.0	T	A	143	55	150	89	123	59	78	26
3	186435507.1	T	C	143	0	150	0	123	1	78	0
2	188247917.0	G	T	279	73	232	82	379	79	255	45
2	188247917.1	G	C	279	1	232	0	379	1	255	0
2	188247917.2	G	A	279	0	232	0	379	2	255	0
11	2423956.0	C	T	94	0	129	0	113	0	43	7
X	107976787.0	C	G	219	2	230	56	175	0	117	21
12	122255109.0	C	T	55	0	102	16	52	0	34	0
12	131451076.0	C	T	420	77	404	0	423	61	162	0
12	131451076.1	C	G	420	0	404	0	423	1	162	0
19	37870128.0	A	T	178	42	214	21	208	30	119	74
19	37870128.1	A	G	178	0	214	0	208	1	119	0
19	18778536.0	C	T	14	28	58	26	28	15	9	9
19	18778536.1	C	G	14	0	58	0	28	1	9	0
2	74185369.0	A	G	301	2	487	0	232	3	141	0
2	74185369.1	A	C	301	46	487	0	232	54	141	0
22	18314668.0	C	A	188	1	205	0	173	1	159	0
22	18314668.1	C	T	188	76	205	0	173	41	159	0
22	18314668.2	C	G	188	0	205	0	173	1	159	0
X	70523116.0	G	T	366	2	178	0	278	0	190	0
X	70523116.1	G	C	366	88	178	0	278	74	190	0
1	228601549.0	G	C	156	44	204	38	151	50	83	16
1	228601549.1	G	T	156	0	204	0	151	1	83	0
11	60708622.0	G	C	270	46	313	0	204	41	182	0
11	60708622.1	G	T	270	0	313	2	204	0	182	0
11	60708622.2	G	A	270	0	313	0	204	1	182	0
5	70797446.0	G	A	82	0	116	36	185	0	91	0
5	70797446.1	G	T	82	0	116	0	185	1	91	0
2	125504828.0	G	C	238	43	257	0	236	31	111	40
2	125504828.1	G	T	238	0	257	2	236	2	111	0
2	125504828.2	G	A	238	0	257	0	236	0	111	1
5	162902542.0	G	A	92	26	105	0	114	16	99	0
5	162902542.1	G	C	92	0	105	0	114	1	99	0
4	153809438.0	G	T	73	15	88	0	78	23	71	0
4	153809438.1	G	C	73	0	88	1	78	0	71	0
19	56244843.0	G	C	93	17	134	60	128	27	83	16
19	56244843.1	G	A	93	0	134	0	128	0	83	1
19	56244843.2	G	T	93	0	134	0	128	0	83	1
22	39883680.0	C	A	14	0	20	11	10	3	5	0
3	160679622.0	G	T	117	1	134	0	116	0	63	0
3	160679622.1	G	C	117	90	134	149	116	44	63	60
3	190147418.0	G	T	302	39	394	62	217	37	190	0
3	190147418.1	G	A	302	0	394	0	217	1	190	0
12	53237933.0	G	T	224	1	232	1	231	0	63	1
12	53237933.1	G	A	224	0	232	0	231	0	63	22
12	53237933.2	G	C	224	0	232	0	231	0	63	1
21	41032956.0	C	T	188	0	130	39	231	0	129	0
19	38993226.0	G	A	60	24	134	44	84	17	25	13
19	38993226.1	G	T	60	0	134	1	84	0	25	0
4	160277030.0	G	C	24	30	26	43	21	13	11	9
4	160277030.1	G	T	24	0	26	1	21	0	11	0
4	160277030.2	G	A	24	0	26	0	21	1	11	0
1	200559396.0	C	A	222	0	298	1	401	1	184	2
1	200559396.1	C	G	222	0	298	83	401	0	184	0
1	200559396.2	C	T	222	0	298	0	401	1	184	0
7	6547941.0	A	T	88	0	131	30	70	9	33	3
11	55606926.0	C	A	148	26	122	44	141	16	104	13
11	64536719.0	C	T	152	74	124	26	163	71	88	0
11	64536719.1	C	G	152	0	124	2	163	0	88	0
4	113345121.0	A	G	148	55	194	75	162	38	92	47
4	113345121.1	A	T	148	0	194	0	162	1	92	0
4	113345121.2	A	C	148	0	194	0	162	1	92	0
5	156920107.0	G	T	131	59	117	44	117	25	79	11
5	156920107.1	G	C	131	1	117	0	117	0	79	0
11	15212290.0	C	T	112	52	142	25	100	39	65	0
6	49663557.0	C	T	728	1	664	0	554	0	315	0
6	49663557.1	C	A	728	0	664	1	554	0	315	0
6	49663557.2	C	G	728	0	664	0	554	0	315	34
4	48512886.0	G	A	286	38	218	40	155	16	120	9
4	48512886.1	G	T	286	0	218	0	155	0	120	1
4	74447941.0	C	A	53	47	167	135	231	132	130	88
4	74447941.1	C	G	53	0	167	1	231	0	130	0
4	74447941.2	C	T	53	0	167	0	231	0	130	1
3	193052857.0	C	G	378	1	434	0	320	0	209	1
3	193052857.1	C	T	378	0	434	48	320	1	209	0
1	228210556.0	A	G	57	18	136	49	52	11	27	2
1	228210556.1	A	C	57	1	136	3	52	1	27	0
1	228210556.2	A	T	57	0	136	0	52	1	27	0
6	74351447.0	G	C	109	0	177	0	126	0	67	22
14	25076601.0	C	T	46	14	60	24	54	14	27	7
6	83926243.0	C	G	149	0	209	78	233	0	172	0
9	125273533.0	G	A	117	69	159	46	131	84	90	44
9	125273533.1	G	C	117	1	159	1	131	0	90	0
9	125273533.2	G	T	117	0	159	0	131	2	90	2
19	48978119.0	G	A	390	0	462	0	366	42	154	0
X	54956665.0	G	A	80	1	106	0	95	0	73	0
X	54956665.1	G	T	80	50	106	0	95	45	73	0
16	15680626.0	C	G	85	50	75	88	96	29	38	26
8	77763523.0	C	A	49	23	55	31	37	26	28	6
2	189931480.0	C	A	315	69	294	88	319	56	192	34
2	189931480.1	C	G	315	0	294	2	319	0	192	0
2	189931480.2	C	T	315	0	294	0	319	0	192	2
22	37705346.0	G	T	233	1	263	0	235	2	73	0
22	37705346.1	G	A	233	0	263	1	235	0	73	0
22	37705346.2	G	C	233	0	263	128	235	45	73	51
7	42004321.0	G	A	118	0	101	1	140	0	45	0
7	42004321.1	G	T	118	0	101	17	140	0	45	0
2	61475656.0	C	G	212	0	242	0	184	0	105	24
7	143141308.0	C	A	164	87	227	114	165	99	101	52
7	143141308.1	C	G	164	0	227	1	165	2	101	0
18	19762803.0	C	T	121	1	94	0	238	0	142	0
18	19762803.1	C	G	121	26	94	29	238	31	142	22
18	19762803.2	C	A	121	0	94	0	238	1	142	0
2	44010686.0	C	T	74	0	250	57	308	0	191	0
2	44010686.1	C	G	74	0	250	1	308	0	191	0
2	74684617.0	G	A	71	0	98	3	37	0	21	0
2	74684617.1	G	C	71	0	98	23	37	0	21	0
12	122150826.0	G	A	108	0	195	40	108	0	56	0
12	122150826.1	G	T	108	0	195	2	108	0	56	0
12	122150826.2	G	C	108	0	195	2	108	0	56	0
19	50542432.0	C	T	309	0	207	1	245	0	129	0
19	50542432.1	C	G	309	0	207	57	245	0	129	0
5	150278065.0	G	T	226	1	178	0	148	0	112	0
5	150278065.1	G	C	226	0	178	50	148	0	112	0
3	46712477.0	C	A	93	38	135	54	119	24	60	32
11	5012693.0	G	A	156	63	221	1	102	34	89	0
11	5012693.1	G	T	156	0	221	1	102	0	89	0
5	79950579.0	C	A	74	0	101	0	69	1	26	9
1	43850762.0	C	T	358	1	364	1	338	0	159	0
1	43850762.1	C	G	358	2	364	84	338	0	159	0
1	43850762.2	C	A	358	0	364	0	338	1	159	0
2	152321732.0	G	C	43	10	89	0	82	11	46	0
2	152321732.1	G	A	43	0	89	0	82	2	46	0
10	75562762.0	G	C	405	1	276	71	362	1	251	0
10	75562762.1	G	A	405	0	276	1	362	0	251	0
10	75562762.2	G	T	405	0	276	0	362	0	251	2
8	75276579.0	A	T	112	28	129	27	138	16	42	15
7	14669890.0	G	C	155	36	190	78	123	58	40	26
7	14669890.1	G	T	155	0	190	0	123	2	40	0
12	13061324.0	C	T	164	0	318	0	207	0	42	1
12	13061324.1	C	G	164	0	318	0	207	0	42	16
11	85367422.0	C	T	102	1	159	0	172	0	178	0
11	85367422.1	C	G	102	26	159	0	172	32	178	0
4	187519216.0	C	A	41	27	45	19	48	22	17	16
12	57345962.0	C	T	229	0	180	29	199	0	86	0
12	57345962.1	C	A	229	0	180	0	199	0	86	1
8	97263159.0	C	A	153	0	241	1	226	0	92	0
8	97263159.1	C	T	153	0	241	0	226	0	92	11
1	152777804.0	A	G	94	50	195	67	101	36	51	13
1	152777804.1	A	T	94	0	195	0	101	1	51	0
1	152777804.2	A	C	94	0	195	0	101	1	51	0
19	19757145.0	G	A	117	119	179	92	164	91	71	79
19	19757145.1	G	T	117	0	179	1	164	0	71	1
19	19757145.2	G	C	117	0	179	1	164	0	71	2
11	4471301.0	C	A	154	59	130	21	177	35	96	0
11	70011647.0	C	A	96	0	82	0	66	21	44	0
7	123594290.0	G	T	86	41	103	46	103	64	56	32
7	123594290.1	G	A	86	0	103	1	103	0	56	0
2	61720134.0	C	G	192	31	249	62	321	61	197	33
2	61720134.1	C	A	192	0	249	0	321	1	197	3
2	61720134.2	C	T	192	0	249	0	321	1	197	0
13	66878825.0	C	T	161	0	142	0	140	0	60	16
1	48708262.0	C	A	88	0	118	0	88	0	17	10
1	48708262.1	C	G	88	0	118	0	88	0	17	1
1	236208860.0	C	G	175	95	217	100	165	90	81	43
1	236208860.1	C	A	175	0	217	1	165	0	81	0
10	50018585.0	G	A	85	1	115	0	122	0	71	0
10	50018585.1	G	C	85	38	115	0	122	15	71	0
10	50018585.2	G	T	85	0	115	0	122	1	71	0
4	26614825.0	C	T	43	7	67	24	158	38	97	39
11	65304588.0	G	A	155	0	207	0	196	0	70	1
11	65304588.1	G	T	155	0	207	0	196	0	70	13
10	37507944.0	C	T	42	6	77	14	77	6	45	10
10	37507944.1	C	G	42	0	77	0	77	0	45	1
14	100158123.0	G	A	501	0	531	1	462	1	220	0
14	100158123.1	G	T	501	0	531	79	462	0	220	0
14	100158123.2	G	C	501	0	531	1	462	0	220	0
X	54950126.0	G	T	31	14	26	16	29	14	14	15
11	32956739.0	T	G	220	115	194	106	184	55	46	66
19	44273951.0	C	A	99	116	104	71	88	50	53	38
19	44273951.1	C	G	99	0	104	0	88	1	53	0
5	39306777.0	G	T	196	48	408	65	222	42	142	32
5	39306777.1	G	C	196	0	408	1	222	1	142	0
5	39306777.2	G	A	196	0	408	0	222	1	142	1
4	23814718.0	G	T	454	46	375	2	337	40	184	32
4	23814718.1	G	C	454	0	375	1	337	0	184	0
4	23814718.2	G	A	454	0	375	0	337	1	184	0
22	35947741.0	G	A	41	0	123	23	45	0	26	0
22	26761440.0	G	T	79	0	124	0	127	1	45	0
22	26761440.1	G	A	79	0	124	0	127	0	45	17
15	54919276.0	A	T	65	28	107	14	87	29	77	27
16	8619993.0	C	G	16	15	20	17	20	10	9	10
20	40065975.0	C	T	208	52	201	0	192	35	97	1
20	40065975.1	C	A	208	0	201	0	192	1	97	2
14	24877485.0	C	T	87	18	118	0	60	14	50	0
14	24877485.1	C	G	87	1	118	0	60	0	50	0
14	24877485.2	C	A	87	0	118	0	60	0	50	1
1	110086781.0	G	T	51	0	88	1	100	0	40	0
1	110086781.1	G	C	51	0	88	20	100	0	40	0
2	79348719.0	C	A	141	134	158	127	166	110	49	60
2	79348719.1	C	T	141	0	158	0	166	0	49	1
9	712103.0	G	T	156	72	122	33	148	61	93	4
15	64424047.0	G	T	119	33	132	33	110	34	64	15
15	64424047.1	G	A	119	0	132	0	110	0	64	1
15	64424047.2	G	C	119	0	132	0	110	0	64	2
4	140811994.0	C	A	56	52	43	54	68	48	38	42
2	233399050.0	G	A	84	0	93	21	105	0	52	0
18	29340327.0	C	A	246	44	112	32	222	28	130	13
18	29340327.1	C	T	246	0	112	1	222	0	130	0
9	35738546.0	A	T	313	0	212	1	306	0	160	0
9	35738546.1	A	G	313	0	212	75	306	0	160	29
9	35738546.2	A	C	313	0	212	2	306	0	160	1
20	2775938.0	G	T	182	0	159	35	187	0	96	0
20	2775938.1	G	C	182	0	159	1	187	0	96	0
4	90844410.0	C	A	33	26	17	38	29	23	14	15
5	16877787.0	G	C	121	0	210	34	81	0	71	0
15	78393342.0	G	A	110	0	168	38	90	0	57	0
11	56057755.0	T	G	133	38	221	48	305	70	166	85
4	70505070.0	C	G	75	0	65	0	120	0	43	21
5	68572381.0	G	A	124	0	146	39	124	0	64	0
7	150840450.0	C	T	68	25	106	22	84	14	36	15
7	150840450.1	C	A	68	0	106	1	84	1	36	0
7	150840450.2	C	G	68	0	106	1	84	0	36	0
12	104391268.0	C	A	215	1	310	0	241	0	125	0
12	104391268.1	C	G	215	0	310	1	241	0	125	0
12	104391268.2	C	T	215	0	310	0	241	0	125	14
7	117501317.0	G	A	130	72	252	0	274	94	106	0
7	117501317.1	G	T	130	0	252	1	274	1	106	0
7	117501317.2	G	C	130	0	252	0	274	4	106	0
20	3652072.0	G	T	45	23	75	26	73	18	20	7
20	3652072.1	G	C	45	0	75	3	73	0	20	0
X	65413417.0	T	A	64	18	34	16	52	22	24	18
16	50388794.0	C	T	247	80	394	0	196	53	125	0
16	50388794.1	C	G	247	0	394	1	196	1	125	0
1	26582112.0	G	C	82	0	109	37	89	0	39	0
3	38768319.0	G	C	53	27	76	0	64	24	54	0
12	113388516.0	G	T	165	53	164	123	191	48	63	36
12	113388516.1	G	C	165	0	164	1	191	0	63	0
1	34209151.0	G	T	101	27	132	41	90	20	43	5
1	34209151.1	G	C	101	1	132	0	90	0	43	0
9	115449823.0	C	T	178	39	275	52	197	30	122	43
14	77605776.0	T	C	61	31	79	43	49	20	32	13
14	77605776.1	T	G	61	0	79	1	49	0	32	0
7	148489899.0	C	A	312	0	293	1	333	0	178	0
7	148489899.1	C	G	312	0	293	57	333	0	178	0
7	148489899.2	C	T	312	0	293	0	333	0	178	1
18	47014916.0	C	T	68	0	80	2	150	0	67	0
18	47014916.1	C	G	68	0	80	34	150	0	67	0
18	47014916.2	C	A	68	0	80	0	150	2	67	0
22	43619194.0	C	G	68	0	150	29	102	0	42	0
8	133764211.0	G	A	184	0	236	1	135	0	45	0
8	133764211.1	G	C	184	0	236	0	135	30	45	0
13	103316023.0	G	A	106	29	145	37	316	62	148	67
13	103316023.1	G	T	106	0	145	0	316	0	148	2
19	1120014.0	G	A	47	20	104	65	64	15	24	5
1	151665405.0	G	C	356	0	417	69	391	1	205	0
1	151665405.1	G	A	356	0	417	0	391	1	205	0
1	151665405.2	G	T	356	0	417	0	391	1	205	0
22	30863049.0	C	A	381	0	474	1	349	1	178	0
22	30863049.1	C	T	381	0	474	95	349	1	178	0
22	30863049.2	C	G	381	0	474	1	349	0	178	0
7	82544863.0	G	A	164	0	106	26	136	2	92	0
15	72638613.0	C	T	112	24	151	1	112	20	46	0
15	72638613.1	C	A	112	0	151	0	112	1	46	0
15	40751600.0	C	T	23	9	50	15	22	4	15	4
19	3771584.0	C	T	85	0	190	0	121	2	61	9
8	82714674.0	G	A	273	147	325	199	305	218	160	85
8	82714674.1	G	T	273	0	325	0	305	2	160	0
2	214174788.0	G	T	93	170	108	151	161	134	93	95
2	214174788.1	G	A	93	0	108	0	161	1	93	0
12	112685976.0	C	G	162	0	159	51	185	0	98	2
20	31587923.0	C	G	142	0	187	0	172	0	66	16
17	3436011.0	G	A	62	60	78	138	62	40	33	82
X	9677359.0	G	A	161	0	114	47	173	0	101	0
X	9677359.1	G	T	161	0	114	0	173	1	101	0
1	75685485.0	A	T	208	50	261	0	176	21	121	0
1	75685485.1	A	C	208	1	261	0	176	0	121	0
7	99091249.0	C	A	207	0	275	1	301	1	164	0
7	99091249.1	C	T	207	0	275	75	301	0	164	0
7	99091249.2	C	G	207	0	275	1	301	0	164	0
20	1961447.0	G	T	91	17	83	21	108	15	44	11
3	183995214.0	C	T	107	0	164	0	143	0	49	10
5	71495642.0	G	A	128	1	131	0	122	0	75	0
5	71495642.1	G	T	128	23	131	37	122	24	75	18
16	17211699.0	G	T	369	96	332	1	366	67	192	34
22	21330758.0	G	C	114	38	232	79	141	45	73	13
22	21330758.1	G	A	114	0	232	1	141	0	73	0
22	21330758.2	G	T	114	0	232	0	141	0	73	1
17	7579358.0	C	T	65	2	80	0	79	0	26	0
17	7579358.1	C	G	65	49	80	109	79	43	26	78
17	10351439.0	G	A	86	0	143	0	102	0	79	51
12	85554471.0	A	G	103	133	251	133	199	176	105	184
12	85554471.1	A	T	103	0	251	1	199	0	105	1
19	2799746.0	G	T	70	86	170	309	103	47	45	59
19	2799746.1	G	A	70	0	170	0	103	0	45	1
8	22105405.0	G	T	55	20	78	32	89	27	32	11
14	31626066.0	C	T	126	93	204	121	174	76	109	66
14	31626066.1	C	A	126	0	204	0	174	1	109	0
16	81248800.0	C	A	20	10	30	20	21	19	9	9
11	130341267.0	C	A	468	2	369	2	427	0	321	0
11	130341267.1	C	T	468	0	369	76	427	0	321	1
17	4905812.0	G	C	151	0	238	67	180	0	152	0
17	4905812.1	G	T	151	0	238	0	180	1	152	0
22	16287460.0	G	T	187	55	582	165	209	36	125	31
22	16287460.1	G	C	187	9	582	28	209	17	125	8
22	16287460.2	G	A	187	0	582	1	209	0	125	0
12	76788451.0	A	G	148	2	162	1	203	0	137	2
12	76788451.1	A	C	148	181	162	145	203	200	137	114
12	76788451.2	A	T	148	0	162	0	203	1	137	0
6	123591007.0	C	A	246	211	215	200	301	166	138	226
6	123591007.1	C	G	246	1	215	2	301	3	138	1
6	123591007.2	C	T	246	0	215	0	301	2	138	5
15	74636304.0	G	A	128	66	151	73	131	35	54	11
15	74636304.1	G	T	128	1	151	0	131	0	54	0
15	74636304.2	G	C	128	0	151	1	131	0	54	0
12	31944848.0	G	A	433	0	478	53	374	0	189	0
3	129373947.0	C	G	214	1	183	103	178	0	126	1
3	129373947.1	C	T	214	0	183	0	178	0	126	1
5	40854365.0	C	A	140	0	218	0	154	0	93	1
5	40854365.1	C	T	140	0	218	0	154	0	93	2
5	40854365.2	C	G	140	0	218	0	154	0	93	19
7	158716276.0	C	T	169	70	234	57	206	31	127	26
7	158716276.1	C	A	169	0	234	1	206	0	127	0
7	158716276.2	C	G	169	0	234	2	206	0	127	0
5	151783980.0	A	T	155	0	98	0	126	1	49	36
1	11854836.0	C	T	326	0	334	0	328	0	135	22
2	99985860.0	G	A	567	73	735	2	698	82	387	0
2	99985860.1	G	T	567	6	735	1	698	3	387	0
12	79990346.0	G	A	247	0	483	97	378	0	242	0
12	79990346.1	G	T	247	0	483	5	378	0	242	0
12	120156543.0	G	T	133	0	221	50	180	0	66	20
12	120156543.1	G	C	133	0	221	0	180	0	66	1
2	220044899.0	G	A	142	0	115	18	90	0	50	0
2	220044899.1	G	T	142	0	115	0	90	0	50	1
2	160031655.0	C	T	98	0	111	0	115	0	42	14
3	52554299.0	C	A	78	24	147	41	126	24	62	19
3	52554299.1	C	G	78	0	147	0	126	1	62	0
17	10427882.0	C	A	131	77	121	108	163	42	54	85
17	10427882.1	C	G	131	1	121	2	163	0	54	0
17	10427882.2	C	T	131	0	121	0	163	0	54	1
7	45140930.0	C	T	264	0	274	54	310	0	92	0
7	45140930.1	C	G	264	0	274	1	310	0	92	0
3	45636495.0	G	C	78	14	77	0	71	15	44	1
12	113875833.0	C	A	165	0	243	1	163	0	59	0
12	113875833.1	C	T	165	0	243	54	163	0	59	0
12	113875833.2	C	G	165	0	243	1	163	0	59	0
17	39550316.0	G	A	153	0	254	0	142	0	92	12
2	105885773.0	G	A	195	0	122	45	201	1	80	0
2	105885773.1	G	T	195	0	122	0	201	0	80	1
5	140682846.0	G	A	119	32	182	1	123	29	61	0
1	152191894.0	A	T	299	2	392	0	321	0	182	0
1	152191894.1	A	G	299	57	392	2	321	0	182	2
3	37366917.0	C	T	41	0	88	0	50	0	42	9
X	135443685.0	C	A	254	2	283	82	256	0	119	42
X	135443685.1	C	G	254	0	283	0	256	0	119	1
11	57886071.0	G	T	112	40	108	20	106	39	75	41
11	57886071.1	G	C	112	0	108	0	106	2	75	0
13	39438481.0	G	A	91	0	91	23	81	0	55	0
6	71567761.0	G	T	128	3	89	0	129	2	79	0
6	71567761.1	G	C	128	37	89	31	129	20	79	24
3	121448852.0	C	G	116	52	163	0	116	58	93	0
3	121448852.1	C	T	116	0	163	0	116	1	93	0
5	141016189.0	G	A	228	0	196	0	214	1	98	36
5	141016189.1	G	C	228	0	196	0	214	1	98	0
5	141016189.2	G	T	228	0	196	0	214	0	98	2
17	27240228.0	G	A	89	0	90	39	97	0	40	0
17	27240228.1	G	T	89	0	90	2	97	0	40	0
X	102004335.0	G	T	169	52	249	1	171	47	113	2
X	102004335.1	G	C	169	0	249	0	171	1	113	0
21	10921987.0	C	A	100	13	206	17	202	34	113	17
21	10921987.1	C	G	100	1	206	0	202	0	113	0
13	20425996.0	G	A	32	0	25	13	57	0	34	0
13	20425996.1	G	T	32	0	25	0	57	0	34	1
9	131512915.0	C	T	88	0	110	3	89	0	49	0
9	131512915.1	C	G	88	0	110	20	89	0	49	0
15	43527902.0	G	T	146	52	168	56	149	35	81	13
15	43527902.1	G	A	146	0	168	1	149	0	81	0
17	38430247.0	C	T	265	0	358	1	246	0	180	0
17	38430247.1	C	G	265	0	358	93	246	0	180	0
19	9236755.0	C	A	27	19	23	20	35	17	20	27
6	132043372.0	C	T	151	2	267	0	174	0	134	0
6	132043372.1	C	G	151	55	267	0	174	36	134	0
17	65103658.0	G	T	510	2	547	3	523	1	269	0
17	65103658.1	G	C	510	116	547	123	523	84	269	0
17	65103658.2	G	A	510	0	547	0	523	2	269	0
9	113194767.0	C	A	150	39	173	1	130	24	101	0
9	113194767.1	C	G	150	1	173	0	130	0	101	0
11	61553597.0	C	G	167	2	168	52	156	0	67	0
7	107303871.0	A	G	183	0	201	61	171	20	96	23
7	107303871.1	A	C	183	0	201	0	171	1	96	1
3	147127973.0	C	G	30	4	72	19	20	0	6	5
19	56702229.0	T	G	579	1	697	0	578	0	276	0
19	56702229.1	T	A	579	0	697	0	578	70	276	0
4	73188752.0	C	T	199	0	154	1	220	0	123	26
10	98408513.0	T	A	134	59	212	53	266	33	100	5
10	98408513.1	T	C	134	3	212	0	266	0	100	0
8	113318329.0	C	A	192	0	184	2	245	0	90	0
8	113318329.1	C	T	192	0	184	36	245	0	90	0
8	113318329.2	C	G	192	0	184	1	245	0	90	0
2	231037625.0	G	T	249	1	267	0	272	0	121	0
2	231037625.1	G	A	249	0	267	82	272	0	121	0
2	179721007.0	C	A	139	0	123	1	278	0	184	0
2	179721007.1	C	G	139	0	123	40	278	1	184	0
2	179721007.2	C	T	139	0	123	0	278	1	184	0
1	2103612.0	G	C	91	0	101	17	76	0	29	0
1	109439551.0	G	A	264	0	302	1	215	0	114	0
1	109439551.1	G	T	264	0	302	168	215	50	114	66
1	109439551.2	G	C	264	0	302	1	215	0	114	0
X	153069643.0	A	G	19	17	42	61	29	18	19	8
1	26672983.0	C	G	243	0	235	76	252	0	117	0
1	26672983.1	C	A	243	0	235	0	252	1	117	0
15	30010289.0	G	A	271	85	306	0	248	50	156	0
15	30010289.1	G	T	271	0	306	0	248	1	156	0
5	75996938.0	G	A	167	0	170	43	170	0	91	0
12	14982341.0	C	G	307	1	427	71	318	0	143	0
12	14982341.1	C	A	307	0	427	2	318	0	143	1
12	14982341.2	C	T	307	0	427	1	318	0	143	0
2	27800455.0	C	G	278	0	194	27	139	0	119	0
1	152282323.0	C	G	203	0	226	29	189	0	95	0
4	89311916.0	G	T	146	107	253	237	194	105	81	65
4	89311916.1	G	A	146	0	253	1	194	0	81	0
5	37044554.0	G	C	121	31	259	0	156	34	127	0
5	37044554.1	G	T	121	0	259	0	156	1	127	0
19	50763946.0	G	T	87	0	142	37	128	0	56	0
5	86629117.0	C	G	124	0	230	1	223	0	112	36
5	86629117.1	C	T	124	0	230	0	223	0	112	1
1	32647088.0	G	T	130	0	100	23	118	0	39	0
1	32647088.1	G	A	130	0	100	0	118	1	39	0
11	70028767.0	C	A	236	92	325	69	241	88	154	0
11	47510489.0	G	A	160	100	212	51	170	42	93	63
11	47510489.1	G	T	160	1	212	1	170	0	93	0
11	47510489.2	G	C	160	0	212	0	170	1	93	0
2	68805104.0	G	A	311	0	384	45	337	0	234	0
2	68805104.1	G	C	311	0	384	1	337	0	234	0
2	68805104.2	G	T	311	0	384	0	337	1	234	0
12	93219977.0	G	A	584	145	1012	0	594	116	373	2
12	93219977.1	G	T	584	4	1012	2	594	2	373	1
12	93219977.2	G	C	584	0	1012	2	594	0	373	0
13	32885787.0	G	T	36	13	70	0	30	5	26	0
13	32885787.1	G	A	36	0	70	2	30	0	26	0
11	1081089.0	C	A	123	47	174	43	121	44	55	0
11	1081089.1	C	G	123	0	174	0	121	1	55	0
10	88994223.0	C	A	173	1	174	0	184	0	110	0
10	88994223.1	C	G	173	0	174	31	184	0	110	0
6	170062522.0	T	A	153	58	147	61	176	48	115	32
6	170062522.1	T	C	153	1	147	0	176	0	115	0
6	170062522.2	T	G	153	0	147	0	176	1	115	0
6	170062521.0	C	A	161	58	149	61	179	51	118	33
13	77714184.0	C	T	103	0	106	22	174	0	97	0
5	37049271.0	G	T	161	1	231	1	174	2	126	0
5	37049271.1	G	C	161	0	231	51	174	0	126	0
2	80773057.0	C	A	71	15	109	20	105	1	51	0
2	197184223.0	T	A	77	0	33	0	74	0	29	6
17	44159903.0	C	A	171	0	114	31	115	0	81	0
17	44159903.1	C	T	171	0	114	1	115	0	81	0
17	40253871.0	C	T	52	48	177	43	57	40	39	19
17	40253871.1	C	A	52	0	177	1	57	0	39	1
17	40253871.2	C	G	52	0	177	2	57	0	39	0
1	28598357.0	C	G	104	0	120	26	101	0	55	0
13	41373236.0	G	A	172	0	152	61	200	0	101	0
13	41373236.1	G	T	172	0	152	1	200	0	101	0
20	57429370.0	G	A	110	13	125	32	100	22	44	0
20	57429370.1	G	T	110	0	125	0	100	1	44	0
21	35757882.0	C	A	168	0	142	1	234	0	104	0
21	35757882.1	C	T	168	0	142	31	234	0	104	0
