Chr	Posi	Wild	Mut	PrimT:ref	PrimT:alt	Met1T:ref	Met1T:alt	Met2T:ref	Met2T:alt	Met3T:ref	Met3T:alt	Met4T:ref	Met4T:alt
1	1120391	C	T	74	26	42	23	103	47	37	15	46	13
1	1354737	C	T	33	46	29	19	87	43	29	17	33	8
1	2125114	C	T	1	10	15	3	14	15	6	2	6	2
1	2428392	C	T	24	17	20	8	31	21	20	7	25	8
1	10479558	G	A	104	25	80	0	156	0	107	0	77	0
1	12520387	G	A	124	0	68	10	116	6	89	0	58	0
1	15821920	G	A	71	86	53	22	111	69	62	25	55	14
1	15833453	G	A	61	0	48	14	91	51	51	22	38	10
1	15893604	A	T	50	10	64	0	77	5	132	5	75	5
1	16461630	C	T	68	61	104	0	247	0	83	0	56	0
1	18691886	G	A	34	13	22	6	67	42	24	9	27	7
1	20827276	G	T	65	55	32	19	103	72	63	36	44	17
1	21930357	T	C	107	0	55	32	145	84	67	41	71	15
1	22050561	C	A	106	66	79	45	103	79	78	58	77	23
1	22838532	A	G	76	28	35	0	98	0	69	0	48	0
1	23769019	C	T	105	84	66	32	151	118	66	36	85	24
1	23885507	C	T	297	48	176	0	319	0	203	0	137	0
1	27339024	T	C	44	14	35	21	51	30	22	13	32	9
1	31210533	C	T	155	0	68	40	148	116	157	65	127	21
1	33295586	A	G	57	49	128	66	118	84	142	67	92	39
1	33834213	G	A	55	37	59	13	80	72	45	12	50	6
1	36784717	C	A	120	34	51	25	106	51	55	33	49	15
1	38174023	A	G	303	0	98	70	210	140	150	100	121	26
1	42046212	C	A	60	56	54	31	105	63	74	39	87	19
1	46027542	C	T	122	91	83	54	161	101	115	38	97	28
1	46073235	G	A	41	0	23	10	15	15	27	12	30	0
1	46498297	G	T	66	77	43	21	116	70	58	47	60	10
1	47905290	T	G	11	7	3	5	20	9	5	5	6	2
1	49242470	C	T	29	6	14	6	44	40	19	6	23	0
1	52927391	T	C	6	4	38	18	7	8	43	21	39	22
1	55166993	G	A	32	52	25	11	60	49	35	16	48	7
1	55272714	C	A	177	142	153	69	341	231	186	126	188	53
1	60373550	C	T	273	91	99	60	207	108	164	98	144	49
1	63018448	A	T	88	0	64	42	81	43	70	51	48	25
1	63021573	C	T	139	0	216	137	220	166	251	162	225	68
1	67474797	C	T	20	6	133	71	41	16	106	40	105	47
1	70896075	A	G	116	37	265	126	235	189	337	164	243	86
1	74670213	G	A	54	0	152	88	90	57	171	96	195	62
1	86960012	T	C	259	70	75	60	139	126	139	81	144	24
1	94362246	G	A	123	50	104	54	150	67	156	80	116	31
1	107599342	C	T	13	5	14	0	27	5	4	5	15	0
1	109143213	C	T	121	15	181	68	172	70	139	58	173	31
1	109793681	G	A	53	5	58	18	98	38	57	22	38	17
1	111060397	G	A	138	23	82	0	184	0	104	0	104	0
1	113257704	G	A	5	4	8	6	18	13	3	10	12	1
1	115321858	T	C	110	110	316	0	336	0	406	0	258	0
1	149882152	C	T	125	22	50	0	148	0	104	0	56	0
1	151212495	C	T	248	0	70	23	207	0	141	0	112	0
1	152275200	T	C	12	9	64	30	57	36	74	34	66	19
1	154002425	A	C	82	80	79	64	98	82	120	62	67	31
1	155028938	G	A	246	0	74	51	185	95	169	81	96	17
1	155039435	T	C	151	29	88	0	163	0	109	0	83	0
1	155150489	G	A	91	57	46	30	90	47	62	34	36	12
1	157667511	T	C	48	21	155	76	122	99	312	148	264	82
1	159858245	C	T	283	99	123	38	252	128	166	83	162	35
1	161276153	G	A	109	72	39	22	116	62	67	24	69	17
1	169391029	C	G	78	44	122	40	120	45	153	86	148	38
1	169581631	C	T	172	0	36	23	85	49	64	43	81	28
1	171605694	G	A	27	29	19	9	30	38	28	10	38	8
1	173476065	C	T	19	9	83	53	73	24	142	80	122	35
1	173795926	T	C	404	86	410	0	390	0	368	0	302	0
1	175365697	G	A	499	112	199	0	476	0	292	0	306	0
1	179504046	G	C	45	13	135	0	62	0	87	0	84	0
1	182787749	A	G	95	52	44	38	86	47	82	34	55	16
1	183857658	A	G	265	128	197	0	249	0	233	0	189	0
1	184764564	G	A	122	0	36	19	89	56	65	26	71	13
1	185056731	A	T	87	57	106	65	97	67	83	53	84	30
1	185137475	T	A	22	0	181	0	35	5	153	8	142	0
1	197890609	G	A	136	79	53	18	155	81	75	28	66	23
1	198266316	G	A	31	21	96	53	79	48	108	73	102	32
1	202288061	A	T	97	45	43	23	100	66	50	19	61	10
1	210857093	G	A	57	0	33	10	77	0	37	0	31	0
1	214171483	C	T	168	66	67	11	142	79	72	28	81	29
1	214816319	G	A	55	43	15	8	34	18	20	21	22	7
1	217975101	T	C	28	0	93	49	41	28	95	67	108	21
1	227170654	G	C	41	25	31	12	58	52	32	13	33	5
1	228466477	C	A	28	26	25	6	74	33	30	14	20	12
1	235403693	C	A	70	0	126	83	82	67	130	93	137	43
1	235971836	A	G	141	37	102	0	128	0	115	0	94	0
1	238051706	A	G	141	91	71	28	121	71	100	52	101	16
1	248436834	A	G	462	128	158	52	442	120	281	95	242	43
2	3464034	C	T	258	172	152	63	244	179	213	123	165	40
2	17697352	A	G	68	48	110	47	128	81	192	97	144	46
2	18765459	G	A	205	99	58	33	171	100	128	67	112	6
2	21229418	T	C	42	18	31	30	63	53	71	40	58	22
2	24533391	T	C	225	0	181	29	254	0	190	0	153	0
2	25038429	A	G	243	0	108	38	133	57	97	50	100	25
2	26596363	G	T	55	0	138	0	128	17	170	0	154	0
2	26950703	G	A	57	0	29	0	79	15	30	16	28	12
2	29432671	T	C	234	0	49	25	114	90	124	61	74	19
2	32626686	A	C	138	114	124	77	117	102	167	75	161	53
2	32655984	T	C	236	55	131	0	179	0	168	0	114	0
2	43514066	G	T	118	53	68	19	70	55	89	35	62	24
2	55873596	A	T	21	25	129	109	116	97	167	126	235	58
2	63206338	C	T	123	35	39	27	92	44	54	33	46	14
2	69297789	C	T	104	39	131	60	171	86	171	118	139	37
2	70485370	C	T	116	39	108	0	193	0	70	0	59	0
2	74462238	C	A	254	50	106	0	278	0	206	0	143	0
2	74754715	G	A	29	16	11	17	27	21	17	13	14	0
2	74761848	C	T	101	45	50	21	110	54	48	24	48	20
2	80530329	C	T	47	20	33	0	111	0	33	0	44	0
2	85662102	A	C	37	6	32	4	46	8	43	20	21	5
2	95815183	A	G	28	19	15	5	19	7	18	11	18	6
2	98355849	G	A	20	10	9	5	19	18	7	7	11	1
2	114500277	A	C	27	4	59	14	65	13	65	10	68	0
2	122488627	T	C	92	21	231	0	239	0	303	0	224	0
2	125320887	C	A	147	22	78	0	136	0	88	0	52	0
2	128699593	T	A	219	43	292	0	349	0	287	0	250	0
2	164466812	G	A	85	53	32	20	83	41	45	27	58	28
2	165947538	C	T	273	96	135	58	223	94	188	89	202	41
2	167055566	T	C	62	28	45	24	69	45	62	29	50	12
2	167330399	G	C	22	5	117	0	44	0	97	0	107	0
2	170112664	C	T	172	58	147	41	197	93	148	102	155	29
2	183595826	A	G	218	52	523	0	444	0	491	0	407	0
2	186671910	A	G	85	0	205	0	165	0	230	0	148	46
2	202622291	C	A	247	203	154	64	236	160	217	136	190	58
2	208618354	G	A	128	23	170	90	245	119	184	108	162	38
2	210940389	G	A	156	42	183	94	196	109	200	100	214	53
2	215845235	C	A	108	79	32	34	136	83	84	51	84	29
2	220421415	A	C	52	18	38	18	66	50	22	27	32	5
2	220473884	G	A	62	55	60	15	122	101	64	35	78	21
2	231937111	C	T	29	23	13	4	27	15	20	18	24	12
2	234357833	C	G	53	7	38	0	101	8	53	4	40	0
2	234855774	A	G	199	73	325	0	514	0	433	0	352	0
2	241534465	C	T	17	13	13	9	48	24	11	8	16	0
2	241973203	A	G	59	35	55	23	130	67	61	28	57	15
3	9798159	C	T	85	17	37	27	87	57	53	29	39	11
3	11059587	G	T	123	112	69	26	202	130	117	73	113	29
3	29781365	C	T	40	18	86	43	90	76	93	57	92	22
3	33425481	A	G	81	24	39	22	78	45	72	30	37	10
3	38317823	C	T	61	34	69	26	167	84	86	40	102	27
3	44763851	T	C	22	7	54	0	66	0	68	0	92	0
3	47035503	C	T	94	0	33	10	93	56	26	24	39	8
3	47103717	G	A	475	318	403	231	419	263	415	237	336	101
3	48607326	T	C	20	9	7	4	43	12	16	12	15	14
3	48696568	G	T	145	41	80	25	134	58	73	53	83	24
3	49294681	T	C	125	0	65	27	113	49	53	45	80	29
3	49405889	A	C	235	0	122	76	140	111	138	81	95	40
3	49568253	T	G	58	0	33	4	63	12	21	14	36	8
3	49759198	C	T	22	29	21	10	22	11	21	7	13	6
3	52265188	C	T	112	0	78	29	221	5	87	0	61	0
3	52522378	G	A	39	18	35	0	82	0	32	0	16	0
3	52551603	G	A	104	17	72	0	186	0	94	0	80	0
3	64673224	C	A	47	0	36	15	81	48	34	14	40	6
3	97868502	G	A	43	9	139	0	170	0	193	0	134	0
3	113729696	T	C	122	124	59	23	120	107	104	47	90	31
3	121417020	G	A	239	0	170	27	299	0	230	0	186	0
3	121822546	C	T	192	0	136	56	158	67	146	96	158	35
3	124103765	A	G	60	15	20	0	124	0	67	0	61	0
3	128127062	A	G	81	0	38	21	118	63	53	16	62	11
3	142987767	C	A	420	79	283	0	441	0	436	0	311	0
3	156866054	T	C	222	39	100	0	214	0	156	0	114	0
3	172165396	G	A	138	40	53	21	137	82	75	58	78	29
3	178936091	G	A	54	26	179	72	138	79	203	93	171	36
3	186272740	A	G	267	0	156	0	199	0	124	85	130	0
3	189607141	G	A	125	36	81	0	198	0	129	0	99	0
3	191078926	G	A	139	0	79	27	88	42	78	35	80	24
3	195027311	G	A	337	0	121	75	137	124	141	85	108	31
3	196674504	G	T	13	7	6	5	14	13	16	6	5	6
4	1991521	G	A	186	0	107	52	205	128	74	70	88	29
4	2941285	G	A	199	0	76	28	122	107	68	41	73	28
4	17964612	A	G	58	31	219	136	192	96	248	123	171	54
4	20487885	T	G	49	0	170	39	138	0	262	0	197	0
4	38776125	C	T	19	0	76	22	48	0	100	0	77	0
4	52942998	G	A	68	54	39	16	98	63	55	33	38	5
4	71507795	G	C	47	13	59	0	84	0	109	0	74	0
4	75246758	C	T	55	47	95	37	94	54	104	53	126	19
4	77095311	C	T	96	24	34	29	79	43	47	35	59	17
4	80329190	T	C	71	47	126	66	189	126	252	159	269	74
4	85758239	G	T	61	11	95	0	114	0	107	0	66	0
4	89410351	C	T	69	19	103	0	155	0	125	0	90	0
4	100131652	T	G	27	0	70	0	79	10	82	0	75	0
4	111539517	T	C	145	0	69	31	155	74	69	53	103	22
4	113541202	G	A	64	0	108	74	110	75	133	85	144	29
4	118975385	A	G	4	8	9	8	11	9	9	6	13	5
4	122833249	C	T	86	50	88	37	120	59	97	71	81	15
4	124235063	G	T	132	16	26	17	53	40	45	21	27	10
4	140640724	C	A	20	16	13	8	39	33	14	13	16	5
4	144449162	A	C	10	0	45	29	14	9	50	37	40	20
4	146436043	G	A	276	0	92	41	175	110	101	60	88	33
4	153247366	C	T	72	58	39	26	63	38	49	37	45	6
4	154644573	T	C	72	22	133	0	194	0	214	0	133	0
4	183696166	G	A	90	33	55	20	108	68	83	40	72	12
4	184432098	C	T	19	5	44	14	36	20	60	33	58	13
4	186253892	T	C	24	15	50	15	37	42	65	33	56	18
4	186366145	G	T	65	15	67	49	113	64	93	50	87	22
5	884159	G	A	44	17	32	0	92	0	32	0	49	0
5	38499624	G	T	40	5	93	0	101	0	174	0	153	0
5	39389995	C	A	35	4	125	0	79	0	224	0	209	0
5	57753012	A	C	176	0	116	8	104	14	130	7	105	0
5	74990566	C	A	18	7	98	56	60	56	109	77	111	25
5	76373073	C	T	12	11	3	2	19	9	11	0	8	2
5	89979963	T	C	42	8	102	0	112	0	91	0	88	0
5	127648405	G	A	120	93	54	22	126	81	70	47	61	28
5	133536123	C	T	232	52	96	41	118	78	108	54	89	22
5	137665315	G	A	286	59	151	86	208	102	218	128	160	51
5	139625642	G	A	166	79	94	46	178	108	161	90	135	36
5	140762683	C	T	79	0	48	23	88	55	52	28	61	15
5	141049523	C	A	160	52	81	37	128	117	114	60	84	31
5	148632348	C	G	278	0	161	32	323	0	277	0	183	0
5	149427321	G	A	175	51	67	38	147	93	81	57	122	25
5	150947779	G	A	27	14	11	0	44	23	16	10	15	9
5	156746768	A	G	193	0	74	17	218	0	119	0	93	0
5	167887724	C	T	224	0	94	51	208	139	112	78	129	30
5	172113724	C	T	75	0	49	17	85	62	36	13	48	10
5	173378932	T	C	301	0	141	70	160	124	144	75	113	40
5	176722374	C	G	118	0	45	15	65	45	55	16	48	7
5	178552077	C	T	15	13	20	5	65	37	18	6	20	0
5	178580493	G	A	27	7	16	12	74	28	14	10	23	5
6	2623743	G	A	113	28	33	28	101	62	79	37	67	16
6	3285328	G	A	66	47	39	21	99	61	75	32	39	13
6	7571795	T	C	111	26	52	0	114	0	99	0	50	0
6	26017381	C	T	320	90	183	0	271	0	277	0	210	0
6	26017773	G	A	132	111	85	41	171	88	90	49	79	16
6	27368723	C	A	49	42	60	41	67	48	94	46	113	25
6	28117396	G	A	147	0	79	10	118	17	80	0	46	0
6	31828261	G	A	75	46	48	30	84	65	51	24	31	25
6	35210901	C	T	88	50	58	39	113	58	47	29	50	23
6	41117530	G	A	391	71	191	0	522	0	356	0	281	0
6	43193543	C	A	90	44	38	23	77	61	30	36	45	17
6	43514420	C	G	293	99	115	69	171	95	127	96	119	31
6	43749792	G	A	146	28	100	0	200	0	166	0	88	0
6	44413549	G	A	197	114	194	123	259	169	219	130	253	63
6	53138107	C	T	153	103	152	68	160	95	176	124	124	38
6	55223887	A	G	60	0	48	8	70	8	78	0	63	0
6	70854111	G	A	30	4	233	0	212	0	295	0	216	0
6	74079018	A	G	191	0	86	37	240	133	102	56	136	16
6	82459799	A	T	64	46	48	0	60	0	75	0	56	0
6	83074754	C	A	77	28	57	17	128	56	52	34	80	20
6	84291978	C	T	308	0	103	55	166	88	140	62	105	25
6	106968050	T	A	162	55	68	34	135	72	98	45	94	17
6	107390484	G	A	39	10	19	5	39	23	21	10	16	0
6	109714044	T	A	29	4	301	0	149	0	481	0	364	0
6	118635342	A	G	88	51	28	21	76	37	54	34	56	21
6	136926487	C	A	90	17	77	0	122	0	121	0	87	0
6	138599729	G	A	76	30	37	25	128	62	34	32	69	16
6	152712474	C	A	169	0	41	0	177	0	56	38	67	0
6	158925157	C	T	31	0	13	9	25	20	11	11	22	9
6	160328587	G	A	83	28	33	15	84	42	53	37	42	10
6	168439366	A	G	305	100	119	60	306	160	140	79	147	29
7	1579606	G	A	47	0	29	7	84	0	25	0	23	0
7	4823955	C	T	8	2	3	3	11	14	3	5	8	3
7	6185841	G	A	25	25	62	105	75	142	83	154	156	55
7	6474449	C	T	169	36	120	0	172	0	110	0	114	0
7	11521576	G	A	90	100	32	26	43	85	43	57	68	30
7	19738226	T	C	50	0	29	13	35	0	45	0	32	0
7	27872484	G	C	225	88	100	0	202	0	137	0	154	0
7	33192342	T	C	44	22	67	0	77	0	61	0	41	0
7	45750140	C	T	104	0	32	15	61	113	30	40	59	15
7	51098552	T	C	54	78	52	59	58	136	91	98	116	47
7	72281233	A	G	198	41	167	0	299	0	206	0	130	0
7	72880627	A	G	324	88	544	0	706	5	586	0	436	0
7	77200395	C	T	37	10	188	62	41	14	138	43	119	25
7	77379244	A	G	99	0	189	27	197	0	204	0	154	0
7	89917650	A	G	58	0	159	58	182	88	205	72	143	42
7	90895376	C	T	106	19	71	16	213	50	100	25	64	11
7	91718748	G	T	105	26	185	68	271	75	225	110	148	41
7	97922900	T	G	346	20	269	44	535	35	275	14	185	20
7	97935756	C	T	147	106	148	38	385	169	158	50	138	34
7	98634708	A	G	128	0	73	37	198	80	85	46	80	11
7	98984336	G	T	190	44	159	53	266	99	167	42	113	34
7	99091324	C	T	313	197	319	142	487	186	403	121	244	60
7	99705132	C	T	279	75	197	68	370	180	147	91	124	27
7	100030666	T	C	352	0	168	75	293	102	152	58	95	25
7	100087172	G	A	61	32	44	19	108	39	70	19	31	0
7	100635242	G	A	166	22	116	31	360	78	186	34	130	19
7	100680814	T	G	173	0	78	30	159	46	111	40	107	30
7	106513157	G	A	134	7	252	61	208	71	268	69	173	37
7	119914748	C	A	78	0	26	14	95	34	52	16	41	4
7	129098199	G	T	206	59	77	22	244	104	132	55	87	21
7	138602265	G	A	53	21	31	15	76	31	58	18	32	7
7	141464305	A	G	339	82	233	0	433	0	310	0	221	0
7	148484133	C	T	131	20	83	28	120	48	106	33	66	25
7	148768505	G	A	92	18	74	23	152	58	74	39	65	13
7	150933558	C	T	197	47	88	28	222	80	160	57	88	23
7	151921523	T	C	246	0	213	75	263	121	249	61	190	36
7	152345824	C	A	56	16	127	40	145	51	148	62	137	29
7	157000557	T	C	78	20	175	0	205	0	239	0	179	0
8	1998943	T	C	136	66	93	37	161	96	132	61	109	26
8	2815316	A	T	215	101	100	35	170	118	148	101	150	36
8	10177417	G	T	174	102	49	30	140	105	109	58	89	40
8	10557957	A	G	98	69	43	33	104	89	52	31	69	24
8	11606488	C	T	179	128	113	54	264	146	142	73	130	37
8	17810649	T	C	34	26	86	34	65	54	94	60	89	30
8	25279132	G	A	320	158	128	68	246	126	191	111	119	42
8	27168610	C	T	37	0	15	5	28	20	15	5	15	5
8	42716898	T	C	42	22	60	45	106	56	115	54	92	27
8	67357562	A	C	322	154	150	69	225	136	182	99	167	50
8	73849680	C	T	96	24	56	0	107	0	96	0	69	0
8	77775451	T	A	106	24	48	0	97	0	61	0	60	0
8	91072860	T	C	104	0	102	51	129	83	140	73	114	52
8	92212954	T	G	193	45	232	0	313	0	270	0	228	0
8	94746039	G	T	164	100	67	48	118	66	93	79	77	37
8	98863681	G	A	401	0	101	17	354	0	219	0	175	0
8	105405149	C	T	334	0	137	0	237	0	156	0	113	35
8	105479076	C	T	44	13	18	11	41	23	19	7	20	6
8	140630655	G	T	51	44	39	0	111	0	69	0	62	0
8	143603345	C	T	44	19	30	11	99	45	27	9	31	5
8	145641285	G	A	79	0	31	17	44	27	34	14	36	11
9	17366651	A	G	11	0	71	48	19	17	71	53	82	31
9	19050244	A	G	236	0	137	72	146	74	124	61	139	36
9	20990263	C	T	99	46	50	13	112	57	50	24	67	15
9	32984807	C	T	413	56	251	0	458	0	419	0	342	0
9	34372770	G	T	64	37	58	19	119	76	38	29	44	16
9	34506786	G	A	39	20	15	6	33	21	27	17	30	4
9	34623900	G	T	52	37	32	19	74	59	28	26	37	13
9	35906474	C	T	97	34	59	27	113	64	60	28	52	15
9	37441039	T	G	64	35	15	16	56	29	28	22	43	9
9	73235143	G	A	78	48	29	22	134	72	63	42	51	12
9	74489909	G	A	109	39	54	24	100	42	57	39	50	21
9	80858492	A	G	537	0	236	108	285	158	268	123	220	50
9	80869877	A	G	55	0	69	35	51	51	72	44	57	20
9	90746846	A	G	152	0	45	6	143	0	88	0	67	0
9	91660742	C	A	202	42	177	0	265	0	297	0	213	0
9	95025292	C	T	169	83	75	43	130	82	109	45	112	29
9	97200730	T	C	330	75	156	0	305	0	304	0	182	0
9	97535366	T	C	214	0	67	8	149	0	140	0	106	0
9	99698794	G	A	24	12	26	0	72	0	28	0	23	0
9	104238875	C	T	50	19	19	16	65	20	35	23	33	7
9	113169201	G	A	108	52	47	18	128	58	73	40	62	15
9	117002765	G	A	47	25	33	14	96	51	48	22	37	9
9	123550223	A	C	90	0	58	5	78	9	83	7	79	4
9	123952883	C	T	588	208	280	160	332	220	258	161	279	79
9	131504937	G	A	95	17	104	0	212	0	111	0	59	0
9	133355784	C	T	84	56	35	35	161	75	73	44	81	14
9	135759440	G	A	76	45	48	24	130	82	73	38	53	8
9	136406087	G	A	37	17	34	12	80	44	49	14	22	12
9	138754404	C	T	130	38	52	35	78	58	70	45	52	6
9	139272766	C	A	23	9	5	7	43	20	6	19	4	4
9	139301882	C	A	91	28	57	0	141	0	79	0	62	0
9	139818422	C	T	82	51	79	28	121	62	48	39	50	16
9	140262433	C	T	66	0	54	16	83	62	46	22	31	18
10	390755	G	A	75	61	63	20	133	78	81	35	77	13
10	1066733	C	T	245	47	139	0	383	0	227	0	174	0
10	5567405	C	T	71	0	55	0	110	0	33	0	48	9
10	5998377	G	A	116	58	46	31	102	69	75	53	47	21
10	7214096	C	T	89	35	51	25	126	79	51	25	58	17
10	7247826	G	A	142	68	70	40	103	85	90	49	62	18
10	7409714	G	A	152	71	76	22	181	96	74	52	88	17
10	7627871	G	A	73	33	50	47	102	67	113	53	91	29
10	12111105	C	G	97	0	104	44	152	81	55	26	71	6
10	17126344	C	A	461	0	137	50	264	138	236	108	216	57
10	29775050	C	T	173	78	64	45	162	79	130	81	105	28
10	32317356	C	A	96	0	145	76	95	62	161	93	190	55
10	34985335	A	G	64	43	78	50	99	67	94	62	63	27
10	37482011	T	C	122	15	378	0	185	0	367	0	473	0
10	60577448	T	C	146	0	41	27	93	53	67	27	47	13
10	63850633	C	T	33	19	35	12	27	17	26	19	22	7
10	63852313	G	C	81	0	41	0	62	0	25	24	39	0
10	71685627	A	G	173	0	44	28	97	54	60	37	72	27
10	73483838	C	T	337	128	143	65	301	175	186	96	175	27
10	73521775	C	T	12	10	12	13	16	13	6	7	15	0
10	73545421	C	T	177	24	77	0	279	0	140	0	111	0
10	75185882	G	T	38	24	12	0	28	22	22	6	22	4
10	99223720	T	C	95	76	51	39	86	72	69	51	54	17
10	99619290	G	A	136	87	70	36	145	85	96	52	91	21
10	100015473	C	T	28	35	39	6	65	35	23	21	28	7
10	103990425	G	A	24	9	27	12	44	21	12	15	30	5
10	104679561	C	T	63	43	49	23	78	48	49	39	53	17
10	105037691	G	A	27	7	10	5	31	24	8	5	17	0
10	105957783	A	G	35	17	129	77	83	54	161	102	145	47
10	116070159	T	C	331	0	118	58	334	178	190	86	175	43
10	118030398	C	T	61	61	36	0	144	0	64	0	54	0
10	124057344	G	A	168	74	73	39	185	124	82	61	123	18
10	129350743	A	G	218	28	212	0	356	0	258	0	177	0
10	129875967	C	T	72	46	58	27	143	59	45	22	56	16
11	1261103	T	G	35	28	34	18	118	59	29	26	54	13
11	1269574	G	A	11	6	9	1	25	11	7	12	10	1
11	5364477	G	A	19	19	6	1	13	12	11	6	9	4
11	6458345	G	A	78	47	48	28	106	51	70	46	52	18
11	6891755	G	A	52	21	59	30	86	50	79	60	97	34
11	6942340	C	A	72	0	74	10	116	6	56	39	79	0
11	11964256	C	A	23	17	22	13	31	24	42	26	44	11
11	21594808	T	C	203	0	67	28	106	83	106	57	94	23
11	34184141	T	C	51	13	41	0	154	0	54	0	34	0
11	44958392	C	G	67	17	42	13	95	51	34	23	44	6
11	45935371	C	T	53	40	46	21	120	76	66	29	43	12
11	48185973	G	A	212	68	129	67	228	136	211	110	159	35
11	56257938	C	A	2	0	14	14	7	5	51	19	38	13
11	57379359	G	A	108	35	58	37	107	56	90	47	78	24
11	58959676	G	A	207	61	76	28	197	114	126	64	127	48
11	58980106	T	A	78	26	62	23	84	43	85	55	110	18
11	60643081	C	T	121	85	85	41	160	87	117	59	87	25
11	64021917	C	T	321	0	159	84	249	171	128	85	150	46
11	64026058	T	C	122	43	109	0	210	0	104	0	66	0
11	64137314	G	A	24	17	21	8	60	27	13	21	20	0
11	64523016	C	T	74	63	57	43	129	76	55	39	65	15
11	64525732	A	G	129	70	119	67	174	91	72	50	137	39
11	64681307	C	A	103	27	92	0	267	0	94	0	79	0
11	64702270	T	C	90	31	44	22	135	42	86	27	58	17
11	64812059	C	T	120	44	91	47	143	101	81	52	92	24
11	64950433	T	C	60	17	60	0	121	0	57	0	43	0
11	65396836	G	A	39	33	45	17	99	69	62	25	62	16
11	65811097	C	T	12	6	8	2	13	12	5	3	8	1
11	67176468	G	A	25	0	10	5	31	8	7	9	23	0
11	67787207	C	T	76	85	85	44	206	132	97	70	108	23
11	68359132	A	C	138	84	139	87	187	129	194	153	176	40
11	70319147	C	T	86	28	67	34	166	108	137	70	96	32
11	71809840	C	T	107	44	57	22	120	60	52	35	58	20
11	72560824	G	A	169	0	149	67	159	101	185	95	174	40
11	75115776	C	A	315	0	110	62	192	120	110	81	115	36
11	76867982	A	G	62	26	56	0	177	0	104	0	54	0
11	82879875	G	A	411	124	179	61	254	139	221	137	254	69
11	89431668	A	G	298	0	127	80	194	122	196	104	134	40
11	103907825	C	T	168	0	90	15	210	34	86	43	114	24
11	113712445	G	A	104	16	191	109	225	132	213	114	193	52
11	113853935	C	A	261	0	108	52	246	147	125	80	135	32
11	117063925	T	C	212	57	91	55	242	139	130	70	107	31
11	119042119	T	C	270	0	135	23	273	29	226	0	156	0
11	120008540	C	T	12	19	7	13	48	10	11	8	12	0
11	123601291	T	C	219	0	108	0	323	0	142	0	121	30
11	124180295	T	C	145	0	53	24	85	50	88	56	69	26
11	124862521	C	T	71	0	163	29	213	6	247	0	173	0
11	128840887	C	T	60	15	16	11	51	36	34	12	24	8
12	991216	C	T	102	41	99	33	95	62	132	55	113	34
12	7635985	T	G	246	0	61	17	145	133	105	75	75	22
12	7883509	C	A	66	0	29	10	42	21	41	14	41	10
12	10603599	G	A	170	31	322	0	332	0	561	0	453	0
12	10954917	T	C	33	0	100	0	115	0	175	0	112	35
12	15822468	A	G	84	11	82	0	77	0	75	0	97	0
12	25254173	T	G	128	0	121	20	206	0	141	0	116	0
12	25398284	C	T	252	92	197	74	239	131	194	94	154	37
12	29617526	A	G	181	0	56	18	98	53	93	42	90	20
12	31236948	C	A	191	123	103	57	306	169	142	92	160	48
12	32490521	C	T	206	0	102	15	170	0	111	0	99	0
12	41966936	G	T	33	28	21	7	38	28	27	19	21	10
12	49170065	C	T	131	63	95	46	219	136	83	47	95	18
12	49318405	A	G	146	74	98	23	143	97	123	67	123	23
12	49420576	A	G	42	17	19	15	45	25	20	19	18	4
12	49426461	A	G	118	17	51	11	116	16	63	8	76	0
12	53589881	T	C	281	0	104	0	272	0	146	0	97	30
12	56351187	G	A	107	0	24	10	67	34	24	31	46	9
12	56493621	G	T	159	0	57	15	102	0	86	0	64	0
12	57552356	C	T	245	55	119	0	303	0	139	0	121	0
12	58193605	A	G	108	80	84	43	133	86	98	58	88	32
12	58204682	G	A	170	82	84	35	151	100	128	68	69	35
12	80632674	G	A	136	72	81	41	129	70	90	58	74	13
12	83359339	C	T	74	28	70	30	80	37	89	36	94	17
12	85638647	A	G	138	0	133	16	141	17	147	13	109	6
12	103237485	T	C	293	0	102	26	237	0	169	0	142	0
12	107141335	T	C	153	28	53	0	161	0	134	0	94	0
12	109016865	G	T	56	35	30	13	82	33	39	23	46	7
12	109898450	C	A	102	17	37	0	131	0	70	0	58	0
12	112926248	G	A	186	107	99	67	175	100	130	79	107	24
12	113538474	A	G	125	0	98	50	135	91	115	74	90	35
12	113715152	C	T	170	28	59	0	218	0	107	0	107	0
12	113865842	C	A	130	59	41	21	120	89	67	22	72	18
12	114362563	C	A	69	48	71	30	87	74	82	41	62	15
12	120591622	G	T	175	104	148	0	306	0	179	0	119	0
12	120995396	C	T	267	147	183	114	228	164	192	134	183	62
12	121204107	G	A	198	55	81	35	224	80	129	48	96	30
12	122958623	C	A	250	38	160	0	304	0	136	0	107	0
12	123214096	A	G	140	0	57	19	107	69	70	29	76	21
12	123444752	A	G	18	24	6	6	31	18	13	9	12	5
13	20056655	T	C	68	0	230	26	189	30	215	33	171	16
13	20056687	A	T	46	0	163	21	137	23	168	25	134	14
13	25009443	C	A	32	12	58	21	74	25	81	30	51	12
13	27259905	C	A	187	102	61	23	172	119	88	41	74	22
13	28539113	G	A	133	89	80	37	186	117	91	74	98	21
13	36903638	G	C	81	18	76	42	100	72	109	65	97	19
13	39587472	C	T	125	73	55	39	89	58	114	58	76	18
13	41897223	C	A	226	78	118	65	153	110	162	92	124	45
13	47266754	C	T	148	68	79	37	103	54	98	58	95	24
13	49705494	A	C	135	34	83	0	117	0	135	0	98	0
13	49720023	T	C	148	0	257	55	228	22	349	0	309	0
13	52603396	G	T	124	35	29	16	65	53	62	33	46	9
13	73366634	T	G	33	19	163	0	170	0	213	0	160	0
13	103386152	A	T	56	41	18	14	52	27	48	23	33	10
13	103390876	T	C	37	8	114	0	84	0	137	0	126	0
13	113960838	A	G	248	0	91	6	145	16	106	8	98	0
14	20502474	G	A	66	19	23	31	61	33	44	18	43	18
14	20850868	G	A	73	0	48	0	193	0	50	0	39	10
14	23313637	A	G	187	43	89	58	212	153	129	99	137	34
14	23746167	T	C	236	62	111	68	274	177	196	130	179	44
14	24528545	C	A	76	16	40	27	103	68	45	23	45	16
14	24653579	G	T	55	17	27	0	48	24	23	10	20	7
14	24701460	A	G	264	211	348	0	491	0	263	0	258	0
14	59730363	G	A	189	0	68	0	119	0	56	50	88	0
14	68191274	T	C	269	65	125	0	336	0	227	0	186	0
14	73664775	G	A	132	36	130	79	167	89	151	89	125	36
14	75376752	G	T	59	0	25	8	59	25	27	17	35	12
14	76639948	C	T	233	68	144	0	255	0	183	0	130	0
14	81961448	G	A	205	0	88	55	125	55	98	75	90	28
14	89093375	C	T	57	0	29	13	66	0	48	0	39	0
14	91780421	C	T	156	120	114	52	295	185	117	69	120	22
14	100793625	G	A	87	28	55	21	127	106	77	42	48	6
14	103986250	C	G	52	0	35	9	111	0	42	0	39	0
14	105173687	G	T	40	40	62	42	134	110	65	44	52	21
15	40764029	A	G	38	5	31	9	31	28	24	12	26	11
15	40954312	G	T	90	30	144	64	163	99	183	99	145	38
15	41804393	C	T	92	0	78	15	197	4	87	0	49	0
15	43339487	C	A	209	0	118	18	193	0	189	0	111	0
15	45443353	G	A	179	62	72	35	185	113	110	75	97	29
15	49126992	G	T	146	103	77	48	187	90	141	88	121	31
15	54557648	A	C	42	18	183	0	122	0	232	0	192	0
15	56535388	G	A	190	74	154	104	174	153	82	83	101	42
15	58938318	A	C	29	38	164	128	132	97	186	119	185	49
15	59359144	C	T	181	63	65	30	107	65	130	66	75	20
15	63954138	A	G	240	73	87	43	197	155	129	80	133	23
15	65681233	G	A	48	9	59	19	102	68	28	29	29	12
15	75111521	G	A	219	190	194	82	419	267	208	173	191	66
15	75659852	C	A	102	25	53	33	71	63	58	29	60	13
15	78562914	C	T	145	71	118	0	204	0	201	0	134	0
15	86284346	C	T	41	13	12	9	41	25	14	15	25	4
15	89392845	G	A	22	17	10	4	47	32	15	8	13	0
15	90349552	G	A	49	16	20	15	81	44	41	16	29	5
15	91030187	G	T	97	0	35	31	50	35	55	22	52	12
15	92671706	G	A	87	70	56	21	138	95	93	59	74	26
15	92981732	C	T	104	77	53	41	188	99	124	56	120	45
16	700694	C	A	55	0	22	10	65	46	29	12	30	9
16	1497083	G	A	7	11	5	5	23	18	8	7	11	0
16	1995893	G	A	276	5	136	79	232	155	109	92	128	34
16	2087545	G	T	139	86	122	54	236	141	117	76	125	36
16	3024022	T	A	42	56	51	25	95	51	31	36	36	19
16	15164027	G	A	24	0	21	0	10	14	25	10	17	4
16	18826541	G	A	196	47	107	50	112	66	102	57	73	24
16	19027878	A	G	136	37	86	0	206	0	105	0	105	0
16	28116022	A	G	28	41	18	12	74	25	31	18	41	8
16	28996761	C	T	27	25	36	11	74	35	23	11	22	5
16	29820878	T	C	68	0	66	4	115	26	36	17	40	10
16	30536031	C	T	35	28	42	26	84	35	28	12	30	7
16	31088519	C	T	184	0	104	16	259	0	114	0	102	0
16	31092389	G	A	17	13	13	4	27	12	20	8	10	4
16	31500659	C	T	34	15	39	12	77	36	20	21	30	11
16	46727073	C	A	131	0	79	51	101	82	125	75	96	22
16	46729553	A	G	27	0	60	12	83	0	68	0	58	0
16	48311363	G	T	80	21	35	19	77	51	68	39	67	13
16	67034832	G	A	44	34	56	20	147	58	46	24	38	14
16	67384134	T	C	122	0	175	100	205	157	250	177	184	63
16	67765460	A	G	178	0	88	22	183	0	136	0	98	0
16	67942738	G	A	54	48	43	13	97	68	49	19	51	12
16	70697979	G	A	36	0	35	8	117	8	39	0	31	0
16	71884055	C	T	249	60	138	0	276	0	251	0	167	0
16	84203692	A	C	50	41	39	10	97	51	48	18	40	13
16	84213930	G	A	53	18	36	24	83	54	54	33	37	7
16	84793066	T	C	135	155	152	88	175	114	153	91	113	31
16	84806210	C	T	187	59	117	67	177	99	164	89	96	25
17	293173	C	T	28	28	35	17	81	49	31	19	31	10
17	1640892	C	T	44	24	38	11	61	33	36	16	28	7
17	1961599	C	T	4	7	10	2	13	4	8	4	5	1
17	4012952	A	G	274	0	73	47	128	91	89	66	103	22
17	4457325	G	A	177	87	96	69	178	108	85	61	89	39
17	4790434	G	A	68	44	64	23	136	99	63	42	63	13
17	5365851	G	A	39	18	7	8	32	16	20	15	29	7
17	6013003	C	T	94	65	45	31	130	80	71	36	60	13
17	7400326	C	T	80	0	32	30	80	40	26	27	41	7
17	7492744	C	T	70	26	54	0	148	0	45	0	61	0
17	7577121	G	A	163	96	75	51	154	106	72	50	84	33
17	7577530	T	C	152	61	69	35	141	88	66	37	62	22
17	7852808	C	T	210	116	82	42	181	125	127	52	120	30
17	11547999	G	A	63	23	52	40	100	50	99	41	87	19
17	18916688	T	C	52	36	26	17	81	68	48	37	45	4
17	19844303	C	T	81	44	73	47	82	49	71	35	61	19
17	27382882	A	G	272	0	106	36	205	127	154	87	120	43
17	29196332	C	T	243	51	173	0	253	0	220	0	155	0
17	29533280	A	C	393	0	247	146	263	181	291	143	260	95
17	34191251	A	G	133	0	31	8	114	0	70	0	68	0
17	34313631	C	A	423	0	92	49	257	144	216	105	210	52
17	37368597	C	T	60	47	36	17	102	80	46	30	33	13
17	38511611	G	A	117	24	115	0	246	0	109	0	93	0
17	38511667	G	A	129	0	88	0	176	29	110	0	77	0
17	38813620	C	T	173	35	429	0	530	0	740	0	529	0
17	40318383	T	C	194	35	111	0	238	0	116	0	72	0
17	40914461	C	T	179	33	123	0	253	0	180	0	147	0
17	40963789	C	A	181	11	68	8	102	10	92	4	79	0
17	41570919	C	T	387	0	83	36	234	132	124	68	147	26
17	41856237	C	T	78	0	47	29	68	54	47	20	42	16
17	42091792	A	G	98	0	48	23	87	69	31	19	37	17
17	42330518	C	T	57	17	23	9	53	30	15	12	15	7
17	45012465	G	A	214	90	119	62	177	107	137	93	142	63
17	45471447	T	C	44	0	196	0	126	0	169	22	143	0
17	45924989	C	T	13	14	6	3	13	13	10	2	9	3
17	48072198	G	T	179	31	135	0	396	0	200	0	169	0
17	48264866	G	T	129	59	62	34	134	95	84	48	94	20
17	48276647	C	T	10	3	9	2	12	12	10	2	12	0
17	48433568	C	T	137	92	62	45	180	87	69	33	76	13
17	48557295	G	A	115	95	85	44	118	88	64	43	80	28
17	48615453	A	G	180	0	81	12	173	0	91	0	77	0
17	53471796	C	T	217	130	98	48	165	103	131	70	137	29
17	56065438	A	G	35	19	20	16	45	14	28	12	40	5
17	56435161	C	A	104	10	63	4	92	15	49	7	58	0
17	56557320	T	C	382	233	209	120	360	225	309	130	256	59
17	56565351	G	A	34	18	13	4	50	25	16	17	20	0
17	58011793	A	G	148	88	77	40	103	51	116	54	71	12
17	59821817	C	T	121	40	260	172	249	122	298	165	295	79
17	64171179	C	T	95	61	202	113	177	87	227	101	184	68
17	65337139	T	C	23	0	97	0	75	0	115	0	55	19
17	66426142	G	T	185	86	113	59	193	78	127	80	141	47
17	67305561	A	G	29	0	81	20	73	8	109	60	105	22
17	71205858	A	C	37	29	14	13	42	20	29	17	17	0
17	72937636	T	C	85	0	39	0	124	0	54	0	34	10
17	73489929	C	A	52	25	36	19	78	45	29	28	42	6
17	73732467	G	A	110	60	53	23	163	72	60	28	67	11
17	73745084	C	A	90	54	86	38	146	90	49	43	59	11
17	76567791	G	A	104	48	61	15	155	78	77	37	83	14
17	80085586	G	T	71	0	12	16	52	29	24	16	26	9
17	80274205	C	T	52	32	57	18	121	60	54	27	63	9
17	80914589	G	A	131	112	125	46	267	162	101	61	100	40
18	20569212	T	C	77	20	314	0	258	0	322	0	258	0
18	20573175	A	G	65	0	51	41	53	44	61	42	64	17
18	29056144	G	A	92	0	9	12	33	25	43	20	35	8
18	32834246	T	C	146	92	73	33	82	51	78	44	80	32
18	32949341	G	A	102	44	59	31	71	51	77	37	92	33
18	34327050	C	T	38	6	119	0	144	0	167	0	108	0
18	43417034	G	A	62	18	100	49	178	90	174	84	120	43
18	44266168	T	C	97	13	48	0	153	14	74	16	89	9
18	45567436	T	C	144	0	32	14	137	58	61	28	66	7
18	47813108	A	G	116	75	62	38	125	70	63	28	77	23
18	56191265	G	A	237	132	111	76	172	103	141	47	107	28
18	57122138	G	A	94	68	47	27	124	82	80	33	66	28
18	59157904	C	T	128	97	53	32	115	68	93	54	103	21
18	59221742	G	T	45	15	23	11	36	16	16	12	39	7
18	67345023	A	G	267	117	83	41	195	131	131	80	131	25
19	1802645	C	A	36	0	12	7	64	0	30	0	30	0
19	3960092	T	C	106	0	39	37	79	131	36	45	65	25
19	5039873	G	A	21	31	19	16	32	53	6	18	25	4
19	5594184	C	T	11	0	5	7	22	0	5	0	4	0
19	6429758	G	C	129	0	54	0	118	0	40	10	55	0
19	8151980	G	A	9	28	2	4	14	28	6	12	17	9
19	8661296	C	T	14	22	7	6	31	23	8	9	11	0
19	10083642	G	T	120	0	20	37	45	74	23	39	43	16
19	10738648	C	T	106	0	49	23	152	0	62	0	52	0
19	11129671	C	G	84	9	74	8	112	14	47	6	101	7
19	11594884	C	T	19	51	26	38	38	81	22	31	35	16
19	15338372	C	A	85	17	44	0	89	0	45	0	45	0
19	16178533	G	T	65	56	48	35	58	85	31	36	79	23
19	17643096	C	T	33	51	23	24	41	78	11	23	31	4
19	18468253	C	T	67	68	34	24	54	79	19	30	48	13
19	19010718	G	A	79	28	80	0	191	0	77	0	76	0
19	19037173	C	T	110	0	77	0	163	0	45	0	70	18
19	19308946	C	T	21	57	18	24	27	58	16	26	47	8
19	23927978	C	T	44	22	158	0	147	0	178	0	227	0
19	32944056	A	G	103	21	166	0	260	0	304	0	247	0
19	34180172	C	T	38	31	28	16	88	43	34	16	39	12
19	35450216	C	T	123	0	47	0	117	0	93	0	46	19
19	36523200	C	T	41	0	31	20	56	31	21	10	26	4
19	39281467	C	T	6	7	17	5	29	12	13	0	14	0
19	39359786	C	T	208	73	146	80	198	129	108	83	111	30
19	42090775	T	C	253	66	112	58	297	204	157	88	187	47
19	42736653	G	A	111	0	53	33	116	49	61	35	48	14
19	42736788	C	T	114	89	79	45	155	103	70	45	86	36
19	45912269	A	C	65	20	18	12	57	24	23	9	34	7
19	46394042	C	A	27	5	15	9	37	17	9	11	15	0
19	47228801	C	T	108	30	85	45	166	100	67	55	59	17
19	48654487	A	G	260	0	166	39	393	0	244	0	179	0
19	49951126	T	C	354	0	235	0	372	0	213	0	126	44
19	50173509	C	T	62	17	46	27	69	43	40	14	24	10
19	51534110	C	T	88	13	46	30	110	56	49	33	59	16
19	53057437	G	A	9	1	19	4	18	7	21	8	26	8
19	53270259	C	T	124	0	158	100	193	107	168	89	204	52
19	56029557	C	A	80	72	97	53	137	68	79	34	59	18
19	56487566	A	G	139	0	94	20	212	0	218	0	135	0
19	57286068	G	A	60	30	44	25	86	53	77	55	47	10
19	59059912	C	T	71	19	24	19	44	21	40	21	38	14
20	2730141	C	T	21	14	14	8	37	27	9	13	19	5
20	10438856	G	A	35	0	174	95	51	18	164	69	178	46
20	17474782	G	A	42	27	50	23	59	54	53	42	47	11
20	23334773	G	T	219	28	82	0	164	0	107	0	83	0
20	25462644	C	T	74	30	44	11	91	49	48	24	30	13
20	33577632	C	T	63	43	55	34	147	75	51	39	64	22
20	33581991	T	C	73	15	39	0	133	0	45	0	56	0
20	35444586	C	T	40	15	11	7	69	40	27	21	22	11
20	42331225	G	A	64	38	25	15	53	55	28	26	34	14
20	43723538	A	G	207	0	84	0	200	0	129	22	106	0
20	47309279	A	G	371	249	162	73	345	220	225	148	217	55
20	60733737	G	A	44	43	35	16	82	50	33	16	38	10
20	61941233	T	G	63	30	31	21	102	61	31	14	33	6
20	62187225	T	G	61	15	32	15	82	54	16	18	39	4
20	62871785	G	A	73	62	33	18	105	65	65	29	63	13
21	19666601	T	G	117	40	60	0	125	0	69	0	64	0
21	30547091	C	T	293	140	122	49	166	137	167	67	183	42
21	41684077	C	A	120	83	46	16	163	75	103	47	66	29
21	44592282	G	A	54	37	57	27	116	85	50	35	48	19
21	45506760	A	G	52	15	45	0	104	0	56	0	32	0
21	45746707	G	A	27	13	16	5	75	26	23	9	22	9
21	45819234	C	T	79	18	25	19	120	54	48	25	36	4
21	46888625	A	G	109	0	95	0	176	0	84	0	64	7
21	47665014	T	C	178	0	52	42	158	89	94	33	87	26
22	18031826	A	G	85	55	50	32	88	65	72	55	89	32
22	18918608	A	G	134	0	48	10	118	0	50	29	47	0
22	19165691	G	A	89	24	114	0	168	0	58	0	55	0
22	19967425	G	A	12	10	16	5	26	14	11	5	21	0
22	25297869	A	G	257	47	141	0	365	0	168	0	128	0
22	25434845	A	T	68	33	18	11	63	46	24	27	31	5
22	25599768	A	G	296	44	194	0	483	0	289	0	186	0
22	30210758	T	C	244	0	87	0	189	24	134	0	113	0
22	37318311	T	C	28	13	23	0	58	0	23	0	25	0
22	37962596	C	T	41	17	25	13	41	23	17	20	18	0
22	44235826	T	C	177	136	174	0	520	0	249	0	190	0
22	46631049	C	T	92	52	84	33	117	83	93	56	85	27
22	47116004	G	A	82	55	46	26	120	73	49	43	32	14
22	50615817	C	T	24	11	12	0	54	0	14	0	14	0
22	50705448	C	T	143	48	147	0	209	0	108	0	76	0
22	50721772	G	T	52	37	58	35	135	68	44	27	45	21
X	13764964	G	T	59	18	145	90	81	40	141	85	164	42
X	15474003	C	T	205	79	87	81	217	185	177	90	184	55
X	16720907	T	C	166	111	130	54	213	120	188	110	187	56
X	19026137	C	A	84	30	63	36	95	59	81	54	70	30
X	24844581	C	T	149	0	29	17	106	0	100	0	62	0
X	34148723	G	T	77	62	52	23	117	80	59	45	44	17
X	48372956	T	C	201	0	93	12	212	0	160	0	85	0
X	55513800	A	C	356	168	97	50	210	154	171	117	182	50
X	69639929	C	T	223	112	78	42	155	102	144	86	117	31
X	70324245	C	T	64	19	26	0	75	0	51	0	47	0
X	70602878	T	C	227	152	92	43	185	105	109	70	155	37
X	76939589	T	A	85	0	203	0	182	0	165	20	151	0
X	80064969	A	G	191	0	100	13	139	72	116	23	107	7
X	100911611	C	T	121	48	49	26	151	99	71	48	97	18
X	106331897	G	A	176	0	38	29	73	61	60	42	45	23
X	113965760	A	G	71	30	49	25	88	31	72	35	55	22
X	114424876	A	G	42	21	34	12	68	58	19	16	37	7
X	117528138	T	C	263	0	209	36	261	0	291	0	225	0
X	122387379	A	G	55	0	12	0	39	0	18	13	36	0
X	122747510	C	T	445	193	425	178	459	250	412	203	409	97
X	128884507	C	T	183	68	77	45	187	118	103	76	98	26
X	131219968	C	T	306	44	292	0	417	0	376	0	279	0
X	134185955	C	T	147	78	107	55	179	95	116	39	94	25
X	144906256	A	G	103	38	33	0	135	0	120	0	78	0
X	151376586	G	A	235	108	137	67	234	146	214	122	172	57
X	153227022	C	T	164	90	92	65	205	109	133	54	92	27
X	153283802	G	A	40	23	45	34	92	47	36	18	29	4
X	153578199	G	A	88	39	53	24	127	75	49	25	52	15
