Chr	Posi	Wild	Mut	PrimT:ref	PrimT:alt	Met1T:ref	Met1T:alt	Met2T:ref	Met2T:alt	Met3T:ref	Met3T:alt
1	976104	G	C	36	79	36	39	35	38	34	34
1	3431209	C	G	142	0	217	0	242	0	120	104
1	3644227	G	C	27	15	64	9	69	12	52	12
1	9787018	G	A	236	143	194	156	201	148	333	0
1	9932087	C	G	560	0	517	0	295	207	509	0
1	13183742	G	C	91	78	105	85	80	60	88	70
1	21042060	G	T	158	152	132	129	135	91	135	108
1	26189644	G	A	61	50	46	36	49	24	49	35
1	33117600	G	A	164	149	188	155	177	126	211	141
1	33583701	A	T	120	107	125	105	101	78	111	78
1	37270630	G	A	86	80	94	71	72	65	73	79
1	47515130	G	C	186	25	329	0	199	0	248	0
1	95323025	G	T	235	169	243	206	172	164	196	159
1	103405968	G	T	96	107	141	109	107	67	103	82
1	104166567	G	T	55	29	95	33	47	17	83	30
1	110996690	C	G	117	0	110	0	93	28	102	0
1	114397114	T	C	59	53	80	89	62	54	78	43
1	114682306	G	A	249	0	270	0	233	0	105	81
1	155448955	C	A	59	58	131	94	80	43	81	64
1	155724274	A	C	125	0	88	36	111	0	110	0
1	157556214	G	A	16	21	24	21	15	24	11	12
1	157557088	G	T	91	66	104	66	72	58	67	45
1	157771960	T	C	35	29	28	22	21	15	34	28
1	158532863	A	G	66	80	82	53	60	54	72	60
1	165218815	C	A	40	49	32	27	23	31	27	21
1	179363044	G	T	31	29	41	43	17	27	35	42
1	179437777	G	C	78	60	138	98	85	47	83	59
1	181702788	G	T	80	55	56	55	42	53	60	32
1	185958655	T	G	118	22	174	0	95	0	104	0
1	186862189	T	G	186	0	268	0	189	0	128	110
1	200618331	T	G	146	0	167	0	123	15	177	0
1	216061937	T	C	83	109	160	136	100	114	134	93
1	220146739	C	G	81	61	108	88	77	70	95	52
1	228496983	T	A	116	0	125	0	112	0	42	53
1	228559943	C	A	47	26	33	33	34	28	38	30
1	235840458	G	T	256	0	349	0	213	38	326	0
1	237791371	G	T	132	102	201	131	142	94	165	130
1	247163313	G	A	136	161	203	185	138	132	166	155
1	247582222	G	C	35	33	42	33	39	26	42	28
1	247978588	C	A	8	8	16	17	11	11	9	7
1	248085110	G	A	89	91	131	93	77	42	86	56
1	248402449	C	A	153	133	198	155	165	114	192	112
1	248436326	C	T	325	37	464	56	320	35	386	50
1	248512747	T	C	155	140	202	157	138	120	135	140
1	248813412	T	A	28	14	17	31	12	9	27	18
2	1906989	G	T	123	121	145	148	142	101	160	122
2	9098625	C	T	41	56	78	64	62	62	71	48
2	25459876	T	A	76	61	81	67	60	79	60	52
2	27375645	A	T	103	115	133	118	103	116	116	103
2	58311250	G	T	135	113	218	248	125	137	193	160
2	62069443	T	C	109	108	148	119	97	87	153	97
2	77746239	C	G	48	44	69	65	45	41	62	36
2	77746638	G	T	143	112	205	165	124	93	160	120
2	80773180	C	G	53	40	42	54	47	32	50	47
2	80801334	G	T	171	110	191	170	135	98	155	95
2	85875925	G	A	217	112	193	166	166	141	363	0
2	106509492	G	T	129	121	112	91	117	92	82	82
2	120395948	C	T	116	117	173	141	136	96	115	91
2	128178891	C	A	164	185	155	131	168	170	201	153
2	128700040	T	C	297	254	445	331	303	241	394	241
2	128873856	A	G	293	0	408	0	166	142	348	0
2	130897946	T	A	167	169	159	137	139	125	145	90
2	141609319	C	T	68	67	138	113	72	67	83	77
2	143986172	A	C	113	88	202	156	113	77	138	116
2	152423985	G	C	63	38	82	63	56	22	57	38
2	153003683	C	A	81	91	173	144	108	99	109	99
2	160043412	G	A	155	127	126	112	145	115	153	92
2	179560105	G	T	209	150	390	320	177	154	227	218
2	179560665	G	T	118	106	182	145	109	94	149	91
2	179590771	G	T	25	12	35	26	13	29	27	17
2	179634916	C	A	127	103	191	157	111	81	118	104
2	180311443	C	T	103	84	142	123	105	74	118	91
2	189926290	G	A	175	172	287	213	158	127	238	162
2	202260123	C	T	162	136	214	199	135	127	147	133
2	219867894	G	T	39	34	37	36	23	20	30	33
2	219892931	G	T	174	151	140	134	135	162	165	123
2	232326335	C	T	228	215	278	268	233	198	287	239
2	232393532	T	A	53	40	27	32	19	27	26	22
2	240985192	G	A	43	41	34	31	28	24	44	32
2	242141608	G	C	289	0	243	4	221	0	201	35
3	4856193	G	T	147	150	175	146	143	104	134	122
3	13368738	T	A	65	49	65	62	49	68	47	51
3	38783794	C	A	28	21	32	31	26	19	28	21
3	47045841	C	T	89	0	65	22	88	0	75	0
3	67053933	G	A	23	9	40	27	18	12	39	32
3	75788026	C	A	236	27	332	43	172	24	223	32
3	100365517	T	C	142	101	192	177	133	111	174	119
3	110852667	G	T	67	67	117	98	49	64	99	71
3	113063475	C	G	64	56	124	98	81	54	86	50
3	113878686	C	G	69	31	52	48	58	51	69	35
3	119347646	T	G	116	68	132	99	98	88	220	0
3	129305094	C	A	17	18	13	20	19	12	12	7
3	130187832	G	A	67	54	148	99	63	54	80	60
3	137942239	A	T	40	35	76	43	37	28	41	35
3	155481355	A	C	86	67	107	70	59	53	84	58
3	164709178	G	A	114	112	216	176	113	100	130	104
3	164757710	C	A	128	102	223	132	102	83	141	116
3	164907401	C	A	31	31	35	33	17	19	39	29
3	173993245	G	T	41	52	88	95	47	41	66	64
3	189526193	A	T	136	109	182	138	124	101	113	106
3	192517005	T	A	262	138	235	235	159	150	400	0
4	4199309	G	A	179	0	72	22	92	0	67	0
4	15067973	G	T	34	24	14	46	1	23	45	0
4	20550685	T	C	225	196	88	341	21	197	286	0
4	22463365	T	A	118	115	31	135	7	115	147	0
4	22749674	G	T	19	13	32	0	16	0	3	28
4	44624551	C	A	41	40	39	63	5	24	52	0
4	44624552	C	A	41	41	38	64	5	23	53	0
4	57182286	G	T	58	80	19	55	6	49	60	41
4	57798014	T	C	29	25	41	18	17	0	34	34
4	71503537	C	A	81	65	145	4	80	0	106	92
4	100474942	C	A	75	55	19	101	5	53	90	67
4	110884398	G	C	259	0	103	104	148	0	302	0
4	113436477	C	T	20	10	2	8	0	9	12	11
4	113436478	G	C	21	10	2	8	0	9	12	11
4	114161716	G	T	84	88	140	6	79	6	105	94
4	114275141	C	A	42	30	7	34	7	30	51	42
4	123283303	G	A	49	51	111	0	65	0	83	66
4	147741392	T	C	20	36	55	0	31	0	46	50
4	147741393	C	T	19	35	54	0	31	0	46	49
4	149002616	G	T	96	43	16	86	6	72	124	0
4	152096426	T	G	43	52	9	39	4	38	59	38
4	155749018	A	T	46	48	75	20	59	0	65	44
4	159690367	G	T	31	33	36	14	26	0	25	22
4	160264342	G	A	41	53	83	35	38	0	71	46
4	164271670	A	T	258	28	252	0	155	0	374	0
4	177143492	G	T	73	77	136	0	92	0	104	103
4	183673042	G	C	125	113	143	4	88	0	144	84
4	184931626	C	T	224	0	94	0	89	0	103	90
4	185038030	C	T	305	0	122	22	122	0	213	0
5	5447577	G	A	197	25	315	53	185	32	195	25
5	24488159	C	G	25	148	40	204	21	124	47	146
5	24535258	C	G	176	771	248	1044	133	702	186	673
5	43292688	T	A	179	22	266	53	165	22	218	29
5	79375802	G	A	8	190	17	134	11	137	22	128
5	95072725	A	T	90	0	123	32	54	0	101	0
5	140084058	G	C	84	59	208	0	169	0	83	0
5	140214430	A	G	223	27	221	39	153	19	108	15
5	140228542	A	G	6	186	12	183	5	150	20	68
5	140263641	G	T	9	204	11	162	4	190	5	99
5	140573370	C	T	327	0	333	0	165	135	196	0
5	140720617	G	T	5	215	8	220	8	157	10	82
5	140736908	T	A	6	147	3	146	5	134	15	70
5	150051158	G	T	16	489	20	398	18	365	23	169
5	150945547	A	G	60	38	60	34	100	0	39	0
5	166711854	G	A	2	63	6	58	0	61	8	27
5	176935438	C	G	67	0	55	0	40	20	27	0
6	28268576	G	T	38	39	60	52	35	28	48	25
6	28268892	G	T	36	22	48	36	23	27	30	19
6	28543777	T	G	103	77	132	105	62	41	170	0
6	38843397	T	A	142	0	196	0	64	62	132	0
6	46620943	A	C	174	0	210	0	152	21	131	0
6	49913875	C	A	112	107	217	164	114	102	133	93
6	57244705	G	A	260	61	379	109	236	51	287	71
6	65303038	G	T	46	65	89	127	53	58	104	71
6	69703683	G	T	129	92	178	162	120	73	133	92
6	70037780	T	C	52	44	82	83	73	50	66	57
6	84265949	T	A	99	116	184	191	108	106	158	144
6	85447027	G	T	76	66	82	74	48	52	52	48
6	89974157	G	C	131	102	106	113	119	89	103	74
6	93967840	T	C	119	135	259	203	124	138	151	143
6	100896394	C	A	95	73	71	65	62	47	60	56
6	117589513	C	G	79	78	104	67	69	65	91	71
6	147006926	T	A	141	12	240	33	118	7	196	15
6	151670621	C	A	76	13	68	0	65	0	60	0
6	152614868	C	T	140	0	137	0	100	27	132	0
6	153076504	G	T	87	64	152	148	81	67	94	89
6	163510305	C	T	114	0	143	0	50	42	109	0
6	166826375	C	G	123	120	82	89	106	102	81	79
7	6836213	C	G	415	0	301	115	408	0	469	0
7	11630258	T	C	49	12	72	32	63	5	67	0
7	20782589	C	T	100	102	138	106	93	88	108	100
7	26224259	A	G	19	14	35	25	32	16	47	15
7	27183048	C	A	33	52	20	19	22	18	24	29
7	28997291	C	T	54	60	55	47	50	51	50	47
7	31008742	C	T	109	84	116	110	85	86	83	70
7	31614282	C	A	71	79	103	94	70	47	74	79
7	33312764	G	A	113	89	183	124	93	86	125	99
7	38502641	T	C	272	280	363	303	271	242	275	216
7	44152378	G	A	103	83	72	63	71	74	78	58
7	50444470	G	T	73	48	100	63	65	47	79	62
7	66563627	A	C	119	28	136	0	114	0	16	107
7	86469134	T	A	11	40	14	103	4	59	82	0
7	94257572	T	C	22	73	20	181	5	120	114	0
7	99758316	G	C	52	6	33	0	23	0	40	0
7	101006320	C	T	14	37	1	15	1	20	13	0
7	103198462	T	A	24	98	15	150	7	88	98	0
7	103293136	T	C	73	11	142	0	88	0	16	69
7	107688502	G	A	129	20	119	0	116	0	22	95
7	138874107	G	A	17	65	17	90	1	58	84	0
7	142749577	T	A	159	33	184	0	135	0	37	153
7	143043306	C	G	42	120	14	103	8	80	94	0
7	143048861	G	C	15	61	12	48	6	40	57	0
7	151949056	C	T	12	64	13	79	6	61	59	0
7	155595670	A	G	6	12	2	11	0	9	10	0
8	28196772	C	A	5	139	18	106	11	79	11	73
8	53569873	C	T	46	33	74	64	62	34	60	39
8	59535935	C	A	31	18	32	26	16	25	34	22
8	68989661	G	T	128	207	191	275	149	201	126	231
8	74440023	C	T	300	0	462	0	226	31	363	0
8	77765988	T	G	218	122	307	115	207	85	271	144
8	77895718	T	A	33	55	72	85	28	59	38	60
8	92998530	C	A	103	184	140	231	94	150	137	260
8	104438344	G	T	84	147	139	254	86	159	91	261
8	125072485	C	T	125	213	158	235	108	202	128	272
8	133014872	G	T	138	175	241	282	134	153	161	274
8	133014873	G	T	141	177	242	287	137	156	163	277
8	139890234	G	T	52	42	36	25	53	32	42	39
8	144887115	G	A	83	0	57	0	98	0	74	22
9	215322	C	A	111	50	111	0	109	0	108	0
9	27948924	C	A	84	70	137	103	92	87	104	78
9	32630264	C	A	126	108	199	129	126	91	181	118
9	33796770	G	T	380	193	405	169	322	140	313	133
9	33798079	T	C	165	14	158	25	132	7	185	0
9	34257646	G	A	48	31	53	38	33	24	54	37
9	37785006	G	A	6	11	12	13	15	8	6	10
9	73479378	T	G	444	0	847	0	405	0	542	86
9	75531894	C	G	117	69	128	106	60	69	185	0
9	96214933	C	T	10	9	5	14	11	6	5	9
9	125616845	G	A	94	101	140	125	100	92	124	105
9	127231805	A	T	124	84	95	65	90	70	103	69
9	131261334	A	G	279	36	250	0	239	0	213	0
9	134070621	A	G	211	189	232	161	204	159	220	175
9	140356477	T	A	61	86	43	54	50	59	50	32
10	5808102	C	T	129	0	178	0	108	27	180	0
10	16919085	C	A	67	56	98	0	106	0	88	0
10	18276560	C	A	137	104	124	106	101	113	116	75
10	18331759	A	G	46	43	92	74	59	51	57	51
10	24813441	G	C	36	49	46	28	39	33	39	25
10	37486215	C	A	262	207	419	339	249	199	336	245
10	43654324	A	T	50	49	82	63	57	31	60	60
10	47756050	G	T	1532	273	1439	222	1270	184	1324	169
10	50534082	G	T	59	58	30	43	47	31	36	27
10	55780041	G	T	118	115	223	158	116	92	127	107
10	62671214	G	C	150	147	210	184	166	127	180	115
10	64000904	C	G	45	45	78	63	46	49	71	52
10	67829118	C	A	89	68	175	116	101	105	133	100
10	76910532	T	G	159	0	180	0	123	0	163	31
10	87362410	T	A	94	88	106	102	76	82	84	75
10	88822451	T	G	183	0	244	0	170	0	142	100
10	97396921	C	A	55	48	56	39	59	36	46	37
10	116048774	A	C	115	103	81	81	83	53	149	0
10	118215302	G	T	66	60	82	75	60	49	71	69
10	118401733	T	G	54	55	98	97	79	54	68	60
10	118666138	T	C	216	193	368	297	231	190	248	199
10	124351787	G	T	391	299	502	363	394	254	475	288
11	1269205	A	C	87	12	51	0	79	0	81	0
11	5537311	G	C	530	0	508	0	443	0	268	200
11	6024042	G	T	54	43	49	45	48	28	42	40
11	7846924	G	T	26	24	24	24	19	15	36	28
11	15222372	G	A	269	226	300	240	258	197	202	182
11	26702701	T	G	91	12	187	5	107	0	143	0
11	31823142	G	C	146	0	146	0	103	0	84	49
11	34473637	T	G	116	17	195	19	136	6	187	0
11	46800037	A	G	111	101	147	112	120	97	154	118
11	46804875	G	C	247	0	385	0	186	108	375	0
11	47296339	C	T	66	57	55	75	62	52	68	45
11	55136020	T	A	95	61	121	103	73	77	94	70
11	55433159	G	A	53	53	88	77	56	36	94	44
11	55904993	T	C	20	14	38	26	17	14	21	13
11	59271145	C	A	69	45	66	76	67	55	69	78
11	59271719	C	T	180	0	154	19	137	0	205	0
11	61096962	T	A	151	0	172	0	91	16	169	0
11	62296331	G	A	153	109	176	123	110	86	154	110
11	62415165	C	G	62	61	43	49	46	39	53	49
11	62455963	G	A	12	12	9	4	9	12	6	0
11	64108422	G	A	151	119	113	82	102	84	98	66
11	65618025	T	G	246	209	199	180	226	190	210	167
11	65838259	T	C	44	0	59	0	55	0	23	22
11	88583222	G	A	74	73	121	90	76	42	96	75
11	93806274	C	A	104	88	179	137	87	71	133	83
11	94924698	C	A	91	72	145	133	68	58	113	92
11	100846826	G	A	64	0	92	0	56	0	66	14
11	102642804	T	G	125	0	204	24	140	0	163	0
11	110494916	C	G	123	99	205	167	109	104	134	96
11	111225147	G	A	203	205	189	162	139	145	132	132
11	113295268	A	G	487	67	516	0	441	0	477	0
11	120312853	C	T	110	53	150	122	86	69	115	95
11	123601241	G	A	192	0	214	27	208	0	221	0
11	124180642	A	T	11	6	12	9	4	10	11	7
11	124767086	G	T	43	21	35	30	32	22	37	21
11	132527041	G	T	155	144	208	162	120	123	187	146
12	2774047	A	T	81	55	67	65	56	50	65	58
12	4479936	G	T	18	9	10	13	16	12	8	12
12	4737203	C	G	28	32	32	42	30	23	44	27
12	6650784	C	T	410	0	357	0	292	35	329	0
12	11546589	T	A	312	39	348	0	311	0	188	0
12	14943462	G	A	170	79	281	0	268	0	264	0
12	18852860	C	A	73	68	92	74	64	52	76	50
12	33031072	T	G	93	26	61	27	89	9	77	8
12	46230580	G	T	266	0	311	37	271	0	351	0
12	52629022	C	T	229	0	146	53	160	0	165	0
12	53925545	A	G	106	14	126	13	201	0	158	0
12	56420629	G	C	125	110	104	89	104	87	99	97
12	57437681	T	A	187	110	177	155	156	130	239	0
12	58157935	A	G	156	66	245	0	232	0	285	0
12	70953260	G	T	125	89	135	108	113	76	108	66
12	71031171	T	A	192	0	325	0	178	0	115	85
12	75875774	C	T	72	75	78	94	61	60	84	65
12	95602943	T	A	41	31	45	45	38	26	46	38
12	100811904	C	T	93	66	138	89	72	75	96	79
12	107125983	G	A	79	71	128	85	103	61	112	53
12	110236635	C	T	115	100	99	61	87	54	75	78
12	111758004	C	T	7	13	6	2	4	5	7	7
12	113444380	G	A	128	78	167	80	95	81	126	83
12	120591205	C	G	105	65	80	69	69	74	88	82
12	120600728	T	G	135	136	122	117	125	102	108	109
13	25030498	T	A	73	0	85	0	77	0	18	66
13	49037892	T	A	2	66	18	95	4	67	7	75
13	67799556	C	G	88	72	100	73	82	38	97	51
13	67799557	C	G	89	74	101	74	83	39	98	53
13	70371005	C	A	108	96	142	109	88	79	122	86
13	77672940	G	A	165	0	236	0	179	0	101	56
13	96264388	T	C	178	0	227	0	178	0	133	58
13	97639185	C	T	32	66	90	76	52	47	67	25
13	99907592	T	C	221	178	244	221	231	173	263	128
13	100623292	T	G	44	39	36	31	42	27	31	23
13	107211974	C	A	84	49	111	73	82	46	79	60
13	108518562	G	T	26	17	26	23	15	12	18	16
13	108518604	G	T	7	9	13	5	9	4	5	2
13	113714996	C	T	332	233	286	281	264	200	289	218
14	20296187	G	C	504	92	525	98	428	78	508	88
14	25075817	G	C	191	125	228	172	174	131	185	127
14	31346862	T	C	97	76	136	121	96	67	132	93
14	35777291	A	C	100	98	122	86	117	104	107	88
14	63174832	G	A	109	107	136	116	84	79	92	97
14	66208926	C	A	126	0	221	0	112	29	127	0
14	74824577	C	T	55	38	26	33	43	23	36	20
14	88693761	G	T	99	73	127	125	63	73	116	76
15	24923956	G	C	83	67	97	75	66	74	79	83
15	28408346	C	A	260	32	271	0	288	0	251	0
15	34048529	A	C	333	0	361	0	200	130	337	0
15	35086912	A	T	65	0	70	0	51	0	35	16
15	43446935	G	T	75	92	148	128	77	67	113	89
15	48720579	C	T	220	98	205	163	144	96	325	0
15	49135720	C	T	106	103	134	122	73	69	125	79
15	51828866	T	C	16	17	28	29	19	12	21	12
15	52472062	C	T	105	0	107	18	97	0	107	0
15	55477618	C	T	101	85	135	115	85	76	96	80
15	72958148	C	A	198	36	185	32	140	26	183	34
15	74637473	G	A	262	0	201	0	226	0	134	87
15	79750500	C	T	155	120	112	112	131	101	130	99
16	613813	G	T	34	28	13	26	15	15	19	23
16	1836857	G	T	92	95	75	74	75	80	56	56
16	3169906	G	C	60	0	34	0	46	11	49	0
16	4016067	G	A	332	281	266	263	259	247	305	208
16	23768533	G	A	165	127	137	111	115	103	149	102
16	24833403	A	G	244	178	254	200	198	163	230	183
16	26147374	G	A	66	64	71	69	63	56	60	77
16	27659960	G	T	115	105	97	99	109	112	101	95
16	30486836	T	C	151	145	155	109	126	124	162	115
16	47545580	A	T	4	63	26	131	0	69	22	89
16	67270901	G	T	58	0	52	0	56	0	51	6
16	76523765	C	T	0	25	8	41	3	24	8	29
16	84050848	C	T	70	0	41	46	63	0	76	0
16	84438797	A	G	70	9	66	4	92	0	64	0
17	7577142	C	T	6	123	5	81	7	93	9	90
17	8216352	C	T	41	0	31	0	16	4	40	0
17	11604538	C	A	127	0	134	0	98	0	22	88
17	21319039	G	T	100	13	67	12	91	13	75	11
17	25973598	A	C	432	19	436	11	428	7	465	7
17	28512207	C	A	24	10	33	20	31	11	35	6
17	28651973	G	A	148	0	196	90	164	0	146	0
17	37360776	A	T	77	82	57	52	82	80	64	49
17	37564990	C	A	125	19	173	0	130	0	137	0
17	42225291	G	T	92	0	62	12	65	0	67	0
17	42335049	A	C	201	0	173	0	171	0	97	61
17	43906662	G	T	271	267	221	230	286	187	276	186
17	60757666	A	T	145	152	101	111	135	107	105	111
17	66364775	G	C	89	73	71	69	75	59	65	60
17	66880022	G	T	64	34	85	76	62	43	78	44
17	66972293	G	A	83	70	146	93	100	68	115	80
17	73568056	G	T	115	117	79	76	97	78	64	64
17	77984553	T	C	35	0	40	0	38	0	19	16
17	79428646	C	T	14	12	23	9	10	27	16	12
17	80054197	G	A	360	0	274	0	284	71	300	0
18	3742436	T	A	148	101	110	92	96	92	105	69
18	7013894	T	A	91	96	101	76	80	73	96	77
18	9255064	G	A	17	14	21	13	9	9	18	11
18	12325903	C	A	82	57	82	47	77	48	47	53
18	14828284	G	T	95	56	157	93	104	59	89	75
18	22028127	C	G	112	88	215	117	126	95	146	97
18	25532145	G	C	81	83	117	90	58	76	104	52
18	54629685	G	A	51	109	130	234	93	133	91	156
18	66344359	C	G	133	0	231	50	125	0	198	0
18	66506139	A	G	113	49	175	83	103	41	160	0
18	70417444	G	A	528	0	674	0	516	0	445	142
19	281403	C	T	398	0	322	121	389	0	362	0
19	1418216	C	G	123	117	88	97	103	99	130	106
19	3275930	C	T	99	93	100	70	87	89	82	77
19	3778246	C	T	51	31	15	12	27	15	17	14
19	5783848	G	C	51	44	51	31	55	57	44	31
19	5785268	T	C	127	113	95	91	96	74	79	51
19	6430135	C	A	190	0	156	0	92	63	139	0
19	7680149	G	A	64	55	62	0	78	0	51	0
19	8154535	C	T	122	100	133	89	115	87	88	83
19	8665830	G	T	91	73	84	67	90	60	91	60
19	9021178	G	A	243	45	262	27	216	17	251	41
19	9066116	G	T	125	112	171	142	118	121	143	90
19	10087941	G	A	252	0	208	0	213	50	204	0
19	10782081	G	A	425	0	290	0	182	137	290	0
19	12989377	G	T	128	64	90	69	96	77	158	0
19	14910786	G	C	17	11	20	13	22	10	21	22
19	16636293	C	G	32	24	25	15	17	20	22	18
19	17119316	G	A	309	0	234	0	277	0	157	124
19	18971721	A	C	131	121	123	89	132	84	124	104
19	19749287	A	G	125	112	84	58	101	68	93	86
19	21991772	T	A	44	12	42	30	31	18	35	18
19	22364086	C	A	38	26	56	36	38	15	37	14
19	24309824	A	G	4	1	8	4	8	6	7	6
19	35715947	T	G	51	7	30	7	52	0	53	0
19	36277797	G	A	43	35	36	26	29	31	15	15
19	37440552	C	T	41	48	77	39	42	30	48	60
19	38709622	C	T	302	0	215	31	296	0	262	0
19	40433018	G	A	118	106	92	75	77	76	96	65
19	40832395	T	A	33	30	36	31	25	32	36	30
19	43258654	A	T	180	112	215	145	144	93	206	113
19	43967754	C	A	26	40	57	47	34	33	44	34
19	45411916	G	T	53	0	28	0	35	0	21	9
19	45496001	G	A	154	0	115	0	129	0	100	23
19	47226521	C	A	67	57	50	40	58	43	36	38
19	47960277	G	A	179	0	92	0	95	46	71	0
19	50666056	C	G	201	199	193	168	188	207	245	152
19	51844732	G	C	95	71	89	74	93	70	83	79
19	52001332	G	C	180	131	169	136	126	94	157	75
19	54401795	G	T	69	79	82	41	54	39	52	38
19	54401796	G	T	69	78	79	40	56	39	50	38
19	54823333	G	C	195	172	205	162	155	138	175	157
19	54823334	G	T	189	170	202	159	145	136	167	157
19	54849424	C	G	155	0	127	0	64	73	110	0
19	54967244	G	C	44	35	42	42	41	45	47	34
19	55246771	C	A	627	577	694	641	512	552	654	586
19	55331191	C	A	0	97	4	108	2	69	14	89
19	56030091	T	C	22	15	18	24	20	13	17	21
19	57060489	C	T	121	0	186	0	111	0	75	83
19	58291127	A	G	76	0	65	46	57	0	84	0
19	58438792	T	A	81	29	83	32	83	26	91	19
20	1630045	C	T	75	0	100	0	39	49	82	0
20	2375160	G	T	64	53	59	37	50	34	49	44
20	3063374	T	A	5	8	7	6	3	6	0	9
20	33842493	G	T	73	58	74	73	55	65	83	68
20	36031720	G	T	172	147	138	111	134	123	120	102
20	42788511	T	A	120	148	98	83	117	75	83	81
20	45315575	T	C	91	86	122	113	78	77	100	101
20	53208302	G	A	192	0	250	0	95	85	193	0
20	58569513	G	C	105	0	93	0	47	46	96	0
21	31798064	C	A	101	97	126	112	82	92	123	93
21	36164861	C	G	73	51	60	39	63	41	43	29
21	38494237	C	T	139	0	213	0	101	16	167	0
21	46910208	G	T	157	151	147	103	134	99	133	116
22	18389545	C	A	54	51	55	35	53	50	48	29
22	25294250	G	A	30	16	21	17	19	19	14	18
22	30802369	C	G	335	0	249	0	311	36	296	0
22	31497001	A	G	191	150	128	93	161	118	256	0
22	35463161	G	T	156	115	162	104	120	84	129	84
22	37329979	G	A	169	90	116	108	85	91	189	0
22	39811530	G	T	222	179	214	161	196	170	220	151
X	3002640	G	A	53	32	120	0	62	0	82	0
X	3002641	A	G	51	31	119	0	62	0	82	0
X	11781952	C	A	213	142	300	196	215	108	244	149
X	13651140	G	T	156	88	226	115	133	104	180	116
X	13734761	C	G	36	29	55	41	35	32	52	25
X	19533138	G	T	18	12	10	6	7	17	16	9
X	24761436	C	A	73	43	106	90	60	42	73	48
X	25031227	C	G	44	39	37	30	34	24	31	22
X	27766809	T	A	13	12	12	8	10	5	20	10
X	32827699	A	T	83	42	75	97	67	46	88	69
X	32827700	C	A	81	42	72	95	64	45	89	65
X	36156533	G	A	311	0	540	0	148	95	351	0
X	36317196	C	T	66	74	113	89	44	56	72	79
X	39937097	C	A	175	148	184	135	140	87	188	103
X	41519767	T	A	115	88	143	119	128	80	131	84
X	41554940	C	T	31	43	60	60	36	31	49	42
X	44929400	G	T	146	128	211	140	164	107	194	112
X	44937727	G	T	155	116	234	133	156	89	155	117
X	46466584	G	T	113	87	121	82	100	58	118	81
X	48887748	G	T	37	44	32	25	38	30	32	16
X	49113234	G	T	126	68	86	66	84	55	79	60
X	50213079	G	C	321	184	270	140	288	140	275	128
X	53455561	A	G	187	0	167	0	156	0	75	70
X	54784222	G	T	460	0	358	0	365	0	328	40
X	57619095	C	G	40	43	49	24	25	22	34	22
X	63410514	C	G	116	87	82	63	81	60	79	76
X	64957127	G	C	102	70	90	51	81	34	93	36
X	65824331	C	A	105	99	169	124	85	99	108	90
X	69497299	C	A	236	153	251	150	197	142	201	156
X	69774537	G	T	68	59	146	87	63	57	96	62
X	70389236	C	G	116	93	131	69	97	68	102	72
X	70470413	G	T	119	70	92	60	90	69	76	63
X	71359127	C	G	103	80	77	93	81	46	78	44
X	76938839	C	A	15	13	17	36	15	28	31	25
X	85950023	G	T	62	44	67	70	71	52	63	52
X	101159293	C	T	111	81	192	123	108	68	146	115
X	101970103	C	T	49	30	54	37	34	21	45	32
X	102004353	G	A	131	80	158	84	146	69	132	102
X	102335099	G	A	161	149	156	170	128	148	195	135
X	102337947	G	A	146	0	182	0	159	0	108	86
X	108696786	G	T	67	72	114	95	65	66	78	48
X	117531020	A	G	199	0	329	0	195	0	137	110
X	117758513	C	A	188	142	289	208	239	122	287	179
X	118221243	G	A	24	24	40	39	32	38	33	45
X	120182691	G	A	164	134	187	124	127	90	163	124
X	130413151	T	G	199	212	247	218	228	136	208	166
X	136648914	C	A	56	37	27	21	19	27	28	18
X	138832309	T	A	47	40	88	75	48	57	52	42
X	151870097	G	T	291	110	344	150	267	104	392	112
X	153660661	G	T	207	0	154	50	160	0	176	0
X	153660662	G	T	202	0	151	48	159	0	168	0
X	153664055	C	A	170	96	137	94	156	76	132	87
X	153979297	T	A	40	44	34	19	30	13	33	15
