Chr	Posi	Wild	Mut	PrimT:ref	PrimT:alt	Met1T:ref	Met1T:alt	Met3T:ref	Met3T:alt
1	115256529	T	C	309	233	65	62	268	158
1	145311931	C	T	21	7	4	4	25	0
1	156011982	C	A	40	36	25	16	45	25
1	248262890	G	A	72	59	46	17	181	60
2	10074032	C	A	229	114	61	29	174	28
2	172571954	G	A	242	15	65	7	249	8
2	196851826	G	C	494	207	112	33	456	175
3	52440844	C	A	67	45	20	23	76	41
4	186570683	A	G	213	12	97	6	419	0
5	26881644	C	T	158	34	54	7	224	37
5	49701623	G	T	55	16	32	12	125	20
6	16327819	T	C	127	63	63	20	119	30
6	27368994	G	T	250	124	62	36	283	83
7	18687622	G	T	113	0	31	0	117	17
7	48287957	G	A	156	88	34	23	196	80
7	55266472	G	A	121	48	56	25	168	52
7	102768936	A	G	260	125	52	19	246	70
9	136426347	C	T	52	64	30	22	52	28
10	14978542	T	C	177	54	38	12	208	43
10	90524202	T	C	293	126	93	32	266	75
10	118364925	T	A	348	146	105	44	238	103
10	125506504	T	C	172	24	89	13	135	22
11	55905153	G	A	271	20	108	0	337	14
11	56344765	C	G	353	169	106	53	341	94
12	85421799	C	A	118	117	25	22	222	99
12	120763699	C	A	143	0	92	0	118	31
14	21679620	G	A	62	7	29	0	131	7
14	65507540	T	G	93	0	43	12	239	0
15	22382643	C	T	242	44	134	7	334	27
15	33895472	G	A	141	19	54	11	228	0
15	76578710	A	C	226	7	61	4	186	0
17	7577581	A	G	75	58	14	44	97	71
17	79077831	A	G	118	21	36	0	74	13
18	47500931	G	A	122	0	72	0	134	21
18	61471726	A	C	101	32	30	12	134	26
19	38103233	G	A	96	27	35	6	128	19
19	48953739	A	G	43	10	28	0	32	13
19	55648516	C	T	98	22	40	5	68	13
X	65253474	C	T	43	99	35	49	109	79
