Chr	Posi	Wild	Mut	Met1T:ref	Met1T:alt	Met2T:ref	Met2T:alt	Met3T:ref	Met3T:alt	Met4T:ref	Met4T:alt	Met6T:ref	Met6T:alt	PrimT:ref	PrimT:alt
1	203144743.0	C	T	126	78	107	60	105	59	118	42	147	76	192	56
1	203144743.1	C	G	126	2	107	2	105	1	118	3	147	1	192	1
1	203144743.2	C	A	126	0	107	0	105	0	118	0	147	0	192	1
4	177041202.0	A	G	372	1	101	0	150	0	257	0	180	0	261	0
4	177041202.1	A	C	372	47	101	0	150	0	257	0	180	0	261	0
2	211525270.0	T	A	585	2	400	1	307	1	449	1	286	0	650	1
2	211525270.1	T	G	585	270	400	1	307	151	449	175	286	197	650	2
2	211525270.2	T	C	585	2	400	1	307	0	449	0	286	0	650	0
7	124482862.0	G	C	418	1	173	0	193	0	319	0	184	0	263	0
7	124482862.1	G	A	418	0	173	0	193	25	319	39	184	29	263	1
7	124482862.2	G	T	418	0	173	0	193	0	319	0	184	0	263	1
11	64418075.0	G	A	237	58	165	109	191	57	158	18	166	65	323	90
11	64418075.1	G	C	237	0	165	1	191	0	158	0	166	1	323	0
11	64418075.2	G	T	237	0	165	0	191	0	158	0	166	0	323	1
8	72984018.0	A	T	727	1	335	0	318	1	517	1	377	1	472	0
8	72984018.1	A	C	727	1	335	0	318	0	517	0	377	50	472	0
8	72984018.2	A	G	727	0	335	0	318	0	517	0	377	1	472	0
8	105503708.0	G	A	118	57	62	43	61	21	91	27	55	34	93	14
8	105503708.1	G	C	118	0	62	0	61	1	91	0	55	1	93	0
8	105503708.2	G	T	118	0	62	0	61	0	91	0	55	0	93	1
1	15772138.0	G	T	210	0	116	0	160	1	137	20	201	0	212	0
1	15772138.1	G	C	210	0	116	0	160	0	137	1	201	0	212	0
2	3392331.0	G	T	59	0	41	33	57	0	59	0	69	0	62	12
7	45222943.0	G	A	93	50	84	57	101	35	80	28	92	48	129	25
8	22138685.0	C	T	350	1	185	1	224	0	274	0	188	0	317	1
8	22138685.1	C	A	350	0	185	0	224	1	274	69	188	3	317	0
8	22138685.2	C	G	350	0	185	0	224	0	274	1	188	0	317	0
3	52524847.0	C	G	246	1	62	0	227	0	200	0	250	1	329	0
3	52524847.1	C	T	246	0	62	135	227	0	200	0	250	0	329	2
7	37889900.0	A	T	518	260	265	174	334	149	474	186	292	183	513	105
7	37889900.1	A	C	518	3	265	2	334	2	474	0	292	0	513	3
7	37889900.2	A	G	518	0	265	2	334	0	474	0	292	2	513	1
4	47602277.0	C	A	469	0	172	0	233	1	329	0	188	0	360	1
4	47602277.1	C	T	469	0	172	0	233	0	329	55	188	77	360	0
4	47602277.2	C	G	469	0	172	0	233	0	329	0	188	1	360	0
9	117846691.0	C	T	536	0	213	0	344	66	458	0	376	0	444	0
9	117846691.1	C	A	536	0	213	0	344	0	458	0	376	0	444	1
9	33797861.0	A	G	304	120	340	68	215	83	212	79	201	76	282	57
9	33797861.1	A	T	304	0	340	1	215	1	212	0	201	0	282	0
9	33797861.2	A	C	304	0	340	1	215	0	212	0	201	0	282	1
1	201334426.0	G	A	124	67	110	77	120	20	119	35	107	78	200	40
1	201334426.1	G	T	124	0	110	2	120	0	119	1	107	0	200	0
6	39864718.0	C	T	85	25	91	0	88	10	77	20	81	26	118	0
6	39864718.1	C	G	85	0	91	0	88	1	77	0	81	0	118	0
6	137814642.0	C	A	59	0	24	21	40	0	33	0	43	0	38	0
13	77750711.0	A	G	580	1	307	0	308	0	454	0	262	0	492	0
13	77750711.1	A	C	580	190	307	0	308	143	454	124	262	139	492	0
13	77750711.2	A	T	580	0	307	0	308	1	454	0	262	0	492	0
11	103062927.0	T	G	490	1	277	0	249	49	414	0	251	0	407	0
11	103062927.1	T	C	490	1	277	0	249	0	414	0	251	0	407	2
11	103062927.2	T	A	490	0	277	3	249	0	414	1	251	0	407	0
2	54894740.0	G	A	1009	1	636	1	616	0	717	0	650	0	815	0
2	54894740.1	G	T	1009	1	636	3	616	0	717	0	650	2	815	2
2	54894740.2	G	C	1009	0	636	0	616	138	717	0	650	0	815	0
12	54764484.0	G	C	218	49	326	0	207	32	186	14	219	48	304	0
12	54764484.1	G	T	218	0	326	0	207	0	186	0	219	0	304	1
15	42684899.0	C	G	348	64	335	0	284	44	257	48	274	53	365	0
15	42684899.1	C	A	348	0	335	0	284	0	257	0	274	1	365	0
15	42684899.2	C	T	348	0	335	0	284	0	257	0	274	2	365	0
19	19420928.0	C	T	268	34	211	0	257	0	219	0	279	0	299	0
19	19420928.1	C	A	268	0	211	0	257	0	219	0	279	1	299	1
X	29973828.0	G	A	124	0	78	0	60	0	98	0	84	0	65	37
8	7217825.0	A	G	615	1	274	0	335	0	471	1	266	1	476	4
8	7217825.1	A	C	615	1	274	2	335	0	471	0	266	33	476	2
8	7217825.2	A	T	615	0	274	5	335	0	471	0	266	0	476	1
8	113314101.0	C	A	730	1	315	184	339	1	610	3	413	2	521	1
8	113314101.1	C	T	730	1	315	5	339	2	610	0	413	2	521	0
8	113314101.2	C	G	730	0	315	0	339	0	610	2	413	0	521	2
1	248366734.0	G	A	400	181	207	162	191	99	291	119	221	128	328	89
1	248366734.1	G	T	400	0	207	1	191	0	291	1	221	3	328	2
1	248366734.2	G	C	400	0	207	3	191	1	291	1	221	2	328	3
12	56119914.0	G	C	318	2	370	0	328	0	269	0	248	52	301	1
12	56119914.1	G	T	318	0	370	2	328	0	269	0	248	1	301	2
12	56119914.2	G	A	318	0	370	0	328	3	269	0	248	1	301	1
12	79693194.0	C	G	614	0	390	2	328	0	443	0	333	0	382	1
12	79693194.1	C	A	614	0	390	0	328	49	443	0	333	1	382	0
12	79693194.2	C	T	614	0	390	0	328	1	443	1	333	0	382	0
4	126239463.0	C	T	213	56	54	70	149	25	186	29	119	51	225	31
4	126239463.1	C	A	213	0	54	1	149	0	186	0	119	0	225	0
19	15484768.0	C	T	107	25	98	0	113	26	95	17	105	29	112	0
19	15484768.1	C	G	107	5	98	0	113	0	95	1	105	0	112	0
14	33165209.0	G	T	509	234	232	182	284	143	429	161	256	202	432	80
14	33165209.1	G	C	509	1	232	1	284	0	429	0	256	1	432	1
14	33165209.2	G	A	509	0	232	2	284	1	429	1	256	0	432	1
16	24043461.0	C	A	181	98	72	117	184	78	221	77	137	116	273	92
16	24043461.1	C	T	181	0	72	1	184	0	221	0	137	0	273	2
16	24043461.2	C	G	181	0	72	1	184	0	221	0	137	0	273	0
1	33998700.0	C	T	74	26	56	0	51	18	98	18	67	24	95	0
7	128317694.0	G	A	232	0	183	0	143	29	146	0	208	0	204	1
7	128317694.1	G	T	232	0	183	0	143	0	146	0	208	1	204	0
15	75044571.0	C	A	365	1	242	134	328	0	311	1	320	0	358	91
15	75044571.1	C	T	365	0	242	2	328	0	311	0	320	0	358	1
16	87380785.0	C	T	129	94	90	132	154	84	180	62	144	125	327	73
16	87380785.1	C	A	129	0	90	0	154	0	180	0	144	1	327	0
1	248343636.0	G	A	374	156	199	130	210	50	338	112	195	100	299	66
1	248343636.1	G	T	374	1	199	4	210	0	338	2	195	0	299	4
1	248343636.2	G	C	374	2	199	0	210	1	338	0	195	1	299	0
16	20387439.0	A	T	473	1	182	0	228	0	380	0	249	47	408	0
16	20387439.1	A	C	473	0	182	2	228	0	380	0	249	3	408	1
16	20387439.2	A	G	473	0	182	0	228	0	380	0	249	1	408	1
17	7577581.0	A	C	90	67	67	136	91	81	110	73	67	116	205	74
17	7577581.1	A	T	90	0	67	1	91	0	110	0	67	0	205	0
4	57797087.0	C	T	60	63	38	3	58	31	72	28	48	51	98	23
10	50944105.0	C	A	170	1	123	0	102	0	128	0	113	0	184	2
10	50944105.1	C	T	170	62	123	71	102	54	128	42	113	101	184	48
10	50944105.2	C	G	170	0	123	1	102	0	128	0	113	0	184	0
11	57182560.0	C	A	155	0	172	0	138	0	127	0	118	19	161	1
9	73167951.0	A	C	201	0	89	1	150	0	219	0	108	30	202	0
9	73167951.1	A	T	201	0	89	0	150	0	219	0	108	1	202	0
9	73167951.2	A	G	201	0	89	0	150	0	219	0	108	1	202	0
2	234231614.0	C	A	797	1	638	1	557	121	597	0	632	0	675	0
2	234231614.1	C	T	797	0	638	1	557	1	597	1	632	0	675	0
2	234231614.2	C	G	797	0	638	3	557	0	597	0	632	0	675	0
16	49412439.0	A	G	287	0	116	0	203	0	218	0	200	23	324	0
2	98375454.0	C	A	506	0	447	2	405	0	364	0	439	0	448	1
2	98375454.1	C	T	506	0	447	1	405	0	364	45	439	0	448	0
X	119504597.0	T	A	294	0	145	0	130	1	198	1	150	2	191	0
X	119504597.1	T	G	294	0	145	0	130	0	198	0	150	1	191	2
X	119504597.2	T	C	294	0	145	0	130	0	198	0	150	20	191	0
10	92675554.0	G	T	279	0	185	0	142	36	196	0	162	0	222	0
5	176516655.0	C	A	408	0	290	1	377	0	356	0	473	0	479	2
5	176516655.1	C	T	408	0	290	0	377	0	356	0	473	1	479	118
12	25398284.0	C	A	500	1610	196	534	250	557	401	569	213	738	497	199
12	25398284.1	C	T	500	3	196	1	250	0	401	0	213	2	497	0
12	25398284.2	C	G	500	2	196	3	250	0	401	1	213	1	497	1
16	24202459.0	G	A	426	4	214	3	276	0	377	1	260	3	373	0
16	24202459.1	G	T	426	92	214	1	276	57	377	49	260	75	373	0
16	24202459.2	G	C	426	0	214	1	276	0	377	0	260	0	373	1
15	65113633.0	G	A	69	47	57	47	66	26	55	22	70	50	120	27
15	65113633.1	G	C	69	1	57	0	66	1	55	1	70	0	120	0
15	65113633.2	G	T	69	0	57	0	66	0	55	0	70	1	120	0
2	190925074.0	G	A	299	124	164	98	199	111	281	105	185	94	258	53
2	190925074.1	G	T	299	3	164	2	199	1	281	1	185	1	258	1
2	190925074.2	G	C	299	0	164	1	199	0	281	1	185	2	258	1
14	24836270.0	A	C	382	30	339	15	329	8	335	7	338	11	505	37
14	24836270.1	A	T	382	0	339	0	329	1	335	0	338	0	505	1
17	42332629.0	G	T	375	0	282	0	338	0	254	1	421	0	290	58
17	46053334.0	A	G	174	65	247	29	184	48	153	53	160	57	277	42
17	46053334.1	A	C	174	0	247	0	184	0	153	0	160	1	277	0
15	66844192.0	T	C	446	0	259	0	296	0	265	47	250	54	287	1
15	66844192.1	T	A	446	0	259	0	296	0	265	0	250	0	287	1
4	141446662.0	G	A	1018	2	161	313	664	1	876	0	564	2	911	2
4	141446662.1	G	C	1018	2	161	1	664	0	876	0	564	1	911	1
4	141446662.2	G	T	1018	0	161	5	664	1	876	3	564	4	911	1
8	68972947.0	G	A	729	297	392	242	393	147	548	181	371	242	646	124
8	68972947.1	G	T	729	3	392	3	393	0	548	0	371	3	646	1
8	68972947.2	G	C	729	0	392	2	393	0	548	1	371	0	646	4
15	84690336.0	G	A	327	0	119	1	192	0	242	0	227	0	249	0
15	84690336.1	G	T	327	0	119	62	192	0	242	1	227	0	249	0
15	84690336.2	G	C	327	0	119	0	192	0	242	1	227	0	249	0
11	55762059.0	A	T	100	1	47	0	50	0	110	1	47	0	85	0
11	55762059.1	A	G	100	14	47	29	50	8	110	9	47	10	85	24
