Chr	Posi	Wild	Mut	Met1T:ref	Met1T:alt	Met3T:ref	Met3T:alt	Met4T:ref	Met4T:alt	PrimT:ref	PrimT:alt
7	91712576.0	A	G	80	14	35	17	101	27	106	39
7	91712576.1	A	T	80	0	35	0	101	1	106	1
X	101096713.0	T	A	200	1	236	0	93	25	173	0
X	101096713.1	T	C	200	0	236	0	93	0	173	1
7	29963598.0	T	G	170	0	163	2	180	0	200	0
7	29963598.1	T	C	170	0	163	30	180	0	200	0
5	77423892.0	G	A	125	24	154	1	216	0	218	0
5	77423892.1	G	T	125	1	154	0	216	0	218	0
5	77423892.2	G	C	125	1	154	0	216	0	218	1
20	34458922.0	T	A	135	0	210	1	166	0	222	0
20	34458922.1	T	C	135	0	210	0	166	47	222	47
2	236949481.0	C	T	159	1	350	88	92	41	121	30
2	236949481.1	C	G	159	0	350	1	92	0	121	1
2	236949481.2	C	A	159	0	350	0	92	2	121	0
16	30380600.0	C	G	34	4	60	21	21	8	30	13
X	37028261.0	G	A	42	12	77	16	37	0	38	0
X	37028261.1	G	T	42	1	77	0	37	0	38	0
1	22186694.0	G	T	100	26	186	0	43	0	95	0
12	122406041.0	G	A	104	0	170	31	87	0	111	0
15	44194429.0	A	T	344	0	296	1	396	0	447	1
15	44194429.1	A	G	344	0	296	59	396	0	447	0
15	44194429.2	A	C	344	0	296	0	396	0	447	1
17	18196043.0	C	A	189	1	336	3	199	0	257	0
17	18196043.1	C	T	189	0	336	80	199	0	257	0
17	18196043.2	C	G	189	0	336	1	199	0	257	0
6	72968715.0	G	T	113	1	105	1	126	0	195	1
6	72968715.1	G	C	113	36	105	31	126	48	195	44
6	72968715.2	G	A	113	0	105	1	126	0	195	0
19	34710362.0	G	C	166	2	188	11	123	8	190	2
19	34710362.1	G	T	166	0	188	2	123	0	190	0
12	9085221.0	C	A	57	17	118	24	54	5	115	23
14	59988392.0	A	G	166	0	181	0	157	1	170	0
14	59988392.1	A	C	166	0	181	0	157	50	170	0
3	124731739.0	G	A	79	63	74	74	75	86	68	93
3	124731739.1	G	T	79	0	74	2	75	0	68	0
1	226924739.0	C	T	51	38	134	88	43	41	41	27
8	72111602.0	G	A	204	0	585	0	266	54	273	0
8	72111602.1	G	C	204	0	585	0	266	1	273	0
8	72111602.2	G	T	204	0	585	0	266	0	273	1
16	51174353.0	C	T	87	1	264	0	84	29	160	0
6	158870175.0	G	A	146	45	262	86	120	0	162	42
6	158870175.1	G	T	146	0	262	1	120	0	162	1
17	38816295.0	C	A	172	65	170	38	191	66	237	68
17	38816295.1	C	T	172	1	170	0	191	0	237	1
5	140249849.0	G	A	69	23	192	50	95	14	102	20
5	140249849.1	G	T	69	1	192	0	95	2	102	1
1	161180178.0	A	G	47	0	44	0	45	14	64	0
1	161180179.0	G	T	47	0	44	1	43	14	59	0
16	61687551.0	G	A	63	6	50	10	48	13	80	25
16	61687551.1	G	T	63	0	50	1	48	0	80	0
10	70641814.0	G	A	84	46	59	61	111	93	135	93
3	36893797.0	T	A	81	0	98	0	88	36	133	0
8	51449341.0	A	T	365	1	861	0	568	0	601	0
8	51449341.1	A	G	365	61	861	0	568	0	601	1
8	51449341.2	A	C	365	0	861	0	568	0	601	1
3	178936091.0	G	A	109	95	86	99	210	198	259	165
3	178936091.1	G	T	109	0	86	0	210	1	259	0
3	178936091.2	G	C	109	0	86	0	210	1	259	0
7	82763965.0	G	A	107	26	123	32	86	25	98	38
7	82763965.1	G	T	107	1	123	0	86	1	98	0
7	138406715.0	G	T	78	11	87	68	58	47	122	55
7	138406715.1	G	A	78	0	87	1	58	0	122	0
19	49392796.0	A	T	148	38	177	0	143	0	152	0
19	36036648.0	C	T	240	0	549	0	144	29	186	0
21	27117630.0	T	C	85	0	92	0	148	55	210	0
17	40315779.0	G	A	53	0	76	27	50	0	56	0
17	40315779.1	G	C	53	0	76	1	50	0	56	0
9	3937104.0	C	T	379	89	527	119	420	1	477	0
9	3937104.1	C	A	379	0	527	1	420	0	477	0
9	3937104.2	C	G	379	0	527	0	420	0	477	2
X	22291300.0	T	G	67	0	31	8	88	0	79	0
7	100656271.0	C	T	142	0	169	66	101	0	114	0
7	100656271.1	C	A	142	0	169	0	101	0	114	1
8	110985000.0	C	G	141	11	179	30	287	0	299	1
17	27064509.0	C	T	18	14	99	83	27	21	29	38
17	27064509.1	C	G	18	0	99	1	27	0	29	0
2	64780408.0	G	A	64	1	72	0	67	0	106	0
2	64780408.1	G	T	64	0	72	0	67	15	106	0
11	75852266.0	G	A	46	26	139	34	57	17	96	19
3	55984456.0	C	T	80	1	92	1	74	36	140	0
11	55927290.0	G	T	55	15	65	9	55	18	84	23
21	41385263.0	G	T	18	12	44	13	29	12	39	13
1	235324325.0	C	T	75	0	158	57	91	0	99	0
1	235324325.1	C	G	75	0	158	2	91	0	99	0
1	235324325.2	C	A	75	0	158	0	91	0	99	1
1	25747130.0	C	T	305	2	351	0	265	54	329	1
1	25747130.1	C	A	305	0	351	0	265	0	329	1
16	87377366.0	G	A	60	11	175	48	91	14	102	24
16	87377366.1	G	C	60	1	175	0	91	0	102	0
9	140997191.0	G	A	79	2	199	5	86	1	92	4
9	140997191.1	G	T	79	1	199	0	86	0	92	0
9	140997191.2	G	C	79	90	199	135	86	46	92	84
1	10434931.0	G	T	117	0	111	0	76	31	110	0
X	149783060.0	A	T	332	0	220	0	271	98	459	1
X	149783060.1	A	C	332	0	220	0	271	1	459	0
17	37830287.0	G	T	218	0	432	0	194	45	347	1
17	37830287.1	G	C	218	0	432	0	194	2	347	0
X	114877684.0	C	T	167	61	188	80	203	33	271	105
X	114877684.1	C	G	167	0	188	0	203	0	271	1
19	52570732.0	G	A	64	37	45	48	33	70	47	88
19	52570732.1	G	T	64	3	45	0	33	0	47	0
19	52570732.2	G	C	64	0	45	0	33	1	47	0
19	31768018.0	C	T	31	6	55	15	13	4	20	9
4	190878625.0	A	G	285	18	217	10	312	32	339	10
4	190878625.1	A	T	285	0	217	1	312	0	339	0
4	190878625.2	A	C	285	0	217	1	312	0	339	0
7	141738390.0	T	C	86	0	144	0	79	22	105	0
1	151079573.0	G	A	67	11	121	0	136	0	183	0
8	33451178.0	G	T	91	0	166	74	69	0	82	0
8	33451178.1	G	C	91	0	166	1	69	0	82	0
X	49034390.0	A	T	50	1	198	0	47	0	90	0
X	49034390.1	A	G	50	13	198	44	47	0	90	0
3	164697162.0	G	A	387	68	289	37	526	111	496	81
3	164697162.1	G	T	387	0	289	0	526	1	496	1
11	2321780.0	C	T	81	2	215	66	48	8	85	15
11	2321780.1	C	A	81	0	215	1	48	1	85	0
11	2321780.2	C	G	81	0	215	3	48	0	85	0
2	173832172.0	C	T	76	29	228	78	117	0	145	26
2	173832172.1	C	A	76	0	228	0	117	0	145	1
12	85408335.0	C	A	118	33	67	0	221	0	161	0
9	35607928.0	G	A	204	37	199	57	190	42	288	76
9	35607928.1	G	T	204	2	199	4	190	0	288	0
9	35607928.2	G	C	204	1	199	0	190	0	288	0
17	41197782.0	T	A	114	0	189	0	102	26	162	0
2	196583039.0	A	G	80	16	83	23	162	0	133	31
2	196583039.1	A	T	80	0	83	0	162	0	133	1
14	22133842.0	T	A	100	1	157	1	88	1	119	0
14	22133842.1	T	C	100	0	157	0	88	27	119	0
3	151105621.0	G	A	115	14	196	33	177	33	173	27
3	151105621.1	G	T	115	1	196	0	177	0	173	0
3	151105621.2	G	C	115	0	196	0	177	1	173	0
5	140763556.0	A	G	28	5	23	12	34	0	43	17
22	32506093.0	A	G	114	0	139	0	80	36	136	0
22	32506093.1	A	C	114	0	139	0	80	0	136	1
5	168175394.0	T	A	62	20	192	0	68	0	70	0
1	240371455.0	G	A	90	27	159	71	70	20	75	14
1	240371455.1	G	C	90	1	159	0	70	0	75	1
1	240371455.2	G	T	90	0	159	0	70	1	75	1
17	38348869.0	G	T	215	1	249	0	210	61	353	1
9	88954997.0	C	T	191	40	140	32	227	46	288	18
9	88954997.1	C	A	191	0	140	1	227	0	288	0
14	58033250.0	G	T	90	1	202	0	176	0	230	0
14	58033250.1	G	C	90	25	202	0	176	0	230	0
14	58033250.2	G	A	90	0	202	0	176	0	230	2
6	161969943.0	C	G	92	0	188	0	47	24	124	0
X	152772535.0	G	A	73	23	132	74	35	22	69	63
19	2850623.0	C	A	259	3	289	1	257	1	334	1
19	2850623.1	C	T	259	64	289	84	257	84	334	97
19	2850623.2	C	G	259	1	289	0	257	0	334	1
14	105609432.0	G	A	15	11	84	84	8	13	13	14
14	105609432.1	G	T	15	0	84	0	8	0	13	1
17	39023198.0	G	T	41	0	44	15	59	0	72	0
9	73399139.0	T	A	120	1	86	1	106	0	84	0
9	73399139.1	T	C	120	55	86	81	106	66	84	63
7	99103707.0	C	A	112	1	71	22	141	1	145	0
9	21971120.0	G	A	2	9	9	38	10	11	6	11
2	100170988.0	C	G	39	11	101	31	37	0	40	12
2	100170988.1	C	T	39	0	101	1	37	0	40	0
19	1816070.0	G	A	138	39	457	128	110	38	164	43
19	1816070.1	G	T	138	1	457	2	110	2	164	2
19	1816070.2	G	C	138	2	457	12	110	2	164	10
11	66258799.0	G	A	123	33	178	31	124	20	161	28
11	66258799.1	G	T	123	0	178	0	124	1	161	1
1	197036340.0	T	G	74	12	31	13	109	0	79	0
1	197036340.1	T	A	74	0	31	2	109	0	79	0
1	197036340.2	T	C	74	0	31	0	109	1	79	0
X	67935191.0	C	T	428	146	383	173	322	54	428	199
X	67935191.1	C	G	428	1	383	0	322	0	428	0
X	67935191.2	C	A	428	0	383	1	322	0	428	1
10	64575686.0	G	A	148	89	240	212	110	95	174	122
10	64575686.1	G	T	148	0	240	0	110	2	174	0
17	7577568.0	C	T	114	18	158	115	80	29	108	35
3	148885690.0	G	A	208	162	123	146	320	348	300	354
3	148885690.1	G	T	208	0	123	1	320	2	300	3
1	198704277.0	C	T	269	0	280	50	459	2	401	0
1	213341248.0	G	A	195	43	212	64	308	73	390	76
1	213341248.1	G	T	195	0	212	0	308	2	390	1
1	213341248.2	G	C	195	0	212	0	308	1	390	1
X	76711894.0	G	A	147	0	144	19	92	0	212	1
1	240635685.0	G	A	174	105	62	48	143	152	131	103
1	240635685.1	G	T	174	1	62	1	143	0	131	0
1	240635685.2	G	C	174	0	62	0	143	1	131	0
12	90036016.0	C	G	162	1	68	0	282	0	169	1
12	90036016.1	C	T	162	0	68	22	282	0	169	39
12	90036016.2	C	A	162	0	68	0	282	0	169	2
13	103398590.0	G	A	7	3	17	10	12	14	18	19
13	103398590.1	G	T	7	0	17	0	12	1	18	0
4	36115849.0	T	G	335	53	113	35	548	187	404	56
4	36115849.1	T	C	335	1	113	0	548	1	404	0
4	36115849.2	T	A	335	0	113	0	548	1	404	3
2	198646474.0	C	T	153	28	176	50	254	76	262	77
2	198646474.1	C	G	153	0	176	0	254	1	262	0
2	198646474.2	C	A	153	0	176	0	254	0	262	2
22	29837827.0	A	T	165	1	285	0	160	0	200	0
22	29837827.1	A	G	165	16	285	24	160	10	200	23
1	117146438.0	G	A	77	10	162	50	60	9	97	41
1	117146438.1	G	T	77	0	162	2	60	0	97	2
1	117146438.2	G	C	77	0	162	8	60	0	97	2
16	30794458.0	C	T	60	25	187	40	33	0	46	0
9	136081755.0	A	G	299	0	468	1	155	0	222	0
9	136081755.1	A	T	299	0	468	0	155	39	222	0
7	71252771.0	C	T	80	0	190	65	66	0	78	0
11	75905663.0	C	A	173	1	457	0	138	51	209	1
11	75905663.1	C	T	173	0	457	0	138	1	209	0
6	70092770.0	A	C	131	0	93	0	177	0	172	44
4	149356586.0	G	A	84	8	35	26	73	23	73	24
4	149356586.1	G	C	84	0	35	1	73	0	73	0
19	9018463.0	T	G	374	1	371	0	306	0	354	0
19	9018463.1	T	C	374	11	371	3	306	9	354	6
19	9018463.2	T	A	374	0	371	1	306	0	354	0
10	96818251.0	A	G	82	15	92	0	172	0	176	0
5	52216234.0	G	A	166	1	135	0	414	0	285	0
5	52216234.1	G	T	166	36	135	0	414	0	285	0
17	9791287.0	A	C	204	37	250	72	248	0	254	0
17	9791287.1	A	T	204	0	250	2	248	0	254	0
17	9791287.2	A	G	204	0	250	2	248	0	254	0
17	10210354.0	T	A	240	0	253	42	257	0	290	0
17	10210354.1	T	G	240	0	253	2	257	1	290	0
12	39242379.0	T	C	91	0	32	0	131	54	122	0
3	9594202.0	G	T	36	18	62	38	34	15	24	15
3	9594202.1	G	C	36	1	62	0	34	0	24	0
15	101447344.0	C	A	105	1	127	1	115	0	167	0
15	101447344.1	C	T	105	47	127	58	115	34	167	43
12	99223027.0	G	T	135	2	175	1	198	0	228	1
12	99223027.1	G	A	135	0	175	48	198	2	228	57
12	99223027.2	G	C	135	0	175	0	198	0	228	1
17	76799726.0	G	A	30	5	96	38	23	7	33	30
17	76799726.1	G	T	30	0	96	1	23	0	33	2
17	76799726.2	G	C	30	0	96	0	23	1	33	0
16	1292189.0	G	A	76	0	127	39	38	0	50	0
2	144764869.0	G	A	96	0	68	1	89	0	116	0
2	144764869.1	G	C	96	0	68	27	89	52	116	36
X	66765004.0	G	A	100	58	161	75	65	40	124	70
X	105279119.0	G	A	117	65	116	90	83	83	201	97
X	105279119.1	G	T	117	1	116	0	83	0	201	1
2	48030664.0	G	A	199	1	189	0	258	0	273	0
2	48030664.1	G	T	199	43	189	68	258	96	273	68
2	48030664.2	G	C	199	1	189	0	258	0	273	0
6	117150092.0	C	T	123	20	192	0	168	0	194	0
6	117150092.1	C	G	123	1	192	0	168	0	194	0
7	127973350.0	A	G	141	31	135	0	169	0	181	0
7	127973350.1	A	T	141	0	135	0	169	0	181	1
3	167184984.0	G	T	261	0	207	31	449	0	507	2
19	18545752.0	G	A	98	25	222	53	54	14	139	23
3	79638985.0	T	A	57	0	40	16	130	0	170	2
3	79638985.1	T	G	57	0	40	0	130	0	170	1
3	79638986.0	G	A	57	0	40	19	133	0	174	0
1	17718702.0	G	A	112	28	211	55	88	0	156	0
1	17718702.1	G	T	112	1	211	0	88	0	156	0
1	17718702.2	G	C	112	0	211	1	88	0	156	0
X	9862566.0	C	A	57	1	179	0	47	0	92	0
X	9862566.1	C	T	57	22	179	47	47	0	92	0
11	108383537.0	C	A	55	11	86	0	75	0	91	0
16	46696915.0	C	T	53	0	69	0	60	14	89	20
2	210824360.0	G	A	213	45	246	91	168	67	296	82
2	210824360.1	G	T	213	0	246	0	168	1	296	1
19	51323290.0	G	T	75	21	111	0	65	0	74	0
6	36981394.0	C	A	159	30	355	0	144	0	256	0
6	36981394.1	C	G	159	0	355	0	144	1	256	0
4	141789474.0	C	G	200	1	162	0	210	0	181	0
4	141789474.1	C	A	200	0	162	0	210	45	181	0
6	132695784.0	C	T	189	40	155	40	225	106	334	87
6	132695784.1	C	A	189	0	155	0	225	0	334	2
14	94780384.0	A	T	86	30	85	62	47	40	62	62
14	94780384.1	A	C	86	0	85	1	47	0	62	0
14	94780384.2	A	G	86	0	85	0	47	0	62	1
11	19955533.0	G	A	78	10	124	24	59	12	74	14
11	19955533.1	G	T	78	0	124	3	59	1	74	0
11	19955533.2	G	C	78	0	124	0	59	0	74	1
11	123753997.0	T	A	41	0	74	1	76	0	91	0
11	123753997.1	T	G	41	0	74	21	76	0	91	0
14	90650879.0	C	A	75	24	247	1	126	0	180	0
14	90650879.1	C	G	75	1	247	1	126	0	180	0
2	54482945.0	A	G	49	0	69	18	37	0	63	0
1	152129071.0	G	A	236	16	170	19	199	25	293	18
1	152129071.1	G	T	236	0	170	0	199	0	293	1
12	55820846.0	G	A	24	4	8	12	24	9	13	22
13	52725364.0	C	A	130	1	96	0	241	0	172	1
13	52725364.1	C	T	130	25	96	16	241	43	172	34
16	50666248.0	A	T	115	20	191	0	164	0	181	0
16	50666248.1	A	G	115	1	191	0	164	0	181	0
5	74646984.0	G	A	80	0	63	19	168	0	133	0
5	74646984.1	G	T	80	0	63	0	168	1	133	0
3	157131880.0	C	A	54	17	49	14	99	23	108	25
9	36677287.0	G	A	62	0	96	1	170	0	185	0
9	36677287.1	G	T	62	0	96	32	170	0	185	0
9	36677287.2	G	C	62	0	96	0	170	1	185	0
4	145041668.0	C	T	63	0	33	0	56	14	40	0
16	83948728.0	C	T	58	28	257	1	89	0	143	1
16	83948728.1	C	G	58	1	257	0	89	0	143	0
15	55759236.0	T	A	221	4	126	2	204	0	227	2
15	55759236.1	T	G	221	1	126	0	204	0	227	0
15	55759236.2	T	C	221	1	126	4	204	63	227	1
2	26987265.0	T	C	88	15	284	0	111	0	109	0
3	167184983.0	A	G	259	0	207	30	447	0	505	1
3	167184983.1	A	C	259	0	207	1	447	0	505	0
8	68007601.0	G	A	111	1	116	0	248	0	206	0
8	68007601.1	G	T	111	0	116	18	248	0	206	0
14	21216000.0	C	T	93	0	177	39	133	0	198	0
9	125424186.0	C	A	115	0	81	28	77	0	79	1
9	125424186.1	C	G	115	0	81	2	77	0	79	0
6	48036193.0	C	T	43	15	58	42	37	24	27	16
X	154159624.0	C	A	332	1	312	2	282	0	535	3
X	154159624.1	C	T	332	56	312	70	282	70	535	111
X	154159624.2	C	G	332	0	312	1	282	0	535	0
3	142188239.0	T	A	105	17	107	0	234	0	198	0
20	18295866.0	C	T	93	23	111	52	88	51	155	42
20	18295866.1	C	G	93	2	111	0	88	0	155	1
20	18295866.2	C	A	93	0	111	1	88	0	155	3
6	90513191.0	C	T	26	46	32	106	49	44	42	81
5	133942641.0	T	G	143	0	187	0	191	47	211	0
