Chr	Posi	Wild	Mut	PrimT:ref	PrimT:alt	Met1T:ref	Met1T:alt	Met2T:ref	Met2T:alt
1	37270785	C	T	33	32	18	19	21	24
1	179544741	C	G	7	16	2	16	4	11
2	85097480	T	C	103	63	55	34	57	56
2	88409874	C	T	183	143	78	58	97	67
2	130952038	G	A	70	21	22	10	35	18
2	198355003	T	A	72	95	92	86	91	88
4	68358596	C	T	97	8	347	0	266	6
6	25285097	A	G	470	300	442	297	331	231
6	43417691	C	T	134	107	81	19	111	73
6	108882938	A	G	73	6	28	5	29	0
8	95182719	C	T	94	27	131	0	120	24
9	104432521	C	T	86	16	55	17	78	15
10	3827187	C	T	130	116	84	72	99	75
12	88487643	C	T	110	72	204	122	197	118
19	1116922	C	A	22	73	10	17	15	32
19	12829964	G	A	201	342	65	105	115	169
X	49087688	G	A	423	294	202	175	242	182
X	67333062	T	A	241	191	254	122	237	135
X	101138892	G	T	153	64	148	81	177	49
X	151815486	G	A	420	70	295	0	313	31
