Chr	Posi	Wild	Mut	Met1T:ref	Met1T:alt	Met2T:ref	Met2T:alt	PrimT:ref	PrimT:alt
16	57481445.0	C	A	28	11	26	20	32	27
16	57481445.1	C	G	28	0	26	0	32	1
13	103491914.0	C	T	81	20	113	63	127	80
13	103491914.1	C	A	81	0	113	1	127	0
4	126328044.0	G	T	76	28	75	28	101	35
10	11551643.0	T	A	402	1	469	0	547	0
10	11551643.1	T	C	402	167	469	224	547	233
X	106093511.0	T	G	101	2	69	23	100	40
17	62133121.0	G	T	53	19	95	35	75	18
5	150946491.0	C	T	99	47	170	0	174	2
5	112173917.0	C	T	58	23	49	33	72	27
3	121206966.0	A	G	126	0	195	28	207	0
1	158984692.0	G	A	137	93	103	120	150	119
1	158984692.1	G	T	137	1	103	0	150	0
11	51411507.0	T	G	49	21	71	17	64	6
7	122787348.0	G	T	170	1	374	0	279	33
4	128841945.0	A	C	34	15	59	30	79	10
20	55027550.0	G	A	76	66	85	38	87	58
20	55027550.1	G	T	76	0	85	1	87	0
9	27218780.0	C	T	265	103	236	149	327	162
9	27218780.1	C	G	265	0	236	0	327	1
16	3656567.0	C	T	236	98	339	147	375	155
16	3656567.1	C	A	236	0	339	0	375	1
19	18092652.0	G	A	24	0	29	18	29	19
19	18092652.1	G	T	24	0	29	0	29	2
19	18092652.2	G	C	24	0	29	0	29	1
8	144511624.0	G	A	65	16	140	1	117	2
6	108066289.0	G	A	78	1	84	0	97	0
6	108066289.1	G	T	78	30	84	41	97	35
6	108066289.2	G	C	78	1	84	0	97	0
16	48596354.0	T	C	48	0	26	14	54	14
11	88911183.0	C	T	95	36	140	23	151	40
2	95947702.0	G	A	128	41	195	87	180	83
2	95947702.1	G	C	128	0	195	1	180	0
2	95947702.2	G	T	128	0	195	0	180	1
19	35719495.0	C	T	93	35	244	0	222	4
9	73151907.0	C	T	139	35	110	46	187	64
9	73151907.1	C	G	139	0	110	1	187	0
14	34243580.0	C	T	205	62	268	63	266	96
14	34243580.1	C	G	205	0	268	2	266	0
1	112524896.0	G	A	35	9	36	41	45	18
X	147030296.0	C	A	170	43	221	39	188	68
X	147030296.1	C	G	170	1	221	1	188	0
X	147030296.2	C	T	170	0	221	0	188	1
6	90660955.0	C	A	116	0	130	1	134	0
6	90660955.1	C	T	116	0	130	53	134	62
6	90660955.2	C	G	116	0	130	2	134	0
6	152651680.0	C	A	37	10	64	27	68	37
3	178936091.0	G	A	165	107	233	107	223	78
15	48826283.0	A	G	171	58	197	84	178	93
5	24535873.0	G	A	225	75	278	99	273	104
5	24535873.1	G	T	225	0	278	1	273	1
5	24535873.2	G	C	225	0	278	1	273	0
22	50589194.0	G	A	156	48	259	122	257	109
22	50589194.1	G	C	156	1	259	0	257	1
22	50589194.2	G	T	156	0	259	0	257	1
10	90773951.0	A	G	137	53	168	81	153	63
10	90773951.1	A	T	137	0	168	2	153	0
8	77620196.0	C	T	74	19	94	0	143	1
15	79323808.0	G	A	204	82	338	170	309	129
15	79323808.1	G	T	204	0	338	3	309	0
15	79323808.2	G	C	204	0	338	1	309	0
1	46088226.0	C	A	30	1	54	0	46	0
1	46088226.1	C	T	30	14	54	37	46	18
7	91936822.0	G	A	126	0	126	0	131	16
15	80137605.0	C	A	154	66	238	0	253	2
13	103492025.0	C	G	28	12	40	20	28	12
11	45671746.0	C	T	26	16	41	11	34	16
11	45671746.1	C	G	26	0	41	1	34	0
11	58979888.0	G	T	208	0	185	39	194	37
3	142681429.0	C	A	54	20	126	71	86	54
3	142681429.1	C	T	54	0	126	1	86	0
3	142681429.2	C	G	54	0	126	2	86	0
13	88328901.0	T	C	129	1	76	89	107	100
10	1065491.0	G	A	184	0	185	25	251	1
2	160086173.0	C	T	41	19	46	24	35	23
1	153333181.0	A	G	85	35	137	0	139	1
X	48888977.0	T	C	213	0	203	60	301	0
X	48888977.1	T	A	213	0	203	0	301	1
15	41137095.0	G	A	33	13	61	28	55	22
15	41137095.1	G	C	33	0	61	1	55	1
1	151785422.0	C	T	147	43	214	33	178	31
8	109796470.0	C	T	172	162	191	181	241	118
15	25947065.0	G	T	121	77	201	99	214	102
2	158617557.0	G	C	103	38	163	0	237	0
3	135720770.0	A	C	86	47	135	51	135	54
3	135720770.1	A	G	86	0	135	1	135	1
16	89805562.0	C	T	132	46	333	0	311	0
5	158596047.0	C	G	114	0	113	63	107	47
12	25398285.0	C	A	92	130	102	160	114	189
12	25398285.1	C	G	92	0	102	0	114	1
17	79414832.0	G	A	30	11	62	36	32	13
17	79414832.1	G	T	30	0	62	1	32	0
11	73106138.0	C	T	83	31	76	73	86	55
11	73106138.1	C	G	83	0	76	0	86	1
3	151012229.0	G	T	42	16	56	14	67	31
X	63411366.0	G	A	98	27	89	38	150	53
4	62598617.0	T	C	73	28	79	43	102	20
15	65491107.0	C	T	81	17	77	43	95	41
15	65491107.1	C	A	81	0	77	1	95	1
15	37187441.0	A	G	159	42	180	89	183	83
19	54395051.0	C	A	114	1	241	0	221	0
19	54395051.1	C	T	114	46	241	0	221	8
8	139820011.0	C	A	214	33	173	57	218	60
4	56737303.0	C	A	90	17	121	0	123	0
10	81701231.0	G	A	149	75	308	1	313	7
10	81701231.1	G	C	149	1	308	0	313	0
8	59764300.0	C	A	265	54	254	56	321	99
8	59764300.1	C	T	265	2	254	1	321	0
13	67799626.0	G	A	133	51	140	102	149	154
13	67799626.1	G	T	133	1	140	0	149	0
11	125465842.0	A	G	135	83	115	135	151	104
11	125465842.1	A	T	135	0	115	2	151	2
8	121275229.0	A	T	396	1	330	38	330	0
19	57176197.0	C	T	109	26	118	72	134	51
3	166958600.0	G	A	195	82	332	150	212	108
3	166958600.1	G	T	195	2	332	0	212	0
3	166958600.2	G	C	195	0	332	0	212	1
12	57397571.0	G	A	136	0	125	71	128	67
12	57397571.1	G	T	136	0	125	0	128	1
17	67246664.0	C	T	298	78	411	116	278	94
17	67246664.1	C	G	298	1	411	0	278	0
X	101970768.0	A	T	144	1	95	0	177	0
X	101970768.1	A	C	144	0	95	29	177	62
11	14900955.0	G	A	48	23	82	10	72	9
3	142224004.0	C	T	201	1	358	0	312	0
3	142224004.1	C	G	201	98	358	158	312	115
3	142224004.2	C	A	201	0	358	1	312	1
9	100667124.0	A	T	195	1	198	0	290	0
9	100667124.1	A	G	195	72	198	116	290	112
9	100667124.2	A	C	195	1	198	0	290	0
4	70361486.0	C	G	118	52	149	70	138	55
4	70361486.1	C	T	118	0	149	0	138	1
20	60905898.0	C	T	71	15	93	43	95	44
20	60905898.1	C	G	71	1	93	1	95	1
3	170801980.0	G	A	163	124	177	133	205	102
3	170801980.1	G	T	163	2	177	1	205	2
3	170801980.2	G	C	163	0	177	1	205	0
3	50356408.0	G	A	88	56	295	0	198	0
20	62162278.0	A	C	58	13	56	44	66	37
20	62162278.1	A	T	58	0	56	1	66	1
20	62162278.2	A	G	58	0	56	1	66	0
6	32008313.0	G	A	103	17	197	39	157	26
6	32008313.1	G	T	103	0	197	1	157	0
6	32008313.2	G	C	103	0	197	1	157	0
4	2698298.0	G	A	64	19	69	36	66	25
5	140530393.0	C	T	113	43	188	86	175	86
5	140530393.1	C	A	113	0	188	2	175	0
8	68942870.0	C	A	52	8	51	26	58	20
2	85049156.0	C	A	117	2	211	0	187	0
2	85049156.1	C	T	117	35	211	114	187	112
2	85049156.2	C	G	117	1	211	2	187	3
6	44922233.0	T	C	215	92	431	0	461	5
5	79733991.0	G	T	105	28	96	42	119	34
5	79733991.1	G	A	105	0	96	1	119	0
6	56482958.0	G	A	233	0	294	1	369	0
6	56482958.1	G	T	233	0	294	50	369	0
2	239056532.0	C	T	69	48	75	114	72	88
12	64057579.0	G	A	54	76	103	62	89	98
1	151378134.0	T	G	193	0	209	1	221	0
1	151378134.1	T	C	193	0	209	64	221	47
1	151378134.2	T	A	193	0	209	0	221	1
17	29576041.0	C	T	224	142	220	171	252	109
X	30326313.0	C	T	226	75	381	0	491	6
2	232577188.0	G	A	188	1	253	0	231	0
2	232577188.1	G	C	188	47	253	161	231	183
2	201873798.0	C	A	130	45	97	96	154	139
22	50191596.0	G	A	136	66	201	106	195	65
2	170007505.0	G	C	206	0	268	33	333	0
7	23556070.0	C	T	116	60	135	62	147	91
7	44189576.0	G	A	177	71	289	166	274	125
7	44189576.1	G	T	177	0	289	5	274	2
7	44189576.2	G	C	177	0	289	1	274	0
6	146755621.0	C	A	62	0	132	0	101	17
1	154931747.0	G	A	63	0	79	15	78	8
X	138878518.0	T	C	106	32	134	0	147	0
4	187539834.0	C	A	50	35	44	47	49	49
18	48591919.0	G	A	93	54	198	0	195	0
18	48591919.1	G	C	93	1	198	0	195	0
18	9279594.0	A	G	118	41	90	72	122	61
12	109845672.0	C	T	237	50	320	0	424	2
6	37631798.0	C	T	109	51	109	133	152	108
