Chr	Posi	Wild	Mut	Met0T:ref	Met0T:alt	Met1T:ref	Met1T:alt	Met3T:ref	Met3T:alt	Met4T:ref	Met4T:alt	Met5T:ref	Met5T:alt	Met6T:ref	Met6T:alt	Met7T:ref	Met7T:alt	PrimT:ref	PrimT:alt
15	59124080.0	C	T	197	1	139	15	158	13	212	12	228	1	217	0	202	45	230	0
15	59124080.1	C	A	197	0	139	0	158	1	212	0	228	0	217	0	202	0	230	0
15	59124080.2	C	G	197	0	139	0	158	0	212	0	228	1	217	0	202	0	230	1
17	26680751.0	C	A	356	1	175	0	264	0	225	0	165	2	183	1	187	0	295	0
17	26680751.1	C	G	356	68	175	91	264	128	225	61	165	154	183	61	187	138	295	159
17	26680751.2	C	T	356	0	175	1	264	3	225	0	165	0	183	1	187	4	295	0
5	150664180.0	G	A	366	54	303	113	459	99	368	67	456	162	335	76	475	152	405	107
5	150664180.1	G	T	366	3	303	1	459	0	368	1	456	0	335	0	475	1	405	0
5	150664180.2	G	C	366	0	303	2	459	0	368	1	456	0	335	0	475	0	405	0
2	27565716.0	T	G	109	3	66	1	112	2	75	3	115	0	78	1	103	1	109	7
1	6215763.0	C	T	144	0	50	7	97	17	70	6	57	0	70	0	59	7	256	0
1	6215763.1	C	A	144	0	50	0	97	1	70	0	57	0	70	0	59	0	256	0
7	76826020.0	A	T	282	2	239	3	182	1	373	1	245	0	377	0	316	1	355	1
7	76826020.1	A	G	282	52	239	159	182	106	373	104	245	296	377	110	316	232	355	134
7	76826020.2	A	C	282	1	239	1	182	0	373	2	245	0	377	1	316	0	355	0
18	21660689.0	C	T	441	15	268	52	354	36	376	10	312	65	317	31	367	44	351	0
18	21660689.1	C	A	441	0	268	0	354	4	376	0	312	1	317	0	367	0	351	0
18	21660689.2	C	G	441	0	268	0	354	1	376	0	312	0	317	0	367	0	351	0
20	57605383.0	A	G	249	39	290	140	240	96	281	58	272	206	367	100	357	192	326	95
20	57605383.1	A	C	249	1	290	1	240	1	281	2	272	0	367	0	357	0	326	0
20	57605383.2	A	T	249	0	290	0	240	2	281	2	272	1	367	0	357	1	326	0
12	9252100.0	G	T	179	18	115	28	129	37	118	15	118	62	146	32	115	41	157	29
12	9252100.1	G	A	179	0	115	1	129	0	118	0	118	0	146	0	115	0	157	0
12	9252100.2	G	C	179	0	115	1	129	0	118	0	118	0	146	0	115	0	157	0
17	56345180.0	A	G	205	8	110	34	193	36	136	11	156	34	137	25	177	45	237	40
1	16356289.0	A	G	537	36	224	25	404	48	242	16	220	28	241	14	271	26	679	40
1	16356289.1	A	C	537	1	224	0	404	0	242	0	220	0	241	0	271	0	679	0
14	55467328.0	G	C	312	5	307	21	297	24	351	21	420	96	352	0	416	55	373	1
14	55467328.1	G	A	312	0	307	1	297	4	351	1	420	0	352	0	416	0	373	0
14	55467328.2	G	T	312	0	307	1	297	5	351	0	420	2	352	3	416	0	373	0
17	7606425.0	G	T	105	5	29	8	53	7	36	4	25	3	44	4	40	6	101	0
14	76108237.0	A	G	332	24	309	58	397	84	319	34	411	147	258	24	406	90	410	97
14	76108237.1	A	T	332	0	309	0	397	1	319	0	411	1	258	0	406	0	410	1
14	76108237.2	A	C	332	0	309	0	397	0	319	0	411	1	258	0	406	0	410	0
5	151170548.0	C	A	539	1	495	3	715	2	470	3	620	2	535	0	693	1	628	2
5	151170548.1	C	T	539	4	495	3	715	2	470	2	620	2	535	0	693	1	628	0
5	151170548.2	C	G	539	90	495	139	715	182	470	68	620	224	535	105	693	189	628	141
6	36930739.0	G	C	85	11	49	8	83	30	54	8	39	23	52	3	57	13	140	27
6	36930739.1	G	T	85	0	49	0	83	0	54	1	39	0	52	0	57	0	140	0
14	102466355.0	G	A	179	1	144	0	220	0	120	0	210	0	140	0	197	0	256	0
14	102466355.1	G	C	179	8	144	12	220	9	120	3	210	22	140	8	197	24	256	0
14	102466355.2	G	T	179	0	144	0	220	0	120	0	210	0	140	0	197	1	256	0
4	7725535.0	G	A	90	12	55	22	101	39	64	10	56	14	66	10	55	21	141	3
4	7725535.1	G	T	90	0	55	0	101	1	64	0	56	0	66	0	55	0	141	0
14	20666317.0	G	A	167	1	117	0	164	0	132	0	192	0	155	1	172	1	222	0
14	20666317.1	G	T	167	6	117	8	164	23	132	9	192	33	155	27	172	35	222	0
8	37823981.0	G	A	33	7	4	17	31	28	19	13	16	23	13	11	11	17	43	1
14	20666316.0	G	A	174	1	116	0	167	2	138	0	195	0	160	0	173	1	221	0
14	20666316.1	G	T	174	5	116	8	167	23	138	9	195	32	160	26	173	34	221	0
15	22867456.0	A	T	215	1	144	0	143	0	144	0	163	0	156	0	204	0	169	0
15	22867456.1	A	G	215	0	144	0	143	0	144	0	163	24	156	0	204	0	169	1
14	20922825.0	A	C	37	1	25	0	35	1	21	0	40	0	33	0	41	0	16	6
14	20922825.1	A	G	37	0	25	0	35	1	21	0	40	0	33	0	41	0	16	0
10	51885892.0	A	T	207	8	103	6	103	10	189	6	94	22	181	4	114	27	191	9
10	51885892.1	A	C	207	0	103	1	103	0	189	0	94	0	181	0	114	0	191	0
10	51885892.2	A	G	207	0	103	0	103	1	189	0	94	0	181	0	114	0	191	0
12	112846063.0	A	T	502	1	281	0	396	0	343	2	337	0	341	0	350	0	298	0
12	112846063.1	A	C	502	0	281	2	396	5	343	1	337	2	341	0	350	5	298	59
10	86130975.0	C	G	121	2	115	11	68	5	138	5	154	18	183	8	143	11	146	0
10	86130975.1	C	T	121	0	115	1	68	1	138	0	154	0	183	0	143	0	146	1
10	86130975.2	C	A	121	0	115	0	68	1	138	0	154	0	183	0	143	0	146	0
12	132249111.0	A	G	152	3	59	25	95	27	106	15	57	23	94	17	101	43	157	0
12	132249111.1	A	T	152	0	59	0	95	0	106	1	57	0	94	1	101	0	157	1
19	58565136.0	G	A	37	6	14	9	40	10	18	8	23	2	22	5	25	29	56	1
2	17961917.0	G	A	136	2	149	11	131	10	158	9	158	26	186	12	212	27	175	0
2	17961917.1	G	T	136	0	149	0	131	1	158	0	158	0	186	0	212	1	175	0
2	17961917.2	G	C	136	0	149	0	131	1	158	0	158	0	186	0	212	0	175	0
20	23066476.0	G	T	188	3	100	2	159	0	103	0	140	0	119	2	168	1	230	0
20	23066476.1	G	C	188	0	100	0	159	1	103	1	140	0	119	1	168	0	230	30
2	179308036.0	C	T	278	22	329	65	202	29	333	18	342	98	398	53	411	72	389	0
2	179308036.1	C	A	278	0	329	2	202	2	333	0	342	0	398	1	411	1	389	0
2	179308036.2	C	G	278	0	329	0	202	2	333	0	342	0	398	1	411	1	389	1
2	39250192.0	T	C	98	2	93	12	85	8	96	5	84	24	100	7	124	16	103	0
2	39250192.1	T	G	98	0	93	0	85	1	96	0	84	0	100	0	124	0	103	0
11	114276470.0	G	T	417	22	412	92	377	61	461	45	511	128	468	68	549	133	486	83
11	114276470.1	G	C	417	0	412	1	377	0	461	0	511	1	468	0	549	0	486	0
11	114276470.2	G	A	417	0	412	0	377	4	461	1	511	3	468	0	549	2	486	2
18	13884765.0	G	A	85	16	41	15	72	16	61	5	48	37	54	10	60	18	77	17
18	13884765.1	G	T	85	0	41	0	72	0	61	3	48	0	54	1	60	0	77	1
18	13884765.2	G	C	85	0	41	0	72	0	61	0	48	0	54	1	60	1	77	0
16	19580756.0	C	A	137	0	73	11	101	8	73	2	108	0	82	0	106	10	145	0
21	46596038.0	C	T	137	5	75	11	123	19	89	13	93	28	91	5	143	25	177	0
5	110408628.0	C	T	361	62	189	133	265	147	217	83	231	190	263	59	265	182	312	140
5	110408628.1	C	G	361	0	189	1	265	0	217	0	231	0	263	0	265	0	312	1
5	110408628.2	C	A	361	0	189	0	265	3	217	1	231	2	263	1	265	1	312	0
4	17710708.0	T	C	25	1	22	4	29	6	18	3	30	11	23	4	40	13	39	0
4	17710708.1	T	G	25	0	22	1	29	1	18	0	30	0	23	0	40	0	39	0
4	17710708.2	T	A	25	0	22	0	29	1	18	0	30	0	23	0	40	0	39	0
19	46215043.0	G	A	53	6	20	3	51	9	35	3	44	10	29	0	36	18	105	17
11	5290804.0	G	C	319	1	258	0	270	2	211	0	351	0	302	0	359	0	256	0
11	5290804.1	G	T	319	0	258	1	270	1	211	0	351	0	302	0	359	0	256	29
22	51182573.0	G	A	362	21	120	30	241	41	191	38	165	22	188	19	170	44	452	74
22	51182573.1	G	T	362	0	120	0	241	0	191	0	165	0	188	0	170	1	452	0
3	129546978.0	C	A	76	1	45	4	55	8	49	2	77	6	73	3	84	12	102	0
3	129546978.1	C	T	76	0	45	0	55	0	49	0	77	0	73	0	84	2	102	0
22	40676112.0	A	G	270	0	135	0	179	1	194	0	199	0	224	0	228	0	227	1
22	40676112.1	A	T	270	0	135	0	179	0	194	0	199	0	224	0	228	0	227	47
12	124094646.0	A	C	110	1	59	0	73	0	68	0	63	0	64	0	77	0	74	5
7	55249071.0	C	T	67	4	58	19	69	15	55	7	74	17	66	0	95	14	87	0
7	55249071.1	C	A	67	0	58	0	69	0	55	0	74	1	66	0	95	0	87	0
7	55249071.2	C	G	67	0	58	0	69	0	55	0	74	1	66	0	95	0	87	0
10	47942037.0	A	T	150	32	75	78	105	88	169	53	59	111	150	73	95	124	228	69
17	61466771.0	G	A	456	37	402	90	435	62	408	44	505	93	369	55	579	87	351	48
17	61466771.1	G	T	456	2	402	3	435	2	408	0	505	1	369	0	579	1	351	0
17	61466771.2	G	C	456	0	402	1	435	1	408	0	505	1	369	0	579	0	351	0
1	112303742.0	C	A	160	1	167	0	92	0	179	0	180	0	235	0	209	0	217	40
15	100821466.0	C	T	72	3	30	4	69	5	50	3	64	8	45	9	46	5	89	0
15	100821466.1	C	G	72	1	30	0	69	0	50	0	64	0	45	0	46	0	89	0
15	100821466.2	C	A	72	0	30	0	69	0	50	0	64	0	45	1	46	0	89	0
2	197184508.0	T	C	125	14	77	29	110	20	94	9	121	47	138	21	156	47	168	34
2	197184508.1	T	G	125	0	77	0	110	1	94	0	121	1	138	0	156	0	168	0
2	197184508.2	T	A	125	0	77	0	110	0	94	1	121	0	138	0	156	2	168	0
12	20903607.0	A	T	173	9	161	15	131	13	194	15	219	33	236	17	183	35	193	0
12	20903607.1	A	G	173	0	161	0	131	2	194	0	219	0	236	0	183	0	193	0
17	7483133.0	G	A	152	1	65	0	103	0	85	0	71	0	78	0	95	0	167	0
17	7483133.1	G	C	152	8	65	23	103	30	85	10	71	25	78	17	95	24	167	0
17	7483133.2	G	T	152	0	65	0	103	2	85	1	71	1	78	0	95	0	167	1
2	74760020.0	G	C	219	19	131	24	179	34	156	16	153	26	123	7	169	47	226	46
2	74760020.1	G	A	219	0	131	2	179	1	156	0	153	0	123	0	169	1	226	1
2	74760020.2	G	T	219	0	131	0	179	1	156	0	153	1	123	0	169	0	226	0
12	120783979.0	C	T	49	10	19	10	30	9	21	1	22	11	25	4	14	6	45	0
12	120783979.1	C	G	49	3	19	0	30	0	21	0	22	0	25	0	14	1	45	0
8	37823802.0	G	A	38	2	12	12	25	20	16	13	14	21	23	16	21	29	37	1
8	37823802.1	G	T	38	0	12	0	25	1	16	0	14	0	23	0	21	0	37	0
13	103266531.0	C	T	203	0	164	0	152	2	238	0	233	0	265	0	278	0	170	0
13	103266531.1	C	G	203	0	164	0	152	0	238	1	233	0	265	31	278	0	170	0
13	103266531.2	C	A	203	0	164	0	152	0	238	0	233	0	265	0	278	2	170	0
10	73556891.0	G	A	116	12	78	20	112	52	80	7	46	38	119	9	95	43	165	36
10	73556891.1	G	C	116	0	78	0	112	1	80	0	46	0	119	0	95	0	165	0
10	73556891.2	G	T	116	0	78	0	112	0	80	0	46	0	119	0	95	0	165	1
6	158497754.0	A	G	132	0	57	0	97	1	75	0	85	0	91	0	111	0	121	0
6	158497754.1	A	C	132	0	57	0	97	2	75	2	85	0	91	1	111	0	121	15
10	3147334.0	G	A	290	6	113	24	164	46	139	10	151	32	139	9	154	20	343	0
10	3147334.1	G	T	290	1	113	0	164	0	139	0	151	2	139	0	154	0	343	0
10	3147334.2	G	C	290	0	113	0	164	1	139	0	151	0	139	0	154	0	343	0
20	31393196.0	T	C	333	30	297	50	482	74	310	27	271	92	295	33	406	73	333	51
20	31393196.1	T	A	333	0	297	3	482	1	310	0	271	1	295	0	406	2	333	0
15	90775542.0	C	A	101	1	51	0	91	0	59	0	68	1	65	0	66	0	45	7
15	90775542.1	C	T	101	0	51	0	91	0	59	2	68	0	65	0	66	0	45	0
1	150248187.0	A	T	530	6	506	79	542	108	454	28	720	0	544	0	718	71	804	1
1	150248187.1	A	C	530	0	506	1	542	2	454	0	720	0	544	0	718	0	804	1
1	150248187.2	A	G	530	0	506	0	542	1	454	0	720	0	544	0	718	0	804	0
7	105177146.0	G	A	125	2	212	0	135	0	190	1	245	0	264	0	324	0	299	0
7	105177146.1	G	C	125	5	212	19	135	7	190	2	245	42	264	14	324	26	299	0
7	105177146.2	G	T	125	0	212	0	135	1	190	0	245	1	264	1	324	0	299	2
18	66367698.0	A	T	178	1	272	2	209	2	333	1	332	6	485	5	365	5	266	2
18	66367698.1	A	C	178	21	272	81	209	66	333	41	332	168	485	94	365	137	266	9
18	66367698.2	A	G	178	0	272	2	209	4	333	0	332	1	485	0	365	0	266	0
6	146267438.0	C	T	368	28	419	121	287	72	531	82	437	183	635	102	511	176	433	92
6	146267438.1	C	A	368	0	419	4	287	6	531	2	437	3	635	3	511	1	433	3
6	146267438.2	C	G	368	0	419	0	287	4	531	3	437	1	635	0	511	0	433	0
12	34179195.0	C	A	582	32	508	75	583	96	677	56	472	151	620	69	569	91	527	63
12	34179195.1	C	T	582	0	508	0	583	3	677	1	472	2	620	0	569	0	527	0
12	34179195.2	C	G	582	0	508	0	583	2	677	0	472	0	620	0	569	0	527	0
16	23507073.0	C	G	252	11	192	18	265	21	171	8	191	33	194	21	224	35	356	0
16	23507073.1	C	T	252	0	192	0	265	0	171	1	191	0	194	0	224	1	356	0
16	23507073.2	C	A	252	0	192	0	265	0	171	0	191	1	194	0	224	0	356	0
12	125396605.0	G	A	15	0	14	3	7	0	12	0	12	14	18	3	20	2	26	1
1	155165873.0	A	C	199	4	165	2	255	0	151	1	225	4	135	5	216	7	231	30
1	155165873.1	A	T	199	0	165	0	255	1	151	0	225	0	135	0	216	0	231	0
1	155165873.2	A	G	199	0	165	0	255	0	151	0	225	0	135	0	216	1	231	1
X	85149255.0	C	A	273	18	269	67	311	63	270	30	308	163	282	32	347	68	259	0
X	85149255.1	C	T	273	0	269	0	311	1	270	1	308	1	282	0	347	1	259	0
X	85149255.2	C	G	273	0	269	0	311	2	270	0	308	1	282	0	347	0	259	0
3	121575980.0	C	T	168	13	156	27	155	26	157	13	197	59	235	25	200	58	286	2
3	121575980.1	C	A	168	0	156	0	155	1	157	0	197	0	235	0	200	0	286	0
4	56757572.0	G	T	373	16	341	71	331	75	402	59	387	71	464	35	439	118	450	2
4	56757572.1	G	A	373	0	341	0	331	2	402	0	387	0	464	0	439	1	450	0
4	56757572.2	G	C	373	0	341	0	331	1	402	0	387	1	464	0	439	0	450	0
12	19615567.0	G	T	265	0	168	25	219	1	215	1	237	0	280	0	282	1	269	2
12	19615567.1	G	C	265	0	168	1	219	0	215	0	237	0	280	0	282	0	269	2
12	19615567.2	G	A	265	0	168	0	219	2	215	0	237	0	280	0	282	0	269	0
12	12976935.0	T	G	172	1	105	16	128	12	153	5	180	0	177	0	167	30	167	0
12	12976935.1	T	C	172	0	105	0	128	1	153	0	180	0	177	0	167	1	167	0
12	12976935.2	T	A	172	0	105	0	128	0	153	1	180	1	177	0	167	0	167	0
3	65415544.0	C	A	120	3	80	12	71	11	80	6	88	30	104	12	126	14	106	0
3	65415544.1	C	T	120	1	80	0	71	0	80	0	88	0	104	0	126	0	106	0
3	65415544.2	C	G	120	0	80	0	71	1	80	0	88	0	104	0	126	0	106	0
5	151170611.0	C	A	495	79	517	107	739	163	465	76	648	228	550	94	729	165	633	142
5	151170611.1	C	G	495	1	517	1	739	1	465	2	648	0	550	1	729	0	633	0
5	151170611.2	C	T	495	0	517	0	739	3	465	0	648	1	550	0	729	2	633	2
4	56757571.0	A	T	382	16	349	70	337	76	450	62	397	68	467	34	449	118	461	0
4	56757571.1	A	G	382	0	349	1	337	0	450	2	397	0	467	0	449	0	461	0
4	56757571.2	A	C	382	0	349	0	337	1	450	2	397	1	467	0	449	0	461	1
1	109813566.0	G	T	100	4	38	6	65	10	40	6	29	14	53	4	56	4	147	23
21	43413891.0	A	C	86	1	62	10	76	12	80	13	82	0	71	0	78	8	79	0
21	43413891.1	A	T	86	0	62	0	76	1	80	0	82	0	71	0	78	0	79	0
17	8222657.0	C	T	63	3	29	9	51	32	41	11	42	20	40	7	35	22	77	23
17	8222657.1	C	A	63	0	29	0	51	0	41	1	42	0	40	0	35	0	77	0
2	203760799.0	A	C	101	3	92	21	125	27	93	10	96	32	112	17	138	37	153	36
2	203760799.1	A	T	101	0	92	1	125	1	93	0	96	1	112	0	138	0	153	0
2	203760799.2	A	G	101	0	92	0	125	0	93	0	96	0	112	0	138	0	153	2
20	44333119.0	C	T	324	25	247	54	372	59	277	33	280	77	275	31	416	102	360	43
20	44333119.1	C	G	324	0	247	1	372	0	277	0	280	1	275	0	416	0	360	0
20	44333119.2	C	A	324	0	247	0	372	0	277	0	280	2	275	0	416	0	360	0
5	140718600.0	C	T	144	9	130	18	164	14	131	16	137	25	105	11	182	44	222	1
5	140718600.1	C	A	144	0	130	0	164	1	131	0	137	0	105	0	182	0	222	0
5	140718600.2	C	G	144	0	130	0	164	0	131	1	137	0	105	0	182	0	222	0
11	67207831.0	G	T	188	5	78	2	141	19	121	2	80	9	66	8	106	9	240	0
11	67207831.1	G	A	188	0	78	0	141	0	121	0	80	0	66	0	106	1	240	0
4	1746681.0	G	A	59	3	17	4	53	13	34	8	31	4	26	3	36	11	69	0
6	36169409.0	T	G	123	2	64	1	91	0	80	1	77	2	87	0	105	3	105	11
6	36169409.1	T	A	123	0	64	1	91	0	80	0	77	0	87	0	105	0	105	0
5	98215411.0	C	A	112	0	137	0	53	7	171	1	208	0	212	1	229	0	112	1
5	98215411.1	C	T	112	0	137	0	53	1	171	1	208	0	212	0	229	0	112	0
12	56651627.0	C	T	138	0	103	0	122	0	77	0	116	0	67	9	141	0	188	0
6	152265440.0	T	G	205	0	103	11	192	28	166	18	183	0	201	0	190	30	254	0
6	152265440.1	T	C	205	0	103	0	192	0	166	0	183	0	201	0	190	0	254	1
6	170592574.0	C	T	258	0	128	0	152	1	153	0	144	0	124	3	163	0	230	41
17	9545119.0	G	A	250	23	142	53	231	70	196	33	184	65	191	42	179	83	238	0
17	9545119.1	G	T	250	2	142	1	231	1	196	0	184	0	191	0	179	0	238	0
17	9545119.2	G	C	250	0	142	1	231	0	196	0	184	1	191	0	179	0	238	1
15	73044836.0	T	G	108	9	55	2	75	3	72	10	88	6	71	4	71	4	106	0
4	156294588.0	C	T	37	1	106	0	36	0	78	0	145	0	151	0	123	0	91	0
4	156294588.1	C	A	37	0	106	0	36	6	78	0	145	1	151	0	123	0	91	0
22	28378378.0	G	A	205	0	88	0	164	1	139	0	108	23	135	0	123	0	294	0
