Chr	Posi	Wild	Mut	Met1T:ref	Met1T:alt	Met2T:ref	Met2T:alt	Met3T:ref	Met3T:alt	Met5T:ref	Met5T:alt	PrimT:ref	PrimT:alt
X	54275632.0	G	T	122	36	99	51	97	58	120	24	169	0
X	54275632.1	G	A	122	0	99	1	97	0	120	0	169	0
12	81627233.0	G	A	376	2	355	0	405	0	262	0	386	0
12	81627233.1	G	T	376	1	355	1	405	1	262	0	386	221
12	81627233.2	G	C	376	0	355	0	405	0	262	1	386	1
1	53493657.0	C	T	159	77	230	2	187	105	153	24	279	1
1	53493657.1	C	A	159	0	230	1	187	0	153	0	279	0
X	79278608.0	C	G	206	0	188	0	221	0	304	0	208	25
5	31493373.0	C	T	340	0	236	0	392	3	208	1	233	117
5	31493373.1	C	A	340	0	236	0	392	0	208	0	233	1
1	6609661.0	A	G	145	2	125	31	156	2	158	0	217	1
4	47453671.0	C	T	214	0	202	0	254	0	114	0	179	112
19	18899237.0	C	T	23	2	28	0	11	5	21	2	21	0
9	96021320.0	A	C	29	1	47	8	25	1	44	1	42	1
3	195512346.0	G	A	119	1	114	0	89	0	150	0	63	13
17	27024698.0	C	T	259	54	158	49	242	90	269	19	185	0
17	27024698.1	C	G	259	2	158	0	242	0	269	0	185	0
17	27024698.2	C	A	259	0	158	0	242	0	269	1	185	0
17	7227191.0	T	G	49	0	81	5	26	0	91	0	78	0
5	140480328.0	G	A	265	0	184	1	326	0	293	0	195	47
5	140480328.1	G	T	265	0	184	1	326	3	293	0	195	1
5	140480328.2	G	C	265	0	184	0	326	0	293	0	195	1
17	80439075.0	G	A	164	0	151	19	140	0	191	0	119	0
15	48062761.0	T	G	162	101	161	75	185	114	223	29	301	0
15	48062761.1	T	C	162	1	161	0	185	0	223	0	301	0
15	48062761.2	T	A	162	0	161	0	185	1	223	0	301	0
3	38407109.0	C	T	56	26	93	0	38	14	96	12	89	0
15	28511008.0	C	T	103	0	121	0	81	0	139	0	70	42
15	28511008.1	C	G	103	0	121	0	81	0	139	0	70	1
18	77896400.0	C	G	49	56	85	29	69	66	67	24	115	0
12	82147929.0	G	C	197	1	161	0	189	0	194	0	167	0
12	82147929.1	G	A	197	0	161	0	189	0	194	0	167	72
12	82147929.2	G	T	197	0	161	0	189	0	194	0	167	1
5	177656969.0	G	A	143	0	124	0	123	0	154	0	109	16
9	136901319.0	T	A	119	0	135	0	105	0	154	1	66	0
9	136901319.1	T	G	119	0	135	0	105	0	154	0	66	37
2	96969015.0	G	A	210	0	167	0	250	0	221	0	147	76
1	18960858.0	A	C	42	1	69	3	24	7	79	4	42	0
14	32624120.0	C	G	32	15	22	8	34	13	31	6	62	0
6	65300962.0	T	G	10	7	7	2	10	14	9	4	23	0
17	7751994.0	A	G	53	0	83	1	21	0	52	0	65	0
17	7751994.1	A	C	53	0	83	3	21	0	52	5	65	1
17	7751994.2	A	T	53	0	83	0	21	0	52	1	65	0
1	8390855.0	T	G	28	0	43	0	28	0	67	0	42	27
14	104040444.0	G	A	93	13	79	13	95	17	86	4	100	17
14	104040444.1	G	C	93	1	79	1	95	0	86	0	100	0
5	121761130.0	C	A	181	3	142	0	252	1	171	0	132	0
5	121761130.1	C	T	181	0	142	0	252	0	171	0	132	81
11	15197318.0	C	T	174	0	144	0	193	0	227	0	176	33
11	15197318.1	C	G	174	0	144	0	193	0	227	0	176	1
2	9347281.0	G	T	65	0	105	0	50	0	140	1	70	0
2	9347281.1	G	A	65	0	105	0	50	0	140	0	70	65
12	121164990.0	C	T	125	32	162	0	105	37	190	15	140	0
12	121164990.1	C	A	125	0	162	0	105	0	190	0	140	1
15	43023906.0	C	A	62	15	62	30	48	13	80	6	64	0
10	127525390.0	T	A	197	118	267	0	246	149	172	24	469	0
10	127525390.1	T	C	197	0	267	0	246	1	172	0	469	0
14	105416323.0	T	C	69	16	97	11	75	24	121	19	111	5
8	12943876.0	C	A	226	95	182	1	224	119	312	34	364	0
8	12943876.1	C	G	226	1	182	0	224	1	312	0	364	0
8	12943876.2	C	T	226	0	182	0	224	1	312	0	364	0
15	93588810.0	G	A	26	0	41	0	13	0	44	0	26	12
X	53641568.0	C	T	332	8	292	1	389	0	291	0	168	162
X	53641568.1	C	G	332	1	292	0	389	0	291	0	168	0
X	53641568.2	C	A	332	0	292	0	389	1	291	0	168	0
8	97172834.0	T	G	56	1	64	2	44	0	70	0	29	0
8	97172834.1	T	C	56	0	64	0	44	0	70	0	29	14
X	71522078.0	A	G	159	0	144	0	209	0	240	0	65	90
15	78927811.0	C	T	148	1	195	1	139	1	245	0	159	0
15	78927811.1	C	G	148	0	195	2	139	0	245	0	159	0
15	78927811.2	C	A	148	0	195	0	139	0	245	0	159	22
1	23418776.0	T	A	78	0	65	23	62	0	101	0	105	0
5	134154594.0	C	A	477	1	306	0	520	0	394	0	274	0
5	134154594.1	C	G	477	1	306	0	520	0	394	0	274	0
5	134154594.2	C	T	477	0	306	0	520	0	394	0	274	141
18	55355530.0	C	A	111	101	99	46	109	131	169	41	185	0
18	55355530.1	C	T	111	0	99	0	109	0	169	1	185	0
5	76332438.0	G	T	171	147	168	45	195	222	202	59	372	0
5	76332438.1	G	A	171	0	168	1	195	2	202	0	372	0
22	37333512.0	G	A	45	17	46	15	36	15	71	6	44	0
11	73021089.0	C	T	154	1	160	0	158	0	229	0	98	62
9	129856087.0	G	T	145	0	173	20	112	0	211	0	161	0
6	152415659.0	G	T	93	21	72	20	69	29	105	16	61	0
6	152415659.1	G	C	93	0	72	0	69	1	105	0	61	0
6	152415659.2	G	A	93	0	72	0	69	0	105	1	61	0
6	152415658.0	G	T	93	22	72	20	71	28	98	17	62	0
6	152415658.1	G	A	93	0	72	0	71	0	98	1	62	0
6	152415658.2	G	C	93	0	72	0	71	0	98	1	62	0
17	56440764.0	G	T	89	52	90	37	63	84	117	30	114	0
17	56440764.1	G	C	89	0	90	1	63	1	117	0	114	0
17	56440764.2	G	A	89	0	90	0	63	1	117	0	114	0
17	79414622.0	G	A	52	0	59	0	29	0	42	0	46	8
3	195507228.0	G	T	149	1	140	0	146	0	168	0	125	0
3	195507228.1	G	C	149	8	140	14	146	3	168	8	125	6
3	195507228.2	G	A	149	0	140	1	146	0	168	0	125	0
X	104512204.0	C	T	89	0	99	0	114	1	39	0	97	0
X	104512204.1	C	A	89	0	99	0	114	0	39	0	97	11
X	12939157.0	C	G	32	0	46	0	55	0	29	0	33	14
17	71232169.0	C	A	109	0	92	2	148	1	54	0	77	0
17	71232169.1	C	T	109	0	92	1	148	0	54	0	77	0
17	71232169.2	C	G	109	0	92	0	148	0	54	0	77	44
11	118468453.0	A	G	164	95	189	72	158	112	227	25	226	0
11	118468453.1	A	C	164	1	189	0	158	0	227	0	226	0
6	42796514.0	C	A	35	1	32	0	26	0	54	0	43	0
6	42796514.1	C	G	35	30	32	9	26	42	54	13	43	0
6	42796514.2	C	T	35	0	32	1	26	0	54	0	43	0
