Chr	Posi	Wild	Mut	Met1T:ref	Met1T:alt	Met2T:ref	Met2T:alt	Met3T:ref	Met3T:alt	Met4T:ref	Met4T:alt	Met5T:ref	Met5T:alt
20	31021691.0	A	T	33	17	24	6	40	22	27	21	18	26
20	31021691.1	A	C	33	1	24	0	40	0	27	0	18	0
2	170537584.0	C	A	149	1	110	0	151	0	130	0	144	3
2	170537584.1	C	T	149	38	110	19	151	49	130	38	144	39
2	170537584.2	C	G	149	0	110	0	151	2	130	0	144	0
6	16327658.0	T	G	33	0	48	0	42	0	37	0	28	4
6	99823979.0	G	C	87	0	103	0	51	17	94	0	110	0
21	19647574.0	A	C	229	0	198	0	117	15	230	0	200	0
6	152804281.0	G	T	425	1	496	1	527	1	483	2	400	0
6	152804281.1	G	C	425	118	496	68	527	2	483	111	400	84
19	38979846.0	G	A	183	0	130	0	136	45	175	0	157	0
21	39672130.0	C	A	178	0	170	1	153	0	244	1	138	0
21	39672130.1	C	G	178	0	170	0	153	52	244	0	138	0
21	39672130.2	C	T	178	0	170	0	153	0	244	0	138	2
5	78324418.0	T	C	70	107	127	56	33	142	48	163	47	149
5	78324418.1	T	A	70	0	127	0	33	0	48	1	47	3
1	72400903.0	G	T	165	1	164	1	116	2	127	0	147	2
1	72400903.1	G	C	165	72	164	47	116	106	127	116	147	123
1	72400903.2	G	A	165	0	164	1	116	1	127	0	147	4
8	1616677.0	G	T	47	0	53	0	55	0	40	0	32	4
3	133185754.0	C	T	93	12	100	0	153	0	92	17	81	37
1	145562524.0	G	A	39	21	45	8	51	38	39	19	20	12
1	145562524.1	G	T	39	0	45	3	51	0	39	0	20	0
16	23391469.0	T	A	136	3	137	0	117	0	107	1	81	1
16	23391469.1	T	G	136	2	137	0	117	0	107	0	81	1
16	23391469.2	T	C	136	51	137	27	117	89	107	72	81	78
13	26434981.0	A	G	165	1	309	3	39	2	67	0	94	2
13	26434981.1	A	C	165	261	309	161	39	329	67	343	94	433
13	26434981.2	A	T	165	0	309	0	39	1	67	1	94	2
7	154747257.0	C	T	246	0	240	4	173	9	240	5	230	3
7	154747257.1	C	A	246	0	240	0	173	54	240	0	230	0
19	18677976.0	G	C	85	12	77	0	83	0	51	0	55	0
19	9453482.0	T	A	69	1	55	0	59	0	40	0	57	1
19	9453482.1	T	G	69	37	55	15	59	31	40	51	57	38
19	9453482.2	T	C	69	0	55	0	59	1	40	0	57	1
10	97920219.0	A	G	79	35	59	29	23	13	59	53	74	43
20	45174052.0	G	A	25	8	35	8	17	23	12	12	16	13
16	27495550.0	T	G	370	0	369	0	557	0	299	1	287	0
16	27495550.1	T	C	370	0	369	0	557	0	299	94	287	42
16	27495550.2	T	A	370	0	369	0	557	0	299	0	287	2
1	38027220.0	C	T	192	80	243	63	223	174	153	106	125	97
1	38027220.1	C	G	192	0	243	2	223	1	153	0	125	2
2	166226654.0	A	T	313	139	246	64	110	78	211	165	287	199
2	166226654.1	A	G	313	0	246	1	110	0	211	0	287	2
2	166226654.2	A	C	313	0	246	0	110	0	211	0	287	1
2	69093297.0	A	T	126	59	163	14	82	111	141	73	83	83
2	69093297.1	A	C	126	0	163	0	82	1	141	0	83	0
1	101198074.0	G	A	66	31	119	17	74	62	74	49	59	46
1	101198074.1	G	T	66	1	119	0	74	0	74	0	59	0
1	101198074.2	G	C	66	1	119	0	74	0	74	0	59	0
X	53577954.0	C	A	64	0	106	0	73	1	63	0	70	0
X	53577954.1	C	T	64	0	106	0	73	41	63	0	70	0
3	174814623.0	T	C	66	36	88	18	78	48	81	39	111	41
3	174814623.1	T	A	66	0	88	0	78	0	81	0	111	1
2	153537835.0	C	T	296	1	260	2	184	0	348	1	299	3
2	153537835.1	C	A	296	0	260	0	184	3	348	0	299	0
2	153537835.2	C	G	296	0	260	0	184	55	348	1	299	0
2	27565708.0	C	T	154	69	161	30	86	118	103	110	101	97
2	27565708.1	C	A	154	0	161	1	86	0	103	0	101	0
2	27565708.2	C	G	154	0	161	0	86	0	103	1	101	0
19	49641511.0	G	C	55	0	74	0	95	0	64	0	50	6
15	34109112.0	G	T	232	1	213	0	165	2	199	0	207	0
15	34109112.1	G	C	232	46	213	22	165	62	199	63	207	61
6	108192957.0	A	T	122	3	149	0	164	2	133	0	138	2
6	108192957.1	A	C	122	34	149	9	164	68	133	47	138	52
6	108192957.2	A	G	122	0	149	1	164	0	133	0	138	1
9	125562602.0	G	A	178	52	164	41	186	98	114	106	94	99
9	125562602.1	G	T	178	1	164	1	186	0	114	0	94	0
9	125562602.2	G	C	178	0	164	0	186	1	114	0	94	0
15	40865729.0	G	T	73	65	90	27	72	73	51	76	48	82
15	40865729.1	G	C	73	0	90	0	72	1	51	0	48	0
1	151010085.0	G	C	284	126	311	92	310	244	216	203	208	167
1	151010085.1	G	A	284	0	311	0	310	0	216	1	208	1
1	151010085.2	G	T	284	0	311	0	310	0	216	1	208	2
16	75498465.0	A	C	35	0	28	1	53	1	32	2	18	5
17	60613572.0	T	G	125	65	155	44	165	80	98	73	109	69
17	60613572.1	T	C	125	0	155	0	165	1	98	0	109	0
17	60613572.2	T	A	125	0	155	0	165	0	98	1	109	0
12	125396605.0	G	A	24	0	25	1	21	29	39	3	23	0
11	94926652.0	C	T	574	1	407	0	164	28	635	1	536	3
11	94926652.1	C	G	574	0	407	0	164	0	635	1	536	0
2	206562267.0	G	A	219	77	329	0	301	0	233	0	224	1
2	206562267.1	G	T	219	0	329	0	301	2	233	0	224	0
17	42090416.0	G	T	88	1	106	0	86	0	67	0	49	0
17	42090416.1	G	C	88	36	106	20	86	74	67	36	49	33
9	79320184.0	C	A	173	0	175	0	209	2	171	0	166	0
9	79320184.1	C	T	173	0	175	0	209	51	171	1	166	0
9	79320184.2	C	G	173	0	175	0	209	0	171	0	166	1
X	36103517.0	C	T	73	50	124	44	19	55	30	54	39	79
X	36103517.1	C	A	73	0	124	1	19	0	30	0	39	4
X	36103517.2	C	G	73	0	124	0	19	1	30	0	39	0
10	97096480.0	G	T	175	1	153	0	111	2	168	0	136	0
10	97096480.1	G	C	175	0	153	0	111	69	168	0	136	0
9	139316325.0	C	T	58	27	88	21	114	59	48	35	71	30
9	139316325.1	C	A	58	0	88	0	114	1	48	0	71	0
14	23058003.0	G	A	252	0	257	0	235	1	220	2	187	0
14	23058003.1	G	C	252	0	257	0	235	71	220	0	187	0
14	23058003.2	G	T	252	0	257	0	235	0	220	1	187	0
14	94079330.0	C	A	194	1	222	0	190	1	175	0	162	0
14	94079330.1	C	T	194	84	222	69	190	140	175	107	162	126
14	94079330.2	C	G	194	1	222	0	190	0	175	0	162	1
14	64483261.0	A	G	98	37	97	32	12	10	89	67	88	69
14	64483261.1	A	C	98	0	97	1	12	0	89	0	88	0
1	9670828.0	G	T	8	13	34	9	9	32	3	19	5	16
1	9670828.1	G	A	8	0	34	0	9	1	3	0	5	0
7	158468236.0	A	T	181	3	183	1	170	0	151	0	198	1
7	158468236.1	A	G	181	75	183	31	170	280	151	55	198	64
7	158468236.2	A	C	181	0	183	0	170	0	151	0	198	2
12	121603912.0	G	T	339	1	386	2	359	1	273	1	345	1
12	121603912.1	G	C	339	156	386	82	359	274	273	234	345	238
12	121603912.2	G	A	339	0	386	0	359	1	273	3	345	2
1	226109780.0	C	G	49	32	95	29	60	52	47	29	47	34
7	140301412.0	G	T	111	1	151	0	122	1	118	1	106	0
7	140301412.1	G	A	111	0	151	0	122	40	118	0	106	1
6	109319859.0	C	T	105	28	104	0	97	1	134	0	129	1
6	109319859.1	C	A	105	0	104	0	97	0	134	0	129	2
6	109319859.2	C	G	105	0	104	0	97	0	134	0	129	1
1	179782935.0	G	A	37	15	29	9	30	29	24	21	19	12
20	24951008.0	C	T	112	72	138	29	86	122	132	85	104	77
20	24951008.1	C	A	112	0	138	0	86	0	132	0	104	1
20	24951008.2	C	G	112	0	138	0	86	0	132	0	104	1
20	35672496.0	C	A	182	3	171	4	185	3	150	4	139	3
20	35672496.1	C	T	182	87	171	33	185	103	150	97	139	110
20	35672496.2	C	G	182	1	171	0	185	0	150	1	139	0
11	72945659.0	G	A	41	3	35	7	25	14	48	7	33	6
11	72945659.1	G	T	41	0	35	1	25	0	48	0	33	0
4	123170751.0	T	A	99	179	168	66	36	173	29	191	42	196
4	123170751.1	T	G	99	0	168	0	36	0	29	1	42	1
14	94404138.0	G	A	151	1	140	0	143	1	97	2	89	0
14	94404138.1	G	T	151	1	140	0	143	1	97	0	89	1
14	94404138.2	G	C	151	69	140	41	143	104	97	88	89	70
1	154155511.0	C	G	149	1	183	0	164	42	176	0	130	0
2	217347515.0	G	C	72	100	136	50	39	145	36	117	41	100
2	217347515.1	G	T	72	0	136	0	39	0	36	1	41	0
2	217347515.2	G	A	72	0	136	0	39	0	36	0	41	1
3	48638208.0	G	A	39	7	74	0	45	0	42	0	47	0
3	48638208.1	G	T	39	0	74	0	45	2	42	0	47	0
7	86468281.0	G	T	138	27	159	34	93	83	133	36	134	42
7	86468281.1	G	A	138	0	159	1	93	0	133	1	134	0
7	86468281.2	G	C	138	0	159	0	93	1	133	0	134	0
1	167096276.0	G	A	56	28	74	18	51	56	47	37	31	31
1	167096276.1	G	T	56	0	74	1	51	0	47	0	31	0
3	149484989.0	C	T	112	39	142	46	157	119	120	112	101	106
3	149484989.1	C	G	112	0	142	1	157	0	120	0	101	0
3	149484989.2	C	A	112	0	142	0	157	3	120	1	101	0
1	113084578.0	T	C	205	32	217	27	151	39	217	47	241	68
1	113084578.1	T	A	205	0	217	0	151	0	217	0	241	2
1	113084578.2	T	G	205	0	217	0	151	0	217	0	241	1
17	7579391.0	G	A	118	62	110	30	111	83	104	62	94	75
1	226108319.0	C	G	68	49	94	19	71	71	58	52	56	42
1	226108319.1	C	T	68	0	94	1	71	0	58	0	56	0
10	11291118.0	G	A	222	138	284	26	128	128	222	168	233	157
10	11291118.1	G	T	222	1	284	1	128	0	222	3	233	4
10	11291118.2	G	C	222	2	284	0	128	1	222	0	233	2
2	43452862.0	C	G	32	9	32	8	37	0	22	3	20	4
3	36898114.0	G	A	142	0	193	2	184	0	82	40	99	11
3	36898114.1	G	T	142	0	193	1	184	0	82	0	99	0
21	46876010.0	C	A	32	0	26	0	17	4	40	0	25	0
19	9033731.0	G	T	371	1	387	0	232	0	310	0	260	1
19	9033731.1	G	C	371	90	387	64	232	288	310	127	260	125
10	1038543.0	C	T	191	0	186	0	79	1	211	0	165	0
10	1038543.1	C	G	191	0	186	0	79	28	211	0	165	0
7	30695573.0	G	A	561	2	438	0	853	144	561	0	494	0
7	30695573.1	G	C	561	0	438	0	853	6	561	0	494	0
7	30695573.2	G	T	561	0	438	0	853	0	561	0	494	1
9	37782130.0	C	T	173	0	132	1	116	0	226	0	177	1
9	37782130.1	C	G	173	0	132	0	116	31	226	0	177	1
11	1249993.0	G	A	5	4	10	1	17	7	11	4	7	6
19	42790961.0	C	T	102	23	131	18	73	98	63	32	83	36
19	42790961.1	C	G	102	0	131	0	73	0	63	1	83	0
1	151785790.0	G	A	432	0	427	0	467	134	457	1	381	1
1	151785790.1	G	T	432	0	427	0	467	1	457	0	381	0
17	7578275.0	G	A	234	144	257	69	274	190	211	158	177	159
17	7578275.1	G	T	234	2	257	2	274	0	211	0	177	0
17	7578275.2	G	C	234	0	257	0	274	0	211	1	177	0
22	40814587.0	G	T	71	7	51	3	73	35	51	15	57	12
22	40814587.1	G	A	71	0	51	0	73	1	51	0	57	1
22	40814587.2	G	C	71	0	51	0	73	0	51	0	57	1
X	110924496.0	T	C	76	56	157	44	38	110	30	104	19	78
X	110924496.1	T	G	76	0	157	1	38	0	30	1	19	1
3	130188025.0	A	G	198	89	210	66	156	148	165	120	173	151
3	130188025.1	A	T	198	0	210	0	156	2	165	2	173	1
3	130188025.2	A	C	198	0	210	0	156	1	165	0	173	0
3	127872497.0	C	G	20	12	31	7	21	22	20	18	25	13
16	9916264.0	G	A	142	62	173	20	156	118	140	93	118	97
16	9916264.1	G	T	142	0	173	1	156	1	140	0	118	0
16	9916264.2	G	C	142	0	173	0	156	0	140	0	118	1
7	150768874.0	G	A	64	45	99	15	92	32	60	52	49	46
7	150768874.1	G	C	64	0	99	0	92	0	60	2	49	0
7	150768874.2	G	T	64	0	99	0	92	0	60	0	49	2
3	109023512.0	T	G	122	0	106	1	138	0	110	0	78	0
3	109023512.1	T	C	122	0	106	0	138	32	110	0	78	0
3	109023512.2	T	A	122	0	106	0	138	0	110	0	78	1
1	217793371.0	G	A	123	99	176	37	143	99	105	107	117	95
1	217793371.1	G	T	123	2	176	0	143	1	105	0	117	3
1	217793371.2	G	C	123	0	176	1	143	0	105	0	117	0
8	145649499.0	C	A	51	4	41	3	74	0	45	10	31	6
X	64956743.0	A	G	274	27	330	31	347	36	256	56	233	27
7	73097591.0	C	A	118	1	153	0	85	0	94	0	64	1
7	73097591.1	C	T	118	29	153	26	85	96	94	40	64	21
19	51201147.0	G	A	120	1	167	0	191	2	97	0	83	1
19	51201147.1	G	T	120	1	167	0	191	0	97	1	83	1
19	51201147.2	G	C	120	103	167	46	191	59	97	88	83	98
12	63328337.0	G	T	37	0	44	0	56	0	58	0	30	5
15	40750931.0	G	A	36	0	58	0	42	8	45	0	35	0
15	40750931.1	G	T	36	0	58	0	42	0	45	0	35	1
2	168106564.0	C	A	48	29	70	23	58	28	43	25	54	34
2	168106564.1	C	G	48	0	70	1	58	0	43	0	54	0
14	55643946.0	C	T	349	177	372	76	116	78	279	206	301	193
14	55643946.1	C	A	349	0	372	1	116	0	279	0	301	0
14	55643946.2	C	G	349	0	372	0	116	2	279	0	301	2
3	52506357.0	T	A	119	1	143	0	145	0	120	0	78	12
19	45016988.0	T	G	293	32	387	20	459	37	348	19	293	25
19	45016988.1	T	A	293	0	387	0	459	0	348	0	293	1
19	45016988.2	T	C	293	0	387	0	459	0	348	0	293	1
19	50461754.0	G	T	20	4	21	6	18	4	14	13	3	9
9	14759893.0	T	G	39	1	94	0	13	2	12	2	23	0
9	14759893.1	T	C	39	135	94	84	13	159	12	242	23	191
9	14759893.2	T	A	39	0	94	0	13	1	12	1	23	0
5	77784802.0	G	C	146	78	245	40	247	0	224	86	138	97
5	77784802.1	G	T	146	0	245	1	247	0	224	0	138	0
12	132636167.0	C	T	34	4	44	0	55	0	55	0	45	0
19	45489796.0	G	A	156	44	174	0	204	0	158	0	137	0
16	1723899.0	G	C	183	104	261	23	214	155	154	111	157	111
16	1723899.1	G	A	183	0	261	0	214	1	154	0	157	1
16	1723899.2	G	T	183	0	261	0	214	1	154	0	157	0
7	94898616.0	C	T	81	33	84	37	61	74	66	18	65	25
7	94898616.1	C	G	81	0	84	0	61	0	66	0	65	1
19	9361824.0	C	G	24	7	23	3	14	25	25	11	21	5
4	7985276.0	T	G	367	1	324	0	431	0	327	0	256	0
4	7985276.1	T	C	367	0	324	0	431	0	327	0	256	34
15	27017609.0	C	G	70	52	107	35	73	99	54	53	32	64
15	27017609.1	C	T	70	0	107	1	73	0	54	0	32	0
15	27017609.2	C	A	70	0	107	0	73	2	54	0	32	0
3	159583978.0	C	G	185	50	167	49	184	108	140	104	176	136
3	159583978.1	C	T	185	0	167	0	184	2	140	0	176	3
3	159583978.2	C	A	185	0	167	0	184	0	140	0	176	5
17	7578208.0	T	G	383	1	411	0	468	2	310	1	291	0
17	7578208.1	T	C	383	224	411	96	468	337	310	242	291	245
17	7578208.2	T	A	383	0	411	0	468	1	310	0	291	1
1	212193534.0	C	T	354	2	300	1	150	1	326	63	348	40
1	212193534.1	C	G	354	0	300	0	150	0	326	2	348	0
9	84235418.0	C	G	850	1	632	0	797	0	739	0	825	2
9	84235418.1	C	A	850	0	632	0	797	2	739	124	825	2
9	84235418.2	C	T	850	0	632	0	797	0	739	0	825	2
18	47516833.0	G	A	105	82	129	45	94	120	36	91	50	95
18	47516833.1	G	C	105	1	129	0	94	0	36	0	50	0
10	105885361.0	G	A	284	44	262	0	201	0	290	65	245	59
10	105885361.1	G	T	284	0	262	0	201	1	290	1	245	3
10	105885361.2	G	C	284	0	262	0	201	0	290	1	245	0
16	79633517.0	T	C	8	1	12	2	7	3	9	5	2	1
5	76264554.0	C	T	74	60	115	36	28	149	27	132	16	94
5	76264554.1	C	G	74	0	115	0	28	1	27	0	16	0
5	76264554.2	C	A	74	0	115	0	28	0	27	0	16	1
13	84454992.0	G	A	102	0	172	0	172	0	95	23	96	0
13	84454992.1	G	C	102	0	172	0	172	0	95	0	96	1
3	179138708.0	C	T	215	0	171	9	129	0	203	52	229	50
3	179138708.1	C	A	215	0	171	0	129	0	203	0	229	1
11	75316863.0	C	T	391	40	325	27	443	0	436	53	328	30
11	75316863.1	C	A	391	0	325	0	443	1	436	0	328	0
11	75316863.2	C	G	391	0	325	0	443	0	436	1	328	0
13	108518366.0	C	T	54	0	53	0	52	0	29	10	29	0
9	5745930.0	G	A	70	2	120	1	32	0	30	3	36	2
9	5745930.1	G	T	70	1	120	0	32	0	30	0	36	4
9	5745930.2	G	C	70	234	120	143	32	273	30	385	36	350
6	152546954.0	C	T	344	71	327	33	242	63	378	76	471	104
6	152546954.1	C	A	344	0	327	0	242	1	378	1	471	2
6	152546954.2	C	G	344	0	327	0	242	1	378	0	471	1
17	45821883.0	C	A	348	2	299	0	349	0	364	0	356	0
17	45821883.1	C	T	348	0	299	0	349	91	364	0	356	0
17	45821883.2	C	G	348	0	299	0	349	0	364	1	356	0
19	38980000.0	G	A	118	2	123	0	129	38	136	0	116	0
19	38980000.1	G	T	118	1	123	0	129	2	136	0	116	1
19	38980000.2	G	C	118	0	123	0	129	1	136	0	116	0
16	58568124.0	C	A	274	138	302	79	300	212	209	163	217	169
16	58568124.1	C	T	274	1	302	0	300	1	209	1	217	0
16	58568124.2	C	G	274	0	302	0	300	1	209	1	217	0
3	138762753.0	G	A	210	0	186	24	220	0	179	0	161	0
3	138762753.1	G	C	210	0	186	0	220	1	179	0	161	0
8	42231825.0	G	A	128	32	156	26	149	46	105	44	109	53
8	42231825.1	G	T	128	0	156	1	149	1	105	0	109	0
8	42231825.2	G	C	128	0	156	0	149	0	105	1	109	0
19	22846834.0	C	T	122	1	123	0	20	0	124	0	103	0
19	22846834.1	C	G	122	27	123	10	20	30	124	21	103	23
14	58941457.0	G	T	336	2	257	0	162	3	383	0	332	3
14	58941457.1	G	A	336	0	257	0	162	1	383	0	332	0
14	58941457.2	G	C	336	0	257	0	162	48	383	0	332	0
3	174814624.0	C	T	70	34	91	18	78	49	85	41	112	40
3	174814624.1	C	G	70	0	91	0	78	0	85	0	112	1
15	81218028.0	C	A	55	2	131	0	93	0	52	1	34	0
15	81218028.1	C	G	55	58	131	25	93	95	52	60	34	61
15	81218028.2	C	T	55	0	131	1	93	0	52	0	34	0
14	53326337.0	C	T	253	147	301	83	263	166	235	202	268	199
14	53326337.1	C	G	253	1	301	0	263	0	235	0	268	1
14	53326337.2	C	A	253	0	301	2	263	0	235	0	268	2
1	1407265.0	A	G	20	7	41	6	42	0	21	13	24	16
1	1407265.1	A	C	20	1	41	0	42	0	21	0	24	0
1	1407265.2	A	T	20	0	41	0	42	0	21	1	24	0
2	217311767.0	G	A	85	118	187	83	69	188	40	146	28	152
2	217311767.1	G	T	85	1	187	0	69	0	40	0	28	2
7	101882603.0	A	G	16	6	15	4	6	15	15	1	13	2
11	1016887.0	G	A	253	22	252	19	334	21	278	22	228	36
11	1016887.1	G	T	253	3	252	2	334	1	278	0	228	2
3	134670352.0	A	T	46	22	62	20	47	35	35	29	36	19
3	134670352.1	A	G	46	1	62	0	47	1	35	0	36	2
10	43695207.0	C	T	110	0	88	0	160	27	105	0	100	0
10	43695207.1	C	A	110	0	88	0	160	0	105	1	100	0
22	21340142.0	C	G	132	0	165	0	148	49	142	0	121	0
9	133327718.0	C	G	459	0	406	0	552	119	424	0	446	0
9	133327718.1	C	T	459	0	406	0	552	0	424	2	446	0
16	30990494.0	G	T	45	0	41	5	50	0	35	0	27	0
14	64520278.0	G	T	257	1	252	0	224	0	240	0	245	1
14	64520278.1	G	C	257	154	252	88	224	128	240	204	245	198
14	64520278.2	G	A	257	0	252	2	224	0	240	0	245	1
7	75053369.0	C	T	113	17	175	0	175	0	159	0	121	0
7	75053369.1	C	A	113	0	175	0	175	0	159	1	121	0
7	158695085.0	G	T	65	1	98	2	101	4	77	0	60	0
7	158695085.1	G	C	65	19	98	14	101	0	77	25	60	19
7	158695085.2	G	A	65	0	98	1	101	3	77	0	60	1
8	101730362.0	C	T	162	0	126	0	77	19	127	9	152	4
11	57310198.0	G	A	69	0	79	0	37	15	72	0	63	0
3	126137954.0	T	G	203	0	176	0	291	74	198	1	222	0
3	48459893.0	C	T	38	0	90	0	94	0	35	4	44	0
3	48459893.1	C	A	38	0	90	0	94	0	35	0	44	1
1	190423875.0	G	A	264	37	352	0	445	0	310	1	238	0
1	190423875.1	G	T	264	1	352	0	445	2	310	0	238	0
1	190423875.2	G	C	264	0	352	0	445	0	310	0	238	1
19	47542664.0	G	T	16	4	26	0	23	0	20	0	17	0
2	133971297.0	C	T	290	155	381	33	368	258	247	188	303	220
2	133971297.1	C	G	290	0	381	0	368	1	247	1	303	0
3	75714700.0	C	A	235	21	234	19	232	44	198	30	153	37
3	75714700.1	C	G	235	0	234	1	232	0	198	0	153	1
3	75714700.2	C	T	235	0	234	0	232	1	198	0	153	0
15	32460281.0	G	A	33	6	52	0	40	0	45	0	27	0
15	32460281.1	G	C	33	1	52	0	40	0	45	0	27	1
10	108389107.0	C	T	154	116	203	51	152	69	133	121	115	87
10	108389107.1	C	A	154	0	203	0	152	0	133	0	115	1
10	108389107.2	C	G	154	0	203	0	152	0	133	0	115	1
11	50003867.0	C	T	188	81	262	37	191	112	195	100	181	111
11	50003867.1	C	G	188	1	262	0	191	1	195	0	181	3
11	50003867.2	C	A	188	0	262	0	191	0	195	0	181	2
15	35152316.0	T	C	164	115	252	58	44	38	146	131	141	191
15	35152316.1	T	A	164	0	252	0	44	0	146	1	141	1
15	35152316.2	T	G	164	0	252	0	44	0	146	0	141	1
3	50355622.0	C	A	24	1	44	0	26	4	25	0	21	0
1	155177637.0	C	A	361	1	335	0	420	3	298	0	243	1
1	155177637.1	C	T	361	0	335	0	420	112	298	2	243	0
1	155177637.2	C	G	361	0	335	0	420	1	298	0	243	0
5	14758708.0	C	A	218	1	275	1	264	1	297	2	290	1
5	14758708.1	C	T	218	96	275	54	264	121	297	159	290	127
5	14758708.2	C	G	218	1	275	0	264	0	297	1	290	0
16	70432202.0	C	T	22	10	35	5	16	33	21	22	7	15
6	129775318.0	G	A	301	1	343	0	351	1	243	0	280	5
6	129775318.1	G	T	301	2	343	1	351	1	243	1	280	3
6	129775318.2	G	C	301	72	343	0	351	1	243	81	280	83
17	44067253.0	C	A	238	108	248	49	244	145	205	127	184	150
17	44067253.1	C	T	238	1	248	1	244	0	205	0	184	0
17	44067253.2	C	G	238	1	248	0	244	0	205	0	184	0
15	56032669.0	C	A	183	32	172	31	189	59	165	46	164	56
15	56032669.1	C	T	183	3	172	0	189	1	165	0	164	2
15	56032669.2	C	G	183	0	172	0	189	1	165	0	164	0
12	21243032.0	G	T	82	2	74	0	19	0	107	0	67	1
12	21243032.1	G	C	82	12	74	0	19	1	107	18	67	21
12	21243032.2	G	A	82	0	74	0	19	0	107	0	67	1
2	113999210.0	T	G	105	11	107	4	132	6	129	3	70	12
2	113999210.1	T	C	105	0	107	1	132	0	129	0	70	0
12	11214495.0	T	C	32	5	32	3	14	15	42	7	33	4
12	11214495.1	T	A	32	0	32	0	14	2	42	0	33	0
12	11214495.2	T	G	32	0	32	0	14	0	42	1	33	0
5	101709083.0	A	T	229	0	249	0	66	8	285	0	187	2
5	101709083.1	A	C	229	0	249	0	66	1	285	0	187	0
5	101709083.2	A	G	229	0	249	0	66	0	285	1	187	0
17	11532791.0	G	T	246	1	253	1	316	1	229	0	213	0
17	11532791.1	G	A	246	0	253	0	316	77	229	0	213	1
17	11532791.2	G	C	246	0	253	0	316	1	229	0	213	0
13	67802065.0	C	G	152	25	159	0	174	0	103	34	125	41
13	67802065.1	C	A	152	0	159	0	174	1	103	0	125	0
13	67802065.2	C	T	152	0	159	0	174	2	103	1	125	0
5	64976362.0	C	T	63	79	105	33	14	38	37	132	27	93
2	74274714.0	C	G	54	18	59	4	45	43	48	41	46	26
3	62180735.0	G	C	90	109	144	36	45	138	45	93	19	87
3	62180735.1	G	A	90	0	144	0	45	0	45	1	19	0
19	9362071.0	C	G	87	24	96	11	59	60	73	37	84	24
16	19485542.0	C	A	275	1	350	0	310	1	237	0	198	1
16	19485542.1	C	T	275	1	350	0	310	2	237	1	198	1
16	19485542.2	C	G	275	136	350	44	310	214	237	144	198	136
5	173383130.0	G	A	41	31	85	31	23	45	15	66	16	46
5	173383130.1	G	C	41	0	85	0	23	1	15	0	16	2
16	30021378.0	G	A	23	0	20	0	35	9	20	0	14	0
X	22291817.0	A	G	5	1	14	5	4	11	7	6	1	5
X	22291817.1	A	C	5	0	14	0	4	1	7	0	1	0
11	72289550.0	G	A	125	1	169	0	161	1	121	1	122	1
11	72289550.1	G	T	125	370	169	186	161	348	121	423	122	302
21	47540448.0	G	T	52	54	87	28	44	71	58	37	30	37
21	47540448.1	G	A	52	0	87	0	44	1	58	0	30	1
21	47540448.2	G	C	52	0	87	0	44	0	58	0	30	1
2	168725638.0	C	T	134	83	132	36	140	103	128	90	111	105
2	168725638.1	C	G	134	2	132	1	140	0	128	0	111	1
12	49360203.0	G	T	34	1	59	0	63	0	30	4	43	0
3	195507923.0	C	T	202	19	177	21	257	61	179	33	150	15
3	195507923.1	C	G	202	9	177	8	257	7	179	6	150	5
3	195507923.2	C	A	202	0	177	2	257	2	179	2	150	2
5	5303445.0	G	T	28	0	46	1	73	0	49	0	31	0
5	5303445.1	G	A	28	0	46	0	73	0	49	0	31	11
5	5303445.2	G	C	28	0	46	0	73	0	49	0	31	1
14	58605614.0	G	A	61	30	54	11	51	29	43	39	62	33
14	58605614.1	G	T	61	0	54	1	51	0	43	0	62	0
19	42880063.0	G	A	21	0	20	0	11	0	11	5	14	2
10	101462375.0	G	C	174	24	156	1	249	0	231	0	237	1
10	101462375.1	G	A	174	0	156	0	249	0	231	0	237	2
22	31286723.0	C	G	26	1	36	9	33	12	25	10	28	2
17	41720925.0	G	A	156	72	154	41	134	125	112	89	96	77
17	41720925.1	G	T	156	2	154	0	134	2	112	0	96	1
22	20119536.0	G	T	22	0	34	0	41	0	28	5	23	0
3	195515382.0	G	C	42	3	25	4	69	13	59	1	33	0
12	21242960.0	G	A	166	34	136	0	48	1	170	44	170	43
12	21242960.1	G	C	166	1	136	0	48	0	170	0	170	0
12	21242960.2	G	T	166	0	136	0	48	0	170	1	170	2
11	128642864.0	C	G	45	32	68	21	12	66	16	56	11	52
10	7822066.0	G	A	283	1	225	1	291	0	214	2	267	0
10	7822066.1	G	T	283	1	225	1	291	0	214	1	267	2
10	7822066.2	G	C	283	133	225	81	291	128	214	170	267	156
22	32015679.0	G	T	159	1	268	0	156	0	114	0	113	0
22	32015679.1	G	C	159	129	268	66	156	187	114	133	113	131
17	47075180.0	C	A	156	1	192	0	179	2	130	1	95	0
17	47075180.1	C	T	156	77	192	47	179	136	130	90	95	81
17	47075180.2	C	G	156	0	192	0	179	2	130	1	95	4
