Chr	Posi	Wild	Mut	Met2T:ref	Met2T:alt	Met4T:ref	Met4T:alt	Met5T:ref	Met5T:alt	PrimT:ref	PrimT:alt
1	112308925.0	C	T	94	1	56	0	38	0	44	0
1	112308925.1	C	A	94	0	56	0	38	0	44	1
1	112308925.2	C	G	94	0	56	0	38	0	44	22
1	249150539.0	C	G	461	0	266	0	228	0	310	56
4	189012954.0	G	A	73	0	84	1	52	0	37	0
4	189012954.1	G	T	73	0	84	0	52	0	37	37
12	58114227.0	G	C	245	0	332	0	174	0	155	25
20	1460552.0	G	T	35	102	165	0	95	0	174	0
X	101139015.0	C	T	88	2	105	0	75	0	96	0
X	101139015.1	C	G	88	0	105	0	75	0	96	26
2	95945628.0	T	A	224	1	228	1	124	0	187	0
2	95945628.1	T	G	224	0	228	109	124	79	187	73
2	95945628.2	T	C	224	0	228	7	124	3	187	2
12	111099115.0	C	T	138	0	179	0	106	0	63	24
6	151672533.0	G	T	103	0	118	1	76	30	31	31
9	138556101.0	G	C	155	0	183	0	132	0	78	25
12	95912001.0	G	T	241	0	214	1	152	0	170	0
12	95912001.1	G	C	241	0	214	0	152	0	170	34
12	66765617.0	G	A	342	1	378	0	217	0	171	34
12	66765617.1	G	T	342	1	378	0	217	1	171	1
12	66765617.2	G	C	342	0	378	0	217	0	171	1
1	186310431.0	C	T	758	1	365	0	312	0	557	0
1	186310431.1	C	G	758	0	365	0	312	0	557	106
19	56089419.0	G	T	116	2	47	0	28	0	53	0
19	56089419.1	G	A	116	0	47	85	28	69	53	0
10	22615823.0	T	G	413	0	198	2	121	0	330	0
10	22615823.1	T	C	413	0	198	133	121	141	330	109
5	67576505.0	A	G	314	0	119	71	77	110	144	55
4	17608536.0	G	T	301	0	398	0	194	1	291	0
4	17608536.1	G	A	301	0	398	0	194	0	291	61
6	160677724.0	C	A	143	0	30	68	44	49	135	0
5	169230212.0	T	C	131	0	103	13	90	34	92	0
5	169230212.1	T	A	131	0	103	0	90	1	92	0
5	169230212.2	T	G	131	0	103	0	90	1	92	0
10	50531455.0	G	A	95	0	107	0	79	0	74	18
12	124397675.0	A	T	106	0	59	71	39	43	90	8
7	56066744.0	G	T	334	0	389	1	370	0	238	0
7	56066744.1	G	A	334	0	389	0	370	0	238	61
7	56066744.2	G	C	334	0	389	0	370	0	238	1
12	13716415.0	C	G	142	0	394	0	322	1	98	24
X	119005413.0	C	G	306	0	558	0	360	1	225	37
2	228883520.0	G	T	333	1	183	0	122	0	252	0
2	228883520.1	G	C	333	1	183	0	122	0	252	0
2	228883520.2	G	A	333	0	183	57	122	35	252	0
X	106061986.0	A	G	553	1	517	2	294	0	493	2
X	106061986.1	A	T	553	0	517	0	294	0	493	98
X	106061986.2	A	C	553	0	517	0	294	0	493	3
12	112844676.0	C	A	212	1	271	0	158	0	177	23
3	119721056.0	A	T	195	1	169	1	78	0	158	0
3	119721056.1	A	C	195	0	169	0	78	34	158	0
19	6711175.0	T	C	72	0	72	27	54	14	27	17
19	6711175.1	T	G	72	0	72	0	54	0	27	1
20	62078120.0	C	A	81	20	106	0	61	0	45	0
1	35477503.0	C	A	248	0	181	53	127	50	129	55
1	35477503.1	C	G	248	0	181	0	127	0	129	1
17	42475881.0	T	A	239	0	120	108	103	39	125	46
17	42475881.1	T	G	239	0	120	0	103	0	125	1
14	74153965.0	G	T	152	0	78	0	76	0	94	27
1	154842117.0	G	A	176	0	290	0	187	0	92	21
1	154842117.1	G	T	176	0	290	0	187	0	92	1
2	133489461.0	C	A	249	0	207	2	159	0	97	71
20	61456318.0	A	T	151	1	125	60	57	34	42	19
20	61456318.1	A	C	151	0	125	0	57	1	42	0
1	205897956.0	C	A	348	0	219	63	118	63	70	141
1	205897956.1	C	T	348	0	219	1	118	0	70	0
1	205897956.2	C	G	348	0	219	1	118	0	70	0
21	31692237.0	G	T	180	41	175	2	80	0	128	0
1	217915409.0	G	A	569	2	283	0	258	0	568	1
1	217915409.1	G	T	569	258	283	0	258	0	568	0
17	36963205.0	C	A	146	82	236	0	185	0	128	0
10	15648308.0	G	T	428	0	283	73	205	71	355	95
10	15648308.1	G	C	428	0	283	0	205	1	355	0
X	49104935.0	C	T	97	0	120	0	50	1	30	0
X	49104935.1	C	A	97	0	120	0	50	0	30	12
21	37586469.0	C	T	167	0	156	0	102	0	116	31
6	147057672.0	A	G	377	0	264	0	266	86	229	202
6	147057672.1	A	T	377	0	264	0	266	0	229	1
9	26917153.0	C	A	267	0	161	103	145	50	202	68
9	26917153.1	C	T	267	0	161	1	145	0	202	0
4	3251042.0	C	A	24	0	29	31	34	24	12	4
4	3251042.1	C	G	24	0	29	0	34	1	12	0
6	7298167.0	C	G	362	0	184	2	95	41	258	5
6	7298167.1	C	T	362	0	184	0	95	2	258	0
X	70373347.0	G	T	200	34	218	0	110	0	132	0
11	794826.0	G	A	132	0	184	52	137	37	51	19
11	794826.1	G	T	132	0	184	2	137	0	51	0
5	159344586.0	G	T	361	0	363	223	134	253	177	91
5	159344586.1	G	A	361	0	363	0	134	0	177	2
5	159344586.2	G	C	361	0	363	0	134	0	177	1
10	82329927.0	A	T	107	67	171	0	84	0	118	0
10	82329927.1	A	C	107	1	171	0	84	0	118	0
10	82329927.2	A	G	107	0	171	1	84	0	118	1
4	65155443.0	G	A	231	202	199	0	165	0	385	0
4	65155443.1	G	T	231	1	199	0	165	0	385	0
8	100733144.0	G	A	275	1	170	1	147	0	217	1
8	100733144.1	G	C	275	0	170	33	147	0	217	0
8	100733144.2	G	T	275	0	170	0	147	0	217	1
2	62728345.0	C	T	204	0	152	0	164	0	135	30
5	148563067.0	G	T	224	1	182	115	65	118	145	81
5	148563067.1	G	A	224	0	182	2	65	0	145	0
6	108246027.0	C	T	302	0	93	130	117	135	363	3
17	8739893.0	C	A	196	1	139	0	77	0	144	0
17	8739893.1	C	G	196	0	139	57	77	43	144	0
19	49658101.0	G	T	124	23	134	0	86	0	91	0
19	49658101.1	G	A	124	0	134	2	86	0	91	0
10	69934344.0	C	G	160	0	200	0	93	0	108	35
2	166897955.0	C	A	240	0	130	3	93	0	149	0
2	166897955.1	C	G	240	0	130	37	93	31	149	24
2	166897955.2	C	T	240	0	130	0	93	1	149	0
18	65180318.0	G	T	116	38	89	0	85	0	129	0
1	114964096.0	C	T	692	1	478	0	319	0	348	185
1	114964096.1	C	A	692	0	478	0	319	0	348	2
1	114964096.2	C	G	692	0	478	0	319	0	348	1
22	41190579.0	C	A	218	0	355	1	337	0	216	1
22	41190579.1	C	G	218	0	355	0	337	0	216	71
2	131356288.0	G	A	191	1	244	54	210	70	152	43
2	131356288.1	G	T	191	0	244	2	210	1	152	0
2	131356288.2	G	C	191	0	244	35	210	39	152	8
20	40084523.0	C	A	341	1	181	0	125	0	209	1
20	40084523.1	C	T	341	0	181	0	125	0	209	70
1	157067681.0	C	T	117	24	167	0	83	0	72	0
9	140469280.0	C	A	66	40	108	1	47	0	69	0
3	130292811.0	G	A	227	0	160	1	90	0	164	0
3	130292811.1	G	T	227	0	160	1	90	0	164	0
3	130292811.2	G	C	227	0	160	23	90	33	164	0
1	237947686.0	G	A	185	2	156	0	170	0	186	0
1	237947686.1	G	T	185	189	156	0	170	0	186	1
4	115997585.0	T	A	44	40	41	0	39	0	104	0
14	23503963.0	G	A	169	0	272	0	111	0	74	28
X	49061728.0	C	T	130	0	106	0	48	0	37	24
19	45873389.0	A	T	131	0	136	0	94	0	50	13
19	45873389.1	A	C	131	0	136	0	94	0	50	4
7	107872803.0	C	A	380	0	178	0	167	0	160	45
7	44155406.0	A	T	161	0	171	96	113	61	74	12
7	44155406.1	A	C	161	0	171	3	113	2	74	3
7	44155406.2	A	G	161	0	171	0	113	1	74	0
2	128712833.0	G	A	268	0	206	67	145	45	174	33
2	128712833.1	G	T	268	0	206	1	145	1	174	0
2	128712833.2	G	C	268	0	206	0	145	0	174	1
4	20733693.0	T	G	479	0	396	143	271	0	492	2
4	20733693.1	T	C	479	0	396	1	271	0	492	1
1	1455629.0	G	A	86	13	137	0	80	0	42	0
10	118383457.0	G	A	121	22	137	33	98	29	111	12
1	155327461.0	C	A	337	0	309	0	217	0	284	2
1	155327461.1	C	T	337	0	309	0	217	0	284	59
1	155327461.2	C	G	337	0	309	0	217	0	284	1
22	51063766.0	C	A	24	16	84	0	67	0	29	0
3	142681171.0	G	A	129	41	160	0	81	0	36	0
16	27445752.0	G	A	155	1	232	0	151	0	101	18
1	248525254.0	C	A	172	200	137	0	139	0	213	0
X	77912732.0	G	A	108	0	35	56	15	18	53	24
X	77912732.1	G	T	108	0	35	0	15	0	53	1
3	48719056.0	G	A	54	0	58	65	57	18	29	9
15	27572084.0	C	A	64	96	137	0	103	0	169	0
15	27572084.1	C	T	64	1	137	0	103	0	169	1
3	47894689.0	C	G	36	0	58	14	46	0	27	0
2	152522694.0	G	A	504	1	197	1	114	0	219	0
2	152522694.1	G	T	504	0	197	172	114	126	219	165
8	28989965.0	G	A	122	0	145	0	115	0	150	25
15	100871108.0	C	G	180	1	194	0	129	0	96	0
15	100871108.1	C	A	180	0	194	0	129	0	96	37
7	1166985.0	C	T	201	0	301	0	204	0	96	15
1	39876962.0	C	G	105	1	87	23	57	23	124	0
1	39876962.1	C	A	105	0	87	3	57	0	124	0
5	96349512.0	C	A	164	0	97	1	103	2	101	0
5	96349512.1	C	G	164	0	97	0	103	0	101	29
12	4708227.0	C	T	261	2	379	0	287	1	241	0
12	4708227.1	C	G	261	0	379	94	287	0	241	0
X	49645251.0	A	C	366	0	335	0	158	1	219	2
X	49645251.1	A	T	366	0	335	0	158	0	219	1
X	49645251.2	A	G	366	0	335	0	158	0	219	63
3	189582204.0	G	A	150	2	108	0	76	0	107	0
3	189582204.1	G	C	150	0	108	65	76	23	107	34
X	34961946.0	T	A	81	0	26	35	10	20	73	18
X	34961946.1	T	C	81	0	26	1	10	0	73	0
20	62836955.0	G	A	148	0	85	47	81	26	48	25
20	62836956.0	C	A	148	0	83	47	81	27	46	25
4	109672105.0	G	T	176	1	77	0	57	0	94	89
4	25836931.0	G	T	181	0	229	21	66	12	154	0
20	45910914.0	G	C	238	2	149	0	90	0	151	38
11	24759806.0	G	A	146	1	178	0	160	0	216	0
11	24759806.1	G	T	146	105	178	0	160	0	216	2
19	6417768.0	G	A	147	0	176	0	93	36	82	0
19	6417768.1	G	C	147	0	176	0	93	1	82	0
16	30116194.0	T	C	273	1	184	0	135	50	128	56
16	30116194.1	T	A	273	0	184	0	135	1	128	0
6	45480134.0	G	T	183	1	225	0	190	1	91	41
6	45480134.1	G	A	183	0	225	0	190	1	91	0
12	7075592.0	G	T	251	0	471	0	339	2	193	0
12	7075592.1	G	A	251	0	471	0	339	0	193	82
1	193150064.0	C	T	682	0	354	1	304	0	447	0
1	193150064.1	C	G	682	0	354	0	304	0	447	126
1	103380274.0	G	T	178	0	82	30	54	29	56	49
2	17997923.0	C	T	118	0	67	2	46	1	72	0
2	17997923.1	C	G	118	0	67	53	46	36	72	11
5	140594235.0	G	T	29	13	78	0	54	0	47	0
12	112743874.0	T	G	302	0	252	2	147	0	151	0
12	112743874.1	T	C	302	0	252	48	147	40	151	125
12	112743874.2	T	A	302	0	252	0	147	1	151	1
3	23541135.0	G	A	323	0	273	72	257	2	409	1
3	23541135.1	G	T	323	0	273	0	257	1	409	0
16	57413597.0	C	A	171	0	125	1	84	0	78	0
16	57413597.1	C	T	171	0	125	0	84	0	78	36
1	186008096.0	C	G	215	0	100	25	72	24	156	1
1	186008096.1	C	A	215	0	100	0	72	1	156	2
6	135318634.0	G	C	156	0	98	41	114	24	188	0
6	135318634.1	G	T	156	0	98	0	114	0	188	1
4	94690406.0	C	A	170	0	100	0	101	0	93	55
17	61910480.0	G	C	155	0	164	0	99	0	66	14
22	50877048.0	C	A	99	0	177	2	161	0	84	0
22	50877048.1	C	G	99	0	177	41	161	42	84	0
22	50877048.2	C	T	99	0	177	0	161	1	84	0
8	121561096.0	G	T	482	0	509	1	262	0	224	0
8	121561096.1	G	A	482	0	509	0	262	0	224	93
13	38320357.0	C	A	116	0	38	62	20	54	69	34
9	86506249.0	C	G	318	0	136	115	159	57	212	81
X	135323393.0	C	A	141	0	154	0	95	0	105	1
X	135323393.1	C	G	141	0	154	0	95	0	105	18
14	104142089.0	G	T	100	0	74	3	50	4	97	0
14	104142089.1	G	C	100	0	74	27	50	20	97	3
6	107956418.0	G	A	102	0	145	0	130	0	63	16
6	107956418.1	G	T	102	0	145	0	130	0	63	1
1	5967195.0	G	T	151	0	157	0	96	0	63	2
1	5967195.1	G	C	151	0	157	0	96	0	63	13
2	74733097.0	A	G	163	0	183	0	169	30	99	0
2	74733097.1	A	C	163	0	183	0	169	1	99	0
19	7614965.0	C	A	103	0	132	1	95	0	44	0
19	7614965.1	C	T	103	0	132	46	95	25	44	20
17	62020409.0	G	A	102	45	156	0	85	0	63	0
17	62020409.1	G	T	102	0	156	0	85	0	63	1
12	104337545.0	G	A	216	0	221	2	138	0	265	0
12	104337545.1	G	C	216	0	221	77	138	0	265	0
1	225520992.0	G	T	166	0	43	25	65	22	105	87
1	225520992.1	G	A	166	0	43	0	65	0	105	1
X	19568187.0	C	A	203	0	36	120	26	46	151	55
2	150064896.0	C	T	346	1	197	0	155	0	222	49
3	183660543.0	C	T	193	0	161	1	90	0	106	0
3	183660543.1	C	G	193	0	161	0	90	0	106	28
20	62290794.0	C	A	565	0	568	1	304	0	283	0
20	62290794.1	C	G	565	0	568	1	304	0	283	68
5	7789845.0	G	A	383	138	147	0	110	0	196	0
5	7789845.1	G	C	383	1	147	0	110	0	196	0
5	7789845.2	G	T	383	0	147	0	110	2	196	0
11	9875120.0	C	G	249	0	259	0	208	0	183	54
18	10855426.0	C	A	167	0	102	38	79	23	119	46
18	10855426.1	C	G	167	0	102	0	79	0	119	1
5	140787812.0	C	T	113	33	274	1	151	0	91	0
5	140787812.1	C	G	113	3	274	0	151	0	91	0
4	186097075.0	C	T	338	0	200	0	169	0	289	48
19	32954395.0	G	T	284	1	276	0	183	0	263	0
19	32954395.1	G	A	284	0	276	0	183	33	263	0
2	1891345.0	C	A	448	0	357	0	231	1	306	0
2	1891345.1	C	T	448	0	357	0	231	0	306	38
5	137221810.0	G	A	241	0	176	37	105	66	186	0
5	7832085.0	G	C	511	1	222	0	153	0	152	31
5	7832085.1	G	T	511	0	222	2	153	0	152	2
7	57188639.0	T	C	187	1	152	25	162	0	219	1
7	57188639.1	T	A	187	0	152	2	162	0	219	0
3	38539194.0	C	A	147	0	179	0	129	0	148	1
3	38539194.1	C	T	147	0	179	0	129	0	148	67
3	38539194.2	C	G	147	0	179	0	129	0	148	1
10	28023467.0	T	A	377	75	371	0	273	0	392	0
10	28023467.1	T	C	377	1	371	0	273	0	392	0
8	8749714.0	G	A	53	0	103	0	47	0	34	15
3	13679259.0	C	T	96	0	126	0	68	23	30	2
1	202864679.0	C	T	152	0	74	0	68	0	103	22
10	94410189.0	A	G	391	0	226	123	202	58	222	100
10	94410189.1	A	C	391	0	226	1	202	0	222	0
10	94410189.2	A	T	391	0	226	0	202	0	222	3
X	105921438.0	A	T	163	2	356	1	252	0	450	0
X	105921438.1	A	G	163	240	356	0	252	0	450	0
2	27356145.0	C	A	328	0	380	1	226	0	135	0
2	27356145.1	C	G	328	0	380	0	226	0	135	80
9	123779924.0	G	C	133	0	94	0	75	0	94	29
17	7574012.0	C	A	79	0	44	55	23	48	21	16
11	7059870.0	A	T	123	0	91	21	97	33	90	37
11	7059870.1	A	G	123	0	91	1	97	0	90	0
5	133959667.0	C	T	273	0	313	0	247	0	209	83
1	205290637.0	C	A	328	0	302	0	184	1	189	0
1	205290637.1	C	T	328	0	302	0	184	0	189	38
4	57215551.0	G	A	166	0	81	0	57	0	156	1
4	57215551.1	G	T	166	0	81	0	57	0	156	1
4	57215551.2	G	C	166	0	81	0	57	0	156	24
13	60498990.0	C	T	125	0	34	52	23	62	92	49
3	14708448.0	G	A	112	0	82	25	88	0	125	2
X	54783714.0	A	G	60	0	19	51	6	16	43	13
19	49646192.0	C	A	72	0	76	1	30	0	43	1
19	49646192.1	C	G	72	0	76	32	30	18	43	0
5	79741202.0	C	G	230	0	117	64	53	88	122	40
12	7882213.0	C	T	178	1	35	1	23	0	64	0
12	7882213.1	C	G	178	0	35	240	23	168	64	59
8	24773176.0	A	G	119	0	180	0	104	0	144	39
8	24773176.1	A	C	119	0	180	0	104	0	144	7
13	99890793.0	C	G	150	0	149	0	115	0	131	29
11	55890234.0	C	A	194	0	66	22	50	27	144	26
11	55890234.1	C	G	194	0	66	1	50	0	144	0
7	103244822.0	C	T	173	2	77	0	36	0	82	0
7	103244822.1	C	A	173	0	77	65	36	41	82	20
7	103244822.2	C	G	173	0	77	0	36	1	82	0
11	55681870.0	G	T	256	0	63	26	49	28	133	49
11	55681870.1	G	A	256	0	63	0	49	0	133	1
8	104831754.0	C	T	632	1	381	63	262	44	366	1
8	104831754.1	C	A	632	0	381	2	262	1	366	0
8	104831754.2	C	G	632	0	381	2	262	0	366	0
6	56481801.0	G	A	176	0	72	18	67	15	120	1
20	39721186.0	C	A	638	1	320	0	236	0	349	2
20	39721186.1	C	T	638	0	320	0	236	0	349	124
20	39721186.2	C	G	638	0	320	0	236	0	349	1
2	125530382.0	C	T	408	0	253	0	219	0	206	156
19	46444071.0	C	A	26	0	18	15	9	14	7	2
19	46444071.1	C	G	26	0	18	1	9	0	7	0
11	108106505.0	A	T	158	312	303	0	222	0	455	0
11	108106505.1	A	C	158	0	303	0	222	0	455	1
1	236157084.0	C	A	142	0	69	1	49	0	55	0
1	236157084.1	C	G	142	0	69	44	49	44	55	3
12	111947766.0	G	A	507	0	525	0	339	0	497	110
12	111947766.1	G	T	507	0	525	0	339	0	497	1
19	36562496.0	C	T	173	2	202	0	182	0	103	0
19	36562496.1	C	A	173	0	202	1	182	0	103	0
19	36562496.2	C	G	173	0	202	65	182	36	103	0
19	58117405.0	G	C	46	15	41	0	40	0	43	0
1	173478799.0	C	A	189	1	82	1	70	0	110	0
1	173478799.1	C	G	189	0	82	20	70	19	110	0
1	61743210.0	G	A	182	0	125	0	78	0	133	1
1	61743210.1	G	C	182	0	125	0	78	0	133	63
1	10532411.0	G	A	127	2	146	0	76	0	53	0
1	10532411.1	G	T	127	0	146	65	76	46	53	8
18	19070051.0	C	A	99	0	75	28	38	23	53	8
3	137816632.0	G	A	168	74	263	0	136	0	124	1
3	137816632.1	G	T	168	3	263	0	136	0	124	0
3	137816632.2	G	C	168	2	263	0	136	0	124	0
1	225562557.0	G	C	137	0	62	0	72	0	81	24
7	120935574.0	C	A	429	0	197	0	155	0	195	1
7	120935574.1	C	T	429	0	197	0	155	0	195	31
14	20839673.0	G	A	124	67	139	0	76	0	125	0
X	130415738.0	C	A	593	0	545	0	383	0	447	65
1	182853912.0	C	T	287	0	175	0	127	0	179	27
9	116044971.0	G	T	389	0	316	2	290	0	341	0
9	116044971.1	G	A	389	0	316	0	290	0	341	5
9	116044971.2	G	C	389	0	316	0	290	0	341	124
16	72001139.0	C	T	182	0	133	0	71	0	102	1
16	72001139.1	C	G	182	0	133	0	71	0	102	25
1	178491484.0	G	A	114	24	91	1	52	0	89	0
1	178491484.1	G	C	114	1	91	0	52	0	89	0
1	152281629.0	G	A	260	1	205	4	131	0	106	0
1	152281629.1	G	T	260	0	205	152	131	112	106	169
19	9069180.0	G	C	113	0	62	17	53	20	72	0
20	3869931.0	G	C	58	0	107	0	49	0	54	14
16	21011565.0	C	T	61	0	53	0	55	0	40	14
X	107978005.0	C	T	247	0	453	0	296	0	177	28
1	248366482.0	C	T	352	1	183	0	163	0	278	45
1	248366482.1	C	A	352	0	183	1	163	0	278	0
5	147806893.0	A	T	161	1	197	0	124	0	146	0
5	147806893.1	A	C	161	0	197	39	124	0	146	0
5	147806893.2	A	G	161	0	197	0	124	0	146	1
1	162348716.0	G	T	665	1	429	0	320	3	369	2
1	162348716.1	G	A	665	0	429	0	320	2	369	2
1	162348716.2	G	C	665	0	429	0	320	0	369	98
17	72428239.0	C	G	103	0	113	0	60	0	27	14
2	58449151.0	C	A	545	0	152	153	312	106	478	91
2	58449151.1	C	G	545	0	152	2	312	1	478	0
2	58449151.2	C	T	545	0	152	0	312	1	478	0
9	6990441.0	C	G	192	0	184	35	148	37	142	0
14	24531738.0	G	A	98	0	83	1	36	0	57	0
14	24531738.1	G	C	98	0	83	111	36	0	57	1
2	173891899.0	C	T	228	0	147	0	115	0	142	105
11	116728732.0	T	G	120	0	100	39	53	31	83	30
17	74474999.0	G	A	93	51	163	0	86	0	46	0
17	74474999.1	G	T	93	2	163	0	86	1	46	2
22	20079088.0	G	A	192	0	327	2	216	0	147	0
22	20079088.1	G	T	192	0	327	1	216	0	147	0
22	20079088.2	G	C	192	0	327	67	216	45	147	0
3	49831340.0	G	T	68	46	187	0	129	0	57	1
9	120466795.0	G	T	200	0	166	35	71	90	130	36
2	1947021.0	C	T	433	0	260	59	223	0	382	1
1	15802979.0	C	A	236	0	166	42	83	23	141	16
1	205130422.0	G	A	317	1	199	0	138	0	191	42
1	205130422.1	G	T	317	0	199	0	138	0	191	1
18	14803773.0	C	T	574	1	267	0	220	0	475	0
18	14803773.1	C	A	574	0	267	104	220	115	475	58
18	14803773.2	C	G	574	0	267	1	220	0	475	0
5	159840933.0	C	G	904	1	800	0	746	0	696	0
5	159840933.1	C	A	904	0	800	0	746	1	696	0
5	159840933.2	C	T	904	0	800	0	746	0	696	144
13	38156563.0	G	T	356	1	248	1	207	0	381	0
13	38156563.1	G	A	356	0	248	0	207	0	381	80
13	38156563.2	G	C	356	0	248	0	207	0	381	1
8	139164770.0	C	G	261	83	270	0	191	0	186	0
19	33239381.0	G	C	159	0	205	0	162	0	81	30
3	51977422.0	G	A	31	0	39	21	35	0	25	0
19	52376694.0	C	A	94	0	19	30	17	42	71	21
19	52376694.1	C	G	94	0	19	0	17	0	71	1
6	153296268.0	C	G	396	0	224	101	251	92	455	1
6	153296268.1	C	A	396	0	224	0	251	0	455	2
6	153296268.2	C	T	396	0	224	0	251	0	455	1
4	118975693.0	C	A	151	0	36	63	26	37	120	28
3	101136604.0	T	G	252	0	98	49	63	49	89	31
3	101136604.1	T	A	252	0	98	0	63	0	89	1
X	153631901.0	C	A	362	0	621	1	370	2	229	45
X	153631901.1	C	T	362	0	621	2	370	0	229	0
X	27765568.0	C	T	180	1	164	0	42	0	61	36
17	28618331.0	G	C	195	0	205	0	132	0	85	21
X	18966938.0	C	A	90	27	93	0	51	0	116	0
X	18966938.1	C	T	90	0	93	0	51	0	116	1
6	138655353.0	G	T	74	0	96	1	105	0	57	0
6	138655353.1	G	A	74	0	96	0	105	0	57	27
4	38016223.0	A	T	87	0	92	77	48	30	40	16
4	38016223.1	A	G	87	0	92	1	48	0	40	0
11	94801116.0	C	T	211	0	150	0	76	0	136	46
11	83243818.0	C	G	481	1	254	0	222	0	386	90
11	83243818.1	C	A	481	0	254	0	222	0	386	2
11	83243818.2	C	T	481	0	254	0	222	0	386	2
12	98925506.0	A	C	252	0	320	0	169	0	236	67
1	243434302.0	G	T	517	246	289	0	275	0	509	0
1	243434302.1	G	A	517	0	289	0	275	0	509	1
17	41056028.0	A	C	119	0	79	22	62	0	85	0
X	128650408.0	G	A	541	0	457	0	341	1	414	93
22	30494920.0	C	T	226	0	236	58	208	104	264	0
22	30494920.1	C	G	226	0	236	1	208	0	264	0
22	30494920.2	C	A	226	0	236	0	208	1	264	0
17	62020388.0	G	A	121	43	183	0	101	0	88	0
17	62020388.1	G	C	121	0	183	0	101	2	88	0
6	109886040.0	G	T	432	1	304	0	272	80	258	237
6	109886040.1	G	A	432	0	304	0	272	1	258	0
6	109886040.2	G	C	432	0	304	0	272	1	258	0
9	121930150.0	A	T	188	38	221	0	181	0	113	0
9	121930150.1	A	C	188	1	221	1	181	0	113	0
2	220405008.0	C	T	68	0	91	25	64	0	32	0
9	139914811.0	C	T	132	0	181	47	135	0	59	0
4	53522465.0	G	A	357	0	155	81	119	0	420	0
4	53522465.1	G	T	357	0	155	1	119	0	420	0
12	25398284.0	C	G	191	148	446	0	332	0	285	0
12	25398285.0	C	A	323	1	88	393	30	318	191	117
12	25398285.1	C	G	323	0	88	1	30	0	191	1
19	11979216.0	G	T	133	0	101	1	73	0	102	0
19	11979216.1	G	A	133	0	101	0	73	0	102	54
17	42429894.0	C	T	207	1	275	0	165	0	83	12
3	3170730.0	G	A	111	0	94	0	67	0	53	28
11	125659331.0	C	T	250	0	119	36	55	41	146	0
11	125659331.1	C	G	250	0	119	0	55	1	146	0
10	74658632.0	G	T	112	57	209	0	115	0	95	0
7	66418242.0	C	A	199	0	199	0	122	1	162	1
7	66418242.1	C	T	199	0	199	0	122	0	162	49
14	90455265.0	C	A	228	0	80	18	71	24	121	56
14	89307435.0	G	A	251	1	150	0	106	0	167	2
14	89307435.1	G	T	251	1	150	0	106	0	167	0
14	89307435.2	G	C	251	0	150	0	106	0	167	51
20	47887141.0	C	G	232	0	161	0	95	0	113	51
2	228564124.0	C	A	125	0	55	48	51	44	61	32
3	112666756.0	G	A	227	153	247	0	167	0	285	0
3	112666756.1	G	T	227	2	247	2	167	0	285	0
3	112666756.2	G	C	227	1	247	0	167	0	285	0
8	21964958.0	G	A	34	0	66	0	28	14	24	0
15	44085204.0	G	C	167	0	247	0	128	0	115	20
2	64114563.0	C	G	206	0	110	0	176	0	149	22
X	90690579.0	G	A	141	0	97	0	70	0	102	32
11	5068074.0	C	A	168	0	149	30	117	25	117	1
18	29340122.0	C	A	266	71	237	0	168	0	200	0
X	5821744.0	C	T	185	0	198	1	108	0	124	1
X	5821744.1	C	G	185	0	198	0	108	1	124	0
X	5821744.2	C	A	185	0	198	0	108	0	124	29
3	164786937.0	G	A	316	0	199	33	169	0	280	1
3	164786937.1	G	T	316	0	199	1	169	0	280	0
9	71851898.0	G	C	278	0	244	1	162	0	185	50
9	71851898.1	G	A	278	0	244	0	162	0	185	1
3	51452299.0	G	A	112	0	107	28	53	27	141	0
3	51452299.1	G	T	112	0	107	0	53	1	141	0
12	31576540.0	C	G	350	0	597	0	489	1	329	82
12	31576540.1	C	A	350	0	597	0	489	0	329	1
12	31576540.2	C	T	350	0	597	0	489	0	329	1
2	197184453.0	C	G	217	0	126	38	88	35	139	0
17	42483405.0	C	T	208	0	124	30	106	1	158	0
14	23523716.0	C	A	159	0	376	1	68	0	63	0
14	23523716.1	C	T	159	0	376	0	68	0	63	17
5	33936968.0	G	A	169	166	175	0	132	0	86	0
5	33936968.1	G	T	169	1	175	0	132	0	86	0
19	21991376.0	C	A	116	0	87	2	46	0	135	0
19	21991376.1	C	T	116	0	87	50	46	54	135	24
2	155555953.0	C	A	46	0	38	30	18	14	27	0
12	1988175.0	C	T	124	0	278	21	173	33	104	2
12	1988175.1	C	G	124	0	278	0	173	0	104	1
10	51093320.0	G	A	549	0	361	1	283	0	345	0
10	51093320.1	G	C	549	0	361	0	283	0	345	152
22	21342298.0	G	A	66	111	336	0	289	0	250	0
22	21342298.1	G	C	66	1	336	0	289	0	250	0
11	55926973.0	G	A	204	0	114	0	95	0	143	54
11	117651335.0	G	A	205	36	225	0	137	0	131	0
8	87568563.0	G	A	176	27	116	0	96	0	91	0
12	16047076.0	C	A	662	2	1294	0	971	0	735	1
12	16047076.1	C	T	662	202	1294	2	971	3	735	3
17	8224212.0	C	G	148	0	113	45	73	30	85	0
12	109072155.0	T	A	95	33	144	0	77	0	103	0
12	109072155.1	T	C	95	0	144	1	77	0	103	0
5	96112111.0	C	A	799	1	661	0	496	1	353	3
5	96112111.1	C	T	799	0	661	1	496	0	353	0
5	96112111.2	C	G	799	0	661	0	496	0	353	127
12	68708739.0	C	T	166	61	219	0	161	0	271	1
12	68708739.1	C	A	166	0	219	0	161	1	271	0
12	68708739.2	C	G	166	0	219	0	161	1	271	0
7	92731543.0	C	T	96	81	78	0	82	0	113	0
10	98182427.0	C	T	133	0	230	1	97	0	100	26
17	67149526.0	C	T	257	0	202	0	148	0	116	1
17	67149526.1	C	G	257	0	202	0	148	0	116	46
2	74777432.0	C	G	160	0	235	0	236	0	123	23
7	149479958.0	G	C	154	0	62	50	46	41	35	6
16	2334287.0	C	T	128	0	128	52	102	28	50	0
13	28919657.0	G	T	136	0	52	66	22	74	109	41
9	131774533.0	G	C	161	0	286	0	134	44	118	0
X	106242980.0	C	G	100	0	176	26	126	37	78	0
X	106242980.1	C	T	100	0	176	0	126	1	78	0
1	204412635.0	C	T	198	0	167	0	103	0	114	36
17	34199423.0	C	T	253	0	235	50	134	51	224	0
17	45896355.0	G	C	358	0	480	0	285	0	136	43
1	28293564.0	G	A	58	0	67	0	69	0	28	15
6	43251385.0	C	T	30	13	63	0	65	0	12	0
6	43251385.1	C	G	30	1	63	0	65	0	12	0
4	100205631.0	G	T	158	0	49	78	30	47	117	28
11	9446725.0	G	T	263	0	231	1	201	0	230	0
11	9446725.1	G	C	263	0	231	44	201	46	230	2
11	9446725.2	G	A	263	0	231	0	201	0	230	1
4	100205632.0	G	T	162	0	49	78	30	45	119	28
11	113269702.0	G	A	160	0	127	0	86	1	83	23
2	97493600.0	G	T	94	16	160	0	76	0	74	0
4	7043361.0	C	A	330	74	950	0	502	0	389	0
4	7043361.1	C	T	330	0	950	0	502	1	389	0
4	7043361.2	C	G	330	0	950	0	502	1	389	0
1	226825382.0	C	A	346	0	314	0	235	0	148	36
11	78413199.0	C	T	108	0	83	0	63	0	77	24
7	112423855.0	T	A	342	0	147	31	94	25	108	75
8	70667839.0	G	C	157	0	101	43	66	54	126	0
5	158526422.0	C	A	65	15	138	0	107	0	56	0
1	120469148.0	C	A	183	0	156	1	85	0	89	0
1	120469148.1	C	G	183	0	156	0	85	0	89	48
5	140189007.0	G	A	71	21	182	0	106	0	61	0
5	140189007.1	G	T	71	0	182	0	106	0	61	1
X	100808324.0	C	A	174	0	259	1	132	1	111	0
X	100808324.1	C	G	174	0	259	0	132	1	111	0
X	100808324.2	C	T	174	0	259	0	132	0	111	20
12	14650843.0	G	T	116	28	295	0	186	0	129	0
13	110831746.0	G	A	114	0	57	78	31	65	56	30
13	110831746.1	G	T	114	0	57	0	31	1	56	0
11	55890233.0	C	A	191	0	66	23	50	27	143	24
11	55890233.1	C	T	191	0	66	0	50	0	143	1
8	120744221.0	G	T	623	2	320	0	287	0	482	0
8	120744221.1	G	A	623	0	320	43	287	1	482	2
8	120744221.2	G	C	623	0	320	0	287	1	482	1
4	183245337.0	C	T	204	60	176	0	114	0	193	0
1	248059003.0	C	G	205	68	163	0	165	0	209	0
1	248059003.1	C	T	205	0	163	0	165	0	209	1
2	107049666.0	C	A	1436	3	560	167	443	151	1094	112
2	107049666.1	C	G	1436	0	560	0	443	1	1094	0
2	107049666.2	C	T	1436	0	560	0	443	0	1094	1
14	45645493.0	C	A	387	0	413	0	126	0	211	1
14	45645493.1	C	T	387	0	413	0	126	0	211	88
12	7077137.0	G	C	158	0	391	1	248	0	84	0
12	7077137.1	G	A	158	0	391	0	248	0	84	40
14	86088863.0	G	T	165	0	90	41	48	22	111	30
14	86088863.1	G	A	165	0	90	0	48	0	111	1
1	155746205.0	G	T	790	1	557	0	385	0	489	2
1	155746205.1	G	A	790	0	557	1	385	0	489	0
1	155746205.2	G	C	790	0	557	2	385	0	489	113
11	33078667.0	G	T	350	1	245	1	216	1	177	0
11	33078667.1	G	A	350	0	245	0	216	0	177	1
11	33078667.2	G	C	350	0	245	0	216	0	177	59
X	101396261.0	C	T	452	0	491	0	322	1	485	82
17	7576897.0	G	A	77	73	160	0	119	0	103	0
17	7576897.1	G	T	77	1	160	0	119	2	103	0
17	7576897.2	G	C	77	0	160	1	119	1	103	0
2	238277444.0	G	T	68	27	93	0	64	0	54	0
16	16269771.0	T	A	236	0	186	0	146	33	92	38
16	16269771.1	T	G	236	0	186	0	146	1	92	1
11	46332582.0	G	C	54	18	108	0	100	0	39	0
7	158716356.0	C	A	243	0	229	0	157	0	111	1
7	158716356.1	C	G	243	0	229	0	157	0	111	23
10	71146172.0	G	A	130	139	212	0	155	0	194	0
10	71146172.1	G	C	130	0	212	1	155	0	194	0
10	71146172.2	G	T	130	0	212	0	155	0	194	1
3	30769824.0	G	A	158	0	200	0	121	0	141	39
3	30769824.1	G	T	158	0	200	0	121	0	141	1
1	155279852.0	C	A	299	0	309	0	239	2	203	0
1	155279852.1	C	G	299	0	309	0	239	1	203	0
1	155279852.2	C	T	299	0	309	0	239	0	203	31
14	53360038.0	C	T	525	3	282	0	243	0	272	0
14	53360038.1	C	G	525	0	282	0	243	0	272	101
X	3240970.0	T	C	74	0	38	0	31	0	51	16
3	134343943.0	C	A	306	2	220	127	136	45	157	46
3	134343943.1	C	G	306	0	220	0	136	0	157	1
17	38976519.0	C	T	422	0	211	39	166	55	297	1
17	38976519.1	C	A	422	0	211	0	166	1	297	0
6	70589542.0	A	G	176	0	54	74	75	85	197	2
6	70589542.1	A	T	176	0	54	0	75	2	197	0
20	44505673.0	C	A	137	0	100	0	63	0	66	1
20	44505673.1	C	G	137	0	100	0	63	0	66	34
1	170015904.0	C	A	445	1	238	0	235	0	255	2
1	170015904.1	C	T	445	0	238	0	235	0	255	1
1	170015904.2	C	G	445	0	238	0	235	0	255	63
12	13716325.0	G	T	292	0	823	2	543	0	210	38
6	99887718.0	A	G	246	0	72	128	101	127	321	3
6	99887718.1	A	C	246	0	72	1	101	0	321	0
13	103515338.0	T	G	64	0	48	1	45	0	68	0
13	103515338.1	T	C	64	0	48	16	45	0	68	0
6	72960923.0	C	A	239	0	161	0	192	1	263	1
6	72960923.1	C	T	239	0	161	0	192	0	263	1
6	72960923.2	C	G	239	0	161	0	192	0	263	62
X	99920628.0	G	T	391	49	480	1	296	2	433	0
16	89977493.0	G	A	77	0	110	0	73	0	36	17
11	47493819.0	T	C	128	73	226	0	187	0	158	0
3	12645699.0	G	A	52	101	164	0	100	2	143	3
15	34133059.0	G	T	234	1	122	38	92	48	238	2
15	34133059.1	G	A	234	0	122	0	92	0	238	1
2	166892922.0	C	T	142	0	56	0	66	0	103	25
10	104849620.0	C	G	237	1	292	0	162	0	131	48
16	19236069.0	C	T	199	0	89	1	109	0	144	0
16	19236069.1	C	G	199	0	89	41	109	35	144	0
7	4955688.0	T	A	54	31	169	0	93	0	34	0
8	48801627.0	G	A	173	0	178	0	149	0	115	22
11	18755136.0	A	T	232	0	216	218	95	163	172	61
11	18755136.1	A	G	232	0	216	0	95	0	172	1
14	69994508.0	G	C	70	0	54	17	27	16	34	0
X	100538516.0	C	A	285	0	236	0	215	0	252	43
3	195298147.0	C	A	344	0	230	32	127	11	203	16
3	195298147.1	C	T	344	0	230	0	127	0	203	1
12	102547723.0	C	A	177	0	169	0	115	0	152	1
12	102547723.1	C	T	177	0	169	0	115	0	152	53
11	70336410.0	C	T	320	0	216	2	178	0	114	39
11	70336410.1	C	A	320	0	216	0	178	0	114	1
4	37836269.0	C	A	205	0	247	0	175	0	196	1
4	37836269.1	C	T	205	0	247	0	175	0	196	33
1	42925503.0	C	T	129	0	87	0	79	0	69	31
12	78362477.0	G	A	71	0	27	1	21	0	68	0
12	78362477.1	G	T	71	0	27	33	21	26	68	6
22	20458701.0	G	A	200	0	509	0	408	0	189	26
6	20152944.0	G	A	291	0	191	0	123	0	237	54
6	20152944.1	G	T	291	0	191	0	123	0	237	2
11	26463491.0	A	G	111	0	31	46	32	48	44	26
11	26463491.1	A	C	111	0	31	1	32	1	44	0
3	148563359.0	G	T	295	1	185	1	137	0	202	0
3	148563359.1	G	A	295	0	185	47	137	23	202	0
3	148563359.2	G	C	295	0	185	1	137	0	202	0
6	109197537.0	C	A	136	1	100	0	98	0	169	1
6	109197537.1	C	T	136	1	100	0	98	0	169	1
6	109197537.2	C	G	136	0	100	21	98	26	169	0
X	144905119.0	G	A	78	0	71	0	70	0	69	19
16	11781808.0	G	C	180	0	113	0	121	0	88	33
1	184764704.0	C	T	282	0	179	0	148	0	184	1
1	184764704.1	C	G	282	0	179	0	148	0	184	42
X	70784466.0	G	T	205	44	156	0	66	1	203	0
X	70784466.1	G	A	205	0	156	0	66	0	203	1
7	86825953.0	C	A	345	1	194	0	150	0	223	0
7	86825953.1	C	T	345	0	194	0	150	0	223	46
17	30688516.0	C	T	299	0	191	0	161	0	163	54
16	15719498.0	C	A	137	1	40	56	45	27	77	21
8	143955828.0	G	T	465	0	626	3	381	0	194	96
3	113655239.0	C	T	189	1	252	0	133	0	194	0
3	113655239.1	C	G	189	121	252	0	133	0	194	0
3	113655239.2	C	A	189	0	252	0	133	1	194	0
11	129746621.0	G	C	199	0	147	1	114	0	103	0
11	129746621.1	G	A	199	0	147	0	114	0	103	40
8	76456181.0	G	A	296	3	109	0	95	1	120	1
8	76456181.1	G	T	296	0	109	129	95	96	120	62
8	144239741.0	C	A	134	1	258	0	151	0	60	0
8	144239741.1	C	T	134	37	258	0	151	0	60	0
10	50034922.0	C	A	128	0	80	0	64	0	78	24
11	110030109.0	G	T	214	1	150	53	83	47	127	32
11	110030109.1	G	A	214	0	150	0	83	0	127	1
9	94172102.0	G	C	159	0	155	34	81	29	123	0
9	94172102.1	G	T	159	0	155	0	81	1	123	0
3	178952090.0	G	T	196	0	132	0	107	1	81	0
3	178952090.1	G	C	196	0	132	0	107	0	81	31
5	175722191.0	G	C	96	0	74	14	61	17	66	0
4	23815316.0	G	T	188	1	208	0	106	1	160	0
4	23815316.1	G	C	188	0	208	1	106	0	160	31
12	6933736.0	G	T	49	17	212	0	135	0	45	0
15	25223406.0	G	A	92	0	98	0	78	0	73	1
15	25223406.1	G	C	92	0	98	0	78	0	73	20
1	16262645.0	C	G	69	0	58	18	39	10	36	0
11	19954791.0	G	T	60	28	121	0	92	0	82	0
7	31617525.0	C	T	80	0	78	17	53	12	54	0
14	79175912.0	C	G	249	0	119	0	73	0	110	44
X	26212780.0	G	A	139	0	91	0	51	0	84	35
2	212293195.0	C	A	419	1	259	0	191	0	401	1
2	212293195.1	C	T	419	0	259	1	191	0	401	61
18	11888696.0	C	A	346	0	252	1	184	1	189	0
18	11888696.1	C	T	346	0	252	0	184	0	189	33
9	40784204.0	T	A	58	0	38	9	20	28	65	21
9	33927055.0	G	T	82	0	145	1	41	0	74	0
9	33927055.1	G	C	82	0	145	28	41	14	74	0
5	24537631.0	G	A	1033	2	98	0	117	0	294	2
5	24537631.1	G	T	1033	1	98	132	117	61	294	171
5	24537631.2	G	C	1033	0	98	0	117	0	294	1
16	11001533.0	C	A	101	1	94	0	91	0	35	0
16	11001533.1	C	G	101	0	94	0	91	0	35	16
1	6293678.0	G	A	116	0	49	16	27	23	109	0
17	59876465.0	T	A	154	109	148	0	111	0	161	0
17	59876465.1	T	C	154	1	148	0	111	0	161	0
16	30409255.0	C	A	63	31	125	0	107	0	53	0
5	52145221.0	A	T	712	0	261	149	149	215	298	123
5	52145221.1	A	G	712	0	261	2	149	0	298	1
5	52145221.2	A	C	712	0	261	1	149	0	298	0
X	54957422.0	G	A	176	0	158	0	58	0	64	15
7	148769429.0	G	A	270	0	197	47	118	29	134	0
7	148769429.1	G	T	270	0	197	1	118	0	134	0
7	148769429.2	G	C	270	0	197	1	118	2	134	0
11	62298898.0	C	A	144	0	109	0	83	1	95	0
11	62298898.1	C	T	144	0	109	0	83	0	95	35
4	62598979.0	G	A	89	82	85	0	71	0	158	0
10	124345824.0	T	C	269	37	474	24	254	17	302	20
12	122287623.0	G	A	241	0	154	188	82	94	156	14
1	248458252.0	G	T	459	0	162	78	134	127	418	13
1	248458252.1	G	C	459	0	162	1	134	0	418	1
6	46800816.0	G	A	126	0	93	0	86	0	55	18
1	203316499.0	G	C	287	0	233	0	150	0	225	45
X	77264687.0	T	A	253	0	157	0	103	0	172	71
X	77264687.1	T	C	253	0	157	0	103	0	172	1
7	103969422.0	G	A	208	0	170	49	98	38	97	1
7	103969422.1	G	C	208	0	170	0	98	1	97	0
7	103969422.2	G	T	208	0	170	0	98	0	97	1
1	216061850.0	C	A	281	0	94	33	76	19	79	96
1	182554640.0	G	T	130	1	68	0	56	0	86	0
1	182554640.1	G	A	130	0	68	29	56	26	86	0
22	42114079.0	C	T	16	1	76	0	72	0	70	0
22	42114079.1	C	G	16	38	76	0	72	0	70	0
5	129019874.0	C	A	150	1	213	0	189	0	247	0
5	129019874.1	C	G	150	120	213	0	189	0	247	0
16	51172651.0	G	C	145	0	119	0	66	18	120	0
15	42058580.0	G	T	80	0	49	1	34	0	55	16
22	45312448.0	G	A	22	15	63	0	44	0	24	0
6	165827090.0	G	T	153	0	165	2	113	27	90	90
17	29670108.0	T	A	285	182	321	0	260	0	385	0
1	186330934.0	G	T	1060	0	506	0	398	1	693	0
1	186330934.1	G	C	1060	0	506	0	398	0	693	155
14	81422081.0	G	T	186	0	121	76	92	61	90	25
14	81422081.1	G	C	186	0	121	1	92	1	90	0
13	103401666.0	C	A	102	1	69	0	72	0	109	24
8	144993241.0	G	T	30	0	36	36	23	12	12	0
13	103330625.0	T	C	171	296	333	0	289	0	646	0
13	103330625.1	T	G	171	0	333	0	289	0	646	1
11	47746298.0	C	G	186	0	173	0	121	0	119	34
12	50501828.0	G	A	121	0	185	0	113	0	77	1
12	50501828.1	G	C	121	0	185	0	113	0	77	23
18	7043351.0	T	C	266	0	150	52	154	65	180	95
12	33003821.0	C	T	228	0	352	0	312	1	227	0
12	33003821.1	C	G	228	0	352	0	312	0	227	47
15	76196900.0	C	T	223	29	404	0	184	0	170	0
15	76196900.1	C	A	223	0	404	0	184	0	170	1
4	48172358.0	G	A	290	0	372	0	258	0	310	48
4	48172358.1	G	T	290	0	372	0	258	0	310	1
1	158746517.0	C	T	228	0	152	0	120	0	176	48
3	49044855.0	G	T	120	1	312	0	147	0	83	0
3	49044855.1	G	C	120	0	312	0	147	49	83	0
5	33881426.0	G	T	435	3	111	0	63	0	117	0
5	33881426.1	G	C	435	0	111	1	63	0	117	62
8	19190584.0	G	C	76	0	89	0	90	0	70	36
10	7409656.0	C	T	227	56	312	0	244	0	163	0
10	7409656.1	C	G	227	1	312	0	244	0	163	0
1	204955233.0	C	A	94	0	61	21	53	30	16	25
20	3103221.0	C	G	46	0	39	0	34	0	33	12
2	179588353.0	G	T	217	2	90	1	103	0	169	0
2	179588353.1	G	A	217	0	90	32	103	25	169	0
2	179588353.2	G	C	217	0	90	0	103	1	169	0
16	13297346.0	C	A	128	103	162	0	149	0	215	0
16	13297346.1	C	T	128	0	162	1	149	0	215	0
16	13297347.0	C	A	128	105	162	0	151	0	215	0
16	13297347.1	C	T	128	0	162	1	151	0	215	0
16	13297347.2	C	G	128	0	162	0	151	0	215	1
4	84185416.0	T	A	457	0	207	0	196	0	410	2
4	84185416.1	T	G	457	0	207	0	196	0	410	1
4	84185416.2	T	C	457	0	207	0	196	0	410	99
7	17930090.0	C	G	292	0	201	0	161	0	217	44
17	80521392.0	C	A	138	0	138	1	104	0	57	0
17	80521392.1	C	T	138	0	138	0	104	0	57	19
19	49912275.0	G	T	158	1	162	0	87	1	96	0
19	49912275.1	G	A	158	0	162	1	87	0	96	0
19	49912275.2	G	C	158	0	162	0	87	0	96	32
1	31656858.0	G	T	77	17	110	0	58	0	41	0
19	47535948.0	C	G	177	0	110	52	73	27	118	0
1	64644451.0	C	A	384	0	235	0	176	1	241	0
1	64644451.1	C	G	384	0	235	0	176	0	241	40
19	42879845.0	A	C	55	0	33	39	11	34	12	4
X	77224697.0	C	T	98	0	86	0	43	0	72	22
4	13606085.0	A	T	192	0	171	75	102	24	228	71
3	17052117.0	G	T	63	1	95	0	65	0	76	0
3	17052117.1	G	A	63	0	95	0	65	0	76	23
19	22941522.0	A	G	182	0	108	26	80	24	129	49
19	22941522.1	A	T	182	0	108	0	80	0	129	1
19	22941522.2	A	C	182	0	108	0	80	0	129	1
1	43869347.0	A	G	148	44	187	1	108	0	119	0
1	43869347.1	A	T	148	0	187	0	108	0	119	1
2	64819112.0	G	T	406	1	177	40	135	191	159	135
2	64819112.1	G	C	406	1	177	0	135	0	159	0
2	64819112.2	G	A	406	0	177	0	135	1	159	2
11	5618135.0	G	T	566	1	260	2	187	0	299	0
11	5618135.1	G	C	566	1	260	0	187	0	299	0
11	5618135.2	G	A	566	0	260	345	187	307	299	147
2	179399306.0	G	C	197	0	136	1	95	0	134	17
19	37966801.0	G	A	229	1	294	0	263	0	252	0
19	37966801.1	G	T	229	48	294	0	263	0	252	0
1	154744493.0	G	C	145	0	123	26	113	25	85	0
5	145537149.0	G	C	69	0	65	18	55	21	76	0
5	145537149.1	G	T	69	0	65	0	55	1	76	0
2	88825971.0	C	A	227	36	128	0	217	0	169	0
10	5415975.0	G	T	129	0	82	62	66	46	68	18
4	114279045.0	G	A	121	0	64	0	61	0	109	21
4	114279045.1	G	C	121	0	64	0	61	0	109	2
6	55378868.0	G	T	296	190	177	0	221	0	307	0
10	75620596.0	G	T	287	1	391	0	290	0	323	0
10	75620596.1	G	C	287	74	391	0	290	0	323	1
4	103560957.0	C	T	235	0	116	43	109	0	198	0
6	32096658.0	C	T	336	0	398	100	329	0	203	0
9	71144510.0	G	T	146	1	81	0	67	0	123	0
9	71144510.1	G	A	146	0	81	20	67	25	123	0
10	93579310.0	G	A	282	0	253	0	180	0	170	70
1	172431370.0	A	T	814	0	332	1	323	0	522	0
1	172431370.1	A	C	814	0	332	71	323	0	522	0
4	37851932.0	G	T	179	1	286	0	145	0	184	1
4	37851932.1	G	A	179	0	286	0	145	0	184	1
4	37851932.2	G	C	179	0	286	0	145	0	184	50
12	98927132.0	C	A	137	1	168	0	115	0	128	0
12	98927132.1	C	T	137	44	168	0	115	0	128	0
6	44310891.0	C	G	218	0	209	33	169	29	142	0
17	39927955.0	C	T	250	0	320	1	215	0	107	31
17	39927955.1	C	A	250	0	320	0	215	0	107	1
17	39927955.2	C	G	250	0	320	0	215	0	107	1
4	69107503.0	T	C	224	0	89	33	59	49	237	0
4	69107503.1	T	G	224	0	89	0	59	1	237	0
X	129364577.0	T	A	728	1	311	0	193	0	472	1
X	129364577.1	T	C	728	2	311	319	193	275	472	238
4	57337928.0	G	C	184	1	86	0	59	0	135	0
4	57337928.1	G	T	184	0	86	0	59	0	135	24
7	105148719.0	C	A	233	2	116	26	106	25	163	0
7	105148719.1	C	G	233	0	116	0	106	1	163	2
11	55904536.0	T	A	177	0	69	22	45	20	186	49
3	27337112.0	G	A	618	0	415	81	219	191	534	197
3	27337112.1	G	T	618	0	415	0	219	0	534	2
1	169510805.0	G	C	237	2	117	3	134	2	230	0
1	169510805.1	G	A	237	0	117	30	134	26	230	1
11	55872904.0	C	A	273	0	135	8	111	10	181	8
1	144918881.0	G	A	1218	1	845	0	734	0	949	0
1	144918881.1	G	T	1218	153	845	0	734	0	949	0
1	144918881.2	G	C	1218	0	845	1	734	0	949	0
1	225742757.0	C	T	598	1	215	0	193	0	346	0
1	225742757.1	C	G	598	1	215	0	193	0	346	1
1	225742757.2	C	A	598	0	215	0	193	0	346	78
7	82545661.0	G	A	871	184	572	0	421	0	710	0
7	82545661.1	G	C	871	1	572	3	421	0	710	1
7	82545661.2	G	T	871	0	572	0	421	1	710	1
2	28460086.0	C	G	141	0	102	0	84	0	81	46
18	30913243.0	C	G	621	0	333	0	233	1	323	75
18	30913243.1	C	A	621	0	333	0	233	0	323	1
18	30913243.2	C	T	621	0	333	0	233	0	323	1
11	55872903.0	C	A	271	0	137	8	111	9	173	7
19	31769599.0	C	A	273	166	374	1	258	0	266	0
19	31769599.1	C	T	273	1	374	0	258	0	266	0
11	18332378.0	G	T	214	0	194	0	171	0	114	1
11	18332378.1	G	C	214	0	194	0	171	0	114	44
12	112844581.0	C	T	126	0	130	0	84	0	61	14
16	47163150.0	T	C	199	63	148	0	107	0	217	0
18	44035937.0	C	T	89	1	49	25	41	20	51	17
19	15739197.0	G	T	126	0	94	68	68	51	81	0
19	15739197.1	G	A	126	0	94	0	68	1	81	0
2	128400569.0	G	A	209	0	267	0	137	0	79	50
3	46009516.0	A	C	53	0	101	1	49	33	59	0
11	5289770.0	G	T	69	57	136	0	81	0	128	0
10	50177119.0	C	T	180	0	192	46	104	43	101	37
10	88439871.0	C	G	132	0	178	110	102	30	65	32
X	37029286.0	A	T	100	22	82	0	46	0	75	0
7	91753088.0	T	A	1001	2	225	0	171	0	530	1
7	91753088.1	T	C	1001	0	225	207	171	200	530	103
7	91753088.2	T	G	1001	0	225	0	171	0	530	1
2	54114462.0	C	A	575	1	222	0	158	0	455	2
2	54114462.1	C	T	575	2	222	184	158	142	455	63
14	55857684.0	C	A	504	0	168	2	123	0	477	0
14	55857684.1	C	T	504	0	168	72	123	59	477	2
1	156221253.0	C	T	173	0	246	0	137	0	90	22
19	1083169.0	G	A	49	0	68	1	36	0	15	0
19	1083169.1	G	T	49	0	68	13	36	14	15	9
12	57828702.0	C	T	83	0	76	61	32	18	48	0
12	57828702.1	C	G	83	0	76	1	32	0	48	0
10	18270266.0	T	A	260	0	173	38	129	54	195	78
10	18270266.1	T	G	260	0	173	1	129	3	195	2
10	18270266.2	T	C	260	0	173	0	129	0	195	3
1	16725949.0	C	G	126	0	132	0	100	0	45	18
11	94532995.0	G	C	26	0	16	8	10	10	18	2
9	100405502.0	G	T	263	1	148	48	165	35	259	0
9	100405502.1	G	A	263	0	148	1	165	0	259	0
15	66737017.0	G	T	289	0	295	0	195	1	308	1
15	66737017.1	G	C	289	0	295	0	195	0	308	72
6	70861315.0	C	T	306	1	87	0	119	0	392	1
6	70861315.1	C	G	306	0	87	163	119	120	392	0
1	38484802.0	C	T	211	0	112	117	82	96	190	43
1	38484802.1	C	G	211	0	112	0	82	1	190	0
16	68100219.0	G	T	209	0	142	2	85	0	103	3
16	68100219.1	G	A	209	0	142	0	85	0	103	1
16	68100219.2	G	C	209	0	142	0	85	0	103	27
8	139164254.0	C	T	225	0	128	22	88	12	148	0
16	2164299.0	C	T	27	0	54	0	37	23	15	8
21	33951093.0	C	T	363	0	347	1	177	0	298	0
21	33951093.1	C	G	363	0	347	0	177	1	298	73
21	33951093.2	C	A	363	0	347	0	177	0	298	1
X	153218092.0	C	A	67	0	148	77	96	13	54	5
X	153218092.1	C	T	67	0	148	1	96	0	54	1
2	219206833.0	C	T	119	0	139	0	74	0	39	18
5	178540987.0	C	A	452	105	518	0	332	0	335	0
5	178540987.1	C	T	452	5	518	0	332	2	335	0
5	178540987.2	C	G	452	1	518	0	332	0	335	0
12	133728487.0	C	A	111	0	94	1	65	0	79	1
12	133728487.1	C	T	111	0	94	0	65	0	79	28
9	138011470.0	G	C	100	0	96	15	30	57	45	17
9	138011470.1	G	A	100	0	96	0	30	1	45	0
X	92964831.0	C	T	144	2	70	0	34	0	130	35
X	92964831.1	C	A	144	0	70	0	34	0	130	2
1	158687299.0	C	A	136	0	70	35	45	34	54	68
8	51415374.0	C	A	215	60	209	0	210	0	173	0
3	183524670.0	C	G	80	0	93	0	77	0	42	21
X	70644058.0	C	A	184	50	143	0	64	0	214	0
X	70644058.1	C	G	184	0	143	0	64	0	214	1
3	20187837.0	G	T	388	2	197	0	249	0	378	0
3	20187837.1	G	A	388	0	197	152	249	71	378	126
7	150767593.0	C	T	75	45	119	0	77	0	35	0
6	32407756.0	G	T	366	0	215	1	176	2	165	0
6	32407756.1	G	C	366	0	215	27	176	63	165	116
8	72945910.0	A	G	257	0	179	34	139	39	174	24
8	72246332.0	C	A	461	0	468	0	391	0	291	1
8	72246332.1	C	T	461	0	468	0	391	0	291	107
1	155057753.0	C	T	118	0	130	37	82	13	63	0
13	102235644.0	G	T	179	305	326	2	256	0	464	0
13	102235644.1	G	A	179	0	326	1	256	0	464	0
13	102235644.2	G	C	179	0	326	0	256	0	464	1
3	15900899.0	G	C	58	0	93	32	35	8	45	0
14	36147177.0	G	T	322	0	311	0	187	1	154	0
14	36147177.1	G	C	322	0	311	0	187	0	154	73
3	108147679.0	C	G	145	0	93	0	54	0	76	26
12	4488563.0	A	G	130	0	240	37	215	0	79	0
12	4488563.1	A	C	130	0	240	0	215	1	79	0
20	16337006.0	C	A	172	0	102	29	71	32	135	31
X	111698660.0	T	A	153	0	35	103	17	103	61	82
X	111698660.1	T	C	153	0	35	0	17	1	61	0
8	70674054.0	G	T	215	1	192	0	149	0	175	1
8	70674054.1	G	A	215	0	192	37	149	31	175	18
2	209025757.0	C	T	115	0	74	18	47	12	91	0
2	209025757.1	C	G	115	0	74	1	47	0	91	0
12	49437687.0	C	G	179	0	331	2	172	0	139	22
15	74177369.0	G	A	189	0	241	0	163	0	84	28
12	32977055.0	C	G	216	0	350	0	317	0	204	51
11	72288443.0	G	T	59	0	29	16	23	14	25	11
7	107234449.0	G	C	578	0	297	0	213	0	343	103
5	140800839.0	G	T	93	1	62	0	47	0	30	0
5	140800839.1	G	A	93	0	62	55	47	21	30	8
19	40197863.0	G	A	136	0	146	0	86	0	88	23
X	133963281.0	G	T	264	1	200	106	165	40	225	28
X	133963281.1	G	A	264	0	200	1	165	0	225	1
X	133963281.2	G	C	264	0	200	0	165	1	225	1
22	20106566.0	G	A	131	0	219	0	183	0	87	32
22	20106566.1	G	C	131	0	219	0	183	0	87	1
9	6413636.0	G	A	39	0	92	3	52	2	18	0
9	6413636.1	G	T	39	0	92	53	52	53	18	2
9	6413636.2	G	C	39	0	92	3	52	6	18	0
14	93709119.0	G	A	54	24	55	0	38	0	59	0
2	47607040.0	C	A	475	2	338	1	229	0	376	0
2	47607040.1	C	G	475	0	338	0	229	1	376	0
2	47607040.2	C	T	475	0	338	0	229	0	376	86
20	30538156.0	C	A	143	89	106	0	78	0	135	0
17	18178261.0	C	T	170	0	196	0	137	0	94	42
19	17946768.0	C	A	100	30	186	0	112	0	70	0
19	17946768.1	C	G	100	1	186	0	112	0	70	0
13	103395410.0	G	C	139	0	82	0	69	0	105	37
1	160146355.0	G	A	199	0	157	0	105	0	106	31
12	132491283.0	C	G	85	0	94	0	57	0	58	18
9	129594932.0	A	C	148	0	120	33	42	68	115	42
11	129746646.0	G	A	231	1	185	0	129	0	111	42
11	129746646.1	G	T	231	0	185	0	129	0	111	1
11	55419107.0	C	A	48	56	96	1	66	0	101	0
11	55419107.1	C	T	48	1	96	0	66	0	101	0
11	55419107.2	C	G	48	1	96	0	66	0	101	0
5	148386536.0	G	A	241	0	249	46	118	83	223	2
5	148386536.1	G	T	241	0	249	0	118	0	223	1
2	50282126.0	C	T	545	1	246	0	176	0	239	0
2	50282126.1	C	G	545	1	246	0	176	0	239	0
2	50282126.2	C	A	545	0	246	72	176	63	239	183
1	110709834.0	G	A	27	0	19	13	7	6	8	0
X	69647019.0	G	C	125	0	130	0	47	0	44	17
2	152534541.0	G	A	406	91	258	2	254	2	339	0
2	152534541.1	G	T	406	2	258	2	254	1	339	0
2	152534541.2	G	C	406	1	258	0	254	0	339	0
3	151105706.0	C	T	173	0	172	1	110	0	98	24
6	136476802.0	G	C	82	0	70	0	60	0	72	21
6	72943525.0	G	T	145	218	250	0	291	0	454	0
X	48767154.0	C	A	234	0	262	0	94	1	89	0
X	48767154.1	C	G	234	0	262	0	94	0	89	31
2	101624351.0	G	C	189	0	81	47	56	28	154	0
3	432684.0	C	A	48	91	101	0	122	0	152	0
1	16261733.0	C	T	101	0	85	1	44	0	74	0
1	16261733.1	C	G	101	0	85	34	44	26	74	2
1	16261733.2	C	A	101	0	85	0	44	1	74	0
2	242572597.0	G	A	98	0	70	64	51	49	30	26
1	26098252.0	G	A	106	2	158	0	121	0	136	0
1	26098252.1	G	T	106	97	158	0	121	0	136	0
1	26098252.2	G	C	106	1	158	0	121	0	136	0
2	141072646.0	A	T	349	0	122	33	128	39	295	0
2	141072646.1	A	G	349	0	122	1	128	0	295	0
1	52879640.0	G	A	193	0	173	0	91	0	108	22
1	52879640.1	G	T	193	0	173	0	91	0	108	1
1	52879640.2	G	C	193	0	173	0	91	0	108	1
5	131008462.0	C	G	105	0	78	0	81	0	51	19
5	122718757.0	C	A	301	0	188	73	101	107	211	50
11	63357656.0	C	A	84	113	169	0	108	0	115	0
11	63357656.1	C	T	84	1	169	0	108	0	115	0
19	12786868.0	G	A	88	0	152	0	87	0	38	1
19	12786868.1	G	C	88	0	152	0	87	0	38	14
7	98457807.0	C	A	247	0	137	39	78	33	91	47
7	98457807.1	C	T	247	0	137	0	78	0	91	1
4	57272809.0	G	A	208	0	100	0	62	1	155	0
4	57272809.1	G	T	208	0	100	0	62	0	155	1
4	57272809.2	G	C	208	0	100	0	62	0	155	46
19	16535920.0	G	A	76	42	173	0	129	0	68	0
1	210015999.0	G	C	282	0	151	0	141	0	169	47
11	77991834.0	C	A	118	0	95	0	50	0	82	1
11	77991834.1	C	G	118	0	95	0	50	0	82	31
14	57675388.0	T	A	238	0	76	1	66	0	138	1
14	57675388.1	T	G	238	0	76	25	66	19	138	40
14	57675388.2	T	C	238	0	76	0	66	0	138	1
2	131976320.0	C	A	167	32	206	0	195	0	121	0
6	94124427.0	G	T	268	0	84	86	106	118	253	0
4	99403311.0	C	A	131	0	69	32	74	0	186	2
X	135314331.0	C	A	188	0	97	109	63	110	117	65
16	89807254.0	G	C	201	1	195	0	115	0	147	0
16	89807254.1	G	A	201	0	195	0	115	0	147	31
X	142795247.0	G	A	143	0	34	133	17	67	118	126
X	142795247.1	G	T	143	0	34	0	17	0	118	1
11	71806031.0	T	C	233	1	186	0	106	0	193	0
11	71806031.1	T	G	233	0	186	75	106	88	193	44
1	181726181.0	T	C	630	0	314	0	235	0	429	87
1	202932266.0	C	A	445	0	270	1	148	1	259	68
1	202932266.1	C	T	445	0	270	0	148	0	259	1
1	202932266.2	C	G	445	0	270	0	148	0	259	1
10	101912006.0	G	A	188	0	175	30	86	32	161	0
X	43603623.0	G	T	250	0	141	0	67	0	125	35
X	43603623.1	G	C	250	0	141	0	67	0	125	1
X	99848936.0	G	C	376	0	402	1	257	0	373	0
X	99848936.1	G	A	376	0	402	0	257	0	373	61
8	140743412.0	G	C	241	0	321	47	174	32	85	0
9	98244323.0	C	T	209	0	133	44	102	43	230	2
9	98244323.1	C	G	209	0	133	1	102	0	230	0
11	57886196.0	A	T	121	0	50	17	33	11	71	0
14	61113112.0	G	A	321	171	297	0	188	0	278	0
5	179192753.0	G	A	72	34	158	0	80	0	75	0
X	63445422.0	G	T	156	0	100	1	33	0	80	26
6	39864957.0	C	G	214	0	219	0	191	0	123	41
16	9009358.0	T	A	363	110	306	0	350	0	342	0
16	9009358.1	T	C	363	1	306	1	350	0	342	0
19	55240999.0	C	T	109	0	110	0	72	0	103	26
14	92126223.0	T	C	352	0	155	63	97	40	232	68
14	92126223.1	T	G	352	0	155	0	97	0	232	1
2	179613354.0	T	A	99	73	111	0	101	0	180	0
11	32118787.0	G	T	247	1	213	0	146	1	209	0
11	32118787.1	G	A	247	0	213	1	146	1	209	0
11	32118787.2	G	C	247	0	213	27	146	31	209	1
X	123215279.0	C	A	442	0	417	1	251	0	380	0
X	123215279.1	C	T	442	0	417	0	251	1	380	43
2	21231235.0	C	A	82	0	52	0	33	0	55	1
2	21231235.1	C	G	82	0	52	0	33	0	55	25
11	18754849.0	C	A	187	86	407	0	312	0	143	0
11	18754849.1	C	G	187	1	407	0	312	0	143	0
14	89068377.0	G	A	470	0	185	82	149	65	307	0
14	89068377.1	G	C	470	0	185	0	149	1	307	0
14	89068377.2	G	T	470	0	185	0	149	0	307	1
6	99729207.0	G	T	202	0	171	0	150	2	160	59
12	55026154.0	C	G	303	0	331	0	167	1	178	0
12	55026154.1	C	T	303	0	331	0	167	0	178	47
20	35526920.0	C	A	329	0	208	0	147	0	216	1
20	35526920.1	C	T	329	0	208	0	147	0	216	76
5	24509808.0	T	G	895	0	82	128	121	64	285	164
5	24509808.1	T	C	895	0	82	2	121	0	285	0
5	24509808.2	T	A	895	0	82	0	121	1	285	1
1	10132094.0	G	T	151	1	136	0	79	0	74	0
1	10132094.1	G	C	151	0	136	0	79	0	74	16
5	140515712.0	C	G	171	0	279	0	213	0	88	43
17	30358427.0	G	C	305	162	333	1	249	0	359	0
17	30358427.1	G	A	305	0	333	2	249	0	359	0
3	51737868.0	G	A	44	15	121	2	61	0	17	0
19	55175496.0	G	T	70	22	88	0	39	0	56	0
X	117775257.0	C	A	306	0	255	1	142	0	267	1
X	117775257.1	C	T	306	0	255	64	142	38	267	0
1	201816427.0	G	A	508	0	210	65	176	56	409	0
1	201816427.1	G	C	508	0	210	1	176	0	409	0
1	201816427.2	G	T	508	0	210	0	176	0	409	2
7	82784620.0	G	A	147	49	187	0	120	0	138	0
7	82784620.1	G	C	147	1	187	0	120	0	138	0
3	49832764.0	G	A	68	0	135	0	73	0	43	17
3	49832764.1	G	T	68	0	135	0	73	0	43	1
9	21854861.0	G	T	40	0	108	0	57	1	72	0
9	21854861.1	G	C	40	0	108	0	57	0	72	45
5	6600259.0	C	G	435	3	126	1	88	0	199	0
5	6600259.1	C	A	435	0	126	1	88	0	199	1
5	6600259.2	C	T	435	0	126	0	88	36	199	0
2	187373272.0	A	T	257	2	256	0	231	0	436	0
2	187373272.1	A	C	257	181	256	0	231	0	436	0
17	39642664.0	G	A	229	0	229	0	105	1	72	0
17	39642664.1	G	T	229	0	229	0	105	2	72	0
17	39642664.2	G	C	229	0	229	0	105	44	72	0
6	10709663.0	A	T	33	8	22	0	16	0	41	0
15	45007842.0	G	A	180	1	133	0	110	0	175	0
15	45007842.1	G	T	180	0	133	2	110	0	175	1
15	45007842.2	G	C	180	0	133	1	110	0	175	51
9	130707088.0	C	T	98	0	88	40	48	57	18	7
9	117002510.0	G	C	135	0	174	51	110	37	101	1
9	117002510.1	G	A	135	0	174	0	110	1	101	0
X	2924689.0	G	A	238	0	82	116	30	47	184	75
X	2924689.1	G	T	238	0	82	0	30	0	184	1
2	21260905.0	C	A	332	0	147	0	141	0	171	1
2	21260905.1	C	T	332	0	147	0	141	0	171	27
9	14859251.0	C	A	111	0	117	1	95	1	82	0
9	14859251.1	C	T	111	0	117	30	95	25	82	0
9	35102742.0	G	A	84	21	154	0	73	0	63	0
9	35102742.1	G	T	84	0	154	1	73	1	63	0
X	6069265.0	G	T	86	27	88	0	48	0	98	0
12	104187747.0	C	A	248	1	293	0	183	0	223	2
12	104187747.1	C	G	248	0	293	1	183	0	223	51
12	104187747.2	C	T	248	0	293	0	183	1	223	2
10	105778549.0	A	G	127	0	97	0	97	0	84	15
4	104115793.0	C	G	542	0	200	86	175	88	497	4
4	104115793.1	C	A	542	0	200	0	175	0	497	1
1	26688390.0	G	C	50	0	40	15	20	12	20	9
11	65349570.0	C	G	36	0	19	10	19	7	21	0
5	179292850.0	C	G	357	0	447	0	306	2	176	0
5	179292850.1	C	A	357	0	447	0	306	0	176	1
5	179292850.2	C	T	357	0	447	0	306	0	176	109
1	175048773.0	C	A	17	0	12	14	14	4	13	0
3	142416827.0	T	A	397	0	280	1	146	47	275	0
3	142416827.1	T	C	397	0	280	1	146	0	275	0
6	154414572.0	C	G	84	0	34	44	24	30	109	0
6	154414572.1	C	T	84	0	34	0	24	0	109	1
2	120704111.0	G	T	753	0	215	172	161	139	312	306
2	120704111.1	G	A	753	0	215	0	161	0	312	1
13	25744001.0	G	T	109	0	104	0	84	0	53	16
1	229434768.0	G	T	482	0	255	1	271	0	372	0
1	229434768.1	G	A	482	0	255	0	271	0	372	74
17	78079691.0	G	T	70	0	79	24	19	38	23	6
3	124431786.0	C	T	108	62	156	1	96	0	120	0
3	64142973.0	C	A	184	0	105	71	41	53	46	18
3	64142973.1	C	G	184	0	105	19	41	18	46	6
19	52003578.0	C	A	25	0	7	8	2	9	17	6
7	75174039.0	G	C	165	1	150	0	98	0	79	28
7	75174039.1	G	A	165	0	150	0	98	0	79	1
X	70344664.0	C	T	280	0	215	0	98	0	176	2
X	70344664.1	C	G	280	0	215	0	98	0	176	36
