Chr	Posi	Wild	Mut	Met1T:ref	Met1T:alt	Met2T:ref	Met2T:alt	Met3T:ref	Met3T:alt	Met4T:ref	Met4T:alt	Met5T:ref	Met5T:alt	Met6T:ref	Met6T:alt
17	16285770.0	A	G	362	17	253	2	216	2	275	2	364	7	479	59
17	16285770.1	A	T	362	0	253	0	216	0	275	0	364	3	479	1
17	16285770.2	A	C	362	0	253	0	216	0	275	0	364	0	479	2
7	57187577.0	G	A	221	6	182	1	172	1	213	1	61	5	97	0
7	57187577.1	G	T	221	0	182	0	172	0	213	1	61	0	97	2
7	57187577.2	G	C	221	0	182	0	172	0	213	0	61	0	97	1
X	30872333.0	A	T	162	1	90	0	88	0	132	1	68	1	161	0
X	30872333.1	A	G	162	5	90	17	88	11	132	1	68	10	161	0
X	30872333.2	A	C	162	1	90	0	88	0	132	0	68	0	161	0
3	156746037.0	C	A	153	13	146	69	127	42	218	25	65	24	112	0
3	156746037.1	C	T	153	1	146	0	127	4	218	0	65	2	112	2
X	41782191.0	C	T	270	1	182	2	227	0	138	21	305	0	381	0
X	41782191.1	C	A	270	0	182	0	227	0	138	1	305	0	381	0
1	249211016.0	C	T	162	6	124	25	233	31	93	7	288	35	205	4
1	249211016.1	C	A	162	0	124	1	233	0	93	0	288	0	205	0
1	249211016.2	C	G	162	0	124	1	233	0	93	0	288	0	205	0
17	16285308.0	G	T	536	36	308	45	257	30	328	15	545	77	774	75
17	16285308.1	G	A	536	0	308	0	257	0	328	0	545	2	774	3
21	34117186.0	G	T	284	2	506	1	360	0	432	1	113	1	193	0
21	34117186.1	G	C	284	1	506	0	360	2	432	1	113	0	193	0
21	34117186.2	G	A	284	0	506	3	360	0	432	0	113	0	193	26
17	68172305.0	C	A	90	1	81	0	61	0	102	1	47	0	52	0
17	68172305.1	C	G	90	1	81	0	61	0	102	0	47	0	52	0
17	68172305.2	C	T	90	0	81	0	61	0	102	0	47	0	52	7
X	153281947.0	C	T	104	4	56	0	63	11	49	0	76	1	88	0
X	153281947.1	C	A	104	0	56	0	63	1	49	0	76	0	88	0
10	135440219.0	G	T	2878	127	1975	307	2275	283	1985	108	2715	415	1057	163
10	135440219.1	G	A	2878	0	1975	0	2275	1	1985	1	2715	3	1057	0
10	135440219.2	G	C	2878	0	1975	0	2275	3	1985	1	2715	0	1057	0
17	18284826.0	C	T	103	14	35	6	72	19	51	10	84	21	58	19
11	18159483.0	A	G	295	27	118	49	173	59	145	9	169	71	135	0
11	18159483.1	A	T	295	0	118	0	173	0	145	1	169	1	135	0
11	18159483.2	A	C	295	0	118	0	173	0	145	1	169	1	135	1
9	4697139.0	C	A	627	129	465	384	346	259	598	204	158	140	304	244
9	4697139.1	C	G	627	1	465	1	346	1	598	2	158	0	304	1
9	4697139.2	C	T	627	0	465	3	346	1	598	2	158	2	304	2
X	129159271.0	G	A	121	1	60	0	105	0	59	9	98	0	67	3
3	178936091.0	G	A	421	73	210	245	178	176	399	87	104	122	160	102
3	178936091.1	G	C	421	2	210	0	178	2	399	2	104	1	160	0
3	178936091.2	G	T	421	0	210	0	178	0	399	2	104	1	160	2
19	425136.0	C	T	107	1	44	0	100	0	46	0	93	0	95	35
15	79750559.0	C	T	160	2	76	0	106	0	84	0	124	0	81	0
15	79750559.1	C	G	160	13	76	28	106	35	84	13	124	43	81	1
1	155450784.0	C	A	161	12	254	49	176	17	156	16	104	12	159	23
1	155450784.1	C	T	161	0	254	0	176	1	156	0	104	0	159	1
1	21795320.0	C	G	337	6	210	5	204	4	218	6	271	10	187	12
1	21795320.1	C	A	337	0	210	1	204	1	218	0	271	0	187	1
17	33520580.0	G	A	335	7	162	2	274	7	184	6	274	3	188	21
17	33520580.1	G	C	335	0	162	2	274	0	184	0	274	0	188	0
3	130107869.0	C	T	257	1	152	0	127	31	194	0	88	0	133	0
3	130107869.1	C	A	257	0	152	1	127	2	194	2	88	0	133	0
3	130107869.2	C	G	257	0	152	1	127	1	194	2	88	0	133	0
6	168377009.0	T	G	125	18	65	19	98	31	55	16	102	45	53	48
6	168377009.1	T	C	125	0	65	1	98	1	55	0	102	0	53	0
1	6605180.0	C	A	465	2	260	0	277	1	429	0	111	2	178	0
1	6605180.1	C	T	465	39	260	130	277	165	429	57	111	70	178	92
1	6605180.2	C	G	465	0	260	0	277	1	429	0	111	1	178	0
6	69666668.0	G	A	348	0	240	1	272	3	213	0	324	0	235	0
6	69666668.1	G	T	348	0	240	0	272	0	213	0	324	110	235	0
10	15262965.0	G	A	126	10	39	57	86	60	67	9	70	104	61	26
10	15262965.1	G	C	126	0	39	1	86	2	67	0	70	0	61	3
10	15262965.2	G	T	126	0	39	0	86	1	67	0	70	0	61	0
19	53344590.0	C	T	236	2	230	0	131	0	241	0	73	6	112	0
19	53344590.1	C	G	236	0	230	0	131	0	241	0	73	1	112	0
2	238944542.0	A	T	391	1	209	1	223	2	414	0	86	2	104	4
2	238944542.1	A	G	391	3	209	1	223	0	414	1	86	1	104	0
2	238944542.2	A	C	391	75	209	249	223	214	414	119	86	167	104	174
3	74351908.0	C	T	269	3	161	62	157	46	206	0	121	38	169	2
3	74351908.1	C	G	269	0	161	1	157	1	206	0	121	0	169	0
3	74351908.2	C	A	269	0	161	0	157	2	206	0	121	0	169	0
9	116750758.0	G	A	224	0	78	2	144	0	133	0	168	0	89	12
14	75017830.0	G	A	94	6	34	19	48	32	51	4	54	41	43	21
20	10623180.0	C	T	298	0	183	1	270	0	189	19	334	0	272	0
19	23836699.0	C	A	99	2	98	1	76	0	99	4	56	9	84	0
9	134305630.0	C	T	261	24	210	67	208	56	183	22	290	54	268	56
9	134305630.1	C	A	261	0	210	1	208	1	183	0	290	0	268	2
9	134305630.2	C	G	261	0	210	0	208	1	183	0	290	0	268	0
19	23542561.0	T	A	166	1	136	0	135	1	138	1	63	1	103	2
19	23542561.1	T	G	166	1	136	0	135	0	138	1	63	0	103	0
19	23542561.2	T	C	166	2	136	3	135	1	138	2	63	3	103	6
3	121208638.0	T	A	46	11	43	33	18	24	62	20	25	36	23	54
9	98209652.0	C	T	72	0	32	0	39	22	54	2	70	0	37	0
9	138710869.0	G	A	112	4	60	8	115	0	81	1	151	0	114	0
9	138710869.1	G	T	112	0	60	0	115	0	81	0	151	1	114	0
1	178485797.0	G	A	383	126	190	564	182	419	336	257	78	282	107	335
1	178485797.1	G	T	383	0	190	0	182	4	336	1	78	1	107	1
1	178485797.2	G	C	383	0	190	0	182	0	336	2	78	0	107	0
11	1080978.0	G	A	191	0	121	0	246	0	126	0	245	0	150	26
6	87969628.0	G	A	203	8	163	1	157	11	134	8	94	8	116	1
6	87969628.1	G	T	203	1	163	2	157	6	134	4	94	1	116	1
6	87969628.2	G	C	203	2	163	0	157	0	134	2	94	5	116	0
7	63727143.0	G	A	138	0	151	0	145	0	146	3	72	9	89	0
7	100958510.0	C	A	387	0	308	0	273	1	287	0	383	0	376	0
7	100958510.1	C	T	387	0	308	0	273	47	287	0	383	0	376	1
7	100958510.2	C	G	387	0	308	0	273	1	287	0	383	0	376	0
14	77765031.0	C	A	173	1	84	0	106	0	122	0	121	1	115	0
14	77765031.1	C	T	173	21	84	63	106	57	122	17	121	79	115	80
14	77765031.2	C	G	173	0	84	0	106	0	122	0	121	2	115	0
13	32800081.0	C	T	70	5	37	8	32	12	42	2	47	22	32	0
13	32800081.1	C	A	70	0	37	0	32	0	42	0	47	2	32	1
11	12246342.0	A	C	138	11	72	23	78	35	80	23	148	56	163	85
5	145651051.0	A	T	279	12	311	59	328	53	207	39	278	61	254	59
5	145651051.1	A	G	279	1	311	1	328	1	207	1	278	4	254	0
5	145651051.2	A	C	279	0	311	2	328	3	207	2	278	2	254	0
12	122248432.0	G	A	15	3	11	8	11	10	9	4	9	13	15	3
3	49759577.0	G	A	47	3	33	16	56	13	32	0	52	25	68	0
15	56686878.0	T	A	81	0	143	0	79	0	119	1	44	0	69	7
9	71668082.0	G	C	199	5	145	38	171	34	163	0	146	47	190	0
9	71668082.1	G	A	199	0	145	1	171	0	163	0	146	2	190	0
9	71668082.2	G	T	199	0	145	0	171	3	163	0	146	3	190	1
X	105921411.0	T	G	394	0	403	0	328	0	373	1	112	0	151	0
X	105921411.1	T	A	394	0	403	0	328	0	373	0	112	0	151	74
X	105921411.2	T	C	394	0	403	0	328	0	373	0	112	0	151	1
3	149678734.0	G	A	208	12	112	40	113	34	142	23	163	40	140	56
3	149678734.1	G	C	208	0	112	0	113	1	142	0	163	0	140	1
3	149678734.2	G	T	208	0	112	0	113	0	142	0	163	2	140	0
1	6206287.0	C	T	75	4	21	24	36	27	42	4	30	28	24	12
1	92187533.0	G	A	295	20	224	1	124	33	325	1	81	0	117	0
1	92187533.1	G	T	295	0	224	3	124	1	325	1	81	0	117	0
11	67938482.0	C	T	272	16	145	70	153	72	207	22	100	30	135	57
11	67938482.1	C	G	272	0	145	1	153	0	207	0	100	0	135	0
5	89990130.0	C	T	274	11	177	111	225	71	201	2	212	114	161	0
5	89990130.1	C	A	274	0	177	1	225	3	201	0	212	0	161	0
5	89990130.2	C	G	274	0	177	2	225	0	201	0	212	1	161	0
12	125396605.0	G	A	31	7	15	0	17	0	9	2	21	3	8	83
12	125396605.1	G	C	31	0	15	0	17	0	9	0	21	0	8	1
9	14784505.0	G	T	314	1	262	0	173	1	202	0	413	0	181	0
9	14784505.1	G	A	314	0	262	0	173	1	202	2	413	0	181	55
17	7579495.0	G	C	116	10	48	31	63	37	85	9	51	59	57	24
17	7579495.1	G	A	116	0	48	1	63	1	85	0	51	0	57	0
17	7579495.2	G	T	116	0	48	1	63	2	85	0	51	1	57	0
5	36995733.0	A	C	80	19	86	49	51	32	58	11	67	37	45	49
5	36995733.1	A	G	80	0	86	0	51	0	58	0	67	1	45	0
2	131981221.0	C	T	344	1	255	0	227	0	264	0	204	1	132	1
2	131981221.1	C	G	344	1	255	5	227	3	264	4	204	9	132	17
2	131981221.2	C	A	344	0	255	0	227	0	264	1	204	0	132	1
3	195513481.0	G	A	110	6	35	16	70	21	67	7	97	36	80	10
3	195513481.1	G	C	110	0	35	0	70	1	67	1	97	0	80	0
3	195513481.2	G	T	110	0	35	0	70	0	67	1	97	0	80	0
3	38662380.0	G	A	236	22	135	51	191	65	152	12	214	91	130	67
3	38662380.1	G	C	236	0	135	0	191	1	152	0	214	2	130	1
3	38662380.2	G	T	236	0	135	0	191	0	152	0	214	1	130	1
1	1685624.0	C	T	37	0	19	8	34	8	30	0	15	7	48	0
9	78638711.0	A	C	228	1	219	0	197	0	216	0	208	0	134	44
9	78638711.1	A	G	228	0	219	1	197	2	216	2	208	1	134	1
9	78638711.2	A	T	228	0	219	0	197	0	216	0	208	1	134	0
19	10250929.0	G	A	136	0	68	0	120	0	87	0	141	22	132	0
13	25367337.0	G	A	243	3	114	0	97	0	149	2	92	0	145	0
13	25367337.1	G	C	243	4	114	39	97	23	149	1	92	40	145	0
13	25367337.2	G	T	243	0	114	0	97	2	149	0	92	1	145	3
7	92932811.0	G	A	384	24	325	96	216	67	340	37	100	36	318	0
7	92932811.1	G	T	384	0	325	0	216	2	340	0	100	2	318	0
7	92932811.2	G	C	384	0	325	0	216	1	340	0	100	1	318	0
9	33797861.0	A	T	307	1	172	0	285	0	187	1	325	1	227	0
9	33797861.1	A	G	307	69	172	25	285	40	187	36	325	43	227	25
9	33797861.2	A	C	307	0	172	0	285	0	187	1	325	0	227	0
11	124013154.0	G	T	176	16	102	33	101	27	141	13	68	21	70	29
11	124013154.1	G	A	176	0	102	0	101	0	141	2	68	0	70	0
12	125397298.0	G	A	300	14	267	4	207	1	235	8	422	9	662	99
12	125397298.1	G	T	300	1	267	0	207	0	235	0	422	2	662	1
12	125397298.2	G	C	300	0	267	0	207	0	235	0	422	0	662	1
1	152286884.0	C	T	252	6	332	5	322	5	273	2	169	13	107	5
1	152286884.1	C	G	252	2	332	0	322	0	273	1	169	1	107	1
1	152286884.2	C	A	252	0	332	2	322	2	273	3	169	2	107	2
1	32620221.0	C	A	137	1	83	0	83	0	97	0	66	2	48	0
1	32620221.1	C	T	137	3	83	0	83	0	97	1	66	0	48	40
7	115892486.0	G	A	297	2	176	61	158	21	220	0	234	78	208	1
7	115892486.1	G	T	297	1	176	1	158	0	220	0	234	0	208	0
7	115892486.2	G	C	297	1	176	1	158	1	220	1	234	0	208	0
1	159175499.0	G	A	75	17	21	62	26	82	42	35	34	100	15	43
1	159175499.1	G	C	75	0	21	0	26	3	42	0	34	2	15	2
11	33369301.0	T	G	138	2	76	2	71	2	79	2	68	2	81	4
4	78082009.0	A	G	348	108	174	240	165	183	324	121	73	118	190	367
4	78082009.1	A	C	348	0	174	1	165	0	324	0	73	2	190	1
4	78082009.2	A	T	348	0	174	0	165	0	324	1	73	2	190	2
8	91033248.0	C	G	237	0	204	0	163	20	216	0	87	1	146	0
8	91033248.1	C	T	237	0	204	0	163	0	216	0	87	1	146	0
4	115749021.0	C	A	289	1	175	2	149	2	133	0	268	1	225	0
4	115749021.1	C	T	289	21	175	78	149	35	133	40	268	96	225	1
4	115749021.2	C	G	289	0	175	1	149	0	133	0	268	3	225	0
11	110143263.0	G	C	488	1	375	0	311	0	382	0	231	0	224	79
11	110143263.1	G	A	488	0	375	2	311	1	382	0	231	2	224	0
11	110143263.2	G	T	488	0	375	0	311	2	382	0	231	1	224	0
9	6500653.0	G	A	432	71	253	175	226	183	312	88	205	134	229	182
9	6500653.1	G	T	432	1	253	0	226	3	312	1	205	1	229	0
9	6500653.2	G	C	432	0	253	0	226	0	312	1	205	2	229	0
19	58011479.0	C	T	27	2	26	5	28	18	30	5	43	25	60	0
19	58011479.1	C	A	27	0	26	0	28	1	30	1	43	0	60	1
1	181740515.0	C	A	753	4	806	0	827	0	604	1	1052	2	457	55
1	181740515.1	C	T	753	2	806	0	827	0	604	0	1052	0	457	2
4	515695.0	A	T	192	1	134	0	168	1	125	2	178	0	111	0
4	515695.1	A	C	192	1	134	0	168	0	125	2	178	0	111	0
4	515695.2	A	G	192	0	134	0	168	0	125	1	178	0	111	45
15	70346958.0	C	T	39	11	7	26	14	33	16	6	17	56	23	30
2	133403038.0	G	T	92	0	30	1	55	2	80	0	105	0	74	0
2	133403038.1	G	C	92	0	30	13	55	18	80	0	105	31	74	0
2	133403038.2	G	A	92	0	30	0	55	0	80	0	105	1	74	0
