Chr	Posi	Wild	Mut	PrimT:ref	PrimT:alt	Met1T:ref	Met1T:alt	Met2T:ref	Met2T:alt
1	46088226	C	T	46	18	30	14	54	37
1	112524896	G	A	45	18	35	9	36	41
1	151378134	T	C	221	47	193	0	209	64
1	151785422	C	T	178	31	147	43	214	33
1	153333181	A	G	139	0	85	35	137	0
1	154931747	G	A	78	8	63	0	79	15
1	158984692	G	A	150	119	137	93	103	120
2	85049156	C	T	187	112	117	35	211	114
2	95947702	G	A	180	83	128	41	195	87
2	158617557	G	C	237	0	103	38	163	0
2	160086173	C	T	35	23	41	19	46	24
2	170007505	G	C	333	0	206	0	268	33
2	201873798	C	A	154	139	130	45	97	96
2	232577188	G	C	231	183	188	47	253	161
2	239056532	C	T	72	88	69	48	75	114
3	50356408	G	A	198	0	88	56	295	0
3	121206966	A	G	207	0	126	0	195	28
3	135720770	A	C	135	54	86	47	135	51
3	142224004	C	G	312	115	201	98	358	158
3	142681429	C	A	86	54	54	20	126	71
3	151012229	G	T	67	31	42	16	56	14
3	166958600	G	A	212	108	195	82	332	150
3	170801980	G	A	205	102	163	124	177	133
3	178936091	G	A	223	78	165	107	233	107
4	2698298	G	A	66	25	64	19	69	36
4	56737303	C	A	123	0	90	17	121	0
4	62598617	T	C	102	20	73	28	79	43
4	70361486	C	G	138	55	118	52	149	70
4	126328044	G	T	101	35	76	28	75	28
4	128841945	A	C	79	10	34	15	59	30
4	187539834	C	A	49	49	50	35	44	47
5	24535873	G	A	273	104	225	75	278	99
5	79733991	G	T	119	34	105	28	96	42
5	112173917	C	T	72	27	58	23	49	33
5	140530393	C	T	175	86	113	43	188	86
5	150946491	C	T	174	0	99	47	170	0
5	158596047	C	G	107	47	114	0	113	63
6	32008313	G	A	157	26	103	17	197	39
6	37631798	C	T	152	108	109	51	109	133
6	44922233	T	C	461	5	215	92	431	0
6	56482958	G	T	369	0	233	0	294	50
6	90660955	C	T	134	62	116	0	130	53
6	108066289	G	T	97	35	78	30	84	41
6	146755621	C	A	101	17	62	0	132	0
6	152651680	C	A	68	37	37	10	64	27
7	23556070	C	T	147	91	116	60	135	62
7	44189576	G	A	274	125	177	71	289	166
7	91936822	G	A	131	16	126	0	126	0
7	122787348	G	T	279	33	170	0	374	0
8	59764300	C	A	321	99	265	54	254	56
8	68942870	C	A	58	20	52	8	51	26
8	77620196	C	T	143	0	74	19	94	0
8	109796470	C	T	241	118	172	162	191	181
8	121275229	A	T	330	0	396	0	330	38
8	139820011	C	A	218	60	214	33	173	57
8	144511624	G	A	117	0	65	16	140	0
9	27218780	C	T	327	162	265	103	236	149
9	73151907	C	T	187	64	139	35	110	46
9	100667124	A	G	290	112	195	72	198	116
10	1065491	G	A	251	0	184	0	185	25
10	11551643	T	C	547	233	402	167	469	224
10	81701231	G	A	313	7	149	75	308	0
10	90773951	A	G	153	63	137	53	168	81
11	14900955	G	A	72	9	48	23	82	10
11	45671746	C	T	34	16	26	16	41	11
11	51411507	T	G	64	6	49	21	71	17
11	58979888	G	T	194	37	208	0	185	39
11	73106138	C	T	86	55	83	31	76	73
11	88911183	C	T	151	40	95	36	140	23
11	125465842	A	G	151	104	135	83	115	135
12	25398285	C	A	114	189	92	130	102	160
12	57397571	G	A	128	67	136	0	125	71
12	64057579	G	A	89	98	54	76	103	62
12	109845672	C	T	424	0	237	50	320	0
13	67799626	G	A	149	154	133	51	140	102
13	88328901	T	C	107	100	129	0	76	89
13	103491914	C	T	127	80	81	20	113	63
13	103492025	C	G	28	12	28	12	40	20
14	34243580	C	T	266	96	205	62	268	63
15	25947065	G	T	214	102	121	77	201	99
15	37187441	A	G	183	83	159	42	180	89
15	41137095	G	A	55	22	33	13	61	28
15	48826283	A	G	178	93	171	58	197	84
15	65491107	C	T	95	41	81	17	77	43
15	79323808	G	A	309	129	204	82	338	170
15	80137605	C	A	253	0	154	66	238	0
16	3656567	C	T	375	155	236	98	339	147
16	48596354	T	C	54	14	48	0	26	14
16	57481445	C	A	32	27	28	11	26	20
16	89805562	C	T	311	0	132	46	333	0
17	29576041	C	T	252	109	224	142	220	171
17	62133121	G	T	75	18	53	19	95	35
17	67246664	C	T	278	94	298	78	411	116
17	79414832	G	A	32	13	30	11	62	36
18	9279594	A	G	122	61	118	41	90	72
18	48591919	G	A	195	0	93	54	198	0
19	18092652	G	A	29	19	24	0	29	18
19	35719495	C	T	222	4	93	35	244	0
19	54395051	C	T	221	8	114	46	241	0
19	57176197	C	T	134	51	109	26	118	72
20	55027550	G	A	87	58	76	66	85	38
20	60905898	C	T	95	44	71	15	93	43
20	62162278	A	C	66	37	58	13	56	44
22	50191596	G	A	195	65	136	66	201	106
22	50589194	G	A	257	109	156	48	259	122
X	30326313	C	T	491	6	226	75	381	0
X	48888977	T	C	301	0	213	0	203	60
X	63411366	G	A	150	53	98	27	89	38
X	101970768	A	C	177	62	144	0	95	29
X	106093511	T	G	100	40	101	0	69	23
X	138878518	T	C	147	0	106	32	134	0
X	147030296	C	A	188	68	170	43	221	39
