Chr	Posi	Wild	Mut	Met1T:ref	Met1T:alt	Met2T:ref	Met2T:alt	Met3T:ref	Met3T:alt
2	145156283.0	A	T	255	1	414	1	289	0
2	145156283.1	A	C	255	111	414	0	289	0
17	42331916.0	G	C	144	1	153	0	75	0
17	42331916.1	G	A	144	0	153	1	75	0
17	42331916.2	G	T	144	0	153	0	75	11
11	129802029.0	C	A	250	0	236	1	180	0
11	129802029.1	C	T	250	0	236	201	180	87
11	129802029.2	C	G	250	0	236	1	180	0
1	77984392.0	C	T	135	67	161	57	129	28
1	11562926.0	G	A	122	67	135	47	112	38
1	11562926.1	G	T	122	1	135	0	112	3
20	34297181.0	A	C	308	1	312	0	216	0
20	34297181.1	A	G	308	0	312	0	216	67
19	47861284.0	C	T	87	34	107	18	58	12
19	47861284.1	C	G	87	1	107	1	58	0
16	28912091.0	G	T	133	1	103	0	65	1
16	28912091.1	G	C	133	59	103	24	65	11
9	21974751.0	C	A	9	17	8	3	8	6
3	160395160.0	C	T	63	37	68	44	76	26
6	27776365.0	G	T	150	78	170	65	134	48
14	23791467.0	A	G	26	55	145	62	117	35
1	109812380.0	G	A	316	158	252	73	226	50
1	109812380.1	G	T	316	3	252	0	226	1
1	109812380.2	G	C	316	1	252	0	226	1
18	14543019.0	T	G	158	1	150	0	118	1
18	14543019.1	T	C	158	108	150	36	118	38
9	107531150.0	T	C	152	98	271	0	192	0
15	84581996.0	G	A	171	74	189	56	115	33
15	84581996.1	G	T	171	1	189	0	115	0
15	84581996.2	G	C	171	0	189	0	115	1
20	54824819.0	G	A	132	85	122	45	92	34
20	54824819.1	G	T	132	0	122	1	92	0
11	30946876.0	C	A	531	1	626	0	351	123
11	30946876.1	C	T	531	0	626	0	351	1
1	47512186.0	C	A	181	1	200	0	143	0
1	47512186.1	C	T	181	90	200	97	143	56
1	228434376.0	C	A	175	1	184	1	112	0
1	228434376.1	C	T	175	81	184	55	112	28
3	42954770.0	G	C	177	26	205	24	144	20
2	54080998.0	G	A	527	70	645	0	499	0
2	54080998.1	G	T	527	2	645	1	499	0
17	76396927.0	C	A	280	1	267	0	172	0
17	76396927.1	C	T	280	161	267	79	172	25
21	31864144.0	G	A	106	115	298	64	233	25
21	31864144.1	G	C	106	1	298	0	233	1
21	31864144.2	G	T	106	0	298	2	233	0
11	4870344.0	G	A	134	0	123	0	79	1
11	4870344.1	G	T	134	0	123	0	79	30
1	26691467.0	G	A	234	160	355	110	253	15
1	26691467.1	G	T	234	3	355	1	253	1
1	26691467.2	G	C	234	2	355	0	253	0
1	26316019.0	C	T	136	70	153	55	115	10
1	26316019.1	C	G	136	1	153	0	115	0
1	57157158.0	C	A	164	1	238	0	176	0
1	57157158.1	C	T	164	113	238	76	176	82
1	57157158.2	C	G	164	1	238	0	176	0
17	7578406.0	C	T	34	53	78	13	37	13
5	147788758.0	C	A	210	1	319	1	254	1
5	147788758.1	C	G	210	138	319	157	254	83
5	147788758.2	C	T	210	0	319	1	254	1
5	168100222.0	C	T	320	0	380	0	213	67
11	72403801.0	C	A	297	1	308	0	246	0
11	72403801.1	C	T	297	2	308	0	246	0
11	72403801.2	C	G	297	156	308	83	246	47
9	15214210.0	C	T	89	140	150	127	118	80
9	15214210.1	C	G	89	1	150	0	118	0
7	31146166.0	T	A	233	0	347	1	205	0
7	31146166.1	T	G	233	0	347	1	205	0
7	31146166.2	T	C	233	0	347	68	205	23
11	47296702.0	C	T	73	26	73	29	49	20
11	47296702.1	C	G	73	0	73	1	49	0
5	156522389.0	C	G	140	89	176	0	141	0
1	210415461.0	G	A	64	23	152	0	83	0
1	210415461.1	G	T	64	2	152	0	83	0
6	26032099.0	G	T	67	1	116	0	121	0
6	26032099.1	G	C	67	74	116	68	121	44
6	26032099.2	G	A	67	0	116	0	121	1
3	134920399.0	G	A	174	137	214	103	181	47
3	134920399.1	G	C	174	1	214	2	181	0
3	134920399.2	G	T	174	0	214	1	181	0
2	28248156.0	C	T	128	0	128	43	123	0
19	58967034.0	G	A	20	9	22	7	9	0
14	92136238.0	G	A	201	126	264	92	216	65
14	92136238.1	G	C	201	1	264	1	216	1
X	153005610.0	G	A	472	157	527	69	274	44
16	70913618.0	G	A	656	2	725	0	547	0
16	70913618.1	G	T	656	134	725	109	547	74
16	70913618.2	G	C	656	1	725	0	547	1
19	34830851.0	G	A	115	84	145	63	112	44
19	34830851.1	G	T	115	1	145	0	112	0
19	34830851.2	G	C	115	0	145	0	112	1
3	49693215.0	C	T	23	20	49	7	26	9
X	54228430.0	T	C	101	173	384	0	346	0
2	101879051.0	C	A	109	89	167	65	133	27
2	101879051.1	C	T	109	1	167	1	133	0
17	11593565.0	C	A	81	0	69	30	92	0
1	236306261.0	C	T	311	1	300	0	172	48
5	172396468.0	G	A	684	172	610	149	508	98
5	172396468.1	G	T	684	0	610	1	508	0
12	130846055.0	A	C	285	1	361	0	145	0
12	130846055.1	A	T	285	0	361	0	145	1
12	130846055.2	A	G	285	0	361	0	145	65
17	60106963.0	C	A	173	2	187	1	167	0
17	60106963.1	C	T	173	140	187	97	167	52
17	60106963.2	C	G	173	0	187	1	167	0
