Chr	Posi	Wild	Mut	Met1T:ref	Met1T:alt	Met2T:ref	Met2T:alt	Met3T:ref	Met3T:alt	PrimT:ref	PrimT:alt
11	121384934.0	T	G	158	0	430	0	410	0	246	119
X	123787464.0	G	A	415	5	280	0	298	1	832	0
X	123787464.1	G	T	415	363	280	0	298	2	832	1
X	123787464.2	G	C	415	3	280	0	298	0	832	0
19	13919671.0	G	A	37	1	39	0	41	0	26	0
19	13919671.1	G	C	37	23	39	0	41	0	26	0
11	3239854.0	G	T	93	0	75	0	144	0	66	40
X	54955310.0	G	T	160	0	74	0	106	0	146	53
4	13582779.0	G	A	258	138	430	0	588	0	555	0
4	13582779.1	G	T	258	4	430	2	588	0	555	0
7	134939896.0	C	T	106	0	146	0	196	0	122	62
7	6560265.0	G	A	111	1	105	0	175	0	151	0
7	6560265.1	G	T	111	50	105	0	175	0	151	0
11	4406683.0	G	A	88	4	24	108	107	66	240	0
11	4406683.1	G	T	88	1	24	0	107	0	240	0
11	4406683.2	G	C	88	2	24	0	107	0	240	0
19	56029445.0	A	G	47	46	54	0	129	0	54	0
19	52131140.0	C	A	105	0	114	0	165	0	79	41
10	73501457.0	G	A	110	0	105	0	216	0	59	69
15	40756074.0	A	C	210	1	117	0	199	0	57	0
15	40756074.1	A	T	210	0	117	0	199	0	57	68
11	58604743.0	C	A	252	3	441	2	389	5	397	194
11	58604743.1	C	T	252	1	441	1	389	2	397	1
11	58604743.2	C	G	252	0	441	1	389	0	397	0
19	18235137.0	G	T	220	0	131	0	240	0	127	76
15	39874393.0	G	A	128	68	129	0	166	0	149	0
15	39874393.1	G	C	128	1	129	0	166	0	149	0
7	94185002.0	G	C	102	2	194	0	164	0	181	0
7	94185002.1	G	T	102	0	194	0	164	0	181	92
2	179433892.0	T	A	130	0	122	95	137	47	251	0
X	153588461.0	C	A	73	0	12	18	54	9	64	0
X	153588461.1	C	T	73	0	12	0	54	1	64	0
X	153284983.0	C	A	15	1	5	0	30	0	41	0
X	153284983.1	C	T	15	19	5	0	30	0	41	0
X	69455669.0	G	A	267	2	245	0	318	0	252	0
X	69455669.1	G	T	267	3	245	1	318	0	252	89
5	26903783.0	T	A	226	4	377	0	222	0	344	148
5	26903783.1	T	G	226	0	377	0	222	0	344	1
3	52823755.0	G	A	72	0	60	0	146	1	27	0
3	52823755.1	G	T	72	0	60	0	146	0	27	25
4	4461098.0	C	A	267	1	178	0	404	0	333	0
4	4461098.1	C	T	267	0	178	233	404	136	333	0
4	4461098.2	C	G	267	0	178	0	404	1	333	0
11	110450405.0	C	G	47	1	121	46	98	29	135	0
11	110450405.1	C	T	47	0	121	1	98	1	135	0
17	62019263.0	C	T	58	0	54	0	105	0	38	26
2	231331052.0	A	T	178	138	383	0	319	0	370	0
2	231331052.1	A	G	178	1	383	0	319	0	370	0
X	129274575.0	C	A	285	3	102	60	139	46	324	0
X	129274575.1	C	G	285	3	102	0	139	0	324	0
X	129274575.2	C	T	285	0	102	1	139	0	324	0
20	41306693.0	C	A	240	0	285	0	347	0	108	1
20	41306693.1	C	T	240	0	285	0	347	0	108	99
3	146309602.0	G	A	202	2	268	0	238	1	256	0
3	146309602.1	G	T	202	3	268	0	238	1	256	369
3	146309602.2	G	C	202	3	268	0	238	0	256	1
9	101824307.0	G	A	224	4	276	0	233	0	367	0
9	101824307.1	G	T	224	140	276	0	233	2	367	0
9	101824307.2	G	C	224	0	276	0	233	1	367	0
11	113674571.0	C	A	173	2	423	0	313	0	348	1
11	113674571.1	C	T	173	4	423	1	313	2	348	54
11	113674571.2	C	G	173	2	423	1	313	0	348	1
5	137780983.0	G	T	54	0	7	43	65	20	44	0
5	137780983.1	G	C	54	0	7	1	65	0	44	0
4	187521240.0	C	A	166	0	52	24	195	21	238	0
1	160389254.0	G	T	101	61	75	0	160	0	117	2
1	160389254.1	G	A	101	0	75	0	160	0	117	1
X	102338339.0	T	A	211	0	111	0	167	0	108	66
8	43037340.0	A	T	495	2	769	0	819	0	455	0
8	43037340.1	A	C	495	2	769	0	819	1	455	4
8	43037340.2	A	G	495	0	769	2	819	0	455	234
1	111861211.0	C	T	247	1	244	1	320	0	127	0
1	111861211.1	C	G	247	0	244	0	320	1	127	0
1	111861211.2	C	A	247	0	244	0	320	0	127	80
6	118596708.0	C	A	379	249	709	0	471	0	571	0
6	118596708.1	C	T	379	1	709	1	471	0	571	0
6	118596708.2	C	G	379	0	709	1	471	0	571	1
X	100492612.0	C	A	176	2	79	0	153	1	175	0
X	100492612.1	C	T	176	1	79	0	153	0	175	0
X	100492612.2	C	G	176	0	79	55	153	26	175	0
20	23334775.0	C	A	103	1	114	0	181	0	153	0
20	23334775.1	C	T	103	66	114	0	181	0	153	0
20	23334775.2	C	G	103	1	114	0	181	0	153	0
16	15835677.0	G	T	40	62	132	1	183	0	103	0
8	62578151.0	T	A	91	1	11	1	34	1	230	1
8	62578151.1	T	G	91	2	11	0	34	0	230	0
8	62578151.2	T	C	91	5	11	62	34	30	230	0
2	29754883.0	A	G	107	67	185	0	170	0	251	0
19	49979753.0	G	T	129	0	76	0	175	0	86	17
X	101624605.0	C	A	26	0	11	13	17	3	29	0
1	170967378.0	C	A	195	1	139	0	193	0	142	90
1	170967378.1	C	T	195	1	139	0	193	0	142	0
3	195509669.0	G	A	65	14	97	24	111	37	171	43
3	195509669.1	G	T	65	2	97	0	111	1	171	1
3	195509669.2	G	C	65	0	97	0	111	0	171	1
8	87235288.0	T	A	236	2	172	0	171	1	276	0
8	87235288.1	T	G	236	2	172	0	171	0	276	117
8	87235288.2	T	C	236	0	172	0	171	1	276	0
19	56549541.0	G	T	92	0	99	0	147	1	59	29
10	73544163.0	C	T	62	0	53	0	96	0	35	42
X	37312842.0	C	A	145	72	102	0	177	0	341	0
17	8050622.0	C	A	19	14	23	0	28	0	10	0
6	84375219.0	C	A	318	3	297	347	311	156	499	1
6	84375219.1	C	T	318	2	297	5	311	2	499	0
6	84375219.2	C	G	318	1	297	2	311	0	499	0
6	147012291.0	C	A	199	1	331	0	290	0	249	107
6	147012291.1	C	G	199	1	331	2	290	0	249	0
6	147012291.2	C	T	199	0	331	2	290	2	249	0
2	50850726.0	T	A	239	3	270	0	244	0	282	0
2	50850726.1	T	C	239	1	270	1	244	0	282	131
2	50850726.2	T	G	239	0	270	1	244	0	282	1
10	26385376.0	C	A	228	113	155	0	119	2	399	0
10	26385376.1	C	T	228	2	155	0	119	0	399	0
10	26385376.2	C	G	228	2	155	0	119	1	399	0
12	29639270.0	C	T	234	4	495	1	426	0	374	1
12	29639270.1	C	A	234	0	495	1	426	0	374	133
12	29639270.2	C	G	234	0	495	0	426	1	374	0
19	1051161.0	G	T	66	40	53	0	120	0	53	0
18	12859246.0	C	A	418	410	390	1	361	0	559	0
18	12859246.1	C	T	418	11	390	1	361	1	559	0
18	12859246.2	C	G	418	5	390	0	361	0	559	0
11	58207231.0	T	A	132	0	159	146	208	79	385	0
11	58207231.1	T	G	132	0	159	6	208	1	385	1
11	58207231.2	T	C	132	0	159	1	208	1	385	0
12	8201956.0	A	G	83	0	64	44	79	24	142	0
12	8201956.1	A	C	83	0	64	1	79	0	142	0
2	179516999.0	G	A	953	1	910	1	799	1	986	0
2	179516999.1	G	T	953	205	910	1	799	2	986	0
2	179516998.0	G	A	959	4	909	4	806	1	996	0
2	179516998.1	G	T	959	207	909	1	806	2	996	1
2	179516998.2	G	C	959	1	909	0	806	1	996	0
3	52540763.0	C	T	49	0	7	36	56	27	36	0
3	100148699.0	C	G	226	0	336	0	360	1	235	0
3	100148699.1	C	T	226	0	336	0	360	0	235	103
19	51361294.0	G	T	93	0	75	0	127	0	47	27
5	140175622.0	C	A	46	1	46	0	50	0	18	29
5	140175622.1	C	T	46	1	46	0	50	0	18	0
21	22804567.0	A	T	183	0	176	0	180	0	223	105
1	151751598.0	T	G	309	1	367	1	358	0	270	0
1	151751598.1	T	C	309	1	367	0	358	0	270	132
1	151751598.2	T	A	309	0	367	0	358	0	270	2
5	462305.0	A	C	320	0	299	1	305	0	174	0
5	462305.1	A	G	320	0	299	0	305	0	174	102
14	20502240.0	C	A	323	4	167	124	165	65	209	0
14	20502240.1	C	G	323	0	167	1	165	0	209	0
14	20502240.2	C	T	323	0	167	0	165	1	209	1
2	44065796.0	G	T	89	0	109	0	128	0	67	29
3	42727546.0	G	T	28	0	0	18	30	16	24	0
1	162724437.0	G	C	197	0	81	90	225	85	183	0
1	162724437.1	G	A	197	0	81	0	225	1	183	0
1	162724437.2	G	T	197	0	81	0	225	2	183	0
20	44657987.0	C	G	27	0	32	0	55	0	20	12
17	45917717.0	G	T	101	37	70	0	176	0	127	0
1	248020625.0	C	T	20	10	30	0	63	0	69	0
12	49444096.0	C	G	63	0	54	0	60	0	33	16
11	60234431.0	G	A	164	1	446	0	318	0	262	0
11	60234431.1	G	T	164	1	446	1	318	2	262	119
11	60234431.2	G	C	164	0	446	1	318	0	262	1
1	40211046.0	G	C	124	0	170	0	206	25	207	0
15	54007433.0	G	C	114	1	102	71	114	43	149	0
15	54007433.1	G	T	114	0	102	1	114	0	149	0
19	11546971.0	G	T	64	47	49	0	123	0	108	0
16	58549454.0	G	A	26	0	42	0	63	0	34	20
X	107938509.0	G	A	308	1	156	0	167	0	229	0
X	107938509.1	G	T	308	0	156	0	167	0	229	77
9	140115059.0	G	T	70	0	10	54	60	26	90	0
1	57158043.0	G	A	210	0	266	108	254	119	336	0
1	57158043.1	G	C	210	0	266	0	254	1	336	0
X	142717013.0	G	A	109	1	94	0	132	0	210	0
X	142717013.1	G	T	109	123	94	0	132	0	210	0
X	142717013.2	G	C	109	0	94	0	132	1	210	0
12	21377736.0	C	A	295	1	723	0	585	0	988	1
12	21377736.1	C	T	295	2	723	0	585	0	988	1
12	21377736.2	C	G	295	224	723	1	585	1	988	0
1	247751818.0	C	T	246	142	255	1	328	0	347	0
1	247751818.1	C	G	246	2	255	0	328	0	347	0
8	72183995.0	C	A	303	5	304	0	306	0	387	202
8	72183995.1	C	T	303	2	304	0	306	0	387	0
8	72183995.2	C	G	303	2	304	0	306	0	387	0
6	16238955.0	G	C	24	21	48	0	81	1	67	0
11	116706932.0	C	G	54	0	84	0	104	0	43	17
X	101139747.0	C	A	154	2	49	1	59	0	150	0
X	101139747.1	C	T	154	1	49	23	59	19	150	0
X	9863299.0	A	G	37	0	13	0	21	0	23	15
5	35806854.0	G	A	331	4	244	0	232	2	207	0
5	35806854.1	G	T	331	3	244	1	232	0	207	104
5	35806854.2	G	C	331	3	244	1	232	0	207	0
6	88066169.0	G	T	115	2	211	0	168	0	160	0
6	88066169.1	G	C	115	56	211	0	168	0	160	0
6	88066169.2	G	A	115	0	211	2	168	0	160	0
12	55714626.0	T	A	177	1	196	1	172	0	389	0
12	55714626.1	T	C	177	2	196	164	172	96	389	1
12	55714626.2	T	G	177	0	196	1	172	0	389	0
6	134495659.0	C	T	300	1	649	0	494	0	312	2
6	134495659.1	C	G	300	1	649	0	494	0	312	1
6	134495659.2	C	A	300	0	649	0	494	0	312	163
17	51901166.0	T	C	102	0	253	0	258	0	168	59
19	3907765.0	C	A	66	0	6	39	41	28	63	0
19	3907765.1	C	T	66	0	6	1	41	1	63	0
12	8689750.0	C	A	104	3	132	1	87	0	277	0
12	8689750.1	C	T	104	1	132	1	87	0	277	0
12	8689750.2	C	G	104	0	132	58	87	47	277	0
8	77617677.0	A	C	175	1	23	1	94	0	221	0
8	77617677.1	A	T	175	0	23	125	94	76	221	0
20	47886996.0	C	T	88	1	55	47	79	29	72	0
X	50163415.0	C	A	817	480	277	2	435	0	1019	0
X	50163415.1	C	T	817	16	277	0	435	2	1019	0
X	50163415.2	C	G	817	6	277	1	435	1	1019	0
1	206821606.0	G	T	143	0	73	95	162	62	184	0
20	58569536.0	G	A	31	24	68	0	83	0	56	0
20	58569536.1	G	T	31	2	68	0	83	1	56	0
15	74425192.0	C	G	134	0	109	0	115	0	30	38
12	922839.0	G	T	281	1	607	3	501	1	340	0
12	922839.1	G	C	281	1	607	0	501	0	340	184
7	31682969.0	A	G	117	68	134	0	158	0	165	0
X	47426645.0	G	T	117	0	36	0	108	0	101	33
X	47426645.1	G	C	117	0	36	0	108	0	101	1
6	50786643.0	C	A	150	110	284	0	219	0	260	0
6	50786643.1	C	G	150	1	284	0	219	1	260	0
6	50786643.2	C	T	150	0	284	2	219	0	260	0
20	2542570.0	C	A	95	0	134	0	132	0	83	64
7	100685985.0	C	T	200	1	259	1	262	0	282	0
7	100685985.1	C	A	200	0	259	70	262	51	282	1
16	24902207.0	G	T	151	1	192	0	225	2	300	0
16	24902207.1	G	A	151	0	192	123	225	74	300	0
14	102894709.0	A	T	205	1	46	3	171	1	285	0
14	102894709.1	A	G	205	1	46	237	171	121	285	0
14	102894709.2	A	C	205	0	46	0	171	1	285	0
4	96163713.0	C	A	53	0	39	0	68	0	29	21
4	177070982.0	C	G	84	1	22	1	111	0	133	0
4	177070982.1	C	T	84	0	22	76	111	52	133	0
7	103206818.0	C	A	85	1	174	2	181	0	263	0
7	103206818.1	C	T	85	1	174	0	181	0	263	0
7	103206818.2	C	G	85	0	174	62	181	30	263	0
3	14861032.0	G	A	6	13	20	0	50	0	32	0
2	200193491.0	C	A	292	1	465	1	469	0	254	0
2	200193491.1	C	T	292	0	465	0	469	0	254	139
5	178460501.0	G	A	12	2	27	1	30	0	38	0
5	178460501.1	G	T	12	15	27	0	30	0	38	0
22	32257403.0	C	A	299	0	334	0	337	1	189	0
22	32257403.1	C	T	299	0	334	0	337	0	189	138
5	33576456.0	C	A	595	1	414	0	439	0	278	1
5	33576456.1	C	T	595	2	414	0	439	0	278	0
5	33576456.2	C	G	595	0	414	0	439	0	278	155
10	124908057.0	G	A	18	0	6	16	18	12	30	0
10	124908057.1	G	C	18	0	6	1	18	0	30	0
5	140724198.0	C	A	27	0	27	0	43	0	22	23
12	44172038.0	G	A	122	1	193	0	153	0	166	0
12	44172038.1	G	T	122	1	193	0	153	2	166	62
2	168110563.0	G	A	84	70	172	0	154	0	260	0
2	168110563.1	G	C	84	1	172	0	154	0	260	0
2	168110563.2	G	T	84	0	172	1	154	1	260	0
20	44692302.0	G	A	92	0	68	57	101	41	61	0
20	44692302.1	G	T	92	0	68	0	101	1	61	0
4	38799674.0	G	A	99	34	172	0	208	1	252	0
4	38799674.1	G	C	99	1	172	0	208	0	252	0
4	38799674.2	G	T	99	0	172	0	208	1	252	0
3	18436033.0	T	A	164	1	238	0	365	0	154	1
3	18436033.1	T	G	164	0	238	0	365	0	154	143
1	111861847.0	A	T	156	117	298	0	361	0	231	0
1	111861847.1	A	G	156	0	298	0	361	1	231	0
12	110924246.0	C	G	75	50	172	0	146	0	136	0
18	67817846.0	C	A	119	1	287	3	182	0	220	86
11	60183391.0	C	T	33	2	33	33	56	32	58	1
4	83406835.0	T	A	92	64	79	0	135	0	76	0
8	73921185.0	G	A	68	0	46	0	85	0	57	27
X	154299902.0	G	T	219	1	77	53	164	31	293	0
6	102483406.0	T	A	67	2	50	59	45	44	161	0
4	159573110.0	A	T	101	1	26	0	76	0	168	0
4	159573110.1	A	C	101	2	26	107	76	60	168	0
4	159573110.2	A	G	101	0	26	1	76	1	168	0
1	7807818.0	C	A	143	1	323	0	353	0	274	0
1	7807818.1	C	T	143	0	323	0	353	0	274	136
9	5763439.0	G	T	47	70	150	0	204	0	211	0
X	153588851.0	C	T	66	0	19	17	46	9	71	0
7	129098188.0	C	A	91	0	123	77	190	35	217	0
7	129098188.1	C	G	91	0	123	0	190	1	217	0
2	219693262.0	C	A	62	0	129	0	114	0	53	33
1	89323118.0	T	G	34	1	26	0	27	0	38	0
1	89323118.1	T	C	34	0	26	13	27	19	38	0
11	57798933.0	T	A	137	2	215	0	259	0	149	93
11	57798933.1	T	C	137	1	215	0	259	0	149	0
17	7577518.0	T	A	217	0	22	79	136	69	113	0
5	31472259.0	C	A	186	5	249	2	189	0	216	0
5	31472259.1	C	T	186	99	249	1	189	1	216	0
5	31472259.2	C	G	186	2	249	0	189	0	216	0
15	27777804.0	C	A	267	2	245	0	201	1	270	1
15	27777804.1	C	G	267	169	245	1	201	0	270	0
X	125686068.0	G	A	308	1	109	0	214	0	409	0
X	125686068.1	G	T	308	1	109	62	214	31	409	0
22	20458118.0	G	A	224	3	124	8	163	21	146	25
9	132689581.0	C	A	228	3	224	0	197	0	208	178
9	132689581.1	C	T	228	4	224	0	197	0	208	0
9	132689581.2	C	G	228	1	224	0	197	0	208	0
X	100656680.0	C	A	323	3	217	0	201	0	389	0
X	100656680.1	C	T	323	91	217	0	201	0	389	1
X	100656680.2	C	G	323	0	217	1	201	0	389	0
11	56019832.0	C	T	117	1	308	1	224	0	288	1
11	56019832.1	C	G	117	1	308	1	224	0	288	0
11	56019832.2	C	A	117	0	308	0	224	0	288	104
19	53572615.0	T	A	153	2	120	0	123	0	136	0
19	53572615.1	T	C	153	0	120	1	123	0	136	53
6	56919514.0	G	A	81	2	101	1	70	0	84	0
6	56919514.1	G	T	81	0	101	2	70	0	84	74
11	113816847.0	G	T	83	2	110	0	156	0	117	1
11	113816847.1	G	A	83	0	110	70	156	35	117	2
11	113816847.2	G	C	83	0	110	2	156	0	117	0
6	27279911.0	C	A	62	0	46	35	73	30	81	0
11	56058433.0	G	T	52	78	297	0	243	1	429	0
11	56058433.1	G	A	52	0	297	0	243	1	429	0
7	91752621.0	C	A	109	1	57	1	65	0	132	0
7	91752621.1	C	T	109	46	57	0	65	0	132	0
7	91752621.2	C	G	109	0	57	2	65	0	132	0
11	57995910.0	C	T	46	0	71	0	101	0	69	43
2	190569936.0	T	A	123	1	185	1	159	0	166	99
2	190569936.1	T	C	123	0	185	0	159	1	166	0
12	51347831.0	C	A	282	5	357	1	316	2	242	2
12	51347831.1	C	T	282	2	357	1	316	0	242	137
12	51347831.2	C	G	282	3	357	0	316	0	242	0
10	13534830.0	G	T	230	2	144	43	217	0	348	0
10	13534830.1	G	C	230	0	144	1	217	0	348	0
10	135440121.0	T	A	89	19	121	0	147	0	135	0
10	135440121.1	T	G	89	1	121	0	147	2	135	1
10	135440121.2	T	C	89	3	121	0	147	0	135	0
5	37010270.0	G	A	216	1	331	0	322	0	413	0
5	37010270.1	G	T	216	173	331	0	322	1	413	0
5	37010270.2	G	C	216	1	331	0	322	0	413	0
10	31816153.0	T	A	118	1	93	0	113	0	122	74
10	31816153.1	T	G	118	2	93	0	113	0	122	0
10	31816153.2	T	C	118	1	93	0	113	0	122	0
1	158576348.0	C	A	171	1	187	1	247	0	180	67
1	158576348.1	C	T	171	4	187	0	247	1	180	1
8	116616385.0	T	C	96	62	192	0	127	0	206	0
1	158576347.0	C	A	172	2	187	1	249	0	184	67
1	158576347.1	C	T	172	4	187	0	249	1	184	1
1	158576347.2	C	G	172	1	187	0	249	1	184	0
X	140995200.0	G	C	38	30	36	0	71	0	80	0
10	46148472.0	T	A	187	1	278	0	285	0	386	0
10	46148472.1	T	G	187	2	278	0	285	1	386	0
10	46148472.2	T	C	187	306	278	0	285	0	386	0
20	30671797.0	C	A	139	0	187	0	180	0	105	197
20	30671797.1	C	G	139	0	187	0	180	0	105	1
12	20801702.0	G	A	335	1	346	2	366	2	908	0
12	20801702.1	G	T	335	1	346	513	366	297	908	1
12	20801702.2	G	C	335	0	346	3	366	0	908	0
6	350868.0	A	C	515	0	890	1	881	0	742	2
6	350868.1	A	T	515	0	890	0	881	2	742	121
1	158152827.0	A	T	271	0	247	0	422	0	220	97
1	158152827.1	A	C	271	0	247	0	422	0	220	1
19	58899573.0	G	T	231	1	187	1	284	2	253	0
19	58899573.1	G	C	231	2	187	0	284	0	253	0
19	58899573.2	G	A	231	0	187	68	284	141	253	0
5	45645336.0	C	A	130	1	136	0	92	0	100	0
5	45645336.1	C	T	130	2	136	0	92	0	100	40
5	45645336.2	C	G	130	1	136	0	92	1	100	0
2	116593743.0	G	T	155	2	139	128	162	67	345	3
2	116593743.1	G	C	155	1	139	0	162	0	345	0
2	189875538.0	G	A	122	0	160	2	183	0	157	0
2	189875538.1	G	T	122	0	160	0	183	0	157	75
6	160240116.0	A	T	126	2	176	0	156	0	79	0
6	160240116.1	A	G	126	0	176	0	156	0	79	41
20	57897480.0	G	A	435	1	666	0	657	1	134	2
20	57897480.1	G	T	435	1	666	2	657	1	134	161
20	57897480.2	G	C	435	1	666	0	657	0	134	0
7	141747672.0	G	A	103	1	289	2	163	1	202	71
7	141747672.1	G	T	103	1	289	0	163	2	202	0
9	107645434.0	C	T	136	77	163	0	176	0	202	0
15	88678537.0	C	A	145	1	75	1	130	0	145	0
15	88678537.1	C	G	145	0	75	133	130	104	145	0
21	43531500.0	C	A	21	0	9	0	16	0	6	17
12	56495312.0	G	A	147	0	218	0	216	0	124	62
12	56495312.1	G	T	147	0	218	0	216	0	124	1
1	77883341.0	C	A	416	1	404	0	429	1	438	94
1	77883341.1	C	T	416	3	404	0	429	0	438	1
1	77883341.2	C	G	416	0	404	1	429	0	438	3
17	11603093.0	C	T	82	220	209	0	246	0	225	0
3	196778456.0	T	A	666	2	885	0	715	0	1577	0
3	196778456.1	T	G	666	1	885	0	715	0	1577	0
3	196778456.2	T	C	666	0	885	0	715	2	1577	293
19	36884811.0	G	A	140	1	147	1	146	0	127	91
19	36884811.1	G	T	140	0	147	1	146	0	127	0
1	26365735.0	G	A	160	1	184	0	261	0	127	64
1	26365735.1	G	C	160	0	184	1	261	0	127	1
1	26365735.2	G	T	160	0	184	0	261	2	127	0
7	87564405.0	C	T	27	0	25	15	64	10	56	0
11	63961760.0	C	A	126	1	378	0	306	2	187	0
11	63961760.1	C	G	126	0	378	0	306	0	187	116
1	109813150.0	G	A	96	70	91	0	196	0	72	0
13	103421717.0	A	T	99	1	28	0	61	0	154	0
13	103421717.1	A	C	99	1	28	81	61	37	154	0
X	125685473.0	G	A	61	0	32	0	51	0	44	1
X	125685473.1	G	T	61	0	32	0	51	0	44	30
1	247654746.0	T	C	137	0	54	79	141	44	178	0
1	247654746.1	T	G	137	0	54	0	141	1	178	0
7	2404133.0	G	A	115	2	118	0	104	0	115	0
7	2404133.1	G	T	115	4	118	0	104	0	115	0
7	2404133.2	G	C	115	0	118	42	104	23	115	0
X	140969374.0	A	C	442	1	209	1	332	1	578	0
X	140969374.1	A	T	442	0	209	114	332	70	578	0
X	140969374.2	A	G	442	0	209	1	332	1	578	1
6	158900912.0	G	T	75	0	63	1	91	0	53	22
6	158900912.1	G	C	75	0	63	0	91	0	53	2
X	129765441.0	C	T	195	1	84	0	93	0	246	0
X	129765441.1	C	G	195	1	84	0	93	0	246	0
X	129765441.2	C	A	195	0	84	67	93	29	246	1
17	66972318.0	G	A	62	112	326	0	210	1	280	0
17	66972318.1	G	T	62	0	326	4	210	0	280	0
17	66972318.2	G	C	62	0	326	0	210	1	280	0
13	101755588.0	T	A	251	1	187	0	181	0	130	1
13	101755588.1	T	G	251	1	187	0	181	0	130	0
13	101755588.2	T	C	251	1	187	0	181	1	130	123
7	6554142.0	G	T	182	0	105	49	170	28	118	0
7	123270111.0	G	A	187	1	271	1	295	0	517	0
7	123270111.1	G	T	187	1	271	96	295	83	517	0
7	123270111.2	G	C	187	1	271	0	295	0	517	0
3	184071492.0	G	T	235	0	113	0	157	0	197	56
2	119726825.0	C	T	299	1	248	0	359	1	353	0
2	119726825.1	C	G	299	0	248	208	359	135	353	0
2	119726825.2	C	A	299	0	248	0	359	1	353	0
6	88854733.0	C	A	207	1	340	0	323	1	147	0
6	88854733.1	C	T	207	1	340	1	323	0	147	73
7	107599737.0	A	C	62	0	110	1	150	1	136	62
7	107599737.1	A	T	62	0	110	0	150	1	136	1
7	107599737.2	A	G	62	0	110	0	150	2	136	0
12	13717393.0	G	A	213	0	225	1	307	0	170	1
12	13717393.1	G	T	213	0	225	1	307	0	170	193
12	13717393.2	G	C	213	0	225	0	307	0	170	3
1	177913721.0	G	A	267	3	359	0	457	0	283	0
1	177913721.1	G	T	267	2	359	0	457	1	283	116
1	177913721.2	G	C	267	0	359	0	457	1	283	1
1	109007899.0	G	T	30	82	146	0	144	0	76	1
7	133943090.0	G	A	171	0	261	0	295	2	205	0
7	133943090.1	G	T	171	0	261	0	295	1	205	134
7	133943090.2	G	C	171	0	261	0	295	1	205	0
3	36898415.0	C	A	26	0	54	0	105	0	26	26
2	219206726.0	G	A	159	0	205	0	281	0	102	54
6	26124549.0	G	T	102	0	93	84	231	60	288	0
6	26124549.1	G	A	102	0	93	0	231	0	288	1
1	235914523.0	C	T	200	108	168	0	189	0	260	0
1	235914523.1	C	G	200	0	168	1	189	0	260	0
1	44474112.0	C	A	262	1	102	1	318	0	225	0
1	44474112.1	C	G	262	0	102	139	318	125	225	0
1	44474112.2	C	T	262	0	102	0	318	2	225	0
12	50746411.0	G	C	282	1	265	0	351	0	170	71
12	100806579.0	G	A	258	2	336	0	314	0	243	113
12	100806579.1	G	T	258	3	336	0	314	0	243	0
12	100806579.2	G	C	258	2	336	0	314	0	243	0
X	79999601.0	A	T	179	2	146	0	124	1	211	0
X	79999601.1	A	C	179	3	146	0	124	1	211	0
X	79999601.2	A	G	179	0	146	0	124	0	211	116
6	117687384.0	C	A	231	3	503	0	345	0	446	0
6	117687384.1	C	T	231	160	503	1	345	0	446	0
6	117687384.2	C	G	231	1	503	1	345	0	446	0
4	737315.0	G	A	240	0	132	1	417	2	275	0
4	737315.1	G	T	240	0	132	161	417	103	275	0
4	737315.2	G	C	240	0	132	1	417	1	275	0
1	158815771.0	A	T	36	28	57	0	41	0	67	0
1	158815771.1	A	G	36	2	57	0	41	0	67	0
1	238045767.0	C	A	224	1	241	0	298	0	274	140
1	238045767.1	C	T	224	1	241	2	298	0	274	1
1	238045767.2	C	G	224	1	241	0	298	0	274	0
13	36050258.0	G	C	47	1	13	0	54	0	72	0
13	36050258.1	G	T	47	0	13	45	54	30	72	0
11	4566792.0	C	A	140	0	21	1	168	0	276	0
11	4566792.1	C	T	140	0	21	149	168	89	276	0
18	45566755.0	G	T	113	1	176	0	162	0	156	1
18	45566755.1	G	A	113	0	176	38	162	25	156	0
18	45566755.2	G	C	113	0	176	2	162	0	156	0
4	1978275.0	G	A	117	0	133	0	262	1	73	0
4	1978275.1	G	C	117	0	133	0	262	0	73	39
5	35692748.0	C	T	354	244	399	0	335	0	361	0
5	35692748.1	C	G	354	2	399	0	335	0	361	0
5	35692748.2	C	A	354	0	399	1	335	1	361	0
3	124536535.0	C	A	522	2	573	1	470	0	530	0
3	124536535.1	C	T	522	203	573	0	470	0	530	0
17	31260222.0	G	C	91	146	309	0	460	0	381	0
17	31260222.1	G	T	91	0	309	0	460	2	381	0
5	80550908.0	C	A	34	0	26	0	71	0	31	49
X	128641991.0	G	A	155	2	182	0	189	1	407	0
X	128641991.1	G	T	155	153	182	0	189	0	407	0
1	16065778.0	C	T	20	43	66	0	98	0	55	0
1	16065779.0	C	A	20	43	66	0	95	0	56	0
11	118461169.0	G	A	128	0	273	139	228	75	232	0
X	153052524.0	C	T	194	0	88	0	137	0	79	99
X	153052524.1	C	G	194	0	88	0	137	0	79	1
14	88477254.0	C	A	75	1	71	0	70	0	68	68
7	117251668.0	G	A	104	1	79	0	112	0	308	0
7	117251668.1	G	T	104	1	79	101	112	54	308	1
7	117251668.2	G	C	104	0	79	1	112	0	308	0
1	11036314.0	C	A	51	0	76	1	121	0	68	0
1	11036314.1	C	T	51	0	76	30	121	44	68	0
2	179615142.0	C	A	136	60	199	0	190	0	288	0
2	179615142.1	C	T	136	1	199	0	190	0	288	0
2	179615142.2	C	G	136	1	199	0	190	0	288	0
21	14992584.0	C	G	836	1	554	0	692	0	1440	0
21	14992584.1	C	A	836	0	554	296	692	198	1440	0
21	14992584.2	C	T	836	0	554	0	692	2	1440	2
17	7400276.0	G	T	48	34	33	0	92	0	42	0
7	95157247.0	G	A	61	0	99	0	153	0	93	60
15	76017560.0	G	A	97	0	88	0	120	0	20	21
2	179434354.0	T	A	142	2	137	103	169	67	297	0
2	179434354.1	T	G	142	0	137	3	169	1	297	0
2	179434354.2	T	C	142	0	137	1	169	0	297	0
18	25565195.0	C	A	123	1	180	0	186	0	155	53
18	25565195.1	C	T	123	1	180	0	186	0	155	0
10	89717661.0	C	T	82	2	189	1	179	0	132	0
10	89717661.1	C	A	82	0	189	0	179	2	132	0
10	89717661.2	C	G	82	0	189	0	179	0	132	104
5	16877758.0	C	A	209	1	275	3	313	0	283	0
5	16877758.1	C	G	209	2	275	0	313	0	283	0
5	16877758.2	C	T	209	0	275	68	313	0	283	0
11	7961019.0	A	G	38	89	100	0	108	0	187	0
11	7961019.1	A	C	38	1	100	0	108	0	187	0
7	2303998.0	G	A	177	0	39	41	132	66	111	0
7	2303998.1	G	T	177	0	39	0	132	1	111	0
12	1299139.0	G	A	285	183	442	1	335	5	825	2
12	1299139.1	G	T	285	8	442	0	335	0	825	0
12	1299139.2	G	C	285	0	442	0	335	1	825	0
1	236381859.0	C	A	143	2	90	0	133	0	312	0
1	236381859.1	C	T	143	1	90	120	133	74	312	0
1	236381859.2	C	G	143	0	90	0	133	1	312	0
3	178919199.0	A	T	384	2	139	140	176	26	868	1
3	178919199.1	A	G	384	4	139	1	176	0	868	0
3	178919199.2	A	C	384	1	139	0	176	0	868	0
4	65180422.0	G	C	229	1	857	0	557	1	261	1
4	65180422.1	G	A	229	0	857	1	557	0	261	0
4	65180422.2	G	T	229	0	857	0	557	0	261	147
12	104067804.0	G	T	93	58	170	0	192	0	158	0
12	104067805.0	G	T	95	61	172	0	192	0	163	0
12	79693196.0	A	T	239	4	360	1	277	0	278	1
12	79693196.1	A	G	239	1	360	0	277	0	278	133
12	79693196.2	A	C	239	1	360	1	277	0	278	0
5	137600101.0	G	A	166	0	32	141	188	107	149	0
5	137600101.1	G	T	166	0	32	0	188	1	149	0
12	80672818.0	C	A	294	1	398	3	373	2	405	0
12	80672818.1	C	T	294	3	398	0	373	1	405	0
12	80672818.2	C	G	294	0	398	0	373	0	405	172
6	75861713.0	G	A	232	2	277	0	294	0	430	0
6	75861713.1	G	T	232	1	277	0	294	1	430	0
6	75861713.2	G	C	232	0	277	276	294	134	430	0
19	9047690.0	C	T	103	0	64	2	91	1	74	47
3	77542394.0	G	A	78	1	13	2	69	2	115	1
3	77542394.1	G	T	78	2	13	1	69	0	115	0
3	77542394.2	G	C	78	3	13	64	69	87	115	0
11	18159520.0	C	T	157	0	184	2	245	0	195	0
11	18159520.1	C	A	157	0	184	0	245	0	195	99
19	8953697.0	C	A	102	0	92	0	91	0	51	1
19	8953697.1	C	G	102	0	92	0	91	0	51	34
20	32258497.0	G	T	155	0	195	0	241	1	266	0
20	32258497.1	G	C	155	0	195	0	241	0	266	53
6	90326326.0	G	T	443	2	358	390	470	188	507	0
6	90326326.1	G	C	443	0	358	3	470	0	507	0
6	90326326.2	G	A	443	0	358	0	470	1	507	0
5	155935628.0	G	A	106	4	245	1	229	0	300	0
5	155935628.1	G	T	106	149	245	1	229	2	300	0
5	155935628.2	G	C	106	1	245	1	229	0	300	0
17	20906374.0	G	T	189	0	142	0	225	1	61	0
17	20906374.1	G	C	189	0	142	0	225	1	61	86
4	47628421.0	C	A	178	0	158	125	149	75	270	0
4	47628421.1	C	G	178	0	158	0	149	1	270	0
6	128540218.0	T	A	213	159	479	0	426	0	474	0
6	128540218.1	T	G	213	2	479	0	426	0	474	0
6	128540218.2	T	C	213	0	479	2	426	0	474	0
6	153077273.0	A	G	112	1	126	0	111	0	129	48
6	153077273.1	A	T	112	0	126	1	111	0	129	2
6	153077273.2	A	C	112	0	126	0	111	1	129	0
6	138655224.0	G	A	111	1	201	0	185	0	88	0
6	138655224.1	G	T	111	0	201	1	185	0	88	59
X	2779722.0	G	A	141	1	85	0	165	0	229	0
X	2779722.1	G	T	141	67	85	0	165	0	229	0
20	34459616.0	C	A	106	1	128	0	132	0	119	0
20	34459616.1	C	T	106	59	128	1	132	0	119	0
20	34459616.2	C	G	106	0	128	0	132	1	119	0
7	50129301.0	T	A	130	0	137	0	133	0	181	83
X	107408229.0	G	T	131	1	42	20	103	20	107	0
19	54377158.0	C	A	87	0	28	34	92	23	67	0
19	48879440.0	C	A	79	43	77	0	142	0	90	1
19	48879440.1	C	T	79	1	77	0	142	0	90	0
2	179469911.0	A	T	68	1	49	1	52	0	103	0
2	179469911.1	A	G	68	0	49	37	52	16	103	0
2	179469911.2	A	C	68	0	49	1	52	0	103	0
3	140785495.0	G	T	77	1	55	37	60	16	140	0
19	52937282.0	A	T	382	1	314	124	327	185	409	0
19	52937282.1	A	G	382	5	314	0	327	1	409	0
19	52937282.2	A	C	382	1	314	0	327	1	409	0
6	55739199.0	G	A	203	0	324	1	272	0	362	0
6	55739199.1	G	C	203	0	324	73	272	46	362	0
6	55739199.2	G	T	203	0	324	0	272	0	362	1
5	31305350.0	C	A	259	1	523	0	380	0	495	2
5	31305350.1	C	T	259	33	523	2	380	1	495	0
5	31305350.2	C	G	259	0	523	1	380	0	495	0
X	125299569.0	G	A	44	38	54	0	72	2	109	0
17	42332650.0	G	T	139	0	89	0	144	1	77	40
5	140263559.0	G	T	16	0	20	0	33	0	16	13
12	57532303.0	G	A	300	186	462	0	503	1	361	0
12	57532303.1	G	T	300	2	462	0	503	2	361	0
15	25223446.0	C	T	138	0	21	69	68	40	99	0
16	90124765.0	T	C	119	1	147	0	177	0	141	0
16	90124765.1	T	A	119	0	147	96	177	62	141	0
16	90124765.2	T	G	119	0	147	1	177	0	141	0
9	113265461.0	C	A	289	3	321	0	206	0	442	0
9	113265461.1	C	T	289	178	321	0	206	0	442	0
9	113265461.2	C	G	289	1	321	0	206	0	442	0
10	16528464.0	G	A	148	1	107	0	109	1	141	0
10	16528464.1	G	T	148	0	107	1	109	0	141	53
17	72955132.0	G	A	182	0	436	2	527	0	153	80
17	72955132.1	G	T	182	0	436	0	527	1	153	0
X	105450923.0	C	A	125	2	58	0	64	0	99	49
X	105450923.1	C	T	125	3	58	0	64	0	99	0
X	105450923.2	C	G	125	1	58	0	64	0	99	0
13	111367844.0	G	T	239	2	77	0	274	0	281	0
13	111367844.1	G	A	239	0	77	27	274	25	281	0
13	111367844.2	G	C	239	0	77	1	274	0	281	0
X	38146133.0	C	T	151	2	54	0	101	0	109	1
X	38146133.1	C	A	151	0	54	0	101	0	109	49
8	144945130.0	G	T	192	1	212	0	246	0	171	0
8	144945130.1	G	A	192	0	212	0	246	0	171	48
X	10096723.0	G	A	106	1	77	0	163	0	205	0
X	10096723.1	G	T	106	54	77	0	163	0	205	0
2	161029128.0	C	A	89	66	173	0	146	1	169	0
2	161029128.1	C	G	89	1	173	0	146	0	169	0
X	27840090.1	G	T	18	0	0	7	13	2	27	0
16	4638280.0	A	G	132	0	144	113	213	80	190	0
11	57427144.0	T	G	74	0	113	0	132	0	86	49
9	140070275.0	G	A	24	19	36	0	72	0	75	0
19	15839464.0	G	A	168	114	176	0	264	0	317	0
19	15839464.1	G	T	168	1	176	0	264	0	317	0
19	15839464.2	G	C	168	1	176	0	264	0	317	0
11	71943724.0	G	A	110	0	165	0	239	0	63	1
11	71943724.1	G	T	110	0	165	0	239	0	63	29
3	39116424.0	A	T	152	2	172	0	212	1	80	0
3	39116424.1	A	G	152	1	172	0	212	0	80	99
15	98984357.0	A	G	221	76	486	0	319	0	336	0
15	98984357.1	A	C	221	1	486	1	319	1	336	0
5	150925114.0	G	T	79	0	14	73	72	46	89	2
19	54561800.0	C	A	119	64	133	1	216	0	106	0
19	54561800.1	C	T	119	1	133	0	216	0	106	0
1	26228015.0	T	G	408	0	470	0	593	1	340	198
1	26228015.1	T	C	408	0	470	0	593	0	340	1
X	88009225.0	C	A	124	3	124	0	134	0	253	0
X	88009225.1	C	T	124	76	124	0	134	0	253	0
X	88009225.2	C	G	124	0	124	1	134	0	253	0
6	27279940.0	A	C	41	0	26	15	35	13	47	0
9	82321674.0	C	A	166	2	189	0	132	18	201	0
9	82321674.1	C	T	166	1	189	1	132	0	201	0
X	86869033.0	C	A	244	164	215	1	203	0	506	0
X	86869033.1	C	T	244	3	215	0	203	0	506	0
X	86869033.2	C	G	244	2	215	1	203	0	506	0
7	87069091.0	G	T	204	0	337	1	408	0	322	143
13	24864795.0	G	T	96	0	84	1	163	0	51	46
16	28846645.0	C	T	40	0	45	38	112	33	75	0
14	103566635.0	C	G	31	0	31	0	90	0	17	12
22	50720641.0	C	G	32	0	45	0	46	0	23	27
7	150554827.0	A	C	83	0	172	0	175	0	76	42
19	15728956.0	G	T	77	0	64	0	97	0	74	52
X	16168489.0	C	T	159	0	26	53	74	36	201	0
X	16168489.1	C	G	159	0	26	0	74	1	201	0
20	2819700.0	A	C	57	0	34	39	66	18	62	0
3	130682890.0	G	A	499	4	580	2	396	4	687	0
3	130682890.1	G	T	499	8	580	1	396	4	687	0
3	130682890.2	G	C	499	1	580	0	396	53	687	0
X	119388421.0	C	A	130	0	51	33	85	31	265	0
X	119388421.1	C	T	130	0	51	1	85	0	265	0
X	119388421.2	C	G	130	0	51	1	85	0	265	0
12	81004389.0	A	T	92	5	129	1	104	1	143	3
12	81004389.1	A	G	92	2	129	0	104	0	143	0
12	81004389.2	A	C	92	0	129	0	104	0	143	75
X	133379601.0	G	A	136	1	60	0	69	0	81	0
X	133379601.1	G	T	136	0	60	0	69	0	81	78
19	6734278.0	T	C	205	0	68	33	222	0	139	0
7	128485187.0	C	A	12	13	31	0	48	0	31	0
2	80136812.0	G	A	63	0	41	1	53	0	70	0
2	80136812.1	G	T	63	0	41	26	53	18	70	0
2	80136812.2	G	C	63	0	41	1	53	0	70	0
5	644457.0	G	A	415	4	470	0	456	0	312	0
5	644457.1	G	C	415	145	470	0	456	0	312	0
5	644457.2	G	T	415	0	470	0	456	0	312	2
6	169646307.0	G	A	289	3	483	0	307	0	283	0
6	169646307.1	G	T	289	177	483	0	307	1	283	0
6	169646307.2	G	C	289	0	483	1	307	0	283	0
12	10015166.0	A	T	81	53	143	0	147	0	310	0
12	10015166.1	A	G	81	1	143	0	147	0	310	0
12	10015166.2	A	C	81	0	143	0	147	1	310	0
11	33770424.0	T	A	122	2	201	1	195	0	381	0
11	33770424.1	T	C	122	1	201	253	195	150	381	0
17	74472914.0	G	T	19	0	51	0	71	0	27	14
1	248263082.0	G	T	67	0	26	32	48	18	88	0
5	1221956.0	G	A	222	1	162	0	241	2	84	56
20	40944401.0	A	T	170	0	224	1	208	1	123	0
20	40944401.1	A	G	170	0	224	60	208	0	123	0
20	40944401.2	A	C	170	0	224	1	208	0	123	0
1	118565983.0	G	T	264	1	246	3	241	0	362	0
1	118565983.1	G	C	264	1	246	183	241	108	362	0
1	118565983.2	G	A	264	0	246	1	241	3	362	0
X	48049633.0	G	A	506	1	270	0	442	0	487	0
X	48049633.1	G	T	506	2	270	0	442	2	487	179
X	48049633.2	G	C	506	1	270	0	442	0	487	0
6	146350927.0	G	A	76	0	78	0	106	0	53	24
10	69299290.0	C	A	56	1	18	58	77	49	111	0
10	69299290.1	C	T	56	0	18	0	77	1	111	0
2	88913355.0	T	A	130	3	152	116	174	72	292	0
2	88913355.1	T	G	130	1	152	1	174	1	292	0
2	88913355.2	T	C	130	0	152	0	174	1	292	0
1	70505214.0	G	A	163	2	236	0	227	0	142	0
1	70505214.1	G	T	163	0	236	0	227	0	142	81
3	97887665.0	G	T	102	0	133	62	114	33	228	0
18	72103777.0	G	A	125	0	198	118	215	62	199	0
18	72103777.1	G	T	125	0	198	1	215	0	199	0
9	139946764.0	A	T	154	0	26	157	141	77	155	0
9	139946764.1	A	G	154	0	26	1	141	1	155	0
X	123637548.0	C	A	200	238	163	0	169	0	498	0
X	123637548.1	C	T	200	1	163	0	169	0	498	0
X	123637548.2	C	G	200	1	163	0	169	0	498	1
11	14902221.0	A	T	48	1	104	0	71	0	163	0
11	14902221.1	A	G	48	0	104	0	71	0	163	80
7	91706288.0	A	T	286	2	252	0	234	0	360	0
7	91706288.1	A	G	286	85	252	0	234	0	360	0
7	91706288.2	A	C	286	1	252	1	234	0	360	0
X	107938510.0	G	A	312	1	158	0	168	0	233	0
X	107938510.1	G	T	312	0	158	0	168	0	233	76
X	135313900.0	C	A	169	0	71	44	117	31	250	0
X	135313900.1	C	T	169	0	71	1	117	2	250	0
11	67219733.0	C	A	33	0	44	0	79	0	29	13
6	42980926.0	G	C	82	0	61	24	124	0	113	0
7	149494378.0	G	T	132	0	244	0	285	2	109	78
19	10793893.0	C	T	82	0	7	48	72	24	64	0
6	160557328.0	G	A	371	174	723	0	689	0	421	0
6	160557328.1	G	T	371	5	723	0	689	1	421	0
6	160557328.2	G	C	371	2	723	0	689	0	421	0
20	5923118.0	G	A	504	2	441	4	576	1	633	0
20	5923118.1	G	T	504	5	441	339	576	186	633	0
20	5923118.2	G	C	504	7	441	3	576	0	633	0
18	76753417.0	C	A	33	0	27	35	46	14	47	0
9	131733230.0	G	A	238	1	216	0	195	0	205	77
19	12759055.0	G	T	25	0	9	9	17	0	13	0
12	48240547.0	G	A	151	0	102	67	166	47	123	0
12	102043062.0	C	T	185	1	314	1	288	1	254	109
12	102043062.1	C	A	185	0	314	0	288	1	254	0
12	132334541.0	G	A	105	0	68	0	130	0	41	28
1	248028197.0	T	A	39	0	54	0	50	0	33	21
7	35288427.0	G	A	137	1	207	0	247	0	260	0
7	35288427.1	G	T	137	86	207	0	247	0	260	0
7	48269474.0	T	G	207	2	130	1	166	1	372	0
7	48269474.1	T	C	207	0	130	181	166	94	372	0
7	86394835.0	A	T	156	3	192	0	182	0	255	0
7	86394835.1	A	G	156	83	192	0	182	1	255	0
7	86394835.2	A	C	156	3	192	0	182	0	255	0
6	18122255.0	C	A	118	59	162	0	203	0	182	0
13	38266209.0	G	A	85	2	111	0	172	0	76	1
13	38266209.1	G	T	85	1	111	0	172	1	76	0
13	38266209.2	G	C	85	0	111	0	172	0	76	91
19	57640446.0	T	A	62	1	32	32	59	27	74	0
19	57640446.1	T	C	62	1	32	0	59	0	74	0
4	47525210.0	G	C	269	99	424	1	400	0	451	0
4	47525210.1	G	T	269	0	424	0	400	1	451	0
22	38129401.0	C	A	6	24	47	0	40	0	40	0
1	144912213.0	C	A	357	8	349	4	323	1	449	0
1	144912213.1	C	T	357	6	349	0	323	0	449	0
1	144912213.2	C	G	357	87	349	0	323	3	449	0
3	66421026.0	G	A	161	1	159	0	223	0	120	0
3	66421026.1	G	T	161	1	159	0	223	0	120	1
3	66421026.2	G	C	161	0	159	0	223	0	120	21
2	71838708.0	C	A	86	1	165	1	203	0	149	1
2	71838708.1	C	G	86	59	165	0	203	0	149	0
X	134427673.0	C	G	123	0	27	26	62	19	139	0
1	4771966.0	G	A	22	0	19	20	37	16	38	0
6	26031919.0	C	T	79	40	173	0	241	0	259	0
6	26031919.1	C	A	79	0	173	0	241	1	259	0
2	143676255.0	G	A	198	2	299	0	320	1	306	168
2	143676255.1	G	C	198	2	299	0	320	0	306	0
2	143676255.2	G	T	198	0	299	1	320	0	306	0
5	33937867.0	C	T	170	1	56	0	109	0	79	0
5	33937867.1	C	A	170	0	56	58	109	25	79	0
5	33937867.2	C	G	170	0	56	0	109	1	79	0
11	74351625.0	C	A	110	1	165	1	169	2	248	0
11	74351625.1	C	G	110	0	165	223	169	112	248	0
4	55964875.0	T	A	128	86	240	0	194	0	271	0
4	55964875.1	T	C	128	2	240	0	194	0	271	0
15	23889207.0	G	A	129	77	102	0	204	0	112	0
11	6412768.0	C	G	67	2	89	0	129	0	77	0
11	6412768.1	C	T	67	0	89	0	129	0	77	49
1	158725406.0	C	T	231	1	275	0	316	0	239	106
1	158725406.1	C	A	231	0	275	1	316	0	239	1
1	158725406.2	C	G	231	0	275	0	316	0	239	1
11	125659302.0	T	A	123	1	142	159	133	65	152	0
2	211502519.0	G	T	168	1	310	1	205	2	206	2
2	211502519.1	G	C	168	0	310	2	205	0	206	97
9	72892310.0	T	A	687	7	528	0	395	0	744	4
9	72892310.1	T	G	687	6	528	1	395	1	744	0
9	72892310.2	T	C	687	153	528	4	395	0	744	0
5	24535293.0	C	A	141	315	570	0	588	0	669	0
5	24535293.1	C	T	141	3	570	2	588	1	669	1
5	24535293.2	C	G	141	0	570	1	588	1	669	0
7	112723978.0	C	T	119	0	86	77	172	81	275	0
12	109530570.0	C	A	108	1	112	1	148	0	63	0
12	109530570.1	C	T	108	1	112	0	148	0	63	36
X	153590094.0	A	T	367	0	137	4	272	0	317	0
X	153590094.1	A	G	367	0	137	52	272	45	317	0
X	153590094.2	A	C	367	0	137	0	272	1	317	0
2	39083487.0	C	T	226	0	371	0	319	1	223	0
2	39083487.1	C	A	226	0	371	0	319	0	223	136
22	45938098.0	C	T	142	0	151	0	171	0	71	57
12	108589937.0	G	C	56	0	77	0	99	0	43	28
14	72138082.0	C	G	141	1	20	0	148	0	161	0
14	72138082.1	C	A	141	0	20	179	148	78	161	0
14	72138082.2	C	T	141	0	20	2	148	0	161	0
20	47259029.0	T	C	87	0	62	53	76	29	66	0
20	47259029.1	T	G	87	0	62	0	76	1	66	0
5	55056083.0	T	A	270	1	74	0	189	2	512	1
5	55056083.1	T	G	270	3	74	4	189	1	512	0
5	55056083.2	T	C	270	3	74	248	189	153	512	0
7	53103913.0	C	T	30	34	74	0	78	0	96	0
X	67943869.0	G	T	95	76	87	0	169	0	137	0
X	67943869.1	G	C	95	1	87	0	169	0	137	0
11	6644765.0	G	A	64	2	52	0	83	0	61	0
11	6644765.1	G	C	64	0	52	0	83	0	61	32
1	35370752.0	G	A	46	0	33	0	52	0	27	22
4	37440585.0	G	T	190	4	161	1	227	1	348	0
4	37440585.1	G	A	190	0	161	213	227	87	348	0
4	37440585.2	G	C	190	0	161	0	227	1	348	0
4	164247483.0	G	C	39	66	59	0	68	1	82	0
4	164247483.1	G	A	39	0	59	1	68	0	82	0
4	164247483.2	G	T	39	0	59	0	68	0	82	1
2	79312717.0	G	T	218	0	291	0	311	0	201	102
2	79312717.1	G	C	218	0	291	0	311	0	201	1
X	26212111.0	G	T	108	62	74	0	128	0	195	0
2	179584130.0	G	T	118	2	170	0	238	0	248	2
2	179584130.1	G	C	118	61	170	0	238	0	248	0
2	179584130.2	G	A	118	0	170	1	238	0	248	0
X	51639699.0	C	T	89	0	46	0	126	0	79	35
11	62563619.0	G	T	241	1	468	2	508	1	221	0
11	62563619.1	G	C	241	0	468	0	508	1	221	0
11	62563619.2	G	A	241	0	468	0	508	0	221	130
18	2707860.0	A	G	306	1	171	153	192	86	361	0
18	2707860.1	A	C	306	4	171	1	192	0	361	0
18	2707860.2	A	T	306	0	171	0	192	3	361	0
X	129318397.0	C	A	170	0	101	0	124	0	102	82
11	56344732.0	C	A	161	2	245	0	251	1	366	0
11	56344732.1	C	G	161	1	245	0	251	0	366	0
11	56344732.2	C	T	161	0	245	114	251	79	366	0
7	100635723.0	C	A	131	1	199	1	294	0	203	0
7	100635723.1	C	T	131	46	199	1	294	0	203	0
7	100635723.2	C	G	131	0	199	1	294	0	203	0
10	101122038.0	T	A	112	1	30	160	158	83	155	0
X	48681520.0	C	A	96	43	40	0	90	0	99	0
X	48681520.1	C	G	96	0	40	1	90	0	99	0
X	48681520.2	C	T	96	0	40	0	90	0	99	2
6	42034140.0	A	G	176	74	275	0	324	0	297	0
3	167812949.0	T	A	144	0	104	0	119	0	219	80
3	167812949.1	T	C	144	0	104	0	119	0	219	1
X	47030435.0	C	A	44	0	7	0	42	0	20	11
2	141055523.0	C	A	182	1	162	107	144	64	224	0
2	141055523.1	C	G	182	0	162	1	144	0	224	0
12	64196176.0	G	A	155	1	249	0	238	2	319	0
12	64196176.1	G	T	155	76	249	2	238	0	319	0
12	64196176.2	G	C	155	2	249	0	238	1	319	0
1	197390865.0	C	T	87	75	158	1	168	0	202	0
1	197390865.1	C	G	87	0	158	0	168	1	202	0
12	27475291.0	C	A	192	0	427	3	314	0	524	0
12	27475291.1	C	G	192	0	427	70	314	0	524	0
12	9074344.0	C	A	160	0	187	1	232	0	283	0
12	9074344.1	C	T	160	0	187	40	232	0	283	0
12	108925047.0	T	A	317	1	430	0	373	0	414	0
12	108925047.1	T	G	317	1	430	0	373	0	414	0
12	108925047.2	T	C	317	99	430	1	373	0	414	0
5	139740422.0	G	A	12	19	23	0	57	0	30	0
19	48977576.0	G	A	39	1	39	0	59	0	55	0
19	48977576.1	G	T	39	29	39	0	59	0	55	0
X	132159713.0	C	A	243	3	152	1	139	0	278	1
X	132159713.1	C	T	243	2	152	0	139	1	278	73
X	132159713.2	C	G	243	3	152	1	139	0	278	0
3	89448571.0	G	T	230	1	320	0	475	3	214	212
3	89448571.1	G	A	230	0	320	1	475	0	214	4
3	89448571.2	G	C	230	0	320	0	475	0	214	1
19	22575362.0	A	G	112	66	104	0	94	2	209	0
1	201034974.0	G	T	195	1	153	0	288	0	138	64
3	50369243.0	C	A	32	0	38	0	83	0	24	21
2	203165075.0	A	T	112	6	202	2	139	0	241	0
2	203165075.1	A	G	112	60	202	0	139	0	241	0
2	203165075.2	A	C	112	1	202	0	139	3	241	1
1	151090475.0	G	A	176	1	173	0	201	0	130	46
20	45242315.0	G	T	73	0	64	56	96	37	62	1
15	72699455.0	G	A	267	1	177	0	211	0	197	0
15	72699455.1	G	T	267	1	177	148	211	91	197	0
22	17073267.0	C	A	89	0	65	27	75	12	51	0
6	114379045.0	A	T	168	0	182	228	230	99	343	0
6	114379045.1	A	G	168	0	182	1	230	0	343	0
6	114379045.2	A	C	168	0	182	0	230	2	343	0
22	38161801.0	A	T	35	0	36	0	31	0	26	8
22	38161801.1	A	G	35	0	36	0	31	0	26	1
7	138522906.0	C	A	183	0	463	104	373	61	408	0
7	138522906.1	C	T	183	0	463	1	373	0	408	0
7	138522906.2	C	G	183	0	463	1	373	0	408	0
7	138522905.0	T	A	185	0	469	1	374	0	413	0
7	138522905.1	T	G	185	0	469	2	374	0	413	0
7	138522905.2	T	C	185	0	469	102	374	61	413	0
1	154558727.0	G	T	117	0	137	1	158	0	81	0
1	154558727.1	G	A	117	0	137	0	158	0	81	53
X	106462196.0	C	A	292	3	180	0	203	0	314	0
X	106462196.1	C	T	292	1	180	0	203	0	314	140
X	106462196.2	C	G	292	0	180	0	203	1	314	0
5	140812168.0	G	T	22	0	3	30	28	16	39	1
5	112175328.0	C	A	45	0	17	43	41	27	71	0
5	179305416.0	G	T	57	0	42	0	80	17	60	0
19	3110198.0	A	G	80	44	54	0	122	0	69	0
X	69671812.0	C	A	130	1	111	0	216	0	169	0
X	69671812.1	C	T	130	81	111	0	216	0	169	0
12	7070058.0	G	A	18	22	48	0	74	0	82	0
12	7070058.1	G	T	18	2	48	0	74	2	82	0
X	2931186.0	C	A	167	0	21	47	114	25	213	0
X	74520760.0	C	A	389	1	431	0	462	0	596	199
21	47541007.0	C	A	166	0	103	0	140	0	40	121
21	47541007.1	C	T	166	0	103	0	140	0	40	1
9	115759672.0	C	A	322	5	311	0	199	0	302	0
9	115759672.1	C	T	322	2	311	0	199	1	302	121
9	115759672.2	C	G	322	0	311	0	199	1	302	0
2	192250765.0	G	A	28	38	104	0	97	0	108	0
10	15714663.0	C	A	181	0	36	154	124	69	303	0
10	15714663.1	C	T	181	0	36	0	124	1	303	0
10	15714663.2	C	G	181	0	36	0	124	1	303	0
8	142451785.0	G	T	154	1	135	0	219	1	183	0
8	142451785.1	G	A	154	0	135	111	219	47	183	0
7	140301204.0	T	G	77	0	153	1	171	0	82	0
7	140301204.1	T	A	77	0	153	0	171	0	82	33
7	140301204.2	T	C	77	0	153	0	171	0	82	2
19	54502915.0	C	A	129	2	151	0	234	2	151	0
19	54502915.1	C	T	129	74	151	0	234	0	151	0
2	220333943.0	C	G	69	0	80	0	109	0	55	32
X	115582663.0	C	A	271	3	215	0	298	1	585	0
X	115582663.1	C	T	271	297	215	0	298	0	585	0
X	115582663.2	C	G	271	12	215	2	298	1	585	0
11	102647351.0	G	A	134	2	347	0	291	0	216	99
11	102647351.1	G	C	134	0	347	0	291	0	216	1
22	28256230.0	C	T	32	1	118	0	83	0	199	0
22	28256230.1	C	G	32	98	118	0	83	0	199	0
22	28256230.2	C	A	32	0	118	1	83	0	199	0
4	90857692.0	C	A	73	40	52	0	38	0	109	0
4	90857692.1	C	T	73	3	52	0	38	0	109	0
X	21755755.0	C	A	410	219	190	0	288	2	627	0
X	21755755.1	C	T	410	4	190	1	288	1	627	0
X	21755755.2	C	G	410	1	190	1	288	0	627	0
11	55904688.0	G	A	137	2	75	0	127	0	245	0
11	55904688.1	G	T	137	0	75	80	127	40	245	0
11	7060968.0	G	T	186	0	228	2	281	0	320	147
11	7060968.1	G	C	186	0	228	0	281	1	320	0
3	64085361.0	T	A	34	1	6	41	43	59	53	0
12	99225903.0	G	A	327	0	496	1	412	0	300	0
12	99225903.1	G	T	327	0	496	0	412	1	300	102
8	145095654.0	G	T	96	1	68	43	85	30	92	0
8	145095654.1	G	C	96	0	68	0	85	0	92	1
1	186370193.0	C	A	393	2	431	0	466	0	750	0
1	186370193.1	C	T	393	7	431	0	466	0	750	0
1	186370193.2	C	G	393	249	431	0	466	0	750	0
19	46850367.0	A	C	70	0	75	0	166	0	86	50
1	57476883.0	G	A	169	1	220	1	217	2	171	1
1	57476883.1	G	C	169	2	220	0	217	1	171	0
1	57476883.2	G	T	169	0	220	0	217	0	171	82
15	72533858.0	G	A	241	1	406	0	407	0	217	0
15	72533858.1	G	C	241	111	406	1	407	0	217	0
15	72533858.2	G	T	241	0	406	1	407	2	217	0
21	16340057.0	T	A	35	1	34	0	47	0	21	0
21	16340057.1	T	C	35	0	34	0	47	0	21	38
5	36985807.0	G	A	158	2	129	0	106	0	84	0
5	36985807.1	G	T	158	6	129	0	106	1	84	37
5	36985807.2	G	C	158	0	129	1	106	0	84	0
1	228482743.0	G	T	77	40	125	0	158	0	114	0
11	58477310.0	T	A	69	0	176	1	154	0	145	0
11	58477310.1	T	C	69	0	176	0	154	0	145	60
7	128432387.0	C	T	45	87	129	0	261	0	136	0
7	128432387.1	C	A	45	0	129	1	261	0	136	0
7	127361417.0	G	A	96	1	109	119	161	81	248	0
7	127361417.1	G	C	96	0	109	0	161	1	248	0
6	27860781.0	C	A	78	0	69	0	177	0	121	43
17	9820559.0	C	A	160	2	105	0	206	1	47	53
16	28838281.0	G	A	248	1	294	239	409	123	326	0
X	21875093.0	T	G	115	2	54	0	124	1	104	49
1	74801754.0	T	A	307	4	286	4	359	1	534	0
1	74801754.1	T	G	307	4	286	0	359	2	534	1
1	74801754.2	T	C	307	3	286	77	359	0	534	0
19	36341295.0	C	A	497	1	447	0	646	0	241	147
19	36341295.1	C	T	497	0	447	0	646	0	241	1
19	36341295.2	C	G	497	0	447	0	646	0	241	1
12	40757322.0	C	A	390	3	472	313	405	154	873	1
12	40757322.1	C	T	390	3	472	3	405	2	873	0
12	40757322.2	C	G	390	0	472	2	405	1	873	0
1	111492562.0	C	T	238	1	302	0	292	0	259	0
1	111492562.1	C	A	238	0	302	0	292	1	259	0
1	111492562.2	C	G	238	0	302	0	292	0	259	75
3	49141865.0	C	G	63	134	196	0	401	0	204	0
2	203420034.0	C	A	210	1	320	0	310	0	289	0
2	203420034.1	C	T	210	164	320	0	310	0	289	0
2	203420034.2	C	G	210	1	320	0	310	0	289	0
7	57188404.0	G	T	57	0	61	0	54	0	58	36
8	68536443.0	A	T	535	1	443	0	449	0	572	1
8	68536443.1	A	G	535	0	443	0	449	0	572	296
2	71778749.0	G	T	89	64	155	1	190	0	109	0
2	71778749.1	G	C	89	0	155	0	190	1	109	0
1	45508963.0	A	T	138	0	82	3	148	1	219	0
1	45508963.1	A	G	138	0	82	128	148	62	219	0
17	66303667.0	G	A	119	2	675	1	585	1	445	0
17	66303667.1	G	T	119	148	675	2	585	0	445	0
17	42272194.0	G	A	111	0	75	0	136	0	66	36
22	38129402.0	C	A	6	24	46	0	39	0	39	0
8	113259334.0	G	A	305	1	256	1	284	0	556	0
8	113259334.1	G	T	305	3	256	159	284	83	556	0
8	113259334.2	G	C	305	2	256	0	284	0	556	0
9	138517915.0	C	A	121	80	158	0	165	0	220	0
9	138517915.1	C	T	121	2	158	0	165	1	220	0
1	149760074.0	A	T	178	2	115	0	111	1	230	0
1	149760074.1	A	C	178	0	115	50	111	55	230	0
1	149760074.2	A	G	178	0	115	0	111	1	230	0
4	104577453.0	G	T	33	63	120	0	97	0	135	0
6	27420940.0	T	C	46	26	63	0	70	0	87	0
11	56431860.0	C	G	77	128	295	0	265	0	315	0
11	56431860.1	C	A	77	0	295	2	265	0	315	1
4	46067574.0	G	A	64	1	105	0	133	0	221	0
4	46067574.1	G	T	64	19	105	0	133	0	221	0
4	46067574.2	G	C	64	0	105	0	133	1	221	0
4	46067575.0	G	T	64	18	100	1	132	1	218	0
4	46067575.1	G	C	64	2	100	0	132	0	218	0
6	129725101.0	A	T	185	1	319	1	177	1	281	1
6	129725101.1	A	G	185	91	319	0	177	2	281	0
6	129725101.2	A	C	185	1	319	1	177	2	281	0
21	43531501.0	C	T	22	0	9	0	16	0	6	18
1	38411924.0	G	T	102	0	51	24	134	49	109	0
3	52966294.0	T	G	70	1	24	0	63	1	113	0
3	52966294.1	T	A	70	0	24	91	63	62	113	0
5	178566939.0	G	T	43	1	7	0	62	0	27	0
5	178566939.1	G	A	43	0	7	41	62	35	27	0
5	178566939.2	G	C	43	0	7	3	62	0	27	0
1	248685280.0	G	A	117	0	67	32	119	45	150	0
1	248685280.1	G	C	117	0	67	0	119	1	150	0
11	92616070.0	G	A	106	0	234	59	216	61	243	2
11	92616070.1	G	T	106	0	234	3	216	0	243	0
11	69625159.0	G	A	12	0	18	22	30	22	13	0
X	74288963.0	G	T	275	1	161	96	238	61	528	2
X	74288963.1	G	C	275	1	161	1	238	2	528	0
19	9061935.0	G	A	158	1	144	0	112	0	127	33
19	9061935.1	G	T	158	0	144	0	112	0	127	1
4	15512954.0	A	T	216	1	315	0	320	0	233	37
4	15512954.1	A	G	216	1	315	0	320	0	233	0
4	15512954.2	A	C	216	2	315	1	320	0	233	0
X	100296320.0	C	A	222	2	164	0	194	0	234	0
X	100296320.1	C	T	222	84	164	1	194	0	234	0
X	34675000.0	C	A	66	0	22	0	43	0	63	24
X	34675000.1	C	G	66	0	22	0	43	0	63	1
12	130926944.0	C	T	59	33	91	0	109	0	84	0
2	135744325.0	C	G	105	1	155	0	139	0	113	0
2	135744325.1	C	T	105	0	155	0	139	1	113	0
2	135744325.2	C	A	105	0	155	0	139	0	113	70
18	51810363.0	A	G	114	0	238	1	169	1	169	91
18	51810363.1	A	T	114	0	238	0	169	1	169	0
18	51810363.2	A	C	114	0	238	0	169	0	169	2
6	152453280.0	T	G	315	0	689	0	649	1	413	0
6	152453280.1	T	C	315	0	689	0	649	2	413	0
6	152453280.2	T	A	315	0	689	0	649	0	413	157
8	12878599.0	G	T	103	0	177	0	191	0	166	67
1	224585900.0	C	A	247	1	333	0	330	0	286	0
1	224585900.1	C	T	247	3	333	1	330	0	286	0
1	224585900.2	C	G	247	3	333	0	330	0	286	158
1	120386941.0	T	A	349	0	398	169	405	101	478	0
1	120386941.1	T	G	349	0	398	2	405	0	478	0
1	120386941.2	T	C	349	0	398	1	405	1	478	0
16	16350014.0	G	A	274	1	408	322	496	194	591	0
16	16350014.1	G	T	274	4	408	1	496	1	591	0
16	16350014.2	G	C	274	1	408	0	496	0	591	0
6	43038441.0	G	A	208	0	159	120	219	93	247	0
6	43038441.1	G	T	208	0	159	1	219	0	247	0
X	134993395.0	G	A	215	177	157	0	199	0	491	0
X	134993395.1	G	C	215	1	157	0	199	0	491	1
X	134993395.2	G	T	215	0	157	1	199	0	491	0
7	56049239.0	T	A	321	1	435	1	376	1	333	0
7	56049239.1	T	G	321	1	435	0	376	0	333	0
7	56049239.2	T	C	321	1	435	0	376	0	333	155
11	133712402.0	G	A	154	1	390	0	318	0	168	72
14	72138020.0	A	T	130	0	35	152	175	90	225	0
14	72138020.1	A	G	130	0	35	1	175	1	225	0
2	44058938.0	G	C	95	1	57	0	94	0	77	0
2	44058938.1	G	T	95	0	57	31	94	26	77	0
2	118864738.0	G	A	381	3	429	2	380	1	535	0
2	118864738.1	G	T	381	158	429	3	380	2	535	0
2	118864738.2	G	C	381	1	429	0	380	0	535	1
5	32126554.0	C	A	611	91	459	0	445	0	472	0
5	32126554.1	C	T	611	0	459	1	445	1	472	1
5	32126554.2	C	G	611	0	459	1	445	0	472	0
X	44928849.0	A	G	76	0	34	0	50	0	77	41
16	58610382.0	C	A	209	1	315	199	407	125	305	0
18	9280974.0	G	A	367	1	480	1	417	0	360	0
18	9280974.1	G	T	367	1	480	3	417	0	360	161
18	9280974.2	G	C	367	0	480	0	417	0	360	1
11	123886903.0	G	T	107	1	596	0	563	0	645	0
11	123886903.1	G	C	107	164	596	0	563	0	645	1
11	123886903.2	G	A	107	0	596	0	563	1	645	0
X	139866142.0	C	A	192	1	93	0	145	1	404	0
X	139866142.1	C	T	192	2	93	0	145	0	404	0
X	139866142.2	C	G	192	2	93	48	145	17	404	0
X	85213908.0	A	T	170	1	164	0	173	0	264	105
X	85213908.1	A	C	170	0	164	0	173	0	264	1
10	118319984.0	C	A	293	1	395	0	426	1	267	248
10	118319984.1	C	T	293	1	395	0	426	0	267	0
X	111195399.0	C	T	199	0	161	0	205	0	175	61
6	25916053.0	C	T	99	1	203	0	177	2	178	0
6	25916053.1	C	G	99	64	203	0	177	0	178	0
11	72404454.0	C	A	69	0	109	91	127	42	141	0
11	72404454.1	C	G	69	0	109	2	127	0	141	0
11	72404454.2	C	T	69	0	109	0	127	1	141	0
3	148563304.0	G	A	91	8	256	1	307	0	591	1
3	148563304.1	G	T	91	7	256	4	307	3	591	2
3	148563304.2	G	C	91	429	256	2	307	1	591	0
12	12356272.0	G	A	466	5	615	0	548	83	848	0
12	12356272.1	G	T	466	2	615	2	548	6	848	0
12	12356272.2	G	C	466	0	615	0	548	1	848	1
3	107097144.0	C	A	74	1	117	0	69	0	96	0
3	107097144.1	C	T	74	1	117	0	69	0	96	37
1	159922196.0	C	T	220	0	221	0	299	0	176	1
1	159922196.1	C	G	220	0	221	0	299	0	176	119
8	101016282.0	G	A	196	3	163	0	165	0	479	0
8	101016282.1	G	T	196	2	163	134	165	83	479	0
12	125509893.0	G	C	28	11	29	0	53	0	45	0
6	136590694.0	A	T	237	10	321	4	242	4	381	0
6	136590694.1	A	G	237	96	321	0	242	3	381	0
6	136590694.2	A	C	237	5	321	6	242	0	381	1
1	177000016.0	G	T	407	1	449	180	584	0	580	0
1	177000016.1	G	C	407	1	449	3	584	0	580	1
1	177000016.2	G	A	407	0	449	4	584	0	580	1
21	31812917.0	A	G	100	53	101	0	136	0	174	0
21	31812917.1	A	C	100	1	101	0	136	0	174	0
9	139259595.0	G	T	177	0	14	131	159	69	203	0
18	43796265.0	C	A	84	0	94	0	119	0	103	1
18	43796265.1	C	T	84	0	94	0	119	0	103	1
18	43796265.2	C	G	84	0	94	0	119	0	103	40
15	90447216.0	C	A	22	17	58	0	59	0	59	0
15	26825586.0	C	A	153	0	105	0	157	0	51	70
X	139866141.0	C	A	193	2	93	0	148	0	405	0
X	139866141.1	C	T	193	3	93	1	148	3	405	0
X	139866141.2	C	G	193	0	93	49	148	16	405	0
1	204092850.0	C	T	94	1	141	0	212	0	174	0
1	204092850.1	C	G	94	79	141	1	212	0	174	0
4	126239428.0	C	G	26	39	84	0	133	0	71	0
5	54721112.0	T	G	212	1	381	0	287	0	211	0
5	54721112.1	T	C	212	2	381	1	287	0	211	207
5	54721112.2	T	A	212	0	381	0	287	1	211	0
8	72973952.0	G	A	227	0	57	1	142	0	460	0
8	72973952.1	G	T	227	0	57	135	142	82	460	0
8	72973952.2	G	C	227	0	57	0	142	0	460	1
5	71654040.0	T	G	93	0	93	26	162	0	123	0
8	52366216.0	A	T	251	0	241	185	302	119	343	0
8	52366216.1	A	C	251	0	241	1	302	1	343	0
16	13010673.0	G	T	74	0	126	106	153	37	118	0
1	25718620.0	T	C	258	0	225	0	338	0	138	62
1	55158133.0	G	T	210	1	246	2	372	0	167	0
1	55158133.1	G	C	210	1	246	0	372	0	167	0
1	55158133.2	G	A	210	0	246	0	372	0	167	85
5	148746941.0	G	T	190	0	202	0	353	0	104	124
5	140229793.0	G	T	9	19	12	0	19	0	24	0
X	150840868.0	G	A	251	1	139	0	224	0	265	0
X	150840868.1	G	C	251	2	139	0	224	0	265	0
X	150840868.2	G	T	251	0	139	0	224	0	265	82
8	113662421.0	G	A	165	1	279	1	235	0	283	0
8	113662421.1	G	T	165	1	279	1	235	0	283	117
8	113662421.2	G	C	165	0	279	1	235	0	283	0
15	72492851.0	C	A	127	0	99	0	135	0	27	35
X	154159847.0	C	A	76	59	69	0	68	0	211	0
X	154159847.1	C	T	76	2	69	0	68	0	211	0
X	154159847.2	C	G	76	2	69	0	68	0	211	0
22	24123256.0	G	T	71	0	31	0	72	0	23	16
2	37374096.0	A	T	111	3	210	0	175	0	179	105
2	37374096.1	A	G	111	1	210	1	175	0	179	0
1	100378075.0	T	A	194	4	181	0	185	1	264	0
1	100378075.1	T	G	194	3	181	59	185	65	264	0
1	100378075.2	T	C	194	2	181	1	185	0	264	0
11	71208644.0	G	T	42	92	210	0	252	0	147	0
10	123844100.0	C	A	14	25	49	0	74	0	42	0
11	133402172.0	C	T	132	1	368	1	278	0	176	2
11	133402172.1	C	G	132	0	368	2	278	0	176	0
11	133402172.2	C	A	132	0	368	0	278	1	176	64
2	216246976.0	G	A	77	1	153	0	146	0	157	0
2	216246976.1	G	T	77	27	153	0	146	0	157	0
1	248004887.0	G	A	37	0	15	22	49	19	58	0
22	30660280.0	G	A	63	0	34	23	41	7	43	0
1	57170036.0	C	T	110	2	76	2	78	0	120	0
1	57170036.1	C	G	110	1	76	0	78	0	120	0
1	57170036.2	C	A	110	0	76	41	78	49	120	0
1	27741365.0	T	A	855	1	1081	2	1033	3	779	0
1	27741365.1	T	G	855	4	1081	2	1033	0	779	355
1	27741365.2	T	C	855	0	1081	3	1033	2	779	3
X	15270415.0	T	C	163	0	80	0	135	0	164	46
2	130872871.0	C	A	555	1	416	0	368	1	558	2
2	130872871.1	C	T	555	159	416	39	368	28	558	41
2	130872871.2	C	G	555	2	416	0	368	0	558	0
10	24880837.0	A	T	414	1	328	0	338	1	642	0
10	24880837.1	A	G	414	21	328	69	338	39	642	24
10	24880837.2	A	C	414	0	328	0	338	1	642	0
5	45303794.0	C	A	279	292	426	0	343	0	485	0
5	45303794.1	C	T	279	4	426	1	343	0	485	0
8	110457286.0	G	T	124	1	259	0	166	0	209	115
4	435643.0	G	T	151	2	102	1	181	1	257	0
4	435643.1	G	C	151	1	102	1	181	1	257	0
4	435643.2	G	A	151	0	102	78	181	32	257	0
8	110457285.0	T	G	120	1	261	0	168	0	211	0
8	110457285.1	T	C	120	0	261	0	168	1	211	0
8	110457285.2	T	A	120	0	261	0	168	0	211	115
2	54880754.0	G	A	45	0	40	0	62	0	31	19
5	45262339.0	A	G	99	0	130	1	137	0	126	62
5	45262339.1	A	C	99	0	130	0	137	0	126	2
6	65532575.0	C	T	158	1	138	184	180	72	299	0
18	347106.0	C	A	304	0	314	0	272	0	191	104
4	69978264.0	T	A	199	1	698	0	570	0	355	0
4	69978264.1	T	G	199	1	698	1	570	1	355	0
4	69978264.2	T	C	199	91	698	1	570	1	355	0
2	241712558.0	C	G	101	0	116	0	152	0	55	22
6	37358575.0	G	A	292	1	380	0	426	0	301	134
11	119170350.0	G	A	77	0	146	59	154	53	201	0
5	101627259.0	C	A	100	1	111	1	135	0	70	64
5	101627259.1	C	T	100	1	111	0	135	0	70	0
5	101627259.2	C	G	100	1	111	1	135	0	70	0
10	6263434.0	G	A	41	0	35	0	42	0	11	10
19	54310827.0	C	T	129	1	106	1	245	0	105	40
19	54310827.1	C	A	129	0	106	1	245	0	105	0
1	115829113.0	C	A	112	0	52	48	122	31	85	0
1	115829113.1	C	T	112	0	52	0	122	1	85	0
5	33954501.0	A	T	230	3	131	101	166	65	216	1
5	33954501.1	A	G	230	0	131	1	166	2	216	0
8	23294628.0	G	A	127	2	210	0	232	0	184	1
8	23294628.1	G	T	127	0	210	0	232	0	184	3
8	23294628.2	G	C	127	0	210	0	232	0	184	110
11	56237706.0	T	C	88	1	182	0	155	0	159	45
11	56237706.1	T	A	88	0	182	0	155	1	159	0
11	56237706.2	T	G	88	0	182	0	155	0	159	1
21	33876305.0	C	A	269	1	38	1	121	0	378	0
21	33876305.1	C	T	269	0	38	104	121	49	378	0
21	33876305.2	C	G	269	0	38	1	121	0	378	0
7	100088350.0	G	T	15	0	8	6	15	1	21	0
8	39624538.0	T	A	65	1	52	1	90	0	125	0
8	39624538.1	T	C	65	0	52	64	90	36	125	0
19	10220836.0	G	A	37	0	17	0	47	0	12	14
10	127693506.0	G	A	157	1	203	0	252	0	112	0
10	127693506.1	G	T	157	0	203	0	252	0	112	90
13	32352676.0	T	G	92	157	223	0	231	0	333	0
13	32352676.1	T	C	92	1	223	0	231	0	333	0
13	32352676.2	T	A	92	0	223	1	231	1	333	0
18	5489096.0	C	T	42	0	29	0	33	0	26	22
3	142172000.0	C	T	437	2	508	1	323	1	889	165
3	142172000.1	C	G	437	1	508	0	323	0	889	0
2	166201337.0	G	T	418	0	527	1	564	1	455	158
2	166201337.1	G	A	418	0	527	0	564	0	455	1
5	132437457.0	G	T	51	115	216	0	233	1	260	0
1	110460011.0	G	A	244	0	266	0	346	1	195	43
1	110460011.1	G	T	244	0	266	0	346	2	195	0
1	110460011.2	G	C	244	0	266	0	346	0	195	1
19	39052019.0	G	A	44	27	32	0	53	0	52	0
10	21414944.0	C	T	106	1	65	0	125	0	101	0
10	21414944.1	C	A	106	0	65	0	125	0	101	50
X	153716478.0	C	G	124	2	45	0	112	0	94	0
X	153716478.1	C	A	124	0	45	0	112	0	94	30
17	77769228.0	T	A	27	0	3	1	23	1	36	0
17	77769228.1	T	C	27	0	3	46	23	39	36	0
5	40979837.0	G	T	158	0	119	81	91	50	200	0
5	40979837.1	G	C	158	0	119	1	91	0	200	0
5	40979837.2	G	A	158	0	119	0	91	1	200	0
8	7308655.0	C	T	222	2	38	0	133	0	250	1
8	7308655.1	C	A	222	0	38	0	133	0	250	73
14	20916943.0	G	T	441	2	516	0	390	3	365	0
14	20916943.1	G	C	441	210	516	0	390	0	365	0
14	20916943.2	G	A	441	0	516	1	390	0	365	0
17	43366657.0	C	A	205	3	223	0	349	0	278	0
17	43366657.1	C	T	205	129	223	0	349	0	278	0
17	43366657.2	C	G	205	0	223	0	349	1	278	0
16	9934802.0	C	A	159	1	377	0	266	1	253	0
16	9934802.1	C	T	159	2	377	1	266	0	253	1
16	9934802.2	C	G	159	0	377	0	266	0	253	86
4	159493976.0	A	C	135	0	22	119	145	79	144	0
19	37441932.0	G	A	35	1	64	0	74	1	97	0
19	37441932.1	G	C	35	34	64	0	74	0	97	0
6	90577116.0	A	T	67	1	73	1	88	0	134	0
6	90577116.1	A	C	67	1	73	0	88	0	134	0
6	90577116.2	A	G	67	0	73	82	88	27	134	0
X	120183198.0	G	A	230	1	155	0	175	0	189	0
X	120183198.1	G	T	230	3	155	0	175	0	189	104
X	120183198.2	G	C	230	2	155	0	175	0	189	0
5	7706894.0	C	A	377	2	402	1	421	0	398	0
5	7706894.1	C	T	377	152	402	0	421	1	398	0
5	7706894.2	C	G	377	1	402	1	421	0	398	0
12	118838482.0	C	T	144	3	135	0	142	0	215	0
12	118838482.1	C	G	144	0	135	105	142	59	215	0
12	118838482.2	C	A	144	0	135	0	142	1	215	0
6	150001175.0	G	A	108	56	209	0	147	1	191	0
6	150001175.1	G	T	108	2	209	0	147	0	191	0
6	150001175.2	G	C	108	2	209	0	147	0	191	1
2	170115616.0	A	G	144	3	222	0	153	0	161	0
2	170115616.1	A	T	144	0	222	0	153	0	161	92
5	168233520.0	T	A	102	0	39	122	128	78	172	0
6	44244180.0	C	A	10	13	38	0	27	0	37	0
1	15987932.0	C	T	61	2	118	1	106	0	133	0
1	15987932.1	C	G	61	0	118	47	106	43	133	0
7	138732511.0	C	T	187	0	172	415	247	161	463	0
7	138732511.1	C	G	187	0	172	2	247	0	463	0
19	30936198.0	A	T	60	1	47	0	118	0	113	0
19	30936198.1	A	G	60	47	47	0	118	0	113	0
3	169099080.0	T	A	140	2	113	114	104	49	418	0
3	169099080.1	T	C	140	1	113	0	104	0	418	0
6	117199075.0	G	A	136	2	261	0	221	0	172	1
6	117199075.1	G	C	136	0	261	0	221	0	172	94
3	43121625.0	C	A	36	0	3	27	33	39	38	0
3	43121625.1	C	G	36	0	3	1	33	0	38	0
1	113460041.0	A	T	39	1	67	0	69	0	83	0
1	113460041.1	A	G	39	23	67	0	69	0	83	0
2	71046973.0	C	A	219	1	258	1	337	0	155	0
2	71046973.1	C	G	219	0	258	1	337	0	155	81
3	43121626.0	C	A	36	0	3	28	32	39	38	0
22	27012151.0	G	A	450	0	506	2	490	0	304	0
22	27012151.1	G	T	450	0	506	0	490	0	304	147
9	131190604.0	G	A	183	0	146	0	167	0	92	99
9	131190604.1	G	T	183	0	146	0	167	0	92	1
17	40034365.0	G	A	115	0	8	75	66	49	129	0
17	40034365.1	G	T	115	0	8	1	66	0	129	0
17	40034365.2	G	C	115	0	8	1	66	0	129	0
X	151909144.0	C	T	692	2	318	229	559	138	877	1
X	151909144.1	C	G	692	1	318	1	559	0	877	1
11	49197475.0	A	G	272	2	445	216	399	113	791	0
11	49197475.1	A	C	272	2	445	1	399	3	791	0
11	49197475.2	A	T	272	0	445	1	399	4	791	1
4	121732550.0	G	T	154	1	24	0	142	3	299	0
4	121732550.1	G	C	154	0	24	141	142	108	299	0
4	121732550.2	G	A	154	0	24	0	142	1	299	0
3	14861110.0	C	T	21	16	34	0	97	0	50	0
11	62782133.0	C	A	164	0	224	2	289	0	247	0
11	62782133.1	C	T	164	0	224	142	289	78	247	0
11	62782133.2	C	G	164	0	224	1	289	0	247	0
4	96199431.0	A	T	358	0	73	300	261	169	396	0
4	96199431.1	A	G	358	0	73	0	261	1	396	0
4	96199432.0	G	T	366	2	71	303	262	172	401	0
4	96199432.1	G	A	366	0	71	1	262	0	401	0
19	54376967.0	G	T	100	0	69	28	142	67	132	0
6	152712493.0	C	T	131	0	265	0	231	0	134	68
11	55861464.0	C	T	65	0	149	0	148	1	114	0
11	55861464.1	C	A	65	0	149	0	148	0	114	62
2	10206080.0	A	G	207	1	236	0	290	0	161	0
2	10206080.1	A	T	207	0	236	1	290	0	161	31
12	51189775.0	A	T	202	1	200	0	168	0	275	0
12	51189775.1	A	G	202	0	200	114	168	78	275	0
12	51189775.2	A	C	202	0	200	2	168	0	275	0
19	40331307.0	C	A	45	29	47	0	102	0	75	0
20	54987517.0	G	T	174	85	266	1	290	0	169	0
20	54987517.1	G	A	174	0	266	1	290	1	169	0
19	44740349.0	C	A	201	3	158	0	188	1	118	54
19	44740349.1	C	T	201	3	158	0	188	0	118	0
7	44091534.0	T	A	327	1	389	0	472	0	277	0
7	44091534.1	T	G	327	0	389	0	472	0	277	163
19	52826065.0	G	A	52	3	56	1	74	0	64	36
19	52826065.1	G	C	52	1	56	0	74	0	64	0
8	25343308.0	G	T	64	112	180	1	182	0	348	0
8	25343308.1	G	C	64	1	180	1	182	0	348	0
8	25343308.2	G	A	64	0	180	0	182	0	348	1
2	179642664.0	C	A	54	0	73	44	69	18	100	0
2	179642664.1	C	G	54	0	73	1	69	0	100	0
2	241439521.0	C	T	44	29	70	0	86	0	81	1
17	3352282.0	G	A	450	3	350	0	316	3	221	222
17	3352282.1	G	T	450	7	350	3	316	1	221	0
17	3352282.2	G	C	450	2	350	0	316	0	221	0
13	36385084.0	T	A	80	141	236	0	246	0	238	2
2	179640728.0	C	G	182	1	209	51	264	0	266	0
2	179640728.1	C	A	182	0	209	1	264	1	266	0
1	76397793.0	C	A	198	1	237	1	243	1	195	89
1	76397793.1	C	T	198	1	237	1	243	0	195	0
20	18287010.0	A	G	204	87	362	0	359	0	393	0
20	18287010.1	A	C	204	0	362	1	359	0	393	0
20	18287010.2	A	T	204	0	362	0	359	1	393	0
4	13603142.0	C	A	84	1	32	2	130	2	90	0
4	13603142.1	C	G	84	0	32	46	130	35	90	0
3	122474148.0	G	A	336	2	533	0	340	121	358	2
3	122474148.1	G	T	336	3	533	0	340	0	358	2
3	122474148.2	G	C	336	0	533	0	340	1	358	0
X	152771331.0	T	A	68	0	35	12	47	9	46	0
12	40734124.0	C	A	210	1	239	2	238	1	359	0
12	40734124.1	C	T	210	1	239	169	238	91	359	0
12	40734124.2	C	G	210	0	239	1	238	0	359	0
12	66638423.0	G	T	147	1	200	145	200	62	251	0
12	66638423.1	G	A	147	0	200	0	200	1	251	0
20	31685509.0	A	G	241	0	301	0	372	1	452	68
20	31685509.1	A	T	241	0	301	0	372	0	452	1
20	31685509.2	A	C	241	0	301	0	372	0	452	2
7	94041390.0	G	A	294	2	680	2	585	0	757	0
7	94041390.1	G	T	294	3	680	0	585	0	757	299
7	94041390.2	G	C	294	2	680	0	585	1	757	3
7	135384234.0	G	A	243	0	182	1	291	0	418	0
7	135384234.1	G	T	243	0	182	197	291	123	418	0
15	45396214.0	C	T	342	3	349	1	334	0	110	144
7	43360232.0	A	G	279	152	387	1	343	0	431	0
7	43360232.1	A	C	279	2	387	0	343	0	431	0
8	72964970.0	C	A	87	56	89	0	100	0	156	0
8	72964970.1	C	G	87	1	89	0	100	0	156	0
19	8618088.0	A	G	281	0	180	0	302	0	167	80
19	21366712.0	A	T	305	197	281	0	258	0	415	1
19	21366712.1	A	G	305	8	281	0	258	1	415	0
19	21366712.2	A	C	305	1	281	0	258	0	415	0
X	110439868.0	G	A	202	1	55	0	88	2	216	0
X	110439868.1	G	T	202	2	55	56	88	26	216	0
21	38114117.0	G	A	96	39	78	0	114	0	112	0
21	38114117.1	G	C	96	1	78	0	114	0	112	0
7	113558339.0	G	A	124	1	269	0	251	0	495	0
7	113558339.1	G	T	124	159	269	0	251	0	495	0
17	7579312.0	C	A	95	0	48	0	83	0	14	33
1	247978918.0	C	A	131	86	217	0	236	0	230	0
1	247978918.1	C	T	131	2	217	1	236	0	230	0
X	118676538.0	G	A	269	3	193	0	343	0	395	0
X	118676538.1	G	T	269	298	193	0	343	2	395	0
X	118676538.2	G	C	269	3	193	0	343	0	395	0
19	52887572.0	A	T	34	2	25	0	40	1	52	0
19	52887572.1	A	C	34	0	25	29	40	7	52	0
X	105280587.0	C	A	261	1	119	0	143	0	272	0
X	105280587.1	C	G	261	1	119	1	143	0	272	0
X	105280587.2	C	T	261	0	119	62	143	35	272	1
2	212251732.0	G	T	121	2	159	128	193	80	293	0
2	179495542.0	G	A	287	3	521	0	386	1	541	3
2	179495542.1	G	T	287	328	521	0	386	2	541	0
2	179495542.2	G	C	287	3	521	0	386	1	541	0
11	56058388.0	G	A	241	1	459	4	398	2	464	192
11	56058388.1	G	T	241	2	459	1	398	1	464	0
11	56058388.2	G	C	241	1	459	1	398	1	464	1
18	60206938.0	A	G	150	0	445	1	232	0	220	0
18	60206938.1	A	T	150	0	445	0	232	0	220	79
X	150348729.0	A	T	251	1	52	0	112	1	197	0
X	150348729.1	A	C	251	0	52	43	112	23	197	0
19	54967342.0	A	C	111	48	100	0	211	0	118	0
17	7578460.0	A	G	36	88	88	0	96	0	86	0
17	7578460.1	A	C	36	0	88	1	96	0	86	0
6	39196792.0	C	A	185	0	221	0	238	0	110	55
12	51717815.0	G	T	53	27	94	0	114	0	86	0
X	83375006.0	G	A	214	1	157	0	132	0	247	1
X	83375006.1	G	T	214	5	157	1	132	1	247	99
X	83375006.2	G	C	214	1	157	2	132	0	247	2
9	125674209.0	T	A	178	0	28	175	112	83	327	0
9	125674209.1	T	G	178	0	28	0	112	1	327	0
9	125674209.2	T	C	178	0	28	0	112	1	327	0
12	107080799.0	C	A	205	2	250	1	278	0	181	0
12	107080799.1	C	G	205	2	250	0	278	1	181	0
12	107080799.2	C	T	205	0	250	0	278	3	181	81
3	75786244.0	A	T	455	135	386	79	373	43	481	70
3	75786244.1	A	G	455	2	386	0	373	0	481	0
3	75786244.2	A	C	455	1	386	1	373	0	481	0
1	197144216.0	C	A	374	5	357	3	423	1	457	176
1	197144216.1	C	T	374	1	357	3	423	3	457	1
1	197144216.2	C	G	374	1	357	1	423	1	457	0
8	21985114.0	C	A	14	24	29	0	63	0	47	0
11	44941424.0	A	T	190	0	309	1	466	0	184	0
11	44941424.1	A	G	190	0	309	0	466	0	184	91
11	44941424.2	A	C	190	0	309	0	466	0	184	2
11	9446787.0	C	A	275	1	336	0	417	0	633	1
11	9446787.1	C	G	275	0	336	55	417	1	633	0
17	64024490.0	C	A	165	2	687	3	486	0	338	0
17	64024490.1	C	T	165	3	687	4	486	0	338	161
17	64024490.2	C	G	165	1	687	0	486	0	338	0
7	88964179.0	C	T	111	1	79	0	117	1	279	0
7	88964179.1	C	A	111	0	79	115	117	72	279	0
1	236917380.0	A	T	30	11	37	0	53	0	50	0
1	236917380.1	A	G	30	0	37	0	53	1	50	0
19	57665784.0	C	A	184	3	257	1	356	0	302	0
19	57665784.1	C	T	184	127	257	0	356	0	302	0
19	2434313.0	G	C	24	16	9	0	22	0	11	0
9	37762031.0	G	T	114	0	13	45	90	48	109	0
9	37762031.1	G	C	114	0	13	0	90	1	109	0
6	110734580.0	C	A	200	1	276	0	303	0	145	0
6	110734580.1	C	T	200	0	276	0	303	0	145	80
6	110734580.2	C	G	200	0	276	0	303	0	145	1
12	49522595.0	C	A	130	1	139	48	197	31	218	0
4	65155459.0	G	A	351	1	1264	260	861	127	595	0
4	65155459.1	G	T	351	2	1264	4	861	0	595	0
4	65155459.2	G	C	351	0	1264	0	861	1	595	0
16	1570195.0	G	A	124	0	114	70	240	53	134	0
16	1570195.1	G	C	124	0	114	1	240	0	134	0
16	1570195.2	G	T	124	0	114	0	240	2	134	0
1	230461152.0	A	T	137	1	93	33	167	17	138	0
9	104433158.0	C	T	379	0	492	1	443	0	422	0
9	104433158.1	C	A	379	0	492	0	443	0	422	172
16	67768784.0	G	A	34	0	32	21	68	17	32	2
16	67768784.1	G	T	34	0	32	0	68	1	32	0
6	26250523.0	A	G	173	0	133	51	259	77	266	1
6	26250523.1	A	C	173	0	133	0	259	1	266	0
8	113317038.0	G	A	117	62	212	0	186	1	314	0
8	113317038.1	G	T	117	2	212	0	186	1	314	0
1	16558656.0	C	T	20	0	24	0	64	0	20	18
13	103316060.0	A	T	448	2	476	0	461	0	305	1
13	103316060.1	A	C	448	0	476	0	461	1	305	0
13	103316060.2	A	G	448	0	476	0	461	0	305	275
11	55703302.0	G	A	78	1	157	1	136	0	300	0
11	55703302.1	G	T	78	71	157	1	136	0	300	0
6	108501606.0	C	G	289	1	446	0	333	0	277	0
6	108501606.1	C	A	289	0	446	2	333	0	277	1
6	108501606.2	C	T	289	0	446	1	333	1	277	122
15	68378877.0	A	T	193	2	198	165	252	95	218	0
15	68378877.1	A	C	193	2	198	1	252	2	218	0
15	68378877.2	A	G	193	0	198	1	252	1	218	0
14	45711287.0	A	T	44	3	182	0	135	0	139	0
14	45711287.1	A	G	44	1	182	0	135	0	139	0
14	45711287.2	A	C	44	96	182	0	135	0	139	0
20	31673941.0	A	T	110	1	164	0	190	0	257	67
20	31673941.1	A	G	110	0	164	1	190	0	257	0
7	151851144.0	C	A	124	2	562	0	413	0	506	0
7	151851144.1	C	T	124	2	562	1	413	1	506	0
7	151851144.2	C	G	124	171	562	0	413	0	506	0
X	47919428.0	C	T	142	2	71	1	82	0	124	53
12	53880886.0	G	A	73	0	44	31	90	28	56	0
11	2435990.0	C	T	12	0	42	0	49	0	19	14
11	2435990.1	C	G	12	0	42	0	49	0	19	1
12	125470642.0	C	A	391	2	533	0	510	0	249	111
12	125470642.1	C	T	391	2	533	0	510	0	249	1
3	39225666.0	C	A	137	0	138	0	306	0	80	72
2	179582313.0	A	T	131	0	202	1	195	1	315	0
2	179582313.1	A	G	131	0	202	142	195	68	315	0
2	179582313.2	A	C	131	0	202	1	195	0	315	0
1	207782746.0	A	T	141	1	152	0	218	1	197	97
1	207782746.1	A	C	141	0	152	0	218	1	197	0
1	207782746.2	A	G	141	0	152	0	218	0	197	1
2	128051145.0	C	G	141	0	147	0	207	0	114	41
2	141643851.0	C	A	234	1	344	0	311	0	419	0
2	141643851.1	C	T	234	2	344	1	311	1	419	0
2	141643851.2	C	G	234	127	344	0	311	0	419	0
19	50154270.0	T	C	4	12	8	1	14	8	5	6
14	47120364.0	A	G	75	0	25	1	87	0	134	0
14	47120364.1	A	C	75	0	25	82	87	58	134	0
15	65450979.0	C	A	518	2	417	0	459	1	586	0
15	65450979.1	C	T	518	5	417	1	459	2	586	0
15	65450979.2	C	G	518	1	417	274	459	195	586	0
6	138192592.0	C	G	277	1	399	0	410	0	428	0
6	138192592.1	C	A	277	0	399	2	410	0	428	0
6	138192592.2	C	T	277	0	399	204	410	140	428	0
1	32635594.0	A	T	241	0	93	169	251	89	227	0
1	32635594.1	A	G	241	0	93	11	251	1	227	0
1	32635594.2	A	C	241	0	93	0	251	2	227	0
10	25886954.0	G	C	113	0	18	70	65	55	173	0
16	22126738.0	A	T	93	0	122	1	115	0	161	0
16	22126738.1	A	G	93	0	122	78	115	48	161	0
X	57620189.0	A	G	196	1	100	0	168	0	149	0
X	57620189.1	A	T	196	0	100	0	168	0	149	87
12	90035934.0	C	A	105	77	177	0	156	0	199	0
12	90035934.1	C	T	105	1	177	0	156	0	199	0
3	2861247.0	C	A	117	1	33	0	98	1	202	0
3	2861247.1	C	G	117	2	33	146	98	105	202	0
3	2861247.2	C	T	117	0	33	1	98	1	202	0
2	239164500.0	G	A	56	12	89	0	142	0	82	0
2	239164500.1	G	T	56	1	89	0	142	0	82	0
2	239164500.2	G	C	56	1	89	0	142	0	82	0
5	95226874.0	A	T	64	1	228	1	196	0	318	0
5	95226874.1	A	G	64	106	228	0	196	0	318	0
5	95226874.2	A	C	64	0	228	1	196	0	318	0
2	179633515.0	C	A	299	2	467	0	379	0	377	0
2	179633515.1	C	T	299	5	467	0	379	2	377	178
2	179633515.2	C	G	299	1	467	1	379	0	377	0
6	169623344.0	T	A	218	1	222	101	254	75	238	0
6	169623344.1	T	G	218	0	222	1	254	0	238	0
16	74919581.0	A	G	190	1	431	0	365	0	125	0
16	74919581.1	A	C	190	1	431	0	365	0	125	1
16	74919581.2	A	T	190	0	431	0	365	1	125	111
16	68857531.0	T	G	61	0	83	63	86	57	95	0
6	31721183.0	G	T	55	1	60	0	57	0	46	28
3	57271525.0	A	T	38	2	100	1	203	2	195	0
3	57271525.1	A	G	38	60	100	0	203	0	195	0
3	57271525.2	A	C	38	0	100	0	203	0	195	1
3	183823621.0	C	A	676	2	305	0	355	0	733	106
3	183823621.1	C	T	676	0	305	0	355	1	733	1
3	183823621.2	C	G	676	0	305	0	355	0	733	1
17	4436276.0	A	G	36	0	0	12	20	14	16	1
2	41627.0	C	A	165	123	163	1	118	0	387	0
2	41627.1	C	T	165	3	163	0	118	0	387	0
10	121587260.0	A	G	57	0	76	0	66	0	49	36
X	123554292.0	C	A	187	0	79	43	130	32	252	0
17	46628419.0	C	G	66	0	41	0	84	1	42	0
17	46628419.1	C	A	66	0	41	0	84	0	42	27
6	114378477.0	G	T	116	1	165	0	135	0	120	0
6	114378477.1	G	A	116	0	165	0	135	0	120	1
6	114378477.2	G	C	116	0	165	0	135	0	120	37
X	70443947.0	A	T	191	166	198	0	351	0	265	0
X	148568459.0	G	T	180	1	125	0	131	0	127	106
X	148568459.1	G	A	180	0	125	0	131	1	127	0
12	56748319.0	C	A	158	109	370	0	371	0	310	0
12	56748319.1	C	T	158	2	370	0	371	0	310	0
12	56748319.2	C	G	158	0	370	0	371	1	310	0
17	40262741.0	C	T	106	0	44	0	116	0	50	29
1	116574072.0	A	T	145	87	286	0	338	0	272	0
1	116574072.1	A	G	145	1	286	0	338	1	272	0
1	116574072.2	A	C	145	0	286	0	338	0	272	1
1	216850513.0	C	A	246	0	214	115	309	107	450	0
1	216850513.1	C	T	246	0	214	1	309	0	450	0
21	33064244.0	C	A	188	2	120	0	140	0	83	208
21	33064244.1	C	T	188	5	120	0	140	2	83	0
21	33064244.2	C	G	188	0	120	1	140	0	83	0
3	47468685.0	G	C	109	1	47	168	160	110	147	0
3	47468685.1	G	T	109	0	47	1	160	0	147	0
6	152683350.0	C	T	172	0	207	130	253	75	238	0
6	152683350.1	C	G	172	0	207	1	253	0	238	0
6	152683350.2	C	A	172	0	207	0	253	2	238	0
15	26812874.0	T	A	138	94	109	0	112	0	127	1
15	26812874.1	T	G	138	1	109	0	112	0	127	0
15	26812874.2	T	C	138	1	109	0	112	0	127	0
3	49094521.0	G	T	78	0	83	0	118	0	37	37
2	62449678.0	G	A	116	58	222	0	212	0	185	0
2	62449678.1	G	T	116	1	222	0	212	0	185	0
2	62449678.2	G	C	116	1	222	0	212	0	185	0
16	50757286.0	A	G	219	1	271	224	335	113	219	0
16	50757286.1	A	C	219	1	271	0	335	1	219	0
16	50757286.2	A	T	219	0	271	2	335	1	219	0
5	101834533.0	C	A	25	0	19	0	52	0	29	1
5	101834533.1	C	T	25	0	19	0	52	0	29	16
5	101834533.2	C	G	25	0	19	0	52	0	29	1
12	56814366.0	G	T	152	0	190	1	188	0	122	0
12	56814366.1	G	C	152	0	190	0	188	0	122	55
3	100065063.0	C	A	435	1	597	2	588	0	485	1
3	100065063.1	C	T	435	2	597	2	588	1	485	60
3	100065063.2	C	G	435	1	597	0	588	2	485	0
21	15870794.0	T	A	330	3	322	1	316	0	246	0
21	15870794.1	T	G	330	1	322	0	316	0	246	0
21	15870794.2	T	C	330	0	322	0	316	0	246	355
22	21342305.0	A	T	102	1	540	0	431	0	442	0
22	21342305.1	A	G	102	297	540	0	431	0	442	0
22	21342305.2	A	C	102	2	540	0	431	0	442	0
9	131467679.0	G	A	18	0	2	12	14	9	31	0
20	5283117.0	A	T	206	0	242	0	287	0	154	97
5	149452989.0	G	A	145	1	30	116	129	62	128	0
7	88965791.0	C	A	66	0	83	0	64	0	65	30
14	74420172.0	G	A	104	1	92	0	124	0	69	0
14	74420172.1	G	T	104	1	92	0	124	1	69	80
14	74420172.2	G	C	104	0	92	0	124	0	69	1
3	113321958.0	G	T	200	0	275	0	298	0	253	101
X	69843834.0	G	A	356	8	289	2	307	3	345	21
X	69843834.1	G	T	356	8	289	2	307	0	345	135
X	69843834.2	G	C	356	6	289	0	307	0	345	0
2	220424001.0	C	A	66	0	79	0	120	1	63	33
15	84651882.0	G	A	97	1	102	0	109	0	148	0
15	84651882.1	G	T	97	0	102	80	109	41	148	0
15	84651882.2	G	C	97	0	102	1	109	0	148	0
9	135554680.0	A	T	95	2	239	0	189	0	309	0
9	135554680.1	A	G	95	73	239	0	189	0	309	0
12	53202538.0	C	T	347	0	360	0	425	0	256	134
19	21720707.0	G	A	120	1	9	109	59	58	171	2
19	21720707.1	G	T	120	3	9	0	59	1	171	0
2	220046134.0	G	A	131	1	254	0	321	0	151	0
2	220046134.1	G	T	131	0	254	0	321	0	151	91
19	11311460.0	G	A	175	1	90	0	206	0	74	35
19	11311460.1	G	C	175	0	90	0	206	0	74	2
2	84864359.0	G	A	197	1	289	0	267	0	197	0
2	84864359.1	G	T	197	0	289	0	267	2	197	80
2	179458392.0	A	T	261	2	207	149	247	76	385	0
2	179458392.1	A	C	261	0	207	1	247	0	385	0
X	27766451.0	C	A	111	2	55	0	69	0	98	0
X	27766451.1	C	G	111	0	55	0	69	0	98	37
3	152553726.0	A	T	153	52	141	0	151	0	433	0
3	152553726.1	A	G	153	1	141	0	151	0	433	0
3	118948754.0	T	A	313	1	684	0	431	0	562	0
3	118948754.1	T	G	313	1	684	1	431	0	562	0
3	118948754.2	T	C	313	200	684	0	431	1	562	0
1	167097554.0	G	T	139	0	115	47	105	62	125	0
1	116574197.0	C	T	194	2	219	0	249	0	173	40
1	116574197.1	C	G	194	0	219	1	249	0	173	0
1	116574197.2	C	A	194	0	219	0	249	0	173	1
7	117250608.0	C	A	159	2	222	1	259	1	488	0
7	117250608.1	C	T	159	1	222	79	259	45	488	0
7	117250608.2	C	G	159	1	222	2	259	0	488	0
12	57599423.0	G	C	84	0	42	35	78	28	49	0
6	138640929.0	T	C	162	1	291	0	243	0	155	0
6	138640929.1	T	A	162	0	291	0	243	0	155	97
21	37444994.0	G	A	118	2	116	0	171	0	251	0
21	37444994.1	G	T	118	67	116	0	171	0	251	0
X	149638875.0	C	T	35	0	27	1	23	0	27	0
X	149638875.1	C	A	35	0	27	0	23	0	27	22
10	31816154.0	A	T	122	1	98	0	113	0	125	0
10	31816154.1	A	C	122	2	98	0	113	0	125	0
10	31816154.2	A	G	122	0	98	0	113	1	125	73
19	13356011.0	G	A	150	81	137	0	195	0	164	0
19	13356011.1	G	C	150	1	137	0	195	0	164	0
X	3007617.0	G	A	269	2	131	0	204	0	324	1
X	3007617.1	G	T	269	4	131	0	204	1	324	124
X	3007617.2	G	C	269	0	131	1	204	1	324	3
1	247054349.0	T	G	167	121	227	0	239	0	331	0
1	247054349.1	T	C	167	1	227	1	239	0	331	0
1	247054349.2	T	A	167	0	227	0	239	1	331	0
3	156271466.0	C	T	314	3	370	0	237	0	489	141
3	156271466.1	C	G	314	1	370	0	237	0	489	0
3	156271466.2	C	A	314	0	370	1	237	0	489	0
9	123624961.0	G	A	277	1	249	0	369	0	181	0
9	123624961.1	G	T	277	0	249	0	369	0	181	2
9	123624961.2	G	C	277	0	249	0	369	0	181	113
X	134494983.0	C	A	139	3	96	0	76	1	257	0
X	134494983.1	C	T	139	164	96	0	76	0	257	0
X	134494983.2	C	G	139	1	96	0	76	0	257	0
6	73110280.0	T	G	287	0	508	0	434	1	305	0
6	73110280.1	T	A	287	0	508	0	434	0	305	137
7	149493807.0	G	T	89	122	404	2	431	0	279	0
7	149493807.1	G	A	89	0	404	0	431	1	279	0
11	55657496.0	C	A	102	1	222	0	227	0	220	47
X	138678815.0	G	A	164	1	140	0	155	0	388	0
X	138678815.1	G	T	164	176	140	0	155	2	388	1
X	138678815.2	G	C	164	1	140	0	155	0	388	0
7	54636726.0	G	A	446	1	594	0	513	0	687	0
7	54636726.1	G	T	446	2	594	2	513	2	687	334
7	54636726.2	G	C	446	0	594	1	513	0	687	0
4	17836008.0	T	A	206	6	266	102	320	108	364	0
4	17836008.1	T	G	206	0	266	1	320	0	364	0
4	17836008.2	T	C	206	0	266	1	320	1	364	0
15	41101324.0	G	A	64	1	44	0	117	0	82	0
15	41101324.1	G	T	64	34	44	0	117	0	82	0
1	156880158.0	C	A	95	44	104	0	197	0	125	0
1	165532797.0	C	A	67	16	89	0	131	0	117	0
16	56906627.0	G	A	64	0	75	44	138	39	74	0
16	56906627.1	G	T	64	0	75	3	138	1	74	0
16	56906627.2	G	C	64	0	75	0	138	3	74	0
5	114860364.0	G	A	44	1	58	0	49	0	36	53
5	114860364.1	G	C	44	1	58	0	49	1	36	0
10	99358642.0	G	T	24	59	46	0	82	0	65	0
4	183676227.0	C	A	53	20	182	0	166	0	187	0
22	32626991.0	C	T	202	0	312	0	249	0	176	2
22	32626991.1	C	G	202	0	312	0	249	0	176	93
1	151337747.0	C	A	212	0	130	60	227	0	154	0
1	151337747.1	C	T	212	0	130	1	227	0	154	0
1	151337747.2	C	G	212	0	130	1	227	0	154	0
19	51192527.0	G	A	109	60	181	0	196	0	141	0
19	51192527.1	G	C	109	1	181	0	196	0	141	0
X	114347796.0	G	T	270	1	205	0	213	0	297	0
X	114347796.1	G	A	270	0	205	3	213	0	297	0
X	114347796.2	G	C	270	0	205	1	213	1	297	147
4	147561866.0	C	G	37	0	23	0	63	0	36	17
17	56620302.0	G	A	207	1	434	0	521	1	434	0
17	56620302.1	G	T	207	1	434	113	521	2	434	1
17	56620302.2	G	C	207	0	434	0	521	1	434	0
11	48347075.0	G	T	209	0	425	0	430	1	354	85
2	179650837.0	G	T	90	0	121	0	128	0	138	63
19	47575675.0	T	A	71	0	62	0	103	0	49	21
X	114880454.0	G	T	309	129	190	0	156	1	350	0
X	114880454.1	G	C	309	2	190	0	156	0	350	0
X	100808236.0	C	A	143	142	133	0	210	0	221	0
X	100808236.1	C	T	143	0	133	0	210	1	221	0
1	99772443.0	C	A	69	36	82	0	117	0	102	0
1	99772443.1	C	T	69	0	82	0	117	1	102	0
7	34917778.0	C	A	189	0	178	0	230	1	168	0
7	34917778.1	C	G	189	0	178	0	230	0	168	83
X	153072248.0	C	A	332	0	121	67	259	36	262	0
X	153072248.1	C	T	332	0	121	0	259	1	262	0
19	19338484.0	C	T	47	34	36	0	75	0	40	0
19	19338484.1	C	G	47	0	36	0	75	0	40	1
2	66691314.0	G	T	246	1	363	0	280	1	231	0
2	66691314.1	G	A	246	0	363	0	280	0	231	104
9	140139916.0	C	T	136	73	153	0	226	1	215	0
5	10461419.0	G	A	201	0	253	0	276	0	143	62
19	498755.0	G	C	5	6	2	8	1	15	3	2
11	92533559.0	G	A	129	1	341	0	259	0	207	0
11	92533559.1	G	T	129	1	341	1	259	0	207	117
X	71362172.0	T	G	352	1	191	2	268	2	472	0
X	71362172.1	T	A	352	0	191	1	268	3	472	0
X	71362172.2	T	C	352	0	191	121	268	67	472	0
8	39537642.0	T	G	83	0	236	0	187	1	190	0
8	39537642.1	T	A	83	0	236	0	187	0	190	1
8	39537642.2	T	C	83	0	236	0	187	0	190	91
X	108912300.0	G	T	574	1	372	0	474	0	508	192
X	108912300.1	G	C	574	1	372	0	474	0	508	1
X	108912300.2	G	A	574	0	372	1	474	0	508	0
5	140712187.0	G	T	13	0	1	11	16	4	21	0
18	43534968.0	T	A	320	2	509	0	429	1	368	0
18	43534968.1	T	G	320	1	509	0	429	0	368	164
18	43534968.2	T	C	320	0	509	0	429	0	368	1
X	36322018.0	G	A	150	102	130	0	171	0	463	0
X	36322018.1	G	C	150	2	130	0	171	1	463	0
X	36322018.2	G	T	150	0	130	0	171	1	463	0
19	9362456.0	T	G	107	0	74	0	51	18	102	0
19	9362456.1	T	C	107	0	74	0	51	1	102	0
11	118461177.0	C	A	138	0	389	1	281	0	156	0
11	118461177.1	C	T	138	0	389	1	281	0	156	92
8	114031304.0	G	A	230	2	256	1	305	1	657	0
8	114031304.1	G	T	230	0	256	179	305	126	657	2
8	114031304.2	G	C	230	0	256	2	305	1	657	0
16	70867926.0	G	A	45	0	34	32	77	22	44	0
19	507687.0	G	A	43	0	28	0	94	0	21	25
1	29139066.0	G	T	17	0	23	6	24	13	21	0
13	86370084.0	T	A	25	2	169	0	122	1	117	0
13	86370084.1	T	C	25	68	169	0	122	0	117	0
15	91026815.0	C	A	202	1	184	0	194	1	282	0
15	91026815.1	C	G	202	1	184	1	194	0	282	0
15	91026815.2	C	T	202	0	184	294	194	128	282	0
6	112375558.0	G	C	293	1	291	0	414	0	364	0
6	112375558.1	G	A	293	0	291	165	414	136	364	0
6	112375558.2	G	T	293	0	291	1	414	1	364	0
8	26614284.0	T	C	218	0	284	0	344	0	329	116
7	140179007.0	G	A	5	0	2	23	17	20	17	0
7	140179007.1	G	C	5	0	2	1	17	0	17	0
X	135427271.0	C	A	95	94	72	1	95	0	175	0
19	55241136.0	C	G	367	0	383	0	633	1	301	0
19	55241136.1	C	A	367	0	383	0	633	0	301	134
X	27766365.0	C	T	193	1	110	1	155	0	196	62
X	27766365.1	C	G	193	1	110	0	155	0	196	0
X	27766365.2	C	A	193	0	110	0	155	0	196	2
3	10452336.0	C	A	68	1	95	0	169	0	62	50
3	10452336.1	C	G	68	0	95	0	169	1	62	1
2	207622060.0	C	A	290	1	426	1	301	0	310	161
2	207622060.1	C	T	290	3	426	0	301	1	310	2
2	207622060.2	C	G	290	2	426	0	301	0	310	1
8	18079915.0	T	A	94	13	160	0	186	0	229	0
3	44612472.0	C	A	40	1	18	0	33	0	85	0
3	44612472.1	C	T	40	0	18	24	33	22	85	0
2	143798180.0	G	T	91	93	138	0	103	0	198	0
2	143798180.1	G	C	91	1	138	0	103	0	198	0
3	186571981.0	G	T	59	39	105	0	87	0	254	0
3	186571981.1	G	A	59	0	105	1	87	0	254	1
12	94975977.0	T	C	63	44	107	0	131	0	89	0
X	27998446.0	C	A	356	0	179	0	296	0	369	108
11	289973.0	A	C	29	0	13	0	31	0	31	20
7	107314733.0	T	A	170	1	223	0	275	0	375	1
7	107314733.1	T	G	170	3	223	1	275	0	375	0
7	107314733.2	T	C	170	1	223	83	275	58	375	0
16	67241572.0	A	T	30	0	28	18	59	24	28	0
X	114414212.0	C	A	269	1	178	0	162	0	238	0
X	114414212.1	C	T	269	1	178	0	162	0	238	115
7	112412977.0	T	A	80	0	163	2	134	2	225	157
11	56431549.0	C	T	145	1	218	106	254	77	347	0
5	63665497.0	C	A	105	150	146	0	165	0	249	0
5	63665497.1	C	T	105	1	146	0	165	1	249	1
5	63665497.2	C	G	105	3	146	0	165	1	249	0
3	145804615.0	T	A	426	2	463	1	602	1	517	1
3	145804615.1	T	C	426	0	463	0	602	0	517	731
1	166135483.0	C	G	25	0	6	1	28	12	25	0
13	70370969.0	G	A	191	3	327	0	297	2	109	0
13	70370969.1	G	T	191	2	327	1	297	2	109	103
13	70370969.2	G	C	191	3	327	0	297	1	109	1
6	168352697.0	G	T	57	25	93	0	104	0	101	0
X	135430471.0	A	T	162	3	54	30	65	16	223	0
X	135430471.1	A	G	162	2	54	0	65	0	223	1
X	135430471.2	A	C	162	0	54	0	65	2	223	0
13	23913078.0	A	T	189	2	255	0	241	0	157	173
13	23913078.1	A	G	189	1	255	0	241	0	157	0
13	23913078.2	A	C	189	1	255	0	241	0	157	0
4	22749068.0	G	A	108	1	189	1	177	0	171	30
4	22749068.1	G	T	108	1	189	1	177	1	171	1
4	22749068.2	G	C	108	1	189	1	177	0	171	0
11	123847597.0	G	T	54	1	82	0	127	0	125	0
11	123847597.1	G	C	54	0	82	36	127	35	125	0
X	3007616.0	G	A	280	2	129	4	208	0	325	4
X	3007616.1	G	T	280	1	129	0	208	1	325	3
X	3007616.2	G	C	280	0	129	0	208	1	325	122
X	66931449.0	C	A	151	0	77	1	129	1	180	0
X	66931449.1	C	G	151	0	77	52	129	35	180	0
X	106229293.0	C	A	231	1	95	82	163	42	353	0
X	106229293.1	C	T	231	2	95	0	163	2	353	0
X	106229293.2	C	G	231	3	95	1	163	0	353	0
7	100646808.0	C	A	164	0	162	1	238	0	191	0
7	100646808.1	C	T	164	0	162	46	238	18	191	0
X	70777092.0	G	A	171	2	159	0	160	0	234	0
X	70777092.1	G	C	171	0	159	0	160	1	234	0
X	70777092.2	G	T	171	0	159	0	160	0	234	79
17	34416624.0	G	A	402	0	376	2	647	0	517	1
17	34416624.1	G	T	402	0	376	0	647	1	517	238
17	34416624.2	G	C	402	0	376	0	647	0	517	1
1	150476852.0	G	T	197	2	155	0	169	0	85	40
4	142153771.0	G	A	129	2	204	0	171	0	128	0
4	142153771.1	G	T	129	2	204	0	171	0	128	103
4	142153771.2	G	C	129	2	204	0	171	0	128	0
11	9225258.0	G	A	61	0	14	56	49	34	78	0
2	220194467.0	G	C	53	42	205	0	204	0	148	0
2	220194467.1	G	A	53	0	205	0	204	1	148	0
5	180582598.0	A	T	157	0	28	135	132	77	147	0
5	180582598.1	A	C	157	0	28	0	132	1	147	0
X	21755754.0	C	A	355	2	194	1	284	0	481	196
X	21755754.1	C	T	355	5	194	0	284	2	481	0
X	21755754.2	C	G	355	1	194	0	284	0	481	1
3	169485444.0	C	A	182	4	260	3	199	0	602	1
3	169485444.1	C	T	182	64	260	0	199	0	602	2
3	169485444.2	C	G	182	1	260	0	199	0	602	0
12	70983970.0	C	A	88	3	154	0	130	1	129	0
12	70983970.1	C	T	88	68	154	0	130	0	129	0
12	70983970.2	C	G	88	1	154	1	130	0	129	0
15	79083534.0	C	A	131	0	102	2	200	0	84	0
15	79083534.1	C	T	131	0	102	85	200	39	84	0
6	49754543.0	C	A	238	1	370	0	306	0	185	0
6	49754543.1	C	T	238	0	370	0	306	0	185	1
6	49754543.2	C	G	238	0	370	0	306	0	185	97
4	3255057.0	G	T	38	1	47	0	92	0	37	0
4	3255057.1	G	C	38	21	47	0	92	0	37	0
12	7025669.0	A	C	271	157	446	0	611	0	614	0
12	7025669.1	A	T	271	0	446	1	611	0	614	0
3	195509305.0	G	A	97	22	186	15	223	37	286	78
3	195509305.1	G	T	97	0	186	1	223	2	286	0
2	179597035.0	A	T	243	1	289	2	285	0	235	123
2	179597035.1	A	G	243	0	289	2	285	0	235	0
2	239005507.0	C	A	122	0	132	0	193	0	96	3
2	239005507.1	C	T	122	0	132	0	193	0	96	43
9	71152367.0	C	T	183	0	313	0	364	0	287	118
4	126242079.0	A	G	53	0	6	37	41	34	65	0
15	81578146.0	T	C	276	1	360	0	380	1	108	85
15	81578146.1	T	G	276	0	360	0	380	0	108	1
16	48587509.0	T	A	83	2	262	0	209	0	238	0
16	48587509.1	T	C	83	110	262	0	209	0	238	0
16	48587509.2	T	G	83	0	262	1	209	0	238	0
1	247654687.0	G	A	111	1	90	0	133	0	82	0
1	247654687.1	G	T	111	0	90	0	133	0	82	27
X	107846216.0	T	A	86	0	64	33	55	20	185	0
9	120474750.0	A	G	84	40	68	0	65	0	140	0
9	120474750.1	A	C	84	2	68	0	65	0	140	0
9	120474750.2	A	T	84	0	68	0	65	1	140	0
3	15721064.0	T	C	107	2	36	141	121	110	233	0
3	15721064.1	T	A	107	0	36	0	121	1	233	0
3	15721064.2	T	G	107	0	36	0	121	1	233	0
X	91134125.0	C	A	371	1	404	2	486	0	465	189
X	91134125.1	C	T	371	1	404	0	486	0	465	0
X	91134125.2	C	G	371	0	404	0	486	0	465	1
10	106121889.0	G	A	209	3	68	1	183	1	374	0
10	106121889.1	G	T	209	1	68	277	183	140	374	1
8	63659609.0	C	A	193	0	158	0	198	0	198	86
7	43508602.0	C	A	155	0	147	0	194	0	145	80
X	129536290.0	G	T	210	2	115	0	178	0	161	109
14	35522511.0	G	A	131	0	194	141	223	89	284	0
14	35522511.1	G	T	131	0	194	2	223	0	284	2
1	67147887.0	G	C	68	0	79	0	101	0	58	29
5	32268864.0	T	A	672	6	542	0	535	2	495	0
5	32268864.1	T	G	672	4	542	0	535	0	495	0
5	32268864.2	T	C	672	208	542	0	535	0	495	0
20	52774016.0	G	T	198	1	275	1	232	0	104	92
20	52774016.1	G	A	198	0	275	1	232	0	104	0
19	2425414.0	C	G	17	0	3	8	13	8	11	0
20	37535665.0	G	A	169	1	330	0	243	0	167	0
20	37535665.1	G	T	169	107	330	0	243	0	167	0
X	47315768.0	C	A	211	2	150	0	245	0	321	0
X	47315768.1	C	T	211	77	150	0	245	0	321	0
X	47315768.2	C	G	211	0	150	0	245	1	321	0
3	93611790.0	C	A	234	100	552	0	413	0	434	0
3	93611790.1	C	T	234	0	552	0	413	1	434	0
3	121263599.0	C	A	178	2	264	2	299	0	175	0
3	121263599.1	C	T	178	2	264	0	299	1	175	103
3	121263599.2	C	G	178	2	264	0	299	0	175	0
6	66204642.0	G	T	55	28	170	1	122	0	152	0
10	60996243.0	G	T	76	1	103	0	105	0	77	85
10	60996243.1	G	A	76	0	103	1	105	0	77	0
X	69510344.0	G	T	182	102	224	0	315	0	366	0
X	137715088.0	C	A	301	2	125	109	286	60	507	0
X	137715088.1	C	T	301	3	125	0	286	0	507	0
X	137715088.2	C	G	301	1	125	1	286	0	507	0
1	34164496.0	T	G	139	0	206	0	255	0	162	1
1	34164496.1	T	C	139	0	206	0	255	0	162	76
11	102589182.0	G	A	172	1	513	2	352	0	296	0
11	102589182.1	G	T	172	0	513	0	352	2	296	151
1	11008811.0	G	A	53	0	56	0	81	0	36	15
7	150325268.0	G	T	39	0	92	2	100	0	56	17
6	66005912.0	G	T	146	61	215	0	151	1	234	0
6	66005912.1	G	A	146	0	215	1	151	1	234	0
6	66005912.2	G	C	146	0	215	1	151	1	234	0
14	77984412.0	G	C	188	0	222	0	188	58	201	0
12	117187970.0	G	T	7	9	13	0	20	0	11	0
8	145639440.0	G	T	53	41	63	0	97	0	62	0
2	170012885.0	C	A	204	4	207	166	199	87	396	0
2	170012885.1	C	T	204	2	207	1	199	4	396	0
2	170012885.2	C	G	204	1	207	3	199	0	396	0
13	26970465.0	A	T	157	1	39	208	153	89	352	0
13	26970465.1	A	G	157	2	39	0	153	0	352	0
X	134481209.0	T	A	154	153	178	0	172	0	309	0
X	134481209.1	T	C	154	0	178	1	172	0	309	0
15	33925207.0	G	A	298	1	250	0	282	2	257	0
15	33925207.1	G	T	298	1	250	1	282	0	257	1
15	33925207.2	G	C	298	1	250	0	282	64	257	0
X	100356111.0	C	A	194	1	91	0	101	0	119	0
X	100356111.1	C	T	194	0	91	0	101	1	119	40
8	77776219.0	G	A	82	1	119	1	104	0	181	0
8	77776219.1	G	T	82	43	119	0	104	0	181	0
9	123421781.0	T	A	151	0	17	167	86	68	184	0
9	123421781.1	T	C	151	0	17	0	86	1	184	0
X	53280305.0	C	A	62	1	5	28	34	11	59	0
11	3752743.0	T	A	189	1	200	0	332	0	382	0
11	3752743.1	T	G	189	12	200	5	332	210	382	26
11	3752743.2	T	C	189	0	200	1	332	1	382	0
19	53957950.0	A	G	125	4	164	1	188	0	123	0
19	53957950.1	A	C	125	1	164	0	188	0	123	0
19	53957950.2	A	T	125	0	164	0	188	0	123	79
1	177250425.0	G	A	94	1	74	0	112	0	125	0
1	177250425.1	G	C	94	1	74	0	112	0	125	0
1	177250425.2	G	T	94	0	74	35	112	37	125	1
