Chr	Posi	Wild	Mut	Met1T:ref	Met1T:alt	Met2T:ref	Met2T:alt	PrimT:ref	PrimT:alt
2	198355003.0	T	A	92	86	91	88	72	95
2	198355003.1	T	C	92	1	91	0	72	1
2	198355003.2	T	G	92	0	91	1	72	1
4	68358596.0	C	T	347	2	266	6	97	8
4	68358596.1	C	A	347	0	266	1	97	1
19	1116922.0	C	A	10	17	15	32	22	73
10	3827187.0	C	T	84	72	99	75	130	116
10	3827187.1	C	A	84	0	99	1	130	1
12	88487643.0	C	A	204	3	197	0	110	2
12	88487643.1	C	T	204	122	197	118	110	72
12	88487643.2	C	G	204	0	197	0	110	1
6	108882938.0	A	G	28	5	29	0	73	6
X	49087688.0	G	A	202	175	242	182	423	294
X	49087688.1	G	C	202	1	242	1	423	1
X	49087688.2	G	T	202	0	242	2	423	1
X	67333062.0	T	A	254	122	237	135	241	191
X	67333062.1	T	G	254	0	237	0	241	2
6	25285097.0	A	T	442	1	331	0	470	7
6	25285097.1	A	G	442	297	331	231	470	300
6	25285097.2	A	C	442	1	331	0	470	5
2	85097480.0	T	C	55	34	57	56	103	63
2	85097480.1	T	G	55	0	57	0	103	1
9	104432521.0	C	A	55	1	78	0	86	0
9	104432521.1	C	T	55	17	78	15	86	16
1	37270785.0	C	T	18	19	21	24	33	32
19	12829964.0	G	A	65	105	115	169	201	342
19	12829964.1	G	T	65	0	115	0	201	1
19	12829964.2	G	C	65	0	115	0	201	2
2	88409874.0	C	T	78	58	97	67	183	143
2	88409874.1	C	G	78	0	97	1	183	1
2	88409874.2	C	A	78	0	97	0	183	1
X	101138892.0	G	T	148	81	177	49	153	64
X	101138892.1	G	A	148	0	177	0	153	1
8	95182719.0	C	T	131	2	120	24	94	27
8	95182719.1	C	A	131	0	120	0	94	1
6	43417691.0	C	A	81	2	111	0	134	0
6	43417691.1	C	T	81	19	111	73	134	107
1	179544741.0	C	G	2	16	4	11	7	16
2	130952038.0	G	A	22	10	35	18	70	21
2	130952038.1	G	T	22	0	35	0	70	1
X	151815486.0	G	A	295	1	313	31	420	70
X	151815486.1	G	T	295	1	313	2	420	4
