PrimT:ref	PrimT:alt	Met1T:ref	Met1T:alt	Met2T:ref	Met2T:alt	Met3T:ref	Met3T:alt	Met4T:ref	Met4T:alt	Met5T:ref	Met5T:alt	Met6T:ref	Met6T:alt
18	4	12	0	18	8	17	6	35	5	36	13	33	4
498	0	516	0	445	100	377	32	414	0	394	0	587	42
135	0	88	16	82	13	65	0	117	12	193	26	91	5
164	0	144	0	102	36	97	12	114	0	140	0	148	12
85	0	130	0	111	21	120	17	113	19	255	0	134	12
62	58	75	25	58	27	72	17	46	11	63	0	79	20
334	0	285	0	392	87	287	30	165	23	325	0	330	26
606	0	214	11	315	58	266	23	373	38	365	58	312	36
2062	225	434	36	451	126	421	66	575	100	565	34	603	77
369	39	386	26	531	121	417	47	417	63	319	22	498	66
339	0	309	65	305	47	365	54	270	44	278	13	364	71
302	0	283	31	299	59	267	0	417	36	585	0	341	20
314	0	376	0	323	101	307	65	275	41	321	0	384	74
115	29	243	30	155	53	210	30	258	21	198	11	298	29
249	0	219	31	340	0	321	0	185	0	269	0	349	0
177	45	286	67	278	162	361	77	161	40	270	31	352	89
853	0	580	0	509	95	585	0	698	0	533	0	686	0
117	0	215	69	163	72	177	50	150	36	180	19	210	36
104	0	141	24	139	29	124	26	159	19	242	0	187	15
126	0	116	16	126	0	159	0	106	0	127	0	170	0
236	0	393	0	358	0	368	43	277	0	242	0	431	0
296	0	275	0	277	0	331	0	416	0	399	56	397	0
106	0	140	20	113	0	150	0	98	0	88	0	169	0
192	0	291	0	219	49	253	27	232	14	241	0	294	18
150	0	245	35	282	0	272	0	230	0	239	0	294	0
278	0	446	0	389	75	386	45	399	0	342	0	427	63
489	0	293	33	250	46	258	30	267	33	279	0	351	29
172	0	273	0	191	34	230	24	252	24	355	0	332	23
193	57	200	20	142	32	115	17	129	10	140	0	199	28
74	0	71	21	53	29	71	16	78	22	88	22	98	19
359	42	290	55	328	49	281	29	176	16	341	18	400	41
294	32	262	44	306	36	255	19	156	12	301	11	327	35
84	0	75	0	84	20	75	5	94	10	190	17	97	0
113	0	284	0	154	33	261	0	267	0	261	0	270	0
391	165	333	134	289	174	418	99	259	85	414	28	517	130
283	98	197	0	241	0	237	0	142	0	207	0	280	0
70	0	65	20	74	35	79	11	93	32	79	0	129	22
15	0	18	6	11	19	15	7	29	7	38	11	27	10
14	8	31	0	40	0	27	0	46	0	62	0	32	0
295	0	222	28	310	0	271	0	192	0	205	0	361	0
108	0	188	0	126	17	139	0	154	0	125	0	197	0
254	0	151	14	163	32	138	9	161	16	167	0	204	6
247	75	215	0	410	0	278	0	155	0	246	0	346	0
132	0	151	23	174	41	121	21	125	15	110	0	224	15
94	0	122	37	139	66	133	31	130	41	137	11	178	43
146	6	253	5	227	9	294	8	181	0	205	7	298	5
383	157	816	306	602	318	824	158	566	161	754	44	950	213
184	0	261	19	283	48	233	27	239	34	257	0	266	26
190	0	271	19	285	50	236	27	248	34	262	0	275	26
283	107	357	122	284	159	409	60	301	62	346	15	485	94
227	0	287	32	262	46	277	24	292	23	229	8	349	40
202	0	141	57	93	48	115	31	123	35	111	11	188	54
420	46	343	15	390	18	297	8	389	10	550	23	354	14
749	0	637	0	700	113	605	0	467	0	507	0	805	0
144	46	231	0	282	0	257	0	260	0	239	0	310	0
200	37	219	67	242	92	205	35	250	64	162	18	281	72
583	525	400	222	435	433	483	167	280	149	477	71	548	231
177	153	223	117	163	207	229	108	146	58	202	19	283	96
835	0	211	36	251	0	241	0	243	0	391	0	299	0
151	0	242	0	176	22	190	0	165	0	171	0	290	0
313	0	250	36	342	0	238	0	272	0	387	0	379	0
60	13	72	16	65	31	58	8	68	16	186	44	93	15
204	0	326	36	355	60	256	34	166	14	250	0	431	44
164	0	290	0	245	61	251	25	294	23	301	0	304	28
288	74	248	0	427	0	185	0	147	0	268	0	305	0
186	0	138	0	88	24	116	0	145	0	224	0	159	0
181	0	154	16	105	42	136	12	151	20	270	0	180	21
232	4	118	5	167	10	126	19	173	4	184	5	182	5
54	0	33	17	37	48	43	15	54	48	90	26	52	20
103	0	131	0	146	24	136	0	224	0	238	0	190	0
265	104	247	88	209	282	254	112	176	110	233	16	337	184
152	47	253	69	271	118	254	78	257	37	323	15	399	70
216	0	59	0	55	10	73	7	77	14	167	0	79	9
71	8	133	0	72	0	113	0	125	0	148	0	166	0
457	0	290	0	439	109	257	0	433	0	556	0	406	0
88	0	78	0	134	23	68	4	100	0	196	0	134	23
91	0	42	21	43	41	56	14	74	15	147	23	90	12
125	75	96	50	149	126	109	14	128	28	119	17	177	44
278	0	281	36	343	73	349	24	325	32	387	0	388	34
261	40	301	55	286	106	324	56	240	50	278	19	360	83
638	299	294	84	412	126	459	76	300	60	314	33	429	115
78	13	108	15	126	13	102	8	172	0	125	27	163	10
227	6	137	0	170	37	151	15	221	22	269	0	187	13
625	117	303	31	460	183	295	60	171	30	312	7	436	83
160	0	126	0	125	0	134	0	152	40	224	0	207	0
96	0	205	0	148	26	173	19	166	17	200	0	202	27
67	0	42	22	43	22	80	6	103	17	172	33	89	8
261	0	176	27	162	56	184	24	205	33	326	0	241	26
277	0	348	32	267	83	307	42	226	28	330	0	362	38
182	87	367	131	132	272	312	110	186	104	279	28	364	178
218	0	222	19	249	46	187	43	130	12	165	0	213	25
166	0	200	0	217	27	183	0	113	0	169	0	267	0
151	28	103	31	104	26	106	37	147	35	227	63	174	39
83	27	148	59	69	69	107	47	138	33	195	23	207	46
158	0	207	8	178	4	230	7	188	8	237	11	231	21
518	0	216	0	262	27	218	14	324	25	496	0	288	12
419	0	194	0	204	56	217	0	219	0	367	0	307	0
303	0	298	87	268	152	303	68	342	99	279	21	409	161
292	0	298	29	337	46	361	37	323	33	509	0	409	34
143	0	111	14	124	24	130	19	68	0	195	8	161	21
324	0	163	31	160	0	229	0	205	19	327	0	261	0
107	0	121	16	100	0	132	0	172	0	222	0	144	0
36	0	127	11	68	11	128	6	163	9	153	6	160	12
58	0	86	15	65	21	88	11	135	8	227	24	119	9
120	0	97	19	86	0	99	0	141	0	178	0	122	0
434	0	480	41	545	115	385	45	539	62	814	0	681	38
556	0	120	51	108	43	147	22	169	41	273	51	182	37
272	0	301	0	314	6	207	25	187	0	187	0	301	0
488	0	251	0	288	48	229	14	170	18	235	0	281	35
220	37	279	46	240	60	209	29	180	35	221	13	228	71
252	0	200	33	175	74	187	38	175	50	257	53	202	50
262	0	38	11	43	29	50	12	72	22	78	12	68	13
160	33	221	0	255	0	209	5	345	4	309	4	349	0
106	0	110	0	115	22	134	0	146	0	125	0	186	0
181	0	127	30	175	0	203	0	251	0	313	0	218	0
133	49	249	79	125	110	246	61	206	52	227	31	328	82
158	0	115	10	123	23	105	14	130	10	178	0	122	8
107	0	106	14	112	60	125	16	144	33	179	20	151	24
16	0	10	8	19	7	25	0	23	0	71	0	35	4
55	0	46	24	21	36	66	11	27	10	58	4	69	22
396	0	330	63	348	0	319	0	263	0	343	0	475	0
71	0	96	11	110	33	117	21	122	18	172	10	136	15
355	0	346	26	320	58	360	28	321	38	404	0	398	26
171	0	101	0	123	30	115	0	168	0	248	0	152	0
164	0	235	34	205	0	263	0	298	0	292	0	312	0
212	0	195	11	152	45	219	24	284	25	424	45	282	25
696	0	258	32	228	58	261	30	267	37	215	0	301	32
449	392	330	135	343	200	361	119	425	171	374	61	424	149
24	8	10	11	4	4	9	7	25	6	43	13	20	0
114	0	116	18	120	0	91	0	171	0	195	0	151	0
225	0	112	21	148	54	156	17	218	29	254	27	205	14
289	0	235	30	267	85	305	27	189	23	333	0	377	45
248	0	111	24	109	0	134	0	205	0	262	0	192	0
300	0	137	13	181	32	154	11	233	26	396	0	234	40
346	5	272	0	388	55	229	10	399	0	239	0	335	17
300	0	247	25	379	50	273	33	261	31	360	0	373	18
844	0	572	54	476	121	462	37	507	46	400	31	559	42
232	0	109	18	119	26	105	12	165	10	261	0	157	19
162	37	86	14	61	38	116	17	132	13	254	48	145	9
67	124	72	59	50	76	103	25	140	39	206	143	167	46
150	0	122	26	117	37	134	26	188	42	260	57	217	21
238	0	319	0	378	46	267	0	408	0	277	0	363	0
413	0	323	115	190	326	274	108	255	153	239	31	353	168
71	0	90	17	89	33	86	17	73	14	64	6	136	15
559	0	198	0	224	30	163	24	202	14	147	0	231	17
655	0	299	22	463	81	307	25	401	34	330	0	447	29
598	0	260	88	260	177	264	72	233	72	228	0	313	125
378	45	451	18	514	39	434	18	589	12	468	13	473	26
250	0	174	12	175	28	154	10	280	19	283	0	176	13
50	0	79	0	47	11	63	0	57	8	52	0	83	9
130	0	105	0	101	17	85	8	135	14	175	0	112	12
466	52	618	26	694	41	526	34	368	28	672	25	727	30
110	0	132	10	153	45	122	13	140	17	259	0	169	13
170	0	433	0	262	57	283	25	450	0	346	0	400	26
31	42	10	2	1	7	13	6	13	8	19	15	9	0
166	46	156	26	194	38	187	33	161	18	194	17	234	34
259	77	245	26	270	14	229	18	211	14	184	12	339	21
168	0	135	19	243	23	189	0	283	22	196	23	230	12
206	0	89	0	129	17	125	0	190	0	303	0	145	0
339	0	422	64	440	153	395	39	338	84	335	29	470	79
181	33	91	28	116	33	93	15	156	30	227	19	123	29
751	0	406	81	497	89	376	43	418	47	731	0	507	43
120	0	126	0	117	43	114	27	169	29	219	26	134	17
216	0	200	0	184	31	171	16	223	19	392	34	229	20
396	0	319	0	389	64	276	27	352	47	369	0	340	41
183	46	244	0	270	0	299	0	316	0	348	0	355	0
50	0	51	0	40	0	70	0	79	0	102	20	73	0
108	0	68	0	53	0	62	0	90	0	106	16	86	0
203	0	144	17	159	28	168	26	82	7	139	7	198	16
291	36	284	48	213	96	258	37	266	54	247	16	301	48
362	0	425	38	435	109	438	39	237	18	380	0	599	25
297	0	374	0	353	48	342	0	264	0	288	0	435	0
417	17	202	28	143	52	184	22	167	37	195	11	221	16
224	0	231	17	286	47	184	13	245	24	353	0	296	26
141	60	242	33	195	58	218	39	237	58	219	28	257	46
124	0	146	23	128	16	144	14	165	8	249	0	167	12
476	0	560	29	487	93	505	41	588	44	501	0	606	40
137	141	250	114	270	235	281	132	171	83	202	26	289	117
148	28	340	37	355	111	296	48	349	55	343	10	385	37
