Chr	Posi	Wild	Mut	PrimT:ref	PrimT:alt	Met1T:ref	Met1T:alt	Met2T:ref	Met2T:alt	Met3T:ref	Met3T:alt	Met4T:ref	Met4T:alt	Met6T:ref	Met6T:alt
1	15772138	G	T	212	0	210	0	116	0	160	0	137	20	201	0
1	33998700	C	T	95	0	74	26	56	0	51	18	98	18	67	24
1	201334426	G	A	200	40	124	67	110	77	120	20	119	35	107	78
1	203144743	C	T	192	56	126	78	107	60	105	59	118	42	147	76
1	248343636	G	A	299	66	374	156	199	130	210	50	338	112	195	100
1	248366734	G	A	328	89	400	181	207	162	191	99	291	119	221	128
2	3392331	G	T	62	12	59	0	41	33	57	0	59	0	69	0
2	54894740	G	C	815	0	1009	0	636	0	616	138	717	0	650	0
2	98375454	C	T	448	0	506	0	447	0	405	0	364	45	439	0
2	190925074	G	A	258	53	299	124	164	98	199	111	281	105	185	94
2	211525270	T	G	650	0	585	270	400	0	307	151	449	175	286	197
2	234231614	C	A	675	0	797	0	638	0	557	121	597	0	632	0
3	52524847	C	T	329	0	246	0	62	135	227	0	200	0	250	0
4	47602277	C	T	360	0	469	0	172	0	233	0	329	55	188	77
4	57797087	C	T	98	23	60	63	38	0	58	31	72	28	48	51
4	126239463	C	T	225	31	213	56	54	70	149	25	186	29	119	51
4	141446662	G	T	911	0	1018	0	161	313	664	0	876	0	564	4
4	177041202	A	C	261	0	372	47	101	0	150	0	257	0	180	0
5	176516655	C	T	479	118	408	0	290	0	377	0	356	0	473	0
6	39864718	C	T	118	0	85	25	91	0	88	10	77	20	81	26
6	137814642	C	A	38	0	59	0	24	21	40	0	33	0	43	0
7	37889900	A	T	513	105	518	260	265	174	334	149	474	186	292	183
7	45222943	G	A	129	25	93	50	84	57	101	35	80	28	92	48
7	124482862	G	A	263	0	418	0	173	0	193	25	319	39	184	29
7	128317694	G	A	204	0	232	0	183	0	143	29	146	0	208	0
8	7217825	A	C	476	4	615	0	274	5	335	0	471	0	266	33
8	22138685	C	A	317	0	350	0	185	0	224	0	274	69	188	0
8	68972947	G	A	646	124	729	297	392	242	393	147	548	181	371	242
8	72984018	A	C	472	0	727	0	335	0	318	0	517	0	377	50
8	105503708	G	A	93	14	118	57	62	43	61	21	91	27	55	34
8	113314101	C	A	521	0	730	0	315	184	339	0	610	0	413	0
9	33797861	A	G	282	57	304	120	340	68	215	83	212	79	201	76
9	73167951	A	C	202	0	201	0	89	0	150	0	219	0	108	30
9	117846691	C	T	444	0	536	0	213	0	344	66	458	0	376	0
10	50944105	C	T	184	48	170	62	123	71	102	54	128	42	113	101
10	92675554	G	T	222	0	279	0	185	0	142	36	196	0	162	0
11	55762059	A	G	85	24	100	14	47	29	50	8	110	9	47	10
11	57182560	C	A	161	0	155	0	172	0	138	0	127	0	118	19
11	64418075	G	A	323	90	237	58	165	109	191	57	158	18	166	65
11	103062927	T	G	407	0	490	0	277	0	249	49	414	0	251	0
12	25398284	C	A	497	199	500	1610	196	534	250	557	401	569	213	738
12	54764484	G	C	304	0	218	49	326	0	207	32	186	14	219	48
12	56119914	G	C	301	0	318	0	370	0	328	0	269	0	248	52
12	79693194	C	A	382	0	614	0	390	0	328	49	443	0	333	0
13	77750711	A	C	492	0	580	190	307	0	308	143	454	124	262	139
14	24836270	A	C	505	37	382	30	339	15	329	8	335	7	338	11
14	33165209	G	T	432	80	509	234	232	182	284	143	429	161	256	202
15	42684899	C	G	365	0	348	64	335	0	284	44	257	48	274	53
15	65113633	G	A	120	27	69	47	57	47	66	26	55	22	70	50
15	66844192	T	C	287	0	446	0	259	0	296	0	265	47	250	54
15	75044571	C	A	358	91	365	0	242	134	328	0	311	0	320	0
15	84690336	G	T	249	0	327	0	119	62	192	0	242	0	227	0
16	20387439	A	T	408	0	473	0	182	0	228	0	380	0	249	47
16	24043461	C	A	273	92	181	98	72	117	184	78	221	77	137	116
16	24202459	G	T	373	0	426	92	214	0	276	57	377	49	260	75
16	49412439	A	G	324	0	287	0	116	0	203	0	218	0	200	23
16	87380785	C	T	327	73	129	94	90	132	154	84	180	62	144	125
17	7577581	A	C	205	74	90	67	67	136	91	81	110	73	67	116
17	42332629	G	T	290	58	375	0	282	0	338	0	254	0	421	0
17	46053334	A	G	277	42	174	65	247	29	184	48	153	53	160	57
19	15484768	C	T	112	0	107	25	98	0	113	26	95	17	105	29
19	19420928	C	T	299	0	268	34	211	0	257	0	219	0	279	0
X	29973828	G	A	65	37	124	0	78	0	60	0	98	0	84	0
X	119504597	T	C	191	0	294	0	145	0	130	0	198	0	150	20
