Chr	Posi	Wild	Mut	PrimT:ref	PrimT:alt	Met1T:ref	Met1T:alt	Met2T:ref	Met2T:alt	Met3T:ref	Met3T:alt	Met4T:ref	Met4T:alt
1	11579820	G	T	134	106	104	45	344	82	141	55	183	56
1	52798574	C	A	142	54	147	49	44	30	190	7	110	37
1	74670690	C	T	87	0	103	0	65	13	124	0	77	0
1	108313336	A	G	134	92	248	56	55	20	62	50	120	36
1	149871943	C	G	71	32	54	17	115	91	115	20	80	33
1	159023409	A	T	149	44	223	53	109	67	418	51	159	55
1	201180270	G	C	293	32	292	24	169	12	488	62	219	26
2	113977707	T	G	157	23	140	42	91	24	282	59	78	8
2	127864505	G	A	230	73	157	20	567	313	228	37	287	80
2	177036949	C	T	127	0	74	0	186	39	109	0	155	0
3	52265465	C	A	304	59	163	26	281	72	304	53	255	42
3	53212542	C	T	134	30	87	0	165	0	124	21	124	0
4	26673806	A	T	132	0	219	0	37	6	127	0	140	0
4	88537270	C	T	120	11	58	0	88	10	128	19	176	19
4	113533708	G	C	175	131	320	116	59	61	183	69	155	67
5	125960303	A	T	109	22	82	40	39	12	67	7	72	14
8	14412293	A	C	305	0	298	0	66	21	265	0	248	0
8	68396050	C	T	188	36	242	73	181	53	349	62	157	32
8	102213947	A	T	220	23	271	20	135	10	383	32	155	30
8	110439374	A	G	78	21	132	0	112	0	125	21	118	0
8	144995348	G	T	292	40	176	21	484	57	199	26	353	50
9	6980929	C	T	107	61	167	38	62	57	183	81	86	38
10	26436380	T	G	287	0	290	31	96	0	246	0	226	0
11	74875079	C	T	133	30	61	10	170	30	136	22	87	21
11	134095163	G	A	215	60	153	26	181	102	235	46	180	30
15	49620830	A	T	186	52	246	26	85	25	312	49	145	0
15	69737300	G	A	102	29	82	32	52	41	163	56	71	27
17	48696080	T	G	113	73	87	30	140	118	177	53	125	38
18	3879165	C	A	95	5	53	0	127	6	114	0	92	11
18	19997269	G	A	206	31	208	0	98	0	215	29	183	0
19	52003582	C	T	24	10	14	16	24	8	30	14	32	4
20	41400102	C	G	167	30	165	13	116	26	196	23	110	10
21	45223644	C	T	191	73	84	19	232	101	142	69	175	72
22	38051463	A	C	27	0	17	0	96	4	23	0	41	5
22	45938087	C	T	294	0	200	0	405	0	251	29	336	0
X	99887560	A	G	124	0	140	33	50	0	127	0	73	0
X	122761618	G	A	267	0	190	58	81	0	263	0	203	0
