Chr	Posi	Wild	Mut	Met1T:ref	Met1T:alt	Met2T:ref	Met2T:alt	Met3T:ref	Met3T:alt	PrimT:ref	PrimT:alt
2	159519467.0	T	G	207	10	168	12	99	13	217	7
2	159519467.1	T	C	207	0	168	0	99	1	217	0
19	19153535.0	C	T	87	0	67	8	25	1	72	2
10	5042825.0	G	A	419	126	276	147	169	51	391	89
10	5042825.1	G	T	419	1	276	0	169	0	391	1
10	5042825.2	G	C	419	0	276	0	169	0	391	1
X	122460011.0	A	G	338	1	248	7	48	27	339	1
X	122460011.1	A	C	338	0	248	0	48	0	339	3
9	138661889.0	C	T	114	0	38	0	63	0	33	5
16	67236881.0	G	A	153	2	71	0	57	7	30	1
9	33798485.0	T	C	130	8	133	4	73	2	149	24
9	33798485.1	T	G	130	0	133	2	73	0	149	0
9	33798485.2	T	A	130	0	133	0	73	0	149	1
17	47039109.0	C	T	150	0	194	29	107	0	86	0
7	6623037.0	G	A	313	0	344	2	112	0	419	3
7	6623037.1	G	T	313	0	344	0	112	44	419	1
15	74219772.0	G	A	41	20	26	30	18	5	10	2
15	74219772.1	G	T	41	0	26	0	18	1	10	0
15	40631044.0	C	A	413	2	484	4	269	2	279	0
15	40631044.1	C	T	413	174	484	276	269	105	279	0
15	40631044.2	C	G	413	0	484	1	269	0	279	1
3	151474905.0	G	A	313	0	316	1	135	0	349	0
3	151474905.1	G	T	313	0	316	51	135	0	349	1
1	152189992.0	G	C	12	13	8	6	11	3	11	0
1	152189992.1	G	A	12	0	8	0	11	2	11	0
8	92998448.0	G	T	233	1	151	0	119	0	251	3
8	92998448.1	G	A	233	0	151	80	119	1	251	0
8	92998448.2	G	C	233	0	151	1	119	0	251	0
7	117243698.0	G	A	334	101	364	160	113	54	304	72
7	117243698.1	G	C	334	0	364	1	113	0	304	0
5	36153032.0	C	G	165	0	175	31	93	0	152	0
3	30715660.0	G	A	324	226	352	431	125	86	351	77
3	30715660.1	G	T	324	3	352	0	125	0	351	1
3	30715660.2	G	C	324	0	352	0	125	0	351	1
8	92983019.0	G	A	335	80	213	0	170	1	135	1
8	92983019.1	G	C	335	1	213	1	170	0	135	0
8	92983019.2	G	T	335	0	213	1	170	0	135	1
1	235318366.0	T	C	490	0	408	98	233	0	644	1
1	235318366.1	T	A	490	0	408	0	233	0	644	1
1	235318366.2	T	G	490	0	408	0	233	0	644	1
2	54886309.0	C	A	321	1	368	0	162	2	358	0
2	54886309.1	C	T	321	78	368	149	162	63	358	68
2	54886309.2	C	G	321	0	368	2	162	1	358	0
X	123554292.0	C	T	147	42	53	0	54	0	132	0
X	123554292.1	C	A	147	0	53	0	54	1	132	0
X	123554292.2	C	G	147	0	53	0	54	0	132	1
9	80336332.0	C	A	303	1	388	0	146	0	321	0
9	80336332.1	C	T	303	38	388	63	146	13	321	27
9	80336332.2	C	G	303	0	388	0	146	1	321	1
20	35422849.0	C	T	31	13	35	0	33	0	49	0
17	63221176.0	G	T	310	0	154	54	210	1	132	1
17	63221176.1	G	C	310	0	154	3	210	1	132	0
7	6193831.0	C	T	54	20	28	0	31	0	34	0
10	8006424.0	C	G	148	1	150	0	82	0	120	0
10	8006424.1	C	A	148	0	150	38	82	0	120	1
10	8006424.2	C	T	148	0	150	0	82	0	120	1
8	16032708.0	C	T	276	93	500	0	178	1	292	2
8	16032708.1	C	A	276	0	500	1	178	0	292	1
8	16032708.2	C	G	276	0	500	0	178	0	292	2
3	195516709.0	C	A	154	1	164	1	101	1	251	4
3	195516709.1	C	T	154	82	164	88	101	36	251	67
3	195516709.2	C	G	154	0	164	2	101	0	251	1
16	67977968.0	G	A	126	0	38	11	38	0	47	0
6	138752568.0	G	A	44	0	59	0	24	5	48	0
6	138752568.1	G	C	44	0	59	0	24	0	48	1
8	92983020.0	A	T	336	1	218	0	174	0	136	0
8	92983020.1	A	G	336	2	218	0	174	0	136	0
8	92983020.2	A	C	336	80	218	0	174	0	136	0
X	106229383.0	C	T	329	97	291	0	115	0	278	0
X	106229383.1	C	A	329	0	291	0	115	0	278	1
2	86459853.0	C	T	126	25	64	30	38	14	72	0
2	86459853.1	C	A	126	0	64	1	38	1	72	0
10	106865183.0	G	A	368	0	279	1	154	48	243	1
10	106865183.1	G	T	368	0	279	1	154	0	243	0
10	106865183.2	G	C	368	0	279	0	154	1	243	0
12	11546618.0	G	A	415	139	422	2	295	0	448	0
12	11546618.1	G	T	415	1	422	1	295	4	448	0
12	11546618.2	G	C	415	3	422	0	295	1	448	0
10	18690946.0	G	T	133	47	142	2	119	0	200	0
10	18690946.1	G	C	133	1	142	0	119	0	200	0
10	18690946.2	G	A	133	0	142	1	119	0	200	0
16	15833984.0	A	T	357	2	290	1	192	0	145	0
16	15833984.1	A	G	357	93	290	0	192	0	145	1
16	15833984.2	A	C	357	3	290	0	192	1	145	0
20	45891082.0	G	A	420	52	497	3	191	2	443	5
20	45891082.1	G	T	420	2	497	0	191	0	443	3
20	45891082.2	G	C	420	1	497	0	191	0	443	0
17	16979055.0	T	G	111	99	119	105	66	62	152	54
17	16979055.1	T	C	111	3	119	0	66	1	152	3
3	62261600.0	A	T	165	108	286	0	82	0	470	1
3	62261600.1	A	G	165	1	286	0	82	0	470	0
19	40433147.0	C	A	172	0	97	0	63	28	131	0
19	40433147.1	C	G	172	0	97	0	63	0	131	1
20	58440477.0	A	T	526	2	708	0	209	0	517	0
20	58440477.1	A	G	526	0	708	2	209	0	517	117
20	58440477.2	A	C	526	0	708	0	209	0	517	3
1	3672071.0	A	G	210	1	195	1	123	0	172	0
1	3672071.1	A	C	210	57	195	0	123	0	172	0
22	50724286.0	G	A	368	66	395	135	224	77	143	22
22	50724286.1	G	C	368	0	395	1	224	0	143	0
4	46125916.0	T	A	269	0	273	1	110	1	222	0
4	46125916.1	T	G	269	0	273	0	110	32	222	0
X	96603199.0	G	T	360	69	266	0	107	0	365	0
X	96603199.1	G	A	360	0	266	0	107	0	365	1
19	5831641.0	G	A	285	97	150	0	132	0	121	0
19	5831641.1	G	T	285	1	150	0	132	0	121	0
19	5831641.2	G	C	285	1	150	0	132	0	121	0
5	16762224.0	T	A	21	9	44	7	9	0	30	16
5	16762224.1	T	C	21	0	44	0	9	0	30	1
1	204937956.0	A	T	112	0	114	0	18	1	168	0
1	204937956.1	A	G	112	0	114	0	18	13	168	0
1	204937956.2	A	C	112	0	114	0	18	1	168	0
8	35583976.0	C	T	189	1	183	5	99	0	177	0
8	35583976.1	C	G	189	0	183	35	99	0	177	0
19	10100150.0	G	A	124	0	97	18	41	0	128	0
5	140308873.0	G	A	83	26	53	49	30	19	80	31
5	140308873.1	G	T	83	1	53	0	30	0	80	0
5	140308873.2	G	C	83	0	53	0	30	0	80	1
X	49846359.0	T	A	485	1	438	0	166	0	396	3
X	49846359.1	T	G	485	2	438	0	166	0	396	1
X	49846359.2	T	C	485	99	438	0	166	0	396	0
3	121037350.0	T	A	394	0	374	0	106	39	361	0
3	121037350.1	T	C	394	0	374	0	106	1	361	1
3	121037350.2	T	G	394	0	374	0	106	0	361	1
17	27071258.0	T	A	338	0	312	1	138	0	90	0
17	27071258.1	T	G	338	0	312	82	138	0	90	0
17	27071258.2	T	C	338	0	312	4	138	0	90	0
17	72959928.0	G	C	235	0	164	0	75	35	129	0
17	5984015.0	C	T	186	0	80	0	71	8	74	0
16	30100320.0	G	T	83	26	80	0	70	0	45	0
17	79781380.0	C	A	41	21	28	0	45	0	29	0
X	99663026.0	G	A	165	0	43	5	47	0	62	0
3	7503404.0	C	G	407	0	450	65	162	0	152	0
3	7503404.1	C	A	407	0	450	0	162	0	152	1
X	63551485.0	T	A	261	69	244	0	81	0	312	0
X	63551485.1	T	G	261	1	244	0	81	0	312	1
X	63551485.2	T	C	261	0	244	1	81	0	312	0
X	142716951.0	A	T	325	49	225	0	100	0	204	1
1	6535579.0	G	A	426	1	260	73	240	1	183	0
1	6535579.1	G	T	426	0	260	2	240	0	183	2
1	6535579.2	G	C	426	0	260	4	240	0	183	0
19	5789493.0	C	T	124	0	64	0	42	6	29	0
11	59415345.0	T	A	310	1	313	0	109	0	315	0
11	59415345.1	T	G	310	91	313	114	109	31	315	87
11	59415345.2	T	C	310	0	313	0	109	0	315	1
1	248616198.0	T	A	505	99	586	1	331	0	522	0
1	248616198.1	T	G	505	3	586	0	331	0	522	0
1	248616198.2	T	C	505	2	586	0	331	1	522	0
18	14791404.0	C	T	343	0	323	81	127	0	462	0
18	14791404.1	C	A	343	0	323	0	127	0	462	1
10	50532563.0	G	A	82	0	50	13	47	1	72	0
10	50532563.1	G	T	82	0	50	1	47	0	72	0
X	54955998.0	C	A	109	1	113	0	39	15	75	0
X	54955998.1	C	T	109	1	113	0	39	0	75	0
2	1204854.0	C	A	355	3	290	51	154	0	341	0
2	1204854.1	C	G	355	1	290	0	154	0	341	0
2	1204854.2	C	T	355	0	290	0	154	0	341	1
8	22880326.0	C	A	127	0	112	0	68	22	113	0
8	22880326.1	C	T	127	0	112	0	68	1	113	0
3	51993402.0	C	T	139	1	138	2	61	19	116	0
3	51993402.1	C	G	139	0	138	1	61	0	116	0
5	178541178.0	G	A	255	1	222	0	102	47	241	0
5	178541178.1	G	T	255	2	222	0	102	0	241	0
11	93800912.0	A	T	96	0	87	38	41	0	76	0
3	38125731.0	G	T	804	1	717	3	367	0	431	0
3	38125731.1	G	C	804	1	717	0	367	85	431	0
13	79175784.0	C	T	79	35	36	29	41	10	63	0
19	7542311.0	C	T	107	0	39	2	39	0	16	5
6	3227733.0	C	A	259	1	123	0	105	0	106	0
6	3227733.1	C	G	259	52	123	0	105	0	106	0
11	67274891.0	T	G	170	1	173	1	132	0	133	0
11	67274891.1	T	C	170	125	173	188	132	94	133	55
11	67274891.2	T	A	170	0	173	0	132	2	133	1
4	120190929.0	T	C	98	20	95	26	32	6	284	14
4	120190929.1	T	A	98	0	95	1	32	0	284	0
4	120190929.2	T	G	98	0	95	0	32	0	284	1
19	18547505.0	G	A	30	11	22	12	11	13	14	0
1	15642878.0	C	T	89	62	68	71	45	44	162	56
1	15642878.1	C	A	89	0	68	0	45	0	162	1
9	94495697.0	G	A	79	0	33	24	20	0	38	1
9	14859383.0	C	T	111	44	126	0	84	0	165	0
10	122660605.0	G	A	240	0	217	59	89	0	338	0
19	48945083.0	C	T	85	0	34	5	39	0	53	1
10	75911054.0	G	A	466	0	413	108	231	0	226	0
10	75911054.1	G	C	466	0	413	0	231	0	226	1
6	101247352.0	G	T	403	170	430	117	187	60	340	0
6	101247352.1	G	C	403	1	430	0	187	0	340	0
6	101247352.2	G	A	403	0	430	0	187	1	340	0
3	49692388.0	C	A	85	31	96	0	96	1	82	0
9	33798504.0	A	G	156	1	165	0	85	1	175	0
9	33798504.1	A	C	156	10	165	5	85	2	175	27
1	159558409.0	A	T	157	1	169	0	68	0	188	1
1	159558409.1	A	G	157	1	169	0	68	0	188	0
1	159558409.2	A	C	157	11	169	9	68	4	188	27
7	148801374.0	T	A	124	0	68	0	28	17	50	0
16	30100319.0	G	T	90	27	77	0	69	0	44	1
6	167709717.0	C	T	94	36	170	0	97	0	144	0
2	39281778.0	T	A	92	50	137	47	47	16	182	66
2	39281778.1	T	C	92	0	137	0	47	0	182	1
8	43014171.0	A	T	743	2	599	317	346	0	506	1
8	43014171.1	A	G	743	0	599	2	346	0	506	1
8	43014171.2	A	C	743	0	599	1	346	0	506	0
14	55529998.0	G	A	64	2	70	0	42	8	74	0
14	55529998.1	G	T	64	1	70	1	42	0	74	0
21	47817228.0	G	T	77	0	44	19	42	0	88	0
13	92345516.0	C	A	503	1	507	0	162	1	383	1
13	92345516.1	C	G	503	0	507	0	162	80	383	0
13	92345516.2	C	T	503	0	507	0	162	0	383	2
3	73432784.0	C	T	126	1	69	0	43	23	107	0
17	48195564.0	G	A	251	93	245	0	155	0	175	2
17	48195564.1	G	C	251	1	245	0	155	0	175	0
17	48195564.2	G	T	251	0	245	0	155	1	175	0
13	109672111.0	C	A	155	0	223	1	66	0	307	0
13	109672111.1	C	T	155	0	223	68	66	30	307	57
1	23637445.0	T	A	218	0	317	0	78	50	272	0
13	102568879.0	G	A	72	29	45	32	47	12	51	9
13	102568879.1	G	T	72	0	45	1	47	0	51	0
4	88766885.0	A	T	47	25	73	0	28	0	162	0
10	88227057.0	A	T	250	6	312	6	112	1	394	6
10	88227057.1	A	C	250	93	312	57	112	51	394	64
10	88227057.2	A	G	250	0	312	0	112	1	394	2
10	88227056.0	G	A	242	1	307	0	111	0	391	2
10	88227056.1	G	T	242	90	307	56	111	51	391	62
10	88227056.2	G	C	242	6	307	7	111	1	391	5
17	36873779.0	C	T	82	19	45	30	64	10	45	9
17	36873779.1	C	G	82	0	45	0	64	1	45	1
17	36873779.2	C	A	82	0	45	0	64	0	45	1
8	27319195.0	A	C	225	71	274	0	209	1	236	0
7	17915191.0	A	G	200	0	246	0	62	12	244	0
7	17915191.1	A	T	200	0	246	0	62	0	244	2
12	117595698.0	C	A	316	0	312	0	139	63	167	0
11	6816525.0	C	T	18	5	6	9	14	2	49	14
11	6816525.1	C	A	18	0	6	0	14	0	49	1
11	6816525.2	C	G	18	0	6	0	14	0	49	1
