Chr	Posi	Wild	Mut	Met1T:ref	Met1T:alt	Met2T:ref	Met2T:alt	Met3T:ref	Met3T:alt	Met4T:ref	Met4T:alt	Met5T:ref	Met5T:alt	PrimT:ref	PrimT:alt
1	5925332.0	C	T	40	12	40	30	67	21	113	30	63	12	54	0
1	52943447.0	A	G	324	1	219	0	194	1	197	0	192	55	214	0
1	52943447.1	A	C	324	1	219	0	194	0	197	0	192	1	214	0
1	52943447.2	A	T	324	0	219	1	194	2	197	0	192	1	214	2
X	41586746.0	G	A	45	23	12	18	35	13	40	0	43	20	35	0
1	47283861.0	T	G	247	99	183	65	196	80	239	4	230	63	203	0
1	47283861.1	T	C	247	0	183	1	196	1	239	0	230	0	203	2
22	31658121.0	G	T	291	1	207	0	198	56	272	0	216	0	136	0
22	31658121.1	G	C	291	0	207	0	198	1	272	0	216	0	136	0
1	111492506.0	T	A	299	98	202	86	189	82	233	50	287	54	262	22
1	111492506.1	T	C	299	1	202	2	189	5	233	2	287	3	262	4
1	111492506.2	T	G	299	0	202	1	189	1	233	0	287	0	262	0
19	4511599.0	C	T	122	1	107	0	113	0	162	2	120	0	72	0
19	4511599.1	C	G	122	1	107	0	113	3	162	1	120	4	72	14
19	4511599.2	C	A	122	0	107	0	113	0	162	1	120	0	72	0
3	119087354.0	G	A	147	29	142	47	110	50	159	16	122	19	131	2
3	119087354.1	G	T	147	0	142	0	110	0	159	0	122	2	131	0
3	119087354.2	G	C	147	0	142	0	110	0	159	0	122	0	131	1
3	43389590.0	T	G	11	1	16	7	17	2	41	1	15	2	14	6
8	120801046.0	C	A	1648	3	1414	0	1125	4	890	1	948	2	549	3
8	120801046.1	C	T	1648	156	1414	171	1125	105	890	5	948	117	549	1
8	120801046.2	C	G	1648	1	1414	4	1125	2	890	1	948	4	549	1
22	31671238.0	T	A	393	91	286	68	291	111	282	73	280	0	196	2
22	31671238.1	T	G	393	2	286	0	291	2	282	2	280	0	196	1
22	31671238.2	T	C	393	2	286	2	291	3	282	2	280	0	196	1
2	198949290.0	A	T	67	41	56	20	56	30	67	10	63	13	77	5
2	198949290.1	A	G	67	1	56	0	56	0	67	0	63	0	77	0
2	198949290.2	A	C	67	0	56	0	56	0	67	1	63	0	77	0
15	23811557.0	C	A	112	38	113	47	103	0	190	3	94	40	103	3
15	23811557.1	C	G	112	1	113	2	103	0	190	0	94	0	103	0
15	23811557.2	C	T	112	0	113	0	103	0	190	0	94	0	103	1
20	400070.0	A	C	70	1	68	0	80	3	98	7	56	10	84	4
6	53010382.0	C	A	293	152	190	138	218	89	237	163	238	93	323	43
6	53010382.1	C	T	293	4	190	4	218	4	237	0	238	3	323	4
6	53010382.2	C	G	293	0	190	0	218	1	237	0	238	0	323	2
10	104118479.0	A	T	128	1	104	0	136	0	87	0	94	0	114	0
10	104118479.1	A	G	128	0	104	1	136	0	87	1	94	32	114	0
10	104118479.2	A	C	128	0	104	1	136	0	87	1	94	0	114	1
8	145668102.0	G	A	120	230	60	207	121	240	149	90	153	180	84	4
8	145668102.1	G	T	120	1	60	0	121	0	149	0	153	0	84	0
8	145668102.2	G	C	120	0	60	1	121	1	149	0	153	2	84	0
1	118566026.0	A	T	226	1	186	1	193	2	206	0	165	0	192	1
1	118566026.1	A	G	226	71	186	87	193	81	206	39	165	26	192	11
1	118566026.2	A	C	226	0	186	0	193	1	206	0	165	0	192	0
19	630135.0	T	A	75	1	68	0	81	0	133	0	73	0	63	0
19	630135.1	T	G	75	0	68	1	81	0	133	0	73	0	63	0
19	630135.2	T	C	75	0	68	2	81	1	133	0	73	0	63	4
6	27420510.0	T	G	347	1	302	0	213	0	278	0	290	0	297	0
6	27420510.1	T	C	347	69	302	67	213	85	278	22	290	39	297	0
6	27420510.2	T	A	347	0	302	0	213	0	278	0	290	0	297	1
6	143999327.0	G	T	54	19	46	14	54	1	96	42	33	4	72	4
6	143999327.1	G	C	54	1	46	0	54	0	96	0	33	0	72	1
6	143999327.2	G	A	54	0	46	0	54	0	96	0	33	0	72	1
12	4554597.0	G	A	66	15	71	15	77	10	109	23	76	10	54	0
12	4554597.1	G	C	66	1	71	0	77	0	109	0	76	0	54	0
15	43621970.0	A	G	41	35	19	43	7	41	46	46	27	13	56	2
15	43621970.1	A	C	41	1	19	0	7	0	46	0	27	1	56	0
15	43621970.2	A	T	41	0	19	1	7	0	46	0	27	0	56	0
11	104877938.0	T	A	168	2	127	0	123	24	122	0	156	0	128	4
11	104877938.1	T	C	168	1	127	0	123	0	122	0	156	0	128	1
1	161179071.0	T	A	124	210	28	186	28	200	206	120	129	125	249	30
1	161179071.1	T	C	124	3	28	0	28	2	206	2	129	1	249	0
1	161179071.2	T	G	124	0	28	1	28	0	206	0	129	1	249	0
4	141294795.0	C	A	185	1	159	0	159	1	287	1	189	0	331	0
4	141294795.1	C	T	185	145	159	121	159	93	287	80	189	73	331	26
4	141294795.2	C	G	185	0	159	1	159	1	287	1	189	1	331	0
9	128692023.0	G	A	239	0	177	0	187	0	188	1	167	0	193	0
9	128692023.1	G	T	239	0	177	0	187	0	188	3	167	1	193	0
9	128692023.2	G	C	239	0	177	0	187	0	188	25	167	0	193	0
15	74315631.0	G	T	28	15	45	27	44	0	70	0	34	21	76	7
15	74315631.1	G	C	28	1	45	0	44	0	70	0	34	1	76	1
15	74315631.2	G	A	28	0	45	0	44	0	70	1	34	0	76	0
4	155510674.0	C	T	132	78	93	93	134	97	147	38	132	41	198	1
4	155510674.1	C	A	132	0	93	0	134	2	147	0	132	0	198	3
1	240371327.0	C	T	20	4	21	5	29	1	49	7	25	1	7	9
11	5632342.0	A	T	211	2	138	1	228	4	208	2	182	1	212	3
11	5632342.1	A	G	211	1	138	0	228	2	208	0	182	1	212	0
11	5632342.2	A	C	211	156	138	114	228	130	208	84	182	72	212	28
7	100680202.0	T	A	173	1	125	0	145	0	131	0	122	0	108	1
7	100680202.1	T	G	173	1	125	0	145	0	131	0	122	0	108	0
7	100680202.2	T	C	173	4	125	3	145	1	131	0	122	1	108	17
1	118477230.0	C	T	196	22	146	2	141	0	151	0	142	0	145	0
1	118477230.1	C	G	196	1	146	0	141	0	151	0	142	1	145	2
1	118477230.2	C	A	196	0	146	0	141	0	151	0	142	0	145	1
17	67145191.0	G	C	52	23	31	19	27	8	83	9	65	13	119	14
6	167709631.0	A	T	472	1	438	1	421	0	665	0	470	1	323	3
6	167709631.1	A	G	472	112	438	130	421	132	665	73	470	84	323	0
6	167709631.2	A	C	472	0	438	0	421	0	665	0	470	2	323	0
20	20596693.0	T	C	109	1	77	0	70	0	74	11	78	0	85	0
20	20596693.1	T	A	109	0	77	0	70	0	74	1	78	0	85	0
11	5989164.0	C	G	92	36	45	37	54	37	57	32	56	31	58	13
11	5989164.1	C	T	92	0	45	1	54	0	57	1	56	0	58	0
1	152186278.0	T	A	20	0	39	0	41	0	40	0	41	0	34	2
1	152186278.1	T	C	20	0	39	0	41	0	40	0	41	0	34	14
12	52966328.0	G	A	161	164	71	110	114	146	215	100	177	107	157	11
12	52966328.1	G	C	161	1	71	0	114	0	215	2	177	0	157	1
12	52966328.2	G	T	161	0	71	0	114	2	215	0	177	2	157	0
2	10186480.0	C	A	223	78	158	58	171	63	250	3	200	64	244	0
2	10186480.1	C	T	223	1	158	1	171	1	250	0	200	0	244	2
2	10186480.2	C	G	223	0	158	0	171	1	250	0	200	0	244	0
7	22190123.0	C	T	106	13	112	15	96	7	92	10	81	9	72	17
7	22190123.1	C	A	106	0	112	1	96	0	92	1	81	0	72	1
3	195508476.0	G	A	94	0	100	1	97	1	120	1	99	0	112	2
3	195508476.1	G	T	94	0	100	1	97	0	120	0	99	0	112	0
3	195508476.2	G	C	94	0	100	0	97	4	120	3	99	9	112	14
22	32109818.0	T	C	376	92	270	70	374	101	279	7	249	0	288	1
5	154393458.0	A	G	361	21	239	33	303	48	293	22	336	16	239	22
5	154393458.1	A	T	361	0	239	0	303	2	293	0	336	0	239	0
5	154393458.2	A	C	361	0	239	0	303	0	293	0	336	0	239	2
20	20257890.0	C	A	96	1	112	0	107	0	200	0	97	0	124	0
20	20257890.1	C	T	96	27	112	36	107	53	200	46	97	27	124	21
20	20257890.2	C	G	96	0	112	0	107	0	200	0	97	0	124	1
12	123067311.0	T	C	169	1	113	43	180	0	161	0	176	0	156	0
12	123067311.1	T	A	169	0	113	1	180	0	161	0	176	0	156	0
12	107371934.0	T	A	60	1	26	0	22	0	58	0	44	0	83	0
12	107371934.1	T	C	60	56	26	36	22	28	58	25	44	15	83	9
21	43491467.0	T	C	135	0	168	0	182	1	252	0	146	0	95	0
21	43491467.1	T	G	135	0	168	0	182	0	252	0	146	0	95	15
3	50357915.0	C	T	7	15	2	28	3	11	16	24	5	11	11	2
3	50357915.1	C	A	7	0	2	0	3	0	16	0	5	0	11	1
3	115560771.0	G	T	303	39	216	65	203	78	224	31	227	52	153	18
3	115560771.1	G	C	303	0	216	1	203	2	224	0	227	0	153	0
3	115560771.2	G	A	303	0	216	0	203	0	224	0	227	5	153	0
X	50054016.0	A	T	103	1	79	0	109	1	72	0	93	0	72	0
X	50054016.1	A	G	103	1	79	0	109	0	72	2	93	0	72	9
7	77572032.0	C	T	546	99	389	117	512	100	315	8	384	60	355	5
7	77572032.1	C	A	546	0	389	2	512	1	315	0	384	1	355	0
7	77572032.2	C	G	546	0	389	2	512	5	315	0	384	3	355	0
11	59608702.0	G	A	269	1	162	0	141	0	151	0	159	0	212	1
11	59608702.1	G	C	269	0	162	0	141	0	151	33	159	3	212	0
11	59608702.2	G	T	269	0	162	0	141	0	151	0	159	1	212	0
11	76924932.0	A	C	115	1	87	0	131	0	167	0	134	0	95	14
6	102134087.0	A	T	297	2	224	0	238	1	304	0	221	2	229	0
6	102134087.1	A	G	297	57	224	70	238	0	304	9	221	37	229	4
12	6499981.0	C	T	86	77	71	54	61	54	109	43	88	48	59	2
12	6499981.1	C	A	86	0	71	0	61	0	109	0	88	2	59	0
17	48559597.0	C	T	50	19	61	22	52	19	118	0	56	4	88	0
17	48559597.1	C	G	50	2	61	0	52	0	118	0	56	0	88	0
15	55652698.0	C	A	92	1	62	0	57	0	48	0	85	0	129	1
15	55652698.1	C	T	92	1	62	0	57	0	48	1	85	1	129	1
15	55652698.2	C	G	92	45	62	21	57	1	48	1	85	20	129	15
15	101031122.0	G	A	243	2	183	0	100	0	191	0	186	1	176	0
15	101031122.1	G	T	243	0	183	54	100	0	191	0	186	0	176	3
15	101031122.2	G	C	243	0	183	1	100	1	191	0	186	0	176	1
1	36028170.0	C	A	47	15	64	27	47	30	112	24	55	12	66	10
1	36028170.1	C	G	47	0	64	0	47	0	112	1	55	0	66	0
12	7640491.0	C	A	99	45	70	41	69	67	95	32	96	32	82	15
12	7640491.1	C	T	99	1	70	0	69	0	95	0	96	0	82	2
12	133196106.0	C	T	119	40	139	51	152	54	197	39	129	18	110	12
12	133196106.1	C	A	119	0	139	0	152	1	197	0	129	0	110	0
12	133196106.2	C	G	119	0	139	0	152	0	197	0	129	0	110	2
3	134078967.0	G	A	126	20	116	34	118	45	136	18	118	17	76	5
3	134078967.1	G	C	126	0	116	1	118	2	136	0	118	0	76	0
3	134078967.2	G	T	126	0	116	0	118	0	136	0	118	1	76	0
21	43222999.0	T	G	150	0	142	27	207	0	186	0	185	0	91	0
21	43222999.1	T	C	150	0	142	1	207	0	186	0	185	0	91	0
21	43222999.2	T	A	150	0	142	0	207	0	186	0	185	0	91	1
2	167285739.0	C	A	252	75	179	78	112	34	258	3	188	31	203	4
2	167285739.1	C	G	252	1	179	0	112	0	258	1	188	0	203	1
2	167285739.2	C	T	252	0	179	1	112	0	258	1	188	0	203	0
12	109692019.0	G	A	206	3	147	1	172	0	276	0	248	0	313	4
12	109692019.1	G	T	206	1	147	0	172	4	276	3	248	0	313	0
12	109692019.2	G	C	206	261	147	204	172	272	276	118	248	152	313	29
6	161470044.0	G	C	151	67	118	91	126	49	104	67	122	37	154	34
6	161470044.1	G	A	151	0	118	1	126	0	104	2	122	4	154	0
6	161470044.2	G	T	151	0	118	0	126	0	104	0	122	1	154	0
15	42710123.0	G	T	146	1	110	1	27	0	115	2	154	1	229	1
15	42710123.1	G	C	146	33	110	37	27	48	115	19	154	13	229	9
15	42710123.2	G	A	146	0	110	2	27	0	115	1	154	1	229	2
11	63933168.0	C	T	8	35	5	29	6	39	40	25	12	22	52	12
11	63933168.1	C	A	8	0	5	1	6	0	40	0	12	0	52	0
6	36990104.0	C	T	146	24	264	0	188	0	420	0	181	1	285	2
6	160489297.0	T	C	168	101	118	90	170	59	143	79	179	57	127	14
6	160489297.1	T	G	168	0	118	1	170	0	143	0	179	0	127	0
6	160489297.2	T	A	168	0	118	0	170	1	143	1	179	2	127	0
17	59533869.0	C	T	7	19	1	41	3	49	20	40	6	14	20	12
17	59533869.1	C	G	7	1	1	0	3	0	20	1	6	1	20	0
17	59533869.2	C	A	7	0	1	0	3	1	20	0	6	0	20	0
2	219755012.0	T	G	59	55	55	54	46	50	83	71	43	38	63	14
2	219755012.1	T	A	59	0	55	0	46	1	83	1	43	0	63	1
1	182852398.0	C	A	138	1	78	0	89	0	132	0	120	0	187	1
1	182852398.1	C	T	138	60	78	57	89	47	132	29	120	37	187	10
7	100677808.0	T	A	564	2	442	3	517	1	493	1	466	2	326	1
7	100677808.1	T	G	564	125	442	112	517	108	493	69	466	63	326	8
7	100677808.2	T	C	564	0	442	0	517	0	493	3	466	1	326	1
1	145457053.0	C	T	178	3	116	2	111	13	132	1	113	2	182	10
1	145457053.1	C	A	178	0	116	0	111	0	132	0	113	3	182	1
1	145457053.2	C	G	178	0	116	0	111	0	132	0	113	0	182	1
19	22154797.0	T	G	207	4	175	1	161	1	146	2	184	0	198	39
19	22154797.1	T	A	207	0	175	0	161	0	146	0	184	0	198	2
20	31946880.0	G	A	193	1	144	0	146	0	179	1	187	0	210	2
20	31946880.1	G	C	193	47	144	49	146	55	179	16	187	39	210	0
20	31946880.2	G	T	193	0	144	0	146	0	179	1	187	1	210	1
17	67013823.0	C	A	100	3	23	0	43	2	171	2	128	0	331	4
17	67013823.1	C	T	100	294	23	257	43	308	171	159	128	187	331	84
17	67013823.2	C	G	100	1	23	1	43	0	171	0	128	0	331	3
10	26518603.0	C	A	164	46	152	59	178	53	197	4	156	26	239	0
10	26518603.1	C	G	164	0	152	0	178	0	197	1	156	0	239	0
10	26518603.2	C	T	164	0	152	0	178	0	197	0	156	0	239	3
17	62893296.0	C	A	130	7	109	16	131	10	238	15	155	5	169	2
17	62893296.1	C	T	130	1	109	0	131	1	238	0	155	0	169	0
3	65425652.0	A	T	128	442	40	445	48	290	263	402	181	287	335	101
3	65425652.1	A	G	128	1	40	0	48	0	263	1	181	2	335	0
3	65425652.2	A	C	128	0	40	2	48	1	263	4	181	3	335	0
19	12060211.0	A	G	190	6	160	4	161	5	135	1	148	2	156	20
19	12060211.1	A	C	190	1	160	0	161	0	135	0	148	0	156	0
19	12060211.2	A	T	190	0	160	1	161	0	135	0	148	0	156	1
14	20296385.0	C	A	110	2	93	0	65	0	124	0	109	0	133	0
14	20296385.1	C	T	110	13	93	7	65	9	124	1	109	4	133	7
7	8183590.0	G	A	303	1	292	1	244	0	277	53	284	2	190	1
7	8183590.1	G	T	303	3	292	1	244	2	277	3	284	1	190	3
7	8183590.2	G	C	303	4	292	1	244	0	277	1	284	0	190	0
7	99799904.0	C	A	160	0	159	2	137	0	139	0	140	0	114	0
7	99799904.1	C	G	160	0	159	1	137	32	139	0	140	0	114	0
7	99799904.2	C	T	160	0	159	0	137	1	139	0	140	0	114	2
17	39274087.0	G	C	3	6	3	8	5	15	21	13	8	6	10	5
17	33585743.0	C	A	14	1	15	0	16	0	40	0	17	0	54	0
17	33585743.1	C	T	14	14	15	20	16	11	40	9	17	7	54	13
1	107599523.0	G	T	43	37	41	82	50	80	82	95	45	69	67	7
1	107599523.1	G	C	43	0	41	0	50	1	82	4	45	0	67	0
18	34415245.0	C	A	180	2	91	1	93	0	131	0	138	0	238	3
18	34415245.1	C	T	180	4	91	1	93	0	131	1	138	0	238	1
18	34415245.2	C	G	180	132	91	49	93	138	131	77	138	58	238	29
2	44513217.0	A	G	200	223	150	187	144	191	253	191	203	108	239	35
2	44513217.1	A	C	200	1	150	0	144	1	253	2	203	1	239	0
2	44513217.2	A	T	200	0	150	1	144	1	253	0	203	0	239	0
7	100682551.0	A	T	182	3	174	1	142	1	137	0	145	5	68	9
7	100682551.1	A	C	182	2	174	0	142	1	137	0	145	0	68	0
7	100682551.2	A	G	182	0	174	0	142	0	137	0	145	2	68	0
5	14681633.0	T	A	64	1	24	0	22	0	125	0	72	0	153	0
5	14681633.1	T	C	64	149	24	194	22	234	125	61	72	164	153	36
5	14681633.2	T	G	64	0	24	0	22	0	125	1	72	0	153	0
13	24243226.0	C	A	69	0	25	0	37	1	55	0	30	0	47	0
13	24243226.1	C	G	69	0	25	0	37	0	55	0	30	1	47	0
13	24243226.2	C	T	69	0	25	0	37	0	55	0	30	0	47	7
9	139904283.0	C	T	207	63	192	81	225	80	446	6	183	59	234	0
9	139904283.1	C	G	207	1	192	0	225	1	446	0	183	0	234	0
19	3827555.0	C	A	51	20	69	34	65	33	131	55	65	22	127	1
19	3827555.1	C	T	51	1	69	0	65	0	131	0	65	0	127	0
19	3827555.2	C	G	51	0	69	0	65	1	131	0	65	0	127	0
4	23815511.0	G	A	83	52	41	38	46	34	89	31	57	19	108	0
4	23815511.1	G	C	83	0	41	1	46	1	89	1	57	0	108	0
4	23815511.2	G	T	83	0	41	0	46	0	89	0	57	0	108	1
1	151732658.0	C	A	108	0	114	0	83	1	123	0	104	1	151	0
1	151732658.1	C	T	108	0	114	0	83	19	123	0	104	1	151	3
15	63054566.0	C	A	179	225	118	157	39	177	134	104	162	72	176	23
15	63054566.1	C	T	179	2	118	0	39	0	134	1	162	0	176	3
15	63054566.2	C	G	179	2	118	0	39	0	134	0	162	0	176	1
20	33328729.0	G	A	85	97	59	115	81	119	85	56	111	66	163	32
20	33328729.1	G	T	85	0	59	1	81	1	85	2	111	0	163	1
1	110300956.0	C	T	141	48	87	66	101	53	207	3	139	31	107	2
1	110300956.1	C	A	141	0	87	1	101	0	207	0	139	0	107	0
1	110300956.2	C	G	141	0	87	0	101	2	207	0	139	0	107	0
10	115337845.0	G	C	236	57	170	34	219	32	182	37	180	6	131	14
10	115337845.1	G	A	236	0	170	1	219	0	182	0	180	0	131	0
10	115337845.2	G	T	236	0	170	1	219	0	182	2	180	0	131	0
7	100682922.0	G	A	259	1	248	1	210	0	235	1	206	0	120	1
7	100682922.1	G	C	259	2	248	3	210	0	235	4	206	2	120	17
7	100682922.2	G	T	259	0	248	0	210	0	235	0	206	0	120	1
1	196646605.0	G	A	55	109	19	94	20	94	104	62	69	44	136	25
1	196646605.1	G	T	55	1	19	0	20	0	104	1	69	1	136	1
1	196646605.2	G	C	55	1	19	0	20	0	104	0	69	0	136	0
1	197009847.0	A	G	62	75	10	111	10	71	107	83	81	59	145	21
1	197009847.1	A	T	62	0	10	0	10	1	107	0	81	0	145	1
1	197009847.2	A	C	62	0	10	0	10	0	107	1	81	0	145	0
12	93213268.0	A	G	159	71	123	52	97	33	152	28	141	26	166	24
12	93213268.1	A	C	159	0	123	1	97	0	152	0	141	0	166	1
12	93213268.2	A	T	159	0	123	0	97	3	152	0	141	1	166	0
7	20824133.0	C	T	53	24	143	36	106	23	158	64	70	16	57	0
7	20824133.1	C	G	53	1	143	2	106	1	158	0	70	1	57	0
7	20824133.2	C	A	53	0	143	2	106	0	158	0	70	0	57	0
19	18779848.0	C	T	38	0	67	0	76	1	124	0	52	19	66	1
1	197396763.0	G	A	46	26	44	26	63	36	66	19	73	16	71	0
1	197396763.1	G	C	46	0	44	0	63	0	66	1	73	0	71	0
1	197396763.2	G	T	46	0	44	0	63	0	66	0	73	1	71	0
1	152186230.0	C	T	43	0	85	0	64	0	117	2	61	0	74	9
X	31947837.0	C	T	196	0	153	2	181	0	234	1	152	0	138	18
X	31947837.1	C	G	196	0	153	0	181	0	234	2	152	0	138	0
10	5784321.0	T	G	156	1	66	0	96	1	122	0	133	0	316	0
10	5784321.1	T	C	156	95	66	112	96	129	122	30	133	73	316	61
10	5784321.2	T	A	156	0	66	0	96	1	122	0	133	0	316	1
4	41956088.0	A	T	394	1	219	0	175	0	269	0	240	48	311	1
4	41956088.1	A	C	394	1	219	0	175	0	269	2	240	2	311	1
4	41956088.2	A	G	394	0	219	0	175	0	269	0	240	1	311	0
19	21607305.0	T	A	115	1	81	0	70	0	71	0	77	0	89	3
19	21607305.1	T	C	115	0	81	2	70	0	71	1	77	0	89	13
1	151509301.0	G	T	125	3	28	3	56	4	357	1	239	4	381	4
1	151509301.1	G	C	125	374	28	323	56	333	357	195	239	207	381	72
1	151509301.2	G	A	125	0	28	1	56	2	357	4	239	0	381	5
7	83016319.0	C	A	385	1	336	0	361	0	253	0	316	0	246	0
7	83016319.1	C	T	385	0	336	0	361	0	253	31	316	0	246	0
1	152080677.0	C	G	24	1	9	4	14	2	161	4	48	9	92	4
19	22605017.0	G	C	215	66	263	91	263	99	391	100	293	62	141	25
19	22605017.1	G	T	215	0	263	2	263	0	391	0	293	0	141	0
7	100680709.0	T	G	319	1	290	0	290	0	240	0	253	0	167	2
7	100680709.1	T	C	319	10	290	8	290	5	240	6	253	6	167	22
7	100680709.2	T	A	319	0	290	0	290	0	240	1	253	1	167	1
2	74482969.0	T	A	354	0	320	0	344	0	449	176	386	0	306	1
2	74482969.1	T	G	354	0	320	0	344	0	449	1	386	0	306	0
2	74482969.2	T	C	354	0	320	0	344	0	449	0	386	1	306	0
3	195507923.0	C	A	345	1	301	4	257	1	369	2	335	3	265	4
3	195507923.1	C	T	345	10	301	14	257	15	369	21	335	22	265	120
3	195507923.2	C	G	345	9	301	12	257	10	369	7	335	13	265	16
19	15769593.0	T	G	269	93	274	92	266	64	375	73	374	61	227	0
19	15769593.1	T	C	269	0	274	1	266	0	375	1	374	1	227	0
X	153588471.0	A	T	36	14	51	24	57	25	124	0	36	24	45	0
X	153588471.1	A	C	36	2	51	0	57	0	124	0	36	0	45	0
16	3349047.0	C	G	162	2	112	0	54	0	94	0	131	0	142	1
16	3349047.1	C	T	162	0	112	0	54	42	94	0	131	0	142	0
16	3349047.2	C	A	162	0	112	0	54	0	94	0	131	0	142	1
3	1369236.0	G	A	333	103	228	101	126	61	355	3	301	54	301	0
3	1369236.1	G	C	333	1	228	2	126	1	355	0	301	0	301	1
3	1369236.2	G	T	333	0	228	1	126	1	355	0	301	1	301	3
17	76471441.0	G	A	134	0	96	2	179	0	226	0	123	0	117	0
17	76471441.1	G	T	134	0	96	38	179	3	226	0	123	0	117	0
19	40421229.0	C	A	76	1	106	0	83	0	190	0	85	0	147	0
19	40421229.1	C	T	76	29	106	39	83	30	190	39	85	24	147	22
19	40421229.2	C	G	76	0	106	1	83	0	190	1	85	0	147	0
19	53303787.0	C	T	254	1	199	0	159	1	175	0	187	1	162	21
19	53303787.1	C	G	254	0	199	0	159	1	175	0	187	0	162	1
19	53303787.2	C	A	254	0	199	0	159	0	175	0	187	1	162	0
17	36288707.0	A	T	21	1	24	0	23	0	47	0	14	0	45	0
17	36288707.1	A	G	21	13	24	4	23	0	47	0	14	2	45	4
