Chr	Posi	Wild	Mut	Met1T:ref	Met1T:alt	Met2T:ref	Met2T:alt	Met3T:ref	Met3T:alt	Met4T:ref	Met4T:alt
1	68954685.0	G	T	220	4	410	2	531	1	537	2
1	68954685.1	G	C	220	1	410	0	531	0	537	0
1	68954685.2	G	A	220	0	410	1	531	0	537	0
19	53013927.0	C	A	103	71	126	85	79	66	146	68
19	53013927.1	C	T	103	0	126	0	79	1	146	0
6	110777893.0	A	T	156	1	212	0	164	0	177	0
6	110777893.1	A	G	156	0	212	0	164	1	177	0
6	110777893.2	A	C	156	0	212	0	164	0	177	4
10	105912386.0	C	T	706	3	917	4	828	0	740	0
10	105912386.1	C	A	706	0	917	1	828	0	740	0
10	105912386.2	C	G	706	0	917	0	828	1	740	1
2	183104928.0	G	A	265	1	293	2	295	1	321	0
2	183104928.1	G	T	265	5	293	1	295	0	321	0
2	183104928.2	G	C	265	1	293	1	295	0	321	0
2	179395103.0	A	T	266	1	343	4	343	0	369	1
2	179395103.1	A	G	266	3	343	0	343	1	369	0
2	179395103.2	A	C	266	0	343	0	343	0	369	1
17	38936049.0	C	A	42	172	15	144	113	131	103	155
17	38936049.1	C	T	42	1	15	1	113	0	103	0
17	38936049.2	C	G	42	1	15	0	113	0	103	0
1	71536514.0	A	T	537	3	690	4	533	1	571	1
1	71536514.1	A	G	537	3	690	1	533	0	571	1
1	71536514.2	A	C	537	0	690	1	533	0	571	0
6	161781119.0	C	T	793	1	686	0	669	3	668	3
6	161781119.1	C	G	793	4	686	2	669	0	668	2
6	161781119.2	C	A	793	0	686	1	669	0	668	0
3	112289434.0	G	A	406	2	663	1	650	0	604	0
3	112289434.1	G	T	406	5	663	1	650	1	604	0
3	112289434.2	G	C	406	1	663	0	650	0	604	0
4	4864594.0	T	G	19	96	71	1	85	0	28	78
4	4864594.1	T	C	19	1	71	0	85	0	28	0
9	119858390.0	T	A	56	1	7	1	138	1	114	0
9	119858390.1	T	G	56	248	7	281	138	174	114	226
9	119858390.2	T	C	56	0	7	3	138	1	114	0
8	35616866.0	G	T	79	1	9	116	43	72	115	0
2	223389667.0	C	T	681	5	725	2	680	2	670	3
2	223389667.1	C	G	681	1	725	1	680	0	670	0
2	223389667.2	C	A	681	0	725	1	680	0	670	0
11	32720811.0	A	T	470	4	1035	1	1473	2	1100	0
11	32720811.1	A	C	470	1	1035	0	1473	0	1100	0
11	32720811.2	A	G	470	0	1035	1	1473	0	1100	0
11	124857562.0	A	G	306	10	440	5	260	3	436	12
11	124857562.1	A	T	306	0	440	1	260	0	436	1
11	124857562.2	A	C	306	0	440	1	260	0	436	0
19	9017005.0	A	T	872	1	728	2	587	0	659	1
19	9017005.1	A	G	872	5	728	0	587	1	659	2
19	9017005.2	A	C	872	2	728	1	587	0	659	1
2	179465619.0	G	A	40	0	5	41	18	40	63	0
7	81596918.0	T	A	80	2	127	53	219	0	227	1
7	81596918.1	T	C	80	0	127	0	219	1	227	0
X	71710816.0	G	A	346	1	350	0	389	4	354	1
19	43411202.0	A	G	403	234	383	224	425	163	387	170
19	43411202.1	A	C	403	4	383	1	425	0	387	1
19	43411202.2	A	T	403	0	383	1	425	0	387	1
12	76763583.0	G	A	104	2	99	0	118	0	139	0
12	76763583.1	G	C	104	4	99	2	118	1	139	1
7	27169122.0	C	T	659	158	695	0	619	3	622	140
7	27169122.1	C	G	659	1	695	0	619	1	622	1
7	27169122.2	C	A	659	0	695	0	619	0	622	1
14	55477066.0	A	T	235	0	279	4	287	0	227	1
19	10610286.0	T	G	358	118	359	0	411	0	327	92
19	10610286.1	T	C	358	1	359	0	411	0	327	1
6	111697172.0	A	T	367	4	441	0	419	0	432	0
6	111697172.1	A	C	367	2	441	0	419	0	432	0
2	11053078.0	G	A	248	0	135	76	259	0	291	2
2	11053078.1	G	T	248	0	135	1	259	0	291	0
2	11053078.2	G	C	248	0	135	1	259	0	291	0
6	160952790.0	A	G	638	1	662	2	572	0	605	0
6	160952790.1	A	C	638	5	662	2	572	1	605	0
6	160952790.2	A	T	638	0	662	1	572	1	605	1
21	19638434.0	G	T	7	9	6	15	14	9	13	9
11	18456380.0	G	A	925	5	984	1	776	5	761	2
11	18456380.1	G	T	925	2	984	2	776	0	761	0
11	18456380.2	G	C	925	0	984	0	776	1	761	0
3	124351327.0	A	G	212	2	101	91	241	0	231	1
3	124351327.1	A	T	212	0	101	2	241	0	231	1
3	124351327.2	A	C	212	0	101	0	241	0	231	1
1	236347187.0	G	A	352	2	575	1	528	0	491	5
1	236347187.1	G	T	352	202	575	153	528	138	491	255
1	236347187.2	G	C	352	1	575	1	528	0	491	2
X	76778761.0	G	A	126	1	118	1	163	0	179	0
X	76778761.1	G	T	126	2	118	4	163	0	179	0
X	76778761.2	G	C	126	1	118	0	163	1	179	0
3	1425041.0	A	T	155	0	166	0	194	0	183	4
10	105372934.0	C	G	179	45	138	60	163	57	124	56
10	105372934.1	C	A	179	0	138	0	163	1	124	2
1	240979657.0	G	A	1230	2	912	3	831	1	1128	0
1	240979657.1	G	T	1230	6	912	3	831	0	1128	1
1	240979657.2	G	C	1230	2	912	1	831	0	1128	0
6	132643960.0	A	T	177	2	253	0	222	0	195	1
6	132643960.1	A	G	177	2	253	0	222	0	195	1
6	132643960.2	A	C	177	59	253	0	222	1	195	39
12	51458111.0	G	C	7	77	4	57	47	51	28	41
12	51458111.1	G	A	7	0	4	1	47	0	28	0
12	51458111.2	G	T	7	0	4	1	47	0	28	0
20	39750411.0	A	T	258	1	156	113	139	79	257	0
20	39750411.1	A	G	258	0	156	4	139	1	257	0
9	116176176.0	T	G	47	3	52	2	62	1	90	4
4	57367989.0	C	A	174	4	173	0	171	0	185	1
4	57367989.1	C	T	174	0	173	3	171	1	185	0
4	184114813.0	G	T	413	20	374	1	362	12	432	13
4	184114813.1	G	C	413	0	374	2	362	0	432	0
4	184114813.2	G	A	413	0	374	0	362	0	432	1
11	31625345.0	C	A	149	0	320	1	315	0	255	0
11	31625345.1	C	T	149	0	320	0	315	0	255	5
20	2968987.0	C	A	35	33	45	33	55	27	51	26
12	63328449.0	G	C	32	0	1	44	35	45	57	0
14	70991088.0	A	G	108	4	78	0	110	0	128	0
6	34803093.0	C	A	164	130	158	139	153	117	200	90
6	34803093.1	C	T	164	2	158	1	153	2	200	1
6	34803093.2	C	G	164	0	158	1	153	1	200	2
2	175304647.0	C	A	281	3	362	1	352	0	380	0
2	175304647.1	C	T	281	4	362	3	352	2	380	2
2	175304647.2	C	G	281	2	362	0	352	0	380	0
1	201178696.0	G	A	854	7	832	5	649	1	631	0
1	201178696.1	G	T	854	2	832	0	649	3	631	0
1	201178696.2	G	C	854	9	832	6	649	2	631	0
15	100230572.0	G	A	106	79	105	95	157	76	139	80
9	111642356.0	C	A	904	4	760	3	677	0	704	0
9	111642356.1	C	T	904	1	760	3	677	0	704	0
9	111642356.2	C	G	904	1	760	0	677	0	704	0
5	55237472.0	G	A	171	12	145	6	180	6	182	11
15	24923343.0	C	G	86	0	68	47	101	0	95	0
7	92764930.0	T	C	18	13	18	41	37	22	31	31
19	14141581.0	G	C	140	94	150	0	173	0	130	57
10	46238853.0	C	A	678	1	836	2	775	1	739	1
10	46238853.1	C	T	678	0	836	5	775	2	739	6
12	66603238.0	G	T	201	0	306	4	365	1	347	0
12	66603238.1	G	A	201	0	306	0	365	1	347	0
13	35630266.0	T	C	215	4	290	4	374	8	407	5
13	35630266.1	T	A	215	0	290	0	374	1	407	1
16	71416637.0	G	A	369	1	369	1	359	5	337	0
16	71416637.1	G	T	369	0	369	4	359	0	337	0
16	71416637.2	G	C	369	0	369	0	359	0	337	1
2	108455338.0	A	T	917	7	1139	3	1076	1	1139	3
2	108455338.1	A	G	917	0	1139	4	1076	0	1139	1
2	108455338.2	A	C	917	0	1139	2	1076	0	1139	0
20	47648619.0	T	A	594	0	654	4	488	0	497	0
2	152663433.0	T	G	228	3	344	5	361	1	352	6
2	152663433.1	T	A	228	0	344	0	361	1	352	0
19	20216029.0	G	A	571	1	580	4	451	1	454	1
19	20216029.1	G	T	571	2	580	1	451	0	454	0
19	20216029.2	G	C	571	0	580	3	451	0	454	0
1	52947128.0	G	T	642	8	801	7	608	0	601	2
1	52947128.1	G	C	642	2	801	2	608	0	601	0
1	52947128.2	G	A	642	0	801	2	608	0	601	1
20	37121598.0	G	T	259	4	335	1	364	0	366	2
20	37121598.1	G	A	259	0	335	0	364	1	366	0
6	100062205.0	G	T	55	43	77	0	99	0	107	61
6	100062205.1	G	C	55	1	77	0	99	0	107	0
1	24976495.0	C	A	213	2	258	1	241	0	243	0
1	24976495.1	C	T	213	2	258	0	241	1	243	2
1	24976495.2	C	G	213	5	258	2	241	0	243	1
1	24976494.0	G	A	214	6	258	2	242	0	247	0
1	24976494.1	G	T	214	1	258	3	242	0	247	1
1	24976494.2	G	C	214	1	258	1	242	0	247	0
9	114500663.0	C	T	404	1	571	4	602	2	593	0
9	114500663.1	C	A	404	0	571	0	602	0	593	1
5	150933950.0	A	T	12	1	5	1	48	0	49	0
5	150933950.1	A	G	12	80	5	81	48	46	49	70
12	52710279.0	T	C	409	14	342	10	309	8	378	4
6	39859493.0	T	A	76	4	84	0	94	0	83	0
6	39859493.1	T	G	76	50	84	62	94	57	83	33
6	39859493.2	T	C	76	2	84	0	94	1	83	0
17	26696751.0	G	C	36	0	1	38	22	27	37	0
5	36035854.0	C	A	213	2	169	1	133	62	191	1
5	36035854.1	C	G	213	0	169	0	133	0	191	1
11	9005439.0	G	C	185	151	183	165	202	134	223	110
11	9005439.1	G	T	185	0	183	1	202	1	223	0
11	9005439.2	G	A	185	0	183	0	202	0	223	4
20	47989673.0	G	A	719	3	689	7	617	0	553	1
20	47989673.1	G	T	719	4	689	1	617	0	553	0
20	47989673.2	G	C	719	1	689	0	617	0	553	0
2	84921530.0	G	A	202	119	219	171	262	124	261	111
2	84921530.1	G	T	202	0	219	0	262	0	261	1
1	183191290.0	A	T	203	197	202	178	223	138	254	118
1	183191290.1	A	G	203	0	202	0	223	1	254	0
4	177605077.0	T	A	116	3	131	2	132	6	139	9
6	137482877.0	T	A	92	1	171	0	155	0	82	0
6	137482877.1	T	G	92	61	171	65	155	56	82	39
6	137482877.2	T	C	92	0	171	1	155	0	82	0
10	105798877.0	C	A	199	1	134	56	161	42	160	0
10	105798877.1	C	G	199	0	134	1	161	0	160	0
10	105798877.2	C	T	199	0	134	0	161	0	160	1
3	195515588.0	G	A	660	3	502	1	470	0	479	0
3	195515588.1	G	T	660	4	502	4	470	1	479	0
3	195515588.2	G	C	660	0	502	1	470	1	479	0
12	97336371.0	G	A	272	4	413	0	462	0	434	0
12	97336371.1	G	C	272	0	413	0	462	0	434	1
9	134019890.0	C	T	175	3	152	4	180	0	147	0
9	134019890.1	C	A	175	0	152	0	180	0	147	1
6	72943520.0	C	A	411	1	499	1	419	0	405	0
6	72943520.1	C	T	411	2	499	1	419	0	405	1
6	72943520.2	C	G	411	2	499	4	419	2	405	3
3	52014976.0	T	C	45	6	46	7	71	7	33	8
2	136071063.0	G	A	25	118	148	0	150	1	51	90
2	136071063.1	G	C	25	0	148	0	150	0	51	1
19	14164494.0	C	G	110	63	54	53	75	46	125	44
19	14164494.1	C	A	110	0	54	0	75	1	125	1
19	14164494.2	C	T	110	0	54	0	75	1	125	0
21	41514622.0	T	G	185	14	218	17	207	14	226	21
21	41514622.1	T	C	185	0	218	2	207	0	226	0
7	99145956.0	C	T	279	3	245	4	277	1	235	0
7	99145956.1	C	A	279	0	245	1	277	0	235	0
6	144774920.0	A	T	315	1	456	2	421	0	459	0
6	144774920.1	A	G	315	1	456	0	421	0	459	0
6	144774920.2	A	C	315	0	456	4	421	0	459	0
6	44249854.0	A	T	311	3	288	2	316	0	349	1
6	44249854.1	A	G	311	5	288	1	316	0	349	0
6	44249854.2	A	C	311	0	288	1	316	0	349	0
X	75397557.0	C	A	136	4	136	3	127	0	118	1
X	75397557.1	C	G	136	0	136	1	127	0	118	0
19	54845009.0	T	A	266	1	208	0	307	2	274	2
19	54845009.1	T	G	266	238	208	172	307	144	274	142
19	54845009.2	T	C	266	2	208	0	307	0	274	1
5	64883141.0	A	G	8	80	2	130	55	86	68	68
5	64883141.1	A	T	8	0	2	0	55	0	68	1
2	152128216.0	T	G	187	13	239	23	317	20	377	47
2	152128216.1	T	C	187	2	239	0	317	0	377	0
4	74442357.0	A	T	14	52	120	0	163	0	55	84
X	21624952.0	A	C	221	1	253	0	95	147	232	0
X	21624952.1	A	T	221	0	253	2	95	1	232	2
9	125674326.0	T	C	6	38	1	63	25	35	20	18
12	42491268.0	T	C	57	0	73	2	68	5	82	4
3	50416874.0	G	T	40	120	2	114	74	74	62	91
15	90135319.0	A	T	277	1	277	1	264	0	248	1
15	90135319.1	A	G	277	1	277	0	264	0	248	0
15	90135319.2	A	C	277	4	277	0	264	1	248	0
11	4133193.0	A	T	24	101	122	0	172	0	58	111
11	4133193.1	A	C	24	0	122	1	172	0	58	0
1	43162381.0	C	T	318	2	287	5	308	4	302	2
1	43162381.1	C	A	318	0	287	1	308	0	302	0
20	47989674.0	A	T	711	2	681	2	626	0	559	0
20	47989674.1	A	G	711	1	681	5	626	0	559	0
20	47989674.2	A	C	711	2	681	2	626	1	559	0
6	33638187.0	C	T	184	135	127	120	213	106	196	140
6	33638187.1	C	G	184	0	127	1	213	0	196	0
1	74492576.0	C	A	117	84	187	145	222	142	275	129
1	74492576.1	C	G	117	1	187	1	222	0	275	0
1	74492576.2	C	T	117	0	187	0	222	1	275	0
8	77765722.0	A	T	130	0	101	93	128	58	179	0
8	77765722.1	A	C	130	0	101	1	128	0	179	0
1	44458011.0	T	A	51	42	67	61	94	38	85	44
1	44458011.1	T	C	51	1	67	0	94	0	85	0
11	77614645.0	T	G	234	3	218	2	241	4	186	2
1	46669247.0	G	T	78	85	82	65	98	62	118	73
1	46669247.1	G	A	78	0	82	0	98	0	118	1
6	27834841.0	G	A	57	53	67	52	81	38	95	27
6	27834841.1	G	T	57	0	67	0	81	1	95	0
3	44819658.0	G	A	306	0	319	4	332	1	346	0
3	44819658.1	G	T	306	0	319	2	332	1	346	0
17	33520580.0	G	A	245	0	210	6	275	0	226	1
17	33520580.1	G	T	245	0	210	1	275	0	226	0
8	110455187.0	A	T	208	11	261	10	287	8	295	13
10	6157417.0	G	A	528	2	1104	5	1179	3	563	2
10	6157417.1	G	T	528	0	1104	3	1179	1	563	0
10	6157417.2	G	C	528	0	1104	1	1179	0	563	0
16	14970532.0	T	A	560	4	577	1	626	0	503	0
16	14970532.1	T	G	560	2	577	0	626	0	503	1
16	14970532.2	T	C	560	0	577	1	626	0	503	0
10	135053548.0	C	A	126	61	82	60	106	51	137	45
10	135053548.1	C	G	126	0	82	0	106	1	137	0
7	63726415.0	A	T	598	4	699	0	580	0	677	1
7	63726415.1	A	G	598	0	699	2	580	1	677	2
7	63726415.2	A	C	598	0	699	2	580	1	677	0
20	21346300.0	G	A	571	2	522	4	551	2	499	0
20	21346300.1	G	T	571	1	522	0	551	1	499	0
20	21346300.2	G	C	571	1	522	0	551	0	499	0
19	19606595.0	A	C	306	7	232	3	240	3	292	4
19	19606595.1	A	T	306	0	232	1	240	0	292	0
20	58461822.0	C	T	230	4	434	1	490	0	490	0
20	58461822.1	C	G	230	2	434	0	490	0	490	0
4	158043544.0	A	C	42	0	1	59	41	73	134	0
5	140166149.0	C	A	11	126	2	102	24	80	25	95
X	54949607.0	G	T	11	57	5	54	24	45	25	38
X	54949607.1	G	A	11	0	5	0	24	1	25	0
10	13481253.0	A	C	653	4	1168	0	858	1	576	0
10	13481253.1	A	T	653	0	1168	3	858	0	576	0
10	13481253.2	A	G	653	0	1168	2	858	3	576	1
7	91622321.0	A	T	383	2	400	0	361	0	365	0
7	91622321.1	A	G	383	1	400	4	361	0	365	0
8	24810429.0	T	A	195	1	226	0	238	2	162	0
8	24810429.1	T	G	195	1	226	0	238	1	162	0
8	24810429.2	T	C	195	6	226	2	238	1	162	0
19	10657598.0	C	T	47	64	31	63	52	72	69	79
X	139038584.0	C	A	184	2	212	0	180	0	160	0
X	139038584.1	C	T	184	4	212	0	180	0	160	1
X	139038584.2	C	G	184	0	212	1	180	0	160	0
16	74943527.0	G	A	785	1	674	1	585	2	713	1
16	74943527.1	G	C	785	3	674	2	585	1	713	5
16	74943527.2	G	T	785	0	674	0	585	0	713	2
13	39588012.0	G	A	91	1	70	0	42	68	84	0
13	39588012.1	G	C	91	0	70	1	42	0	84	0
X	105179257.0	C	A	479	4	483	0	504	0	493	0
X	105179257.1	C	G	479	1	483	0	504	0	493	0
X	105179257.2	C	T	479	0	483	2	504	0	493	0
7	91709172.0	A	G	54	40	87	2	120	0	79	48
7	91709172.1	A	C	54	0	87	0	120	1	79	0
2	234460050.0	C	T	481	2	618	4	552	2	528	3
2	234460050.1	C	G	481	0	618	1	552	0	528	0
3	190120209.0	C	T	93	63	159	0	148	0	86	69
3	190120209.1	C	G	93	1	159	0	148	0	86	0
5	37000553.0	A	C	440	4	532	1	530	0	503	0
5	37177771.0	T	C	478	1	625	1	562	0	620	0
5	37177771.1	T	A	478	0	625	4	562	0	620	0
6	101079014.0	G	T	270	4	412	2	516	0	517	1
6	101079014.1	G	C	270	0	412	1	516	0	517	0
6	101079014.2	G	A	270	0	412	0	516	0	517	1
19	16236297.0	C	A	184	114	116	94	152	88	163	78
19	16236297.1	C	T	184	1	116	0	152	1	163	0
19	16236297.2	C	G	184	1	116	0	152	1	163	0
6	80636040.0	G	T	210	4	236	1	195	0	186	0
6	80636040.1	G	A	210	0	236	2	195	0	186	0
15	37184557.0	A	T	212	192	139	163	212	119	205	125
15	37184557.1	A	G	212	2	139	1	212	5	205	1
15	37184557.2	A	C	212	1	139	0	212	0	205	0
3	193232552.0	G	T	216	0	216	4	198	1	193	0
3	193232552.1	G	C	216	0	216	0	198	1	193	0
3	193232552.2	G	A	216	0	216	0	198	0	193	1
17	62265795.0	G	A	87	62	60	55	90	51	98	50
17	62265795.1	G	T	87	0	60	1	90	0	98	1
10	60558817.0	T	G	9	45	84	0	108	0	46	66
X	118250531.0	A	T	330	4	368	0	387	1	390	0
X	118250531.1	A	G	330	1	368	0	387	0	390	0
X	118250531.2	A	C	330	3	368	1	387	0	390	0
12	41303902.0	A	C	223	4	409	0	661	0	636	0
12	41303902.1	A	T	223	0	409	1	661	0	636	1
20	56140638.0	C	A	67	1	55	1	98	0	69	1
20	56140638.1	C	T	67	49	55	61	98	53	69	42
20	56140638.2	C	G	67	0	55	1	98	0	69	0
17	76809908.0	G	A	12	105	1	113	55	86	67	84
17	76809908.1	G	T	12	2	1	0	55	0	67	0
17	76809908.2	G	C	12	0	1	1	55	0	67	0
2	211070422.0	C	A	169	1	159	0	215	0	191	0
2	211070422.1	C	T	169	1	159	1	215	0	191	0
2	211070422.2	C	G	169	0	159	0	215	0	191	4
14	74345814.0	G	A	30	187	8	269	111	207	128	223
14	74345814.1	G	T	30	3	8	0	111	2	128	0
14	74345814.2	G	C	30	1	8	0	111	0	128	0
1	28800077.0	C	A	194	4	197	0	166	0	191	0
1	28800077.1	C	T	194	1	197	0	166	0	191	0
1	28800077.2	C	G	194	0	197	0	166	1	191	0
1	173743513.0	G	C	509	4	571	0	570	0	606	0
1	173743513.1	G	A	509	0	571	1	570	0	606	0
1	173743513.2	G	T	509	0	571	1	570	0	606	2
17	76694388.0	G	A	54	283	286	0	351	1	141	227
17	76694388.1	G	T	54	1	286	0	351	0	141	1
11	16256145.0	A	T	460	5	973	0	1077	0	1094	0
11	16256145.1	A	G	460	1	973	1	1077	2	1094	0
11	16256145.2	A	C	460	2	973	0	1077	0	1094	0
6	128150654.0	T	A	151	140	217	163	250	131	273	135
6	128150654.1	T	G	151	1	217	0	250	0	273	0
3	183884409.0	T	A	241	26	247	1	247	0	208	37
3	183884409.1	T	G	241	0	247	0	247	0	208	1
19	31025848.0	C	A	89	1	151	0	169	0	107	1
19	31025848.1	C	T	89	67	151	0	169	0	107	48
19	31025848.2	C	G	89	0	151	0	169	1	107	0
7	149191117.0	G	C	477	1	406	0	403	0	414	0
7	149191117.1	G	A	477	0	406	1	403	4	414	1
7	149191117.2	G	T	477	0	406	4	403	0	414	0
15	68631857.0	C	G	260	1	186	66	204	60	230	0
15	68631857.1	C	T	260	0	186	1	204	1	230	0
10	18266863.0	A	G	247	1	623	1	539	0	347	0
10	18266863.1	A	T	247	0	623	4	539	0	347	0
10	18266863.2	A	C	247	0	623	2	539	0	347	0
18	252570.0	C	T	309	1	313	3	1838	13	311	2
1	113658956.0	G	T	60	48	58	55	62	52	70	50
1	161334821.0	A	T	768	2	721	3	779	2	729	0
1	161334821.1	A	C	768	2	721	1	779	0	729	2
1	161334821.2	A	G	768	0	721	1	779	5	729	1
4	134072392.0	C	A	23	1	5	0	52	0	52	0
4	134072392.1	C	T	23	81	5	78	52	52	52	71
4	134072392.2	C	G	23	1	5	0	52	0	52	2
2	110342763.0	T	A	82	1	125	1	244	0	223	0
2	110342763.1	T	C	82	2	125	5	244	6	223	4
2	98129813.0	G	A	327	7	423	7	464	1	487	0
2	98129813.1	G	T	327	30	423	13	464	1	487	3
2	98129813.2	G	C	327	8	423	2	464	1	487	0
2	181922552.0	G	T	89	0	7	148	63	119	147	0
2	181922552.1	G	C	89	0	7	1	63	0	147	0
17	37618954.0	C	G	20	54	5	67	18	56	31	50
2	84881844.0	G	A	530	1	542	1	483	0	517	0
2	84881844.1	G	T	530	0	542	0	483	0	517	4
9	112687355.0	G	T	521	2	558	0	436	2	468	0
9	112687355.1	G	C	521	1	558	1	436	0	468	0
9	112687355.2	G	A	521	0	558	2	436	1	468	4
3	128991123.0	G	A	134	112	126	111	153	90	140	81
3	128991123.1	G	T	134	0	126	0	153	1	140	1
3	128991123.2	G	C	134	0	126	0	153	0	140	1
3	185929649.0	C	A	236	187	201	186	267	133	213	138
3	185929649.1	C	T	236	0	201	0	267	0	213	1
3	185929649.2	C	G	236	0	201	0	267	0	213	1
19	21492122.0	T	A	724	6	692	8	542	2	561	2
19	21492122.1	T	G	724	1	692	1	542	0	561	0
19	21492122.2	T	C	724	1	692	1	542	1	561	1
1	161512834.0	A	G	266	10	336	21	280	9	305	15
1	161512834.1	A	T	266	0	336	3	280	0	305	0
19	57036590.0	G	A	38	32	30	27	47	18	45	27
19	57036590.1	G	T	38	0	30	2	47	1	45	0
19	57036590.2	G	C	38	0	30	0	47	0	45	1
12	88465632.0	G	A	358	3	597	0	671	1	559	0
12	88465632.1	G	T	358	5	597	76	671	4	559	3
12	88465632.2	G	C	358	2	597	0	671	0	559	0
1	89520851.0	A	G	159	10	167	4	151	2	148	7
3	100565246.0	G	A	487	3	577	5	617	0	627	2
3	100565246.1	G	T	487	0	577	2	617	0	627	4
2	74588704.0	C	A	172	1	147	0	201	0	171	0
2	74588704.1	C	T	172	113	147	103	201	88	171	77
2	74588704.2	C	G	172	1	147	0	201	0	171	0
11	62296299.0	G	A	307	2	226	0	233	4	234	7
11	62296299.1	G	T	307	0	226	1	233	0	234	1
11	62296299.2	G	C	307	0	226	0	233	1	234	0
1	104115756.0	C	A	463	1	563	4	533	0	490	0
1	104115756.1	C	G	463	0	563	2	533	0	490	0
1	152324518.0	A	T	1059	5	982	1	743	0	768	2
1	152324518.1	A	G	1059	2	982	1	743	2	768	0
1	152324518.2	A	C	1059	0	982	3	743	1	768	0
2	152512813.0	C	A	515	1	530	2	452	1	441	4
2	152512813.1	C	T	515	2	530	0	452	1	441	0
2	152512813.2	C	G	515	1	530	0	452	1	441	0
10	118687319.0	G	A	578	15	592	5	633	2	545	2
10	118687319.1	G	T	578	3	592	5	633	2	545	4
10	118687319.2	G	C	578	7	592	1	633	1	545	0
