Chr	Posi	Wild	Mut	Met1T:ref	Met1T:alt	Met2T:ref	Met2T:alt	Met3T:ref	Met3T:alt	Met4T:ref	Met4T:alt	Met5T:ref	Met5T:alt
1	1407265	A	G	20	7	41	6	42	0	21	13	24	16
1	9670828	G	T	8	13	34	9	9	32	3	19	5	16
1	38027220	C	T	192	80	243	63	223	174	153	106	125	97
1	72400903	G	C	165	72	164	47	116	106	127	116	147	123
1	101198074	G	A	66	31	119	17	74	62	74	49	59	46
1	113084578	T	C	205	32	217	27	151	39	217	47	241	68
1	145562524	G	A	39	21	45	8	51	38	39	19	20	12
1	151010085	G	C	284	126	311	92	310	244	216	203	208	167
1	151785790	G	A	432	0	427	0	467	134	457	0	381	0
1	154155511	C	G	149	0	183	0	164	42	176	0	130	0
1	155177637	C	T	361	0	335	0	420	112	298	0	243	0
1	167096276	G	A	56	28	74	18	51	56	47	37	31	31
1	179782935	G	A	37	15	29	9	30	29	24	21	19	12
1	190423875	G	A	264	37	352	0	445	0	310	0	238	0
1	212193534	C	T	354	0	300	0	150	0	326	63	348	40
1	217793371	G	A	123	99	176	37	143	99	105	107	117	95
1	226108319	C	G	68	49	94	19	71	71	58	52	56	42
1	226109780	C	G	49	32	95	29	60	52	47	29	47	34
2	27565708	C	T	154	69	161	30	86	118	103	110	101	97
2	43452862	C	G	32	9	32	8	37	0	22	0	20	4
2	69093297	A	T	126	59	163	14	82	111	141	73	83	83
2	74274714	C	G	54	18	59	4	45	43	48	41	46	26
2	113999210	T	G	105	11	107	4	132	6	129	0	70	12
2	133971297	C	T	290	155	381	33	368	258	247	188	303	220
2	153537835	C	G	296	0	260	0	184	55	348	0	299	0
2	166226654	A	T	313	139	246	64	110	78	211	165	287	199
2	168106564	C	A	48	29	70	23	58	28	43	25	54	34
2	168725638	C	T	134	83	132	36	140	103	128	90	111	105
2	170537584	C	T	149	38	110	19	151	49	130	38	144	39
2	206562267	G	A	219	77	329	0	301	0	233	0	224	0
2	217311767	G	A	85	118	187	83	69	188	40	146	28	152
2	217347515	G	C	72	100	136	50	39	145	36	117	41	100
3	36898114	G	A	142	0	193	0	184	0	82	40	99	11
3	48459893	C	T	38	0	90	0	94	0	35	4	44	0
3	48638208	G	A	39	7	74	0	45	0	42	0	47	0
3	50355622	C	A	24	0	44	0	26	4	25	0	21	0
3	52506357	T	A	119	0	143	0	145	0	120	0	78	12
3	62180735	G	C	90	109	144	36	45	138	45	93	19	87
3	75714700	C	A	235	21	234	19	232	44	198	30	153	37
3	109023512	T	C	122	0	106	0	138	32	110	0	78	0
3	126137954	T	G	203	0	176	0	291	74	198	0	222	0
3	127872497	C	G	20	12	31	7	21	22	20	18	25	13
3	130188025	A	G	198	89	210	66	156	148	165	120	173	151
3	133185754	C	T	93	12	100	0	153	0	92	17	81	37
3	134670352	A	T	46	22	62	20	47	35	35	29	36	19
3	138762753	G	A	210	0	186	24	220	0	179	0	161	0
3	149484989	C	T	112	39	142	46	157	119	120	112	101	106
3	159583978	C	G	185	50	167	49	184	108	140	104	176	136
3	174814623	T	C	66	36	88	18	78	48	81	39	111	41
3	174814624	C	T	70	34	91	18	78	49	85	41	112	40
3	179138708	C	T	215	0	171	9	129	0	203	52	229	50
3	195507923	C	T	202	19	177	21	257	61	179	33	150	15
3	195515382	G	C	42	0	25	4	69	13	59	0	33	0
4	7985276	T	C	367	0	324	0	431	0	327	0	256	34
4	123170751	T	A	99	179	168	66	36	173	29	191	42	196
5	5303445	G	A	28	0	46	0	73	0	49	0	31	11
5	14758708	C	T	218	96	275	54	264	121	297	159	290	127
5	64976362	C	T	63	79	105	33	14	38	37	132	27	93
5	76264554	C	T	74	60	115	36	28	149	27	132	16	94
5	77784802	G	C	146	78	245	40	247	0	224	86	138	97
5	78324418	T	C	70	107	127	56	33	142	48	163	47	149
5	101709083	A	T	229	0	249	0	66	8	285	0	187	0
5	173383130	G	A	41	31	85	31	23	45	15	66	16	46
6	16327658	T	G	33	0	48	0	42	0	37	0	28	4
6	99823979	G	C	87	0	103	0	51	17	94	0	110	0
6	108192957	A	C	122	34	149	9	164	68	133	47	138	52
6	109319859	C	T	105	28	104	0	97	0	134	0	129	0
6	129775318	G	C	301	72	343	0	351	0	243	81	280	83
6	152546954	C	T	344	71	327	33	242	63	378	76	471	104
6	152804281	G	C	425	118	496	68	527	0	483	111	400	84
7	30695573	G	A	561	0	438	0	853	144	561	0	494	0
7	73097591	C	T	118	29	153	26	85	96	94	40	64	21
7	75053369	C	T	113	17	175	0	175	0	159	0	121	0
7	86468281	G	T	138	27	159	34	93	83	133	36	134	42
7	94898616	C	T	81	33	84	37	61	74	66	18	65	25
7	101882603	A	G	16	6	15	4	6	15	15	0	13	0
7	140301412	G	A	111	0	151	0	122	40	118	0	106	0
7	150768874	G	A	64	45	99	15	92	32	60	52	49	46
7	154747257	C	T	246	0	240	4	173	54	240	5	230	0
7	158468236	A	G	181	75	183	31	170	280	151	55	198	64
7	158695085	G	C	65	19	98	14	101	4	77	25	60	19
8	1616677	G	T	47	0	53	0	55	0	40	0	32	4
8	42231825	G	A	128	32	156	26	149	46	105	44	109	53
8	101730362	C	T	162	0	126	0	77	19	127	9	152	4
8	145649499	C	A	51	4	41	0	74	0	45	10	31	6
9	5745930	G	C	70	234	120	143	32	273	30	385	36	350
9	14759893	T	C	39	135	94	84	13	159	12	242	23	191
9	37782130	C	G	173	0	132	0	116	31	226	0	177	0
9	79320184	C	T	173	0	175	0	209	51	171	0	166	0
9	84235418	C	A	850	0	632	0	797	0	739	124	825	0
9	125562602	G	A	178	52	164	41	186	98	114	106	94	99
9	133327718	C	G	459	0	406	0	552	119	424	0	446	0
9	139316325	C	T	58	27	88	21	114	59	48	35	71	30
10	1038543	C	G	191	0	186	0	79	28	211	0	165	0
10	7822066	G	C	283	133	225	81	291	128	214	170	267	156
10	11291118	G	A	222	138	284	26	128	128	222	168	233	157
10	43695207	C	T	110	0	88	0	160	27	105	0	100	0
10	97096480	G	C	175	0	153	0	111	69	168	0	136	0
10	97920219	A	G	79	35	59	29	23	13	59	53	74	43
10	101462375	G	C	174	24	156	0	249	0	231	0	237	0
10	105885361	G	A	284	44	262	0	201	0	290	65	245	59
10	108389107	C	T	154	116	203	51	152	69	133	121	115	87
11	1016887	G	A	253	22	252	19	334	21	278	22	228	36
11	1249993	G	A	5	4	10	1	17	7	11	4	7	6
11	50003867	C	T	188	81	262	37	191	112	195	100	181	111
11	57310198	G	A	69	0	79	0	37	15	72	0	63	0
11	72289550	G	T	125	370	169	186	161	348	121	423	122	302
11	72945659	G	A	41	0	35	7	25	14	48	7	33	6
11	75316863	C	T	391	40	325	27	443	0	436	53	328	30
11	94926652	C	T	574	0	407	0	164	28	635	0	536	0
11	128642864	C	G	45	32	68	21	12	66	16	56	11	52
12	11214495	T	C	32	5	32	0	14	15	42	7	33	4
12	21242960	G	A	166	34	136	0	48	0	170	44	170	43
12	21243032	G	C	82	12	74	0	19	0	107	18	67	21
12	49360203	G	T	34	0	59	0	63	0	30	4	43	0
12	63328337	G	T	37	0	44	0	56	0	58	0	30	5
12	121603912	G	C	339	156	386	82	359	274	273	234	345	238
12	125396605	G	A	24	0	25	0	21	29	39	0	23	0
12	132636167	C	T	34	4	44	0	55	0	55	0	45	0
13	26434981	A	C	165	261	309	161	39	329	67	343	94	433
13	67802065	C	G	152	25	159	0	174	0	103	34	125	41
13	84454992	G	A	102	0	172	0	172	0	95	23	96	0
13	108518366	C	T	54	0	53	0	52	0	29	10	29	0
14	23058003	G	C	252	0	257	0	235	71	220	0	187	0
14	53326337	C	T	253	147	301	83	263	166	235	202	268	199
14	55643946	C	T	349	177	372	76	116	78	279	206	301	193
14	58605614	G	A	61	30	54	11	51	29	43	39	62	33
14	58941457	G	C	336	0	257	0	162	48	383	0	332	0
14	64483261	A	G	98	37	97	32	12	10	89	67	88	69
14	64520278	G	C	257	154	252	88	224	128	240	204	245	198
14	94079330	C	T	194	84	222	69	190	140	175	107	162	126
14	94404138	G	C	151	69	140	41	143	104	97	88	89	70
15	27017609	C	G	70	52	107	35	73	99	54	53	32	64
15	32460281	G	A	33	6	52	0	40	0	45	0	27	0
15	34109112	G	C	232	46	213	22	165	62	199	63	207	61
15	35152316	T	C	164	115	252	58	44	38	146	131	141	191
15	40750931	G	A	36	0	58	0	42	8	45	0	35	0
15	40865729	G	T	73	65	90	27	72	73	51	76	48	82
15	56032669	C	A	183	32	172	31	189	59	165	46	164	56
15	81218028	C	G	55	58	131	25	93	95	52	60	34	61
16	1723899	G	C	183	104	261	23	214	155	154	111	157	111
16	9916264	G	A	142	62	173	20	156	118	140	93	118	97
16	19485542	C	G	275	136	350	44	310	214	237	144	198	136
16	23391469	T	C	136	51	137	27	117	89	107	72	81	78
16	27495550	T	C	370	0	369	0	557	0	299	94	287	42
16	30021378	G	A	23	0	20	0	35	9	20	0	14	0
16	30990494	G	T	45	0	41	5	50	0	35	0	27	0
16	58568124	C	A	274	138	302	79	300	212	209	163	217	169
16	70432202	C	T	22	10	35	5	16	33	21	22	7	15
16	75498465	A	C	35	0	28	0	53	0	32	0	18	5
16	79633517	T	C	8	1	12	0	7	3	9	5	2	1
17	7578208	T	C	383	224	411	96	468	337	310	242	291	245
17	7578275	G	A	234	144	257	69	274	190	211	158	177	159
17	7579391	G	A	118	62	110	30	111	83	104	62	94	75
17	11532791	G	A	246	0	253	0	316	77	229	0	213	0
17	41720925	G	A	156	72	154	41	134	125	112	89	96	77
17	42090416	G	C	88	36	106	20	86	74	67	36	49	33
17	44067253	C	A	238	108	248	49	244	145	205	127	184	150
17	45821883	C	T	348	0	299	0	349	91	364	0	356	0
17	47075180	C	T	156	77	192	47	179	136	130	90	95	81
17	60613572	T	G	125	65	155	44	165	80	98	73	109	69
18	47516833	G	A	105	82	129	45	94	120	36	91	50	95
19	9033731	G	C	371	90	387	64	232	288	310	127	260	125
19	9361824	C	G	24	7	23	0	14	25	25	11	21	5
19	9362071	C	G	87	24	96	11	59	60	73	37	84	24
19	9453482	T	G	69	37	55	15	59	31	40	51	57	38
19	18677976	G	C	85	12	77	0	83	0	51	0	55	0
19	22846834	C	G	122	27	123	10	20	30	124	21	103	23
19	38979846	G	A	183	0	130	0	136	45	175	0	157	0
19	38980000	G	A	118	0	123	0	129	38	136	0	116	0
19	42790961	C	T	102	23	131	18	73	98	63	32	83	36
19	42880063	G	A	21	0	20	0	11	0	11	5	14	0
19	45016988	T	G	293	32	387	20	459	37	348	19	293	25
19	45489796	G	A	156	44	174	0	204	0	158	0	137	0
19	47542664	G	T	16	4	26	0	23	0	20	0	17	0
19	49641511	G	C	55	0	74	0	95	0	64	0	50	6
19	50461754	G	T	20	4	21	6	18	4	14	13	3	9
19	51201147	G	C	120	103	167	46	191	59	97	88	83	98
20	24951008	C	T	112	72	138	29	86	122	132	85	104	77
20	31021691	A	T	33	17	24	6	40	22	27	21	18	26
20	35672496	C	T	182	87	171	33	185	103	150	97	139	110
20	45174052	G	A	25	8	35	8	17	23	12	12	16	13
21	19647574	A	C	229	0	198	0	117	15	230	0	200	0
21	39672130	C	G	178	0	170	0	153	52	244	0	138	0
21	46876010	C	A	32	0	26	0	17	4	40	0	25	0
21	47540448	G	T	52	54	87	28	44	71	58	37	30	37
22	20119536	G	T	22	0	34	0	41	0	28	5	23	0
22	21340142	C	G	132	0	165	0	148	49	142	0	121	0
22	31286723	C	G	26	0	36	9	33	12	25	10	28	0
22	32015679	G	C	159	129	268	66	156	187	114	133	113	131
22	40814587	G	T	71	7	51	0	73	35	51	15	57	12
X	22291817	A	G	5	1	14	5	4	11	7	6	1	5
X	36103517	C	T	73	50	124	44	19	55	30	54	39	79
X	53577954	C	T	64	0	106	0	73	41	63	0	70	0
X	64956743	A	G	274	27	330	31	347	36	256	56	233	27
X	110924496	T	C	76	56	157	44	38	110	30	104	19	78
