PrimT:ref	PrimT:alt	Met1T:ref	Met1T:alt	Met2T:ref	Met2T:alt	Met3T:ref	Met3T:alt
97	0	42	47	39	22	68	41
112	36	48	41	81	24	68	30
87	33	71	0	88	0	76	0
96	40	99	0	98	4	97	4
133	44	109	33	89	16	102	15
462	115	401	0	345	0	371	0
119	31	60	61	70	39	69	48
404	88	379	0	326	0	393	4
148	0	99	45	127	36	116	38
217	73	170	98	238	69	181	113
242	0	151	113	211	42	139	71
179	0	136	63	145	54	138	47
97	33	40	46	90	23	67	35
87	0	64	38	56	15	83	41
88	22	94	0	110	0	99	0
228	0	172	94	214	82	165	70
328	0	222	109	286	101	228	130
148	0	122	31	171	0	144	0
160	0	153	0	152	4	154	5
159	0	150	0	149	0	154	5
96	0	73	29	79	16	66	23
55	25	43	45	51	30	68	39
191	74	164	54	180	24	160	63
322	0	200	32	260	21	279	41
107	35	86	16	104	11	80	17
100	0	60	18	84	5	95	21
105	53	81	33	96	21	82	18
61	15	36	32	53	18	49	38
269	43	250	22	226	13	187	28
206	0	115	63	142	49	138	59
197	100	264	0	240	0	274	0
320	0	218	155	225	69	239	103
384	0	272	143	365	108	270	160
120	46	172	0	199	0	170	0
45	24	52	33	41	8	51	23
127	0	99	60	141	36	125	48
251	89	177	104	273	102	190	116
278	77	339	0	317	0	313	0
200	92	197	115	196	74	186	90
103	53	159	0	140	0	136	0
127	36	101	65	147	44	138	47
167	0	103	59	141	35	69	39
214	77	220	0	261	0	206	0
55	0	15	25	49	15	16	8
76	0	31	24	64	19	46	11
106	0	71	0	116	0	75	9
113	30	50	35	80	25	58	43
281	0	149	41	148	13	214	35
62	18	33	33	57	18	37	46
56	76	60	85	72	49	64	45
375	0	303	104	311	75	315	137
34	19	21	45	48	24	30	36
455	104	388	129	407	78	441	141
21	0	13	23	16	12	27	18
135	42	116	0	132	0	123	0
269	49	265	0	264	0	298	0
320	97	254	135	384	106	288	113
153	0	99	52	139	29	138	59
225	0	116	68	168	40	135	63
92	17	131	0	75	0	131	0
53	17	24	37	45	21	39	52
96	0	69	43	92	24	67	22
65	0	62	13	38	12	41	0
247	0	279	66	229	22	188	0
221	0	176	48	210	23	148	0
72	0	50	0	60	8	73	0
327	66	314	0	313	0	284	0
178	45	179	0	212	0	205	0
263	0	178	97	257	67	222	81
159	56	124	93	173	37	138	82
242	0	181	101	224	73	179	98
159	23	196	0	170	0	202	0
336	49	365	0	387	0	323	0
97	0	70	0	71	5	59	39
125	45	78	21	93	13	126	30
44	0	34	13	39	13	33	18
181	0	72	43	119	44	86	90
18	5	5	6	7	2	4	8
133	62	129	0	133	0	185	0
191	48	159	0	174	0	144	0
244	67	123	126	180	81	146	127
205	0	156	39	193	31	153	23
79	0	52	14	95	13	90	13
125	24	120	0	110	4	117	0
168	0	95	78	122	49	114	57
65	0	32	7	44	0	47	0
95	0	64	47	86	18	65	23
206	69	144	98	208	77	183	92
121	0	89	50	119	47	100	42
157	30	141	0	155	0	144	0
311	0	174	90	290	77	183	90
254	0	223	64	267	46	213	38
55	25	52	33	45	16	48	20
54	26	55	33	46	16	48	19
188	68	140	80	184	44	151	77
66	0	44	98	72	56	46	81
85	53	124	0	116	0	115	0
175	0	117	106	209	56	143	86
59	15	60	46	70	35	58	22
206	104	209	0	187	0	223	0
262	108	207	69	271	34	205	54
174	0	84	64	110	41	115	48
29	7	12	5	17	10	12	6
103	0	71	16	46	14	73	13
193	0	109	81	169	60	87	73
82	0	32	42	84	20	75	31
81	0	89	4	64	0	75	13
130	0	83	61	85	42	99	81
196	69	149	68	190	48	164	52
32	25	35	13	41	14	31	23
115	0	106	7	99	4	93	0
57	0	28	20	33	8	27	17
226	56	173	103	164	50	172	73
132	53	84	69	113	38	84	52
236	118	112	86	152	28	196	53
157	47	111	49	135	10	108	0
105	0	44	28	97	7	93	0
128	0	121	35	106	16	125	34
66	0	44	34	38	21	39	33
51	15	43	5	36	0	57	18
96	0	55	58	86	39	39	57
211	0	159	61	190	20	171	49
144	0	92	24	87	18	102	25
69	39	55	0	66	0	70	0
101	29	90	0	73	0	88	0
97	0	28	36	47	13	38	24
145	0	48	57	77	30	52	39
87	0	51	17	55	7	66	14
266	0	131	123	161	46	157	82
283	86	154	135	203	83	207	130
140	0	103	23	102	8	93	15
7	4	1	3	2	8	6	8
140	60	99	52	152	33	120	55
104	0	60	30	80	24	68	53
111	7	104	7	126	8	104	6
80	35	80	0	99	0	89	0
177	0	95	48	163	39	152	63
686	7	671	172	754	114	744	167
242	0	118	90	204	64	144	80
166	76	172	0	191	0	191	0
240	42	194	110	203	50	190	88
108	51	145	0	117	0	119	0
132	45	121	68	160	49	133	54
126	51	121	68	167	50	136	59
146	22	179	0	160	0	182	0
42	0	47	28	46	16	41	30
71	26	83	47	107	27	101	45
45	0	37	4	43	0	26	0
84	0	31	51	56	30	31	38
