Chr	Posi	Wild	Mut	PrimT:ref	PrimT:alt	Met1T:ref	Met1T:alt	Met3T:ref	Met3T:alt	Met4T:ref	Met4T:alt
1	10434931	G	T	110	0	117	0	111	0	76	31
1	17718702	G	A	156	0	112	28	211	55	88	0
1	22186694	G	T	95	0	100	26	186	0	43	0
1	25747130	C	T	329	0	305	0	351	0	265	54
1	117146438	G	A	97	41	77	10	162	50	60	9
1	151079573	G	A	183	0	67	11	121	0	136	0
1	152129071	G	A	293	18	236	16	170	19	199	25
1	161180178	A	G	64	0	47	0	44	0	45	14
1	161180179	G	T	59	0	47	0	44	0	43	14
1	197036340	T	G	79	0	74	12	31	13	109	0
1	198704277	C	T	401	0	269	0	280	50	459	0
1	213341248	G	A	390	76	195	43	212	64	308	73
1	226924739	C	T	41	27	51	38	134	88	43	41
1	235324325	C	T	99	0	75	0	158	57	91	0
1	240371455	G	A	75	14	90	27	159	71	70	20
1	240635685	G	A	131	103	174	105	62	48	143	152
2	26987265	T	C	109	0	88	15	284	0	111	0
2	48030664	G	T	273	68	199	43	189	68	258	96
2	54482945	A	G	63	0	49	0	69	18	37	0
2	64780408	G	T	106	0	64	0	72	0	67	15
2	100170988	C	G	40	12	39	11	101	31	37	0
2	144764869	G	C	116	36	96	0	68	27	89	52
2	173832172	C	T	145	26	76	29	228	78	117	0
2	196583039	A	G	133	31	80	16	83	23	162	0
2	198646474	C	T	262	77	153	28	176	50	254	76
2	210824360	G	A	296	82	213	45	246	91	168	67
2	236949481	C	T	121	30	159	0	350	88	92	41
3	9594202	G	T	24	15	36	18	62	38	34	15
3	36893797	T	A	133	0	81	0	98	0	88	36
3	55984456	C	T	140	0	80	0	92	0	74	36
3	79638985	T	A	170	0	57	0	40	16	130	0
3	79638986	G	A	174	0	57	0	40	19	133	0
3	124731739	G	A	68	93	79	63	74	74	75	86
3	142188239	T	A	198	0	105	17	107	0	234	0
3	148885690	G	A	300	354	208	162	123	146	320	348
3	151105621	G	A	173	27	115	14	196	33	177	33
3	157131880	C	A	108	25	54	17	49	14	99	23
3	164697162	G	A	496	81	387	68	289	37	526	111
3	167184983	A	G	505	0	259	0	207	30	447	0
3	167184984	G	T	507	0	261	0	207	31	449	0
3	178936091	G	A	259	165	109	95	86	99	210	198
4	36115849	T	G	404	56	335	53	113	35	548	187
4	141789474	C	A	181	0	200	0	162	0	210	45
4	145041668	C	T	40	0	63	0	33	0	56	14
4	149356586	G	A	73	24	84	8	35	26	73	23
4	190878625	A	G	339	10	285	18	217	10	312	32
5	52216234	G	T	285	0	166	36	135	0	414	0
5	74646984	G	A	133	0	80	0	63	19	168	0
5	77423892	G	A	218	0	125	24	154	0	216	0
5	133942641	T	G	211	0	143	0	187	0	191	47
5	140249849	G	A	102	20	69	23	192	50	95	14
5	140763556	A	G	43	17	28	5	23	12	34	0
5	168175394	T	A	70	0	62	20	192	0	68	0
6	36981394	C	A	256	0	159	30	355	0	144	0
6	48036193	C	T	27	16	43	15	58	42	37	24
6	70092770	A	C	172	44	131	0	93	0	177	0
6	72968715	G	C	195	44	113	36	105	31	126	48
6	90513191	C	T	42	81	26	46	32	106	49	44
6	117150092	C	T	194	0	123	20	192	0	168	0
6	132695784	C	T	334	87	189	40	155	40	225	106
6	158870175	G	A	162	42	146	45	262	86	120	0
6	161969943	C	G	124	0	92	0	188	0	47	24
7	29963598	T	C	200	0	170	0	163	30	180	0
7	71252771	C	T	78	0	80	0	190	65	66	0
7	82763965	G	A	98	38	107	26	123	32	86	25
7	91712576	A	G	106	39	80	14	35	17	101	27
7	99103707	C	A	145	0	112	0	71	22	141	0
7	100656271	C	T	114	0	142	0	169	66	101	0
7	127973350	A	G	181	0	141	31	135	0	169	0
7	138406715	G	T	122	55	78	11	87	68	58	47
7	141738390	T	C	105	0	86	0	144	0	79	22
8	33451178	G	T	82	0	91	0	166	74	69	0
8	51449341	A	G	601	0	365	61	861	0	568	0
8	68007601	G	T	206	0	111	0	116	18	248	0
8	72111602	G	A	273	0	204	0	585	0	266	54
8	110985000	C	G	299	0	141	11	179	30	287	0
9	3937104	C	T	477	0	379	89	527	119	420	0
9	21971120	G	A	6	11	2	9	9	38	10	11
9	35607928	G	A	288	76	204	37	199	57	190	42
9	36677287	G	T	185	0	62	0	96	32	170	0
9	73399139	T	C	84	63	120	55	86	81	106	66
9	88954997	C	T	288	18	191	40	140	32	227	46
9	125424186	C	A	79	0	115	0	81	28	77	0
9	136081755	A	T	222	0	299	0	468	0	155	39
9	140997191	G	C	92	84	79	90	199	135	86	46
10	64575686	G	A	174	122	148	89	240	212	110	95
10	70641814	G	A	135	93	84	46	59	61	111	93
10	96818251	A	G	176	0	82	15	92	0	172	0
11	2321780	C	T	85	15	81	0	215	66	48	8
11	19955533	G	A	74	14	78	10	124	24	59	12
11	55927290	G	T	84	23	55	15	65	9	55	18
11	66258799	G	A	161	28	123	33	178	31	124	20
11	75852266	G	A	96	19	46	26	139	34	57	17
11	75905663	C	A	209	0	173	0	457	0	138	51
11	108383537	C	A	91	0	55	11	86	0	75	0
11	123753997	T	G	91	0	41	0	74	21	76	0
12	9085221	C	A	115	23	57	17	118	24	54	5
12	39242379	T	C	122	0	91	0	32	0	131	54
12	55820846	G	A	13	22	24	4	8	12	24	9
12	85408335	C	A	161	0	118	33	67	0	221	0
12	90036016	C	T	169	39	162	0	68	22	282	0
12	99223027	G	A	228	57	135	0	175	48	198	0
12	122406041	G	A	111	0	104	0	170	31	87	0
13	52725364	C	T	172	34	130	25	96	16	241	43
13	103398590	G	A	18	19	7	3	17	10	12	14
14	21216000	C	T	198	0	93	0	177	39	133	0
14	22133842	T	C	119	0	100	0	157	0	88	27
14	58033250	G	C	230	0	90	25	202	0	176	0
14	59988392	A	C	170	0	166	0	181	0	157	50
14	90650879	C	A	180	0	75	24	247	0	126	0
14	94780384	A	T	62	62	86	30	85	62	47	40
14	105609432	G	A	13	14	15	11	84	84	8	13
15	44194429	A	G	447	0	344	0	296	59	396	0
15	55759236	T	C	227	0	221	4	126	4	204	63
15	101447344	C	T	167	43	105	47	127	58	115	34
16	1292189	G	A	50	0	76	0	127	39	38	0
16	30380600	C	G	30	13	34	4	60	21	21	8
16	30794458	C	T	46	0	60	25	187	40	33	0
16	46696915	C	T	89	20	53	0	69	0	60	14
16	50666248	A	T	181	0	115	20	191	0	164	0
16	51174353	C	T	160	0	87	0	264	0	84	29
16	61687551	G	A	80	25	63	6	50	10	48	13
16	83948728	C	T	143	0	58	28	257	0	89	0
16	87377366	G	A	102	24	60	11	175	48	91	14
17	7577568	C	T	108	35	114	18	158	115	80	29
17	9791287	A	C	254	0	204	37	250	72	248	0
17	10210354	T	A	290	0	240	0	253	42	257	0
17	18196043	C	T	257	0	189	0	336	80	199	0
17	27064509	C	T	29	38	18	14	99	83	27	21
17	37830287	G	T	347	0	218	0	432	0	194	45
17	38348869	G	T	353	0	215	0	249	0	210	61
17	38816295	C	A	237	68	172	65	170	38	191	66
17	39023198	G	T	72	0	41	0	44	15	59	0
17	40315779	G	A	56	0	53	0	76	27	50	0
17	41197782	T	A	162	0	114	0	189	0	102	26
17	76799726	G	A	33	30	30	5	96	38	23	7
19	1816070	G	A	164	43	138	39	457	128	110	38
19	2850623	C	T	334	97	259	64	289	84	257	84
19	9018463	T	C	354	6	374	11	371	0	306	9
19	18545752	G	A	139	23	98	25	222	53	54	14
19	31768018	C	T	20	9	31	6	55	15	13	4
19	34710362	G	C	190	0	166	0	188	11	123	8
19	36036648	C	T	186	0	240	0	549	0	144	29
19	49392796	A	T	152	0	148	38	177	0	143	0
19	51323290	G	T	74	0	75	21	111	0	65	0
19	52570732	G	A	47	88	64	37	45	48	33	70
20	18295866	C	T	155	42	93	23	111	52	88	51
20	34458922	T	C	222	47	135	0	210	0	166	47
21	27117630	T	C	210	0	85	0	92	0	148	55
21	41385263	G	T	39	13	18	12	44	13	29	12
22	29837827	A	G	200	23	165	16	285	24	160	10
22	32506093	A	G	136	0	114	0	139	0	80	36
X	9862566	C	T	92	0	57	22	179	47	47	0
X	22291300	T	G	79	0	67	0	31	8	88	0
X	37028261	G	A	38	0	42	12	77	16	37	0
X	49034390	A	G	90	0	50	13	198	44	47	0
X	66765004	G	A	124	70	100	58	161	75	65	40
X	67935191	C	T	428	199	428	146	383	173	322	54
X	76711894	G	A	212	0	147	0	144	19	92	0
X	101096713	T	A	173	0	200	0	236	0	93	25
X	105279119	G	A	201	97	117	65	116	90	83	83
X	114877684	C	T	271	105	167	61	188	80	203	33
X	149783060	A	T	459	0	332	0	220	0	271	98
X	152772535	G	A	69	63	73	23	132	74	35	22
X	154159624	C	T	535	111	332	56	312	70	282	70
