Chr	Posi	Wild	Mut	Met1T:ref	Met1T:alt	Met2T:ref	Met2T:alt	PrimT:ref	PrimT:alt
1	206820879.0	T	G	50	1	45	0	44	0
1	206820879.1	T	C	50	29	45	13	44	21
10	135440123.0	C	T	131	26	112	26	108	35
10	135440123.1	C	A	131	0	112	1	108	0
X	70357222.0	C	T	45	15	56	17	55	32
9	137623973.0	G	A	182	66	168	77	264	114
9	137623973.1	G	T	182	1	168	0	264	2
9	137623973.2	G	C	182	1	168	0	264	0
8	1626779.0	C	A	40	7	24	8	37	21
2	95541365.0	C	T	389	114	418	120	554	177
2	95541365.1	C	A	389	0	418	0	554	1
2	95541365.2	C	G	389	0	418	0	554	1
19	42410758.0	A	T	43	19	68	28	62	56
4	103531773.0	C	A	205	59	160	48	169	91
12	19427603.0	T	A	106	1	75	0	99	0
12	19427603.1	T	C	106	27	75	5	99	4
22	43447846.0	G	A	211	28	257	9	429	1
17	75205556.0	G	A	191	58	142	66	171	86
X	11272772.0	G	T	110	48	112	41	97	43
X	11272772.1	G	C	110	1	112	0	97	0
4	122301509.0	G	T	85	0	74	0	114	20
4	122301509.1	G	C	85	0	74	0	114	1
11	66205661.0	G	A	214	92	192	61	203	71
11	66205661.1	G	T	214	0	192	0	203	1
2	73520401.0	G	T	29	16	56	12	54	26
17	39672202.0	C	T	316	161	335	126	435	177
17	39672202.1	C	A	316	0	335	1	435	0
20	31982844.0	T	C	89	29	80	31	97	46
6	64421249.0	G	C	91	20	85	3	57	6
17	33806473.0	T	A	102	38	60	28	80	38
3	182733336.0	T	G	283	1	197	0	212	0
3	182733336.1	T	C	283	0	197	37	212	0
2	202626305.0	T	G	106	51	106	48	118	56
12	78593238.0	A	T	134	64	122	46	137	47
12	54394026.0	C	T	141	52	149	33	183	87
3	38168076.0	T	C	360	109	261	101	411	193
16	21716614.0	G	T	64	19	52	12	67	45
12	10149866.0	C	T	126	50	74	34	120	43
12	10149866.1	C	G	126	0	74	1	120	0
12	15073948.0	T	A	411	0	256	30	340	0
12	72969089.0	A	G	189	65	171	48	138	62
3	41266113.0	C	G	75	26	44	17	55	23
6	64408369.0	G	A	112	31	94	4	98	4
7	117432677.0	C	A	223	75	220	68	237	84
7	117432677.1	C	T	223	1	220	2	237	0
7	117432677.2	C	G	223	1	220	0	237	0
11	5322449.0	C	T	53	15	50	21	47	16
11	5322449.1	C	A	53	0	50	1	47	0
11	5322449.2	C	G	53	0	50	1	47	0
