Chr	Posi	Wild	Mut	Met1T:ref	Met1T:alt	Met2T:ref	Met2T:alt	Met3T:ref	Met3T:alt
12	133780551.0	C	A	116	56	117	2	136	167
12	133780551.1	C	T	116	1	117	0	136	0
12	133780551.2	C	G	116	1	117	0	136	0
19	44376814.0	T	C	128	14	131	53	149	43
19	44376814.1	T	G	128	0	131	1	149	1
19	44376814.2	T	A	128	0	131	0	149	1
4	9784882.0	A	G	98	8	70	5	71	8
4	9784882.1	A	T	98	0	70	0	71	2
4	20618810.0	C	A	121	0	92	0	53	24
4	20618810.1	C	G	121	0	92	0	53	1
13	23912763.0	C	A	99	0	63	0	92	21
8	42611182.0	C	T	90	0	63	21	81	0
12	133779420.0	C	T	57	29	54	0	42	83
12	133779420.1	C	A	57	0	54	1	42	0
12	133779659.0	C	A	115	3	112	0	151	0
12	133779659.1	C	T	115	65	112	0	151	218
22	18910648.0	G	T	145	50	79	81	75	134
20	49181550.0	A	T	234	2	302	1	284	2
20	49181550.1	A	G	234	48	302	64	284	77
20	49181550.2	A	C	234	0	302	1	284	0
15	57838439.0	T	G	67	0	55	0	113	24
12	133780803.0	C	T	260	2	268	0	282	8
12	133780803.1	C	G	260	186	268	11	282	472
12	133780803.2	C	A	260	0	268	2	282	2
12	14940026.0	G	T	98	17	75	11	117	34
12	14940026.1	G	C	98	1	75	0	117	0
19	4511599.0	C	G	107	1	74	13	82	8
19	4511599.1	C	T	107	0	74	1	82	0
8	64099797.0	G	T	80	1	95	1	77	0
8	64099797.1	G	C	80	14	95	28	77	58
8	64099797.2	G	A	80	0	95	1	77	1
2	198571611.0	G	A	105	18	74	103	36	57
2	198571611.1	G	T	105	0	74	1	36	0
2	198571612.0	C	T	106	19	73	105	34	57
2	198571612.1	C	A	106	0	73	1	34	0
2	198571612.2	C	G	106	0	73	1	34	0
11	57176709.0	G	A	241	2	216	3	241	0
11	57176709.1	G	T	241	47	216	34	241	147
11	57176709.2	G	C	241	1	216	1	241	1
9	86004582.0	G	A	161	1	92	0	126	2
9	86004582.1	G	T	161	0	92	71	126	0
9	114145508.0	C	T	129	34	177	1	133	0
9	114145508.1	C	A	129	0	177	0	133	1
5	78985815.0	G	T	91	1	98	0	55	2
5	78985815.1	G	C	91	29	98	35	55	43
5	78985815.2	G	A	91	0	98	1	55	2
4	71347090.0	A	T	466	4	382	5	673	156
4	71347090.1	A	G	466	1	382	0	673	12
4	71347090.2	A	C	466	8	382	4	673	17
1	228612904.0	G	A	187	46	162	60	179	46
1	228612904.1	G	T	187	0	162	1	179	0
1	228612904.2	G	C	187	0	162	1	179	0
4	71347089.0	G	A	470	6	380	3	655	19
4	71347089.1	G	T	470	3	380	5	655	10
4	71347089.2	G	C	470	2	380	4	655	164
17	37373108.0	C	A	355	3	233	3	268	4
17	37373108.1	C	T	355	82	233	64	268	191
17	37373108.2	C	G	355	1	233	2	268	5
2	74709499.0	T	A	19	22	8	17	4	17
2	74709499.1	T	G	19	1	8	0	4	0
5	109181619.0	C	T	255	0	242	1	177	1
5	109181619.1	C	A	255	0	242	0	177	2
5	109181619.2	C	G	255	0	242	0	177	60
12	58025087.0	G	A	112	71	134	44	26	176
12	58025087.1	G	T	112	1	134	0	26	0
12	58025087.2	G	C	112	0	134	0	26	2
6	24576767.0	C	A	456	1	377	1	414	2
6	24576767.1	C	T	456	102	377	149	414	274
6	24576767.2	C	G	456	0	377	0	414	4
12	4919432.0	C	A	173	1	111	1	140	0
12	4919432.1	C	T	173	54	111	35	140	100
9	139101079.0	G	A	60	17	20	52	7	64
15	102244140.0	C	A	356	1	323	1	289	85
15	102244140.1	C	T	356	1	323	0	289	1
15	102244140.2	C	G	356	0	323	1	289	0
1	34066580.0	G	A	645	3	375	1	459	3
1	34066580.1	G	T	645	0	375	3	459	3
1	34066580.2	G	C	645	0	375	144	459	0
12	133780578.0	C	T	79	43	90	2	80	97
12	133780578.1	C	G	79	0	90	1	80	1
12	133780578.2	C	A	79	0	90	0	80	3
17	11455229.0	C	A	191	1	185	0	289	76
17	11455229.1	C	T	191	0	185	1	289	2
1	19440264.0	T	A	116	16	115	46	98	26
1	19440264.1	T	G	116	0	115	1	98	0
1	19440264.2	T	C	116	0	115	1	98	2
X	53349931.0	G	T	71	0	55	0	13	14
1	212965320.0	C	A	162	33	183	75	89	17
1	212965320.1	C	T	162	0	183	1	89	0
6	75838122.0	C	A	228	1	255	0	249	52
6	75838122.1	C	T	228	0	255	0	249	1
6	75838122.2	C	G	228	0	255	0	249	1
2	183792917.0	G	A	333	1	316	1	182	1
2	183792917.1	G	C	333	0	316	1	182	0
2	183792917.2	G	T	333	0	316	0	182	70
17	37373107.0	T	A	353	82	234	65	261	192
17	37373107.1	T	G	353	1	234	1	261	7
17	37373107.2	T	C	353	1	234	4	261	5
22	42981798.0	C	G	161	37	100	40	112	83
22	42981798.1	C	A	161	0	100	2	112	1
22	42981798.2	C	T	161	0	100	0	112	1
5	14461216.0	G	A	36	23	34	41	39	98
5	14461216.1	G	C	36	0	34	1	39	0
19	9059587.0	T	G	122	0	105	1	109	25
19	9059587.1	T	C	122	0	105	0	109	4
14	42361097.0	A	T	93	22	77	39	114	87
14	42361097.1	A	G	93	1	77	0	114	2
14	73959077.0	G	C	57	17	38	18	53	26
17	9757842.0	C	A	349	0	333	1	269	2
17	9757842.1	C	T	349	0	333	64	269	209
17	9757842.2	C	G	349	0	333	2	269	0
17	73808271.0	C	G	269	43	312	0	256	0
17	73808271.1	C	A	269	0	312	2	256	0
17	73808271.2	C	T	269	0	312	1	256	0
9	6482099.0	G	T	211	0	267	1	212	60
X	31645899.0	G	T	288	1	286	83	152	69
X	31645899.1	G	C	288	0	286	1	152	0
X	31645899.2	G	A	288	0	286	0	152	2
2	39224440.0	T	A	487	0	391	1	332	113
2	39224440.1	T	C	487	0	391	2	332	5
2	39224440.2	T	G	487	0	391	0	332	1
16	67478452.0	T	A	159	1	72	0	101	0
16	67478452.1	T	C	159	0	72	43	101	0
10	31809611.0	C	T	52	12	30	29	20	44
10	31809611.1	C	A	52	0	30	0	20	1
17	37317574.0	G	T	192	0	116	1	204	1
17	37317574.1	G	C	192	0	116	0	204	60
17	37317573.0	C	G	192	0	116	1	203	1
17	37317573.1	C	A	192	0	116	0	203	63
17	37317573.2	C	T	192	0	116	0	203	2
X	102005156.0	A	C	122	8	163	8	140	17
1	153915373.0	C	T	58	19	40	9	39	11
14	23894170.0	C	A	329	0	199	0	326	61
14	23894170.1	C	T	329	0	199	0	326	1
14	23894170.2	C	G	329	0	199	0	326	1
5	147491350.0	G	A	151	38	156	62	119	86
5	147491350.1	G	T	151	2	156	0	119	0
5	147491350.2	G	C	151	0	156	0	119	1
19	9059588.0	C	A	122	0	102	1	113	0
19	9059588.1	C	T	122	0	102	0	113	3
19	9059588.2	C	G	122	0	102	0	113	24
19	45790900.0	G	A	278	1	198	1	254	3
19	45790900.1	G	T	278	22	198	79	254	90
19	45790900.2	G	C	278	1	198	0	254	0
7	96650148.0	G	C	387	1	422	0	424	0
7	96650148.1	G	T	387	0	422	1	424	66
7	96650148.2	G	A	387	0	422	0	424	3
22	38271975.0	G	T	88	0	79	1	124	1
22	38271975.1	G	A	88	0	79	0	124	24
22	38271975.2	G	C	88	0	79	0	124	1
16	56485645.0	G	A	192	3	184	1	17	1
16	56485645.1	G	T	192	2	184	0	17	3
16	56485645.2	G	C	192	92	184	92	17	101
22	37771448.0	G	A	324	151	145	138	62	278
22	37771448.1	G	T	324	1	145	1	62	0
22	37771448.2	G	C	324	0	145	0	62	1
5	146804491.0	G	T	193	29	164	91	136	77
5	146804491.1	G	A	193	0	164	1	136	0
5	146804491.2	G	C	193	0	164	1	136	0
3	148802482.0	T	A	182	0	198	3	293	0
3	148802482.1	T	C	182	0	198	68	293	0
12	133779880.0	C	A	127	2	119	0	146	1
12	133779880.1	C	T	127	79	119	4	146	221
21	22664521.0	G	A	271	2	215	1	63	3
21	22664521.1	G	T	271	2	215	0	63	3
21	22664521.2	G	C	271	46	215	76	63	321
17	18150651.0	C	G	171	0	91	23	94	52
17	18150651.1	C	T	171	0	91	0	94	1
10	123298217.0	G	A	107	2	129	0	95	1
10	123298217.1	G	C	107	0	129	0	95	23
11	47372917.0	G	A	168	28	95	0	71	49
10	24880837.0	A	G	280	27	204	23	234	45
10	24880837.1	A	C	280	1	204	0	234	0
X	107979048.0	T	A	164	25	141	55	92	89
X	107979048.1	T	G	164	0	141	1	92	0
X	107979048.2	T	C	164	0	141	0	92	1
11	18728662.0	C	A	164	1	99	0	128	0
11	18728662.1	C	T	164	1	99	0	128	0
11	18728662.2	C	G	164	42	99	57	128	89
7	121659316.0	A	G	301	2	423	2	374	3
7	121659316.1	A	C	301	1	423	0	374	60
7	121659316.2	A	T	301	0	423	1	374	4
17	10442571.0	C	T	566	0	529	5	637	181
17	10442571.1	C	A	566	0	529	0	637	2
17	10442571.2	C	G	566	0	529	0	637	4
1	40431622.0	A	T	80	1	73	1	43	0
1	40431622.1	A	G	80	26	73	23	43	34
1	40431622.2	A	C	80	0	73	0	43	1
5	127728896.0	C	A	184	1	133	0	104	3
5	127728896.1	C	T	184	3	133	0	104	2
5	127728896.2	C	G	184	35	133	41	104	80
X	106066556.0	C	A	131	0	140	1	113	1
X	106066556.1	C	T	131	0	140	1	113	0
X	106066556.2	C	G	131	0	140	53	113	40
7	43351426.0	G	A	291	0	258	1	263	30
7	43351426.1	G	C	291	0	258	0	263	1
14	93286155.0	G	A	328	27	220	99	362	282
14	93286155.1	G	T	328	0	220	0	362	3
14	93286155.2	G	C	328	0	220	0	362	2
1	196794607.0	C	A	55	4	69	24	21	23
4	103968250.0	T	C	101	25	72	33	67	62
4	103968250.1	T	A	101	0	72	1	67	0
1	28904088.0	G	C	195	36	147	60	192	76
1	28904088.1	G	T	195	0	147	0	192	1
9	96428056.0	G	A	235	42	261	37	124	95
9	96428056.1	G	T	235	0	261	1	124	0
9	96428056.2	G	C	235	0	261	0	124	1
22	38119755.0	C	A	108	15	58	13	32	32
22	38119755.1	C	T	108	0	58	0	32	2
22	38119755.2	C	G	108	0	58	0	32	1
5	178044423.0	T	A	266	3	251	1	244	0
5	178044423.1	T	G	266	1	251	2	244	0
5	178044423.2	T	C	266	68	251	86	244	187
X	45013168.0	G	A	97	0	61	0	41	6
19	2249643.0	C	A	31	8	18	5	26	19
6	153043129.0	T	A	144	24	62	66	69	75
6	153043129.1	T	G	144	1	62	0	69	2
6	153043129.2	T	C	144	1	62	0	69	1
X	101139182.0	C	A	178	1	235	1	139	0
X	101139182.1	C	T	178	0	235	0	139	1
X	101139182.2	C	G	178	0	235	0	139	46
17	28618469.0	A	G	329	0	184	22	228	0
1	57399037.0	C	T	77	13	44	24	57	17
1	57399037.1	C	G	77	1	44	0	57	0
14	23894169.0	T	A	328	0	205	0	332	59
14	23894169.1	T	G	328	0	205	0	332	4
12	18234245.0	G	T	161	1	103	2	111	0
12	18234245.1	G	C	161	35	103	19	111	112
12	18234245.2	G	A	161	0	103	1	111	0
11	17419251.0	C	A	141	16	103	27	43	51
5	179193632.0	G	A	21	9	29	15	36	21
5	179193632.1	G	C	21	0	29	0	36	1
16	88729441.0	G	T	205	0	146	65	178	0
16	88729441.1	G	A	205	0	146	0	178	2
7	88966191.0	C	T	102	2	149	62	143	32
7	88966191.1	C	A	102	0	149	1	143	2
7	88966191.2	C	G	102	0	149	2	143	1
16	67914684.0	G	A	61	0	43	1	57	0
16	67914684.1	G	C	61	0	43	16	57	0
16	67914684.2	G	T	61	0	43	0	57	1
1	183079751.0	G	A	175	13	160	65	128	120
1	183079751.1	G	T	175	0	160	1	128	0
1	183079751.2	G	C	175	0	160	0	128	1
5	79279514.0	G	A	199	0	149	74	188	3
5	79279514.1	G	T	199	0	149	1	188	0
5	79279514.2	G	C	199	0	149	1	188	0
7	95218952.0	C	T	246	1	391	0	310	1
7	95218952.1	C	A	246	0	391	3	310	69
7	95218952.2	C	G	246	0	391	0	310	1
3	188242480.0	G	C	103	1	122	0	101	1
3	188242480.1	G	A	103	0	122	34	101	16
3	188242480.2	G	T	103	0	122	0	101	1
18	14542978.0	C	T	151	9	78	4	68	11
18	14542978.1	C	A	151	0	78	1	68	0
8	64087922.0	G	T	377	0	416	1	388	72
8	64087922.1	G	A	377	0	416	0	388	1
12	41352978.0	A	G	166	0	174	1	78	60
20	5081522.0	C	A	187	13	152	8	93	9
22	20761134.0	G	T	184	1	136	1	117	24
22	20761134.1	G	A	184	0	136	0	117	1
14	71495417.0	C	T	497	0	431	0	508	2
14	71495417.1	C	G	497	0	431	0	508	80
16	67761342.0	C	A	76	1	46	0	33	6
2	130940009.0	G	C	198	57	113	58	174	125
2	130940009.1	G	A	198	0	113	1	174	1
2	130940009.2	G	T	198	0	113	1	174	3
12	6493583.0	G	T	40	5	36	9	19	18
4	123332548.0	G	T	127	0	144	27	140	0
4	123332548.1	G	C	127	0	144	2	140	0
4	123332548.2	G	A	127	0	144	0	140	3
16	24372943.0	G	T	189	0	114	46	135	1
16	24372943.1	G	C	189	0	114	1	135	0
16	24372943.2	G	A	189	0	114	0	135	1
1	183920222.0	C	A	187	0	188	0	156	42
1	183920222.1	C	G	187	0	188	0	156	1
13	49795307.0	G	A	60	17	28	1	101	0
13	49795307.1	G	C	60	4	28	0	101	0
14	23901062.0	C	G	179	1	109	0	128	0
14	23901062.1	C	A	179	0	109	0	128	48
14	23901062.2	C	T	179	0	109	0	128	1
19	51298312.0	C	A	71	21	52	25	25	36
19	51298312.1	C	T	71	0	52	0	25	1
19	51298312.2	C	G	71	0	52	0	25	1
1	1269750.0	G	C	21	6	10	7	10	4
3	62739223.0	T	C	159	54	57	56	26	113
3	62739223.1	T	A	159	0	57	0	26	1
1	11733403.0	C	A	151	1	87	0	84	1
1	11733403.1	C	T	151	25	87	35	84	27
1	11733403.2	C	G	151	0	87	0	84	1
12	53346023.0	C	T	29	0	9	5	12	0
3	169656287.0	G	C	47	8	145	1	54	28
3	169656287.1	G	A	47	0	145	1	54	0
3	169656287.2	G	T	47	0	145	0	54	1
13	48955485.0	G	A	239	0	185	0	268	3
13	48955485.1	G	C	239	0	185	0	268	75
11	71847009.0	C	G	133	1	79	0	45	35
X	117718757.0	A	G	198	35	225	82	114	165
11	89443710.0	C	T	79	11	53	4	51	19
12	125396605.0	G	A	7	0	0	2	5	11
6	24145957.0	G	T	80	15	52	31	72	46
6	24145957.1	G	C	80	0	52	1	72	0
1	157491012.0	C	A	106	7	62	25	36	31
1	157491011.0	G	A	106	7	62	24	35	31
1	157491011.1	G	C	106	0	62	1	35	0
16	90029834.0	G	T	137	1	93	0	42	19
8	1575053.0	G	C	92	26	20	26	10	42
8	1575053.1	G	T	92	0	20	0	10	2
17	37331781.0	C	A	103	14	65	0	98	0
17	37331781.1	C	T	103	0	65	1	98	0
17	37331781.2	C	G	103	0	65	0	98	1
14	59112425.0	G	A	104	2	51	6	114	1
2	48035331.0	C	A	152	50	95	58	22	110
2	48035331.1	C	T	152	0	95	1	22	0
12	72029232.0	T	G	267	1	251	1	333	0
12	72029232.1	T	A	267	0	251	1	333	0
12	72029232.2	T	C	267	0	251	59	333	0
15	75648459.0	C	T	94	17	41	18	74	8
15	75648459.1	C	G	94	0	41	1	74	0
11	7110489.0	C	A	195	32	96	26	120	62
11	7110489.1	C	T	195	1	96	0	120	0
11	7110489.2	C	G	195	0	96	0	120	2
14	104569991.0	C	A	141	0	91	0	116	14
1	154991025.0	T	A	276	2	259	8	282	6
1	154991025.1	T	G	276	7	259	15	282	40
1	154991025.2	T	C	276	3	259	7	282	6
11	66276596.0	C	T	187	24	129	25	171	47
11	66276596.1	C	G	187	1	129	0	171	1
3	121230781.0	G	A	325	55	229	86	233	173
3	121230781.1	G	T	325	2	229	1	233	3
3	121230781.2	G	C	325	1	229	2	233	2
20	4893619.0	C	A	134	2	66	0	124	0
20	4893619.1	C	G	134	29	66	23	124	24
20	4893619.2	C	T	134	0	66	2	124	0
11	61189043.0	T	C	219	62	151	95	214	164
11	61189043.1	T	A	219	0	151	2	214	1
11	61189043.2	T	G	219	0	151	1	214	1
X	77301959.0	C	A	262	0	223	2	194	3
X	77301959.1	C	T	262	0	223	72	194	63
X	77301959.2	C	G	262	0	223	0	194	4
18	24056524.0	C	A	249	3	147	0	241	1
18	24056524.1	C	T	249	39	147	95	241	145
18	24056524.2	C	G	249	1	147	0	241	1
2	242592939.0	C	T	210	1	128	1	67	0
2	242592939.1	C	G	210	69	128	75	67	115
3	180377544.0	T	G	179	28	258	24	166	93
3	180377544.1	T	A	179	0	258	0	166	1
3	180377544.2	T	C	179	0	258	0	166	2
15	65748614.0	C	A	206	32	186	72	151	70
12	125397298.0	G	A	147	1	164	5	105	13
12	125397298.1	G	T	147	0	164	0	105	2
4	99802250.0	T	A	106	26	169	35	32	27
4	99802250.1	T	C	106	1	169	1	32	0
7	27211693.0	T	A	116	2	108	0	74	2
7	27211693.1	T	C	116	45	108	136	74	162
7	27211693.2	T	G	116	0	108	1	74	0
15	87217583.0	C	G	114	0	75	12	47	0
19	54308565.0	G	A	97	6	73	30	67	15
19	54308565.1	G	T	97	0	73	1	67	0
2	163204239.0	C	T	86	33	69	0	19	89
2	163204239.1	C	G	86	1	69	0	19	0
17	79674252.0	C	G	437	0	397	1	343	2
17	79674252.1	C	A	437	0	397	0	343	1
17	79674252.2	C	T	437	0	397	0	343	87
2	219130811.0	C	A	77	1	89	0	48	0
2	219130811.1	C	T	77	0	89	24	48	0
2	219130810.0	C	T	79	0	87	24	47	0
1	22456206.0	C	A	384	0	230	0	168	1
1	22456206.1	C	T	384	0	230	0	168	1
1	22456206.2	C	G	384	0	230	0	168	71
3	122437330.0	C	T	104	29	106	26	87	70
3	122437330.1	C	A	104	0	106	0	87	1
5	179146705.0	G	A	322	65	257	132	316	179
5	179146705.1	G	T	322	1	257	2	316	4
5	179146705.2	G	C	322	1	257	1	316	0
5	65465910.0	C	A	139	23	106	56	139	87
5	65465910.1	C	T	139	0	106	1	139	1
5	65465910.2	C	G	139	0	106	3	139	0
12	55420956.0	A	T	158	2	104	0	183	0
12	55420956.1	A	G	158	0	104	23	183	1
12	55420956.2	A	C	158	0	104	1	183	1
1	169566370.0	C	G	126	8	72	35	49	71
1	169566370.1	C	A	126	0	72	1	49	0
1	169566370.2	C	T	126	0	72	0	49	1
19	8841410.0	C	A	78	1	31	0	79	0
19	8841410.1	C	T	78	17	31	16	79	49
6	155575663.0	G	T	298	1	125	0	285	1
6	155575663.1	G	A	298	0	125	70	285	0
6	155575663.2	G	C	298	0	125	1	285	0
1	89579909.0	T	A	174	28	161	44	127	40
17	16285560.0	T	C	301	1	328	13	292	37
17	16285560.1	T	A	301	0	328	0	292	1
3	195506623.0	G	A	62	10	110	7	120	11
3	195506623.1	G	T	62	0	110	0	120	1
3	195506623.2	G	C	62	0	110	0	120	1
11	71249566.0	T	A	127	2	71	0	49	0
11	71249566.1	T	G	127	1	71	1	49	0
11	71249566.2	T	C	127	2	71	2	49	8
19	41352930.0	C	T	168	10	110	58	116	46
19	41352930.1	C	A	168	0	110	1	116	0
19	41352930.2	C	G	168	0	110	0	116	1
18	56149254.0	C	T	185	45	149	75	52	158
18	56149254.1	C	G	185	1	149	0	52	2
18	56149254.2	C	A	185	0	149	0	52	1
15	52893342.0	T	A	256	1	212	1	192	2
15	52893342.1	T	C	256	82	212	98	192	210
12	133779575.0	C	G	129	63	132	2	136	190
12	133779575.1	C	A	129	0	132	0	136	1
12	133779575.2	C	T	129	0	132	0	136	3
5	140725312.0	G	A	95	1	72	0	40	10
5	140725312.1	G	T	95	0	72	0	40	1
5	140725312.2	G	C	95	0	72	0	40	1
19	38057037.0	C	A	215	0	150	1	148	49
1	183920221.0	T	C	187	1	187	0	155	0
1	183920221.1	T	A	187	0	187	0	155	43
1	183920221.2	T	G	187	0	187	0	155	2
3	156272875.0	C	T	125	0	229	26	63	0
19	2078527.0	G	A	106	0	46	26	62	0
1	173855127.0	G	A	50	6	33	10	32	20
15	83933462.0	C	T	119	30	99	32	67	67
15	83933462.1	C	A	119	0	99	0	67	1
5	96076463.0	C	T	147	17	155	51	133	81
5	96076463.1	C	G	147	0	155	0	133	1
5	176072885.0	C	T	111	0	108	1	82	0
5	176072885.1	C	A	111	0	108	0	82	30
15	83349717.0	C	T	83	11	45	26	25	24
15	83349717.1	C	G	83	0	45	0	25	1
