Chr	Posi	Wild	Mut	PrimT:ref	PrimT:alt	Met2T:ref	Met2T:alt	Met4T:ref	Met4T:alt	Met5T:ref	Met5T:alt
1	1455629	G	A	42	0	86	13	137	0	80	0
1	5967195	G	C	63	13	151	0	157	0	96	0
1	6293678	G	A	109	0	116	0	49	16	27	23
1	10132094	G	C	74	16	151	0	136	0	79	0
1	10532411	G	T	53	8	127	0	146	65	76	46
1	15802979	C	A	141	16	236	0	166	42	83	23
1	16261733	C	G	74	0	101	0	85	34	44	26
1	16262645	C	G	36	0	69	0	58	18	39	10
1	16725949	C	G	45	18	126	0	132	0	100	0
1	26098252	G	T	136	0	106	97	158	0	121	0
1	26688390	G	C	20	9	50	0	40	15	20	12
1	28293564	G	A	28	15	58	0	67	0	69	0
1	31656858	G	T	41	0	77	17	110	0	58	0
1	35477503	C	A	129	55	248	0	181	53	127	50
1	38484802	C	T	190	43	211	0	112	117	82	96
1	39876962	C	G	124	0	105	0	87	23	57	23
1	42925503	C	T	69	31	129	0	87	0	79	0
1	43869347	A	G	119	0	148	44	187	0	108	0
1	52879640	G	A	108	22	193	0	173	0	91	0
1	61743210	G	C	133	63	182	0	125	0	78	0
1	64644451	C	G	241	40	384	0	235	0	176	0
1	103380274	G	T	56	49	178	0	82	30	54	29
1	110709834	G	A	8	0	27	0	19	13	7	6
1	112308925	C	G	44	22	94	0	56	0	38	0
1	114964096	C	T	348	185	692	0	478	0	319	0
1	120469148	C	G	89	48	183	0	156	0	85	0
1	144918881	G	T	949	0	1218	153	845	0	734	0
1	152281629	G	T	106	169	260	0	205	152	131	112
1	154744493	G	C	85	0	145	0	123	26	113	25
1	154842117	G	A	92	21	176	0	290	0	187	0
1	155057753	C	T	63	0	118	0	130	37	82	13
1	155279852	C	T	203	31	299	0	309	0	239	0
1	155327461	C	T	284	59	337	0	309	0	217	0
1	155746205	G	C	489	113	790	0	557	0	385	0
1	156221253	C	T	90	22	173	0	246	0	137	0
1	157067681	C	T	72	0	117	24	167	0	83	0
1	158687299	C	A	54	68	136	0	70	35	45	34
1	158746517	C	T	176	48	228	0	152	0	120	0
1	160146355	G	A	106	31	199	0	157	0	105	0
1	162348716	G	C	369	98	665	0	429	0	320	0
1	169510805	G	A	230	0	237	0	117	30	134	26
1	170015904	C	G	255	63	445	0	238	0	235	0
1	172431370	A	C	522	0	814	0	332	71	323	0
1	173478799	C	G	110	0	189	0	82	20	70	19
1	175048773	C	A	13	0	17	0	12	14	14	4
1	178491484	G	A	89	0	114	24	91	0	52	0
1	181726181	T	C	429	87	630	0	314	0	235	0
1	182554640	G	A	86	0	130	0	68	29	56	26
1	182853912	C	T	179	27	287	0	175	0	127	0
1	184764704	C	G	184	42	282	0	179	0	148	0
1	186008096	C	G	156	0	215	0	100	25	72	24
1	186310431	C	G	557	106	758	0	365	0	312	0
1	186330934	G	C	693	155	1060	0	506	0	398	0
1	193150064	C	G	447	126	682	0	354	0	304	0
1	201816427	G	A	409	0	508	0	210	65	176	56
1	202864679	C	T	103	22	152	0	74	0	68	0
1	202932266	C	A	259	68	445	0	270	0	148	0
1	203316499	G	C	225	45	287	0	233	0	150	0
1	204412635	C	T	114	36	198	0	167	0	103	0
1	204955233	C	A	16	25	94	0	61	21	53	30
1	205130422	G	A	191	42	317	0	199	0	138	0
1	205290637	C	T	189	38	328	0	302	0	184	0
1	205897956	C	A	70	141	348	0	219	63	118	63
1	210015999	G	C	169	47	282	0	151	0	141	0
1	216061850	C	A	79	96	281	0	94	33	76	19
1	217915409	G	T	568	0	569	258	283	0	258	0
1	225520992	G	T	105	87	166	0	43	25	65	22
1	225562557	G	C	81	24	137	0	62	0	72	0
1	225742757	C	A	346	78	598	0	215	0	193	0
1	226825382	C	A	148	36	346	0	314	0	235	0
1	229434768	G	A	372	74	482	0	255	0	271	0
1	236157084	C	G	55	0	142	0	69	44	49	44
1	237947686	G	T	186	0	185	189	156	0	170	0
1	243434302	G	T	509	0	517	246	289	0	275	0
1	248059003	C	G	209	0	205	68	163	0	165	0
1	248366482	C	T	278	45	352	0	183	0	163	0
1	248458252	G	T	418	13	459	0	162	78	134	127
1	248525254	C	A	213	0	172	200	137	0	139	0
1	249150539	C	G	310	56	461	0	266	0	228	0
2	1891345	C	T	306	38	448	0	357	0	231	0
2	1947021	C	T	382	0	433	0	260	59	223	0
2	17997923	C	G	72	11	118	0	67	53	46	36
2	21231235	C	G	55	25	82	0	52	0	33	0
2	21260905	C	T	171	27	332	0	147	0	141	0
2	27356145	C	G	135	80	328	0	380	0	226	0
2	28460086	C	G	81	46	141	0	102	0	84	0
2	47607040	C	T	376	86	475	0	338	0	229	0
2	50282126	C	A	239	183	545	0	246	72	176	63
2	54114462	C	T	455	63	575	0	222	184	158	142
2	58449151	C	A	478	91	545	0	152	153	312	106
2	62728345	C	T	135	30	204	0	152	0	164	0
2	64114563	C	G	149	22	206	0	110	0	176	0
2	64819112	G	T	159	135	406	0	177	40	135	191
2	74733097	A	G	99	0	163	0	183	0	169	30
2	74777432	C	G	123	23	160	0	235	0	236	0
2	88825971	C	A	169	0	227	36	128	0	217	0
2	95945628	T	G	187	73	224	0	228	109	124	79
2	97493600	G	T	74	0	94	16	160	0	76	0
2	101624351	G	C	154	0	189	0	81	47	56	28
2	107049666	C	A	1094	112	1436	0	560	167	443	151
2	120704111	G	T	312	306	753	0	215	172	161	139
2	125530382	C	T	206	156	408	0	253	0	219	0
2	128400569	G	A	79	50	209	0	267	0	137	0
2	128712833	G	A	174	33	268	0	206	67	145	45
2	131356288	G	A	152	43	191	0	244	54	210	70
2	131976320	C	A	121	0	167	32	206	0	195	0
2	133489461	C	A	97	71	249	0	207	0	159	0
2	141072646	A	T	295	0	349	0	122	33	128	39
2	150064896	C	T	222	49	346	0	197	0	155	0
2	152522694	G	T	219	165	504	0	197	172	114	126
2	152534541	G	A	339	0	406	91	258	0	254	0
2	155555953	C	A	27	0	46	0	38	30	18	14
2	166892922	C	T	103	25	142	0	56	0	66	0
2	166897955	C	G	149	24	240	0	130	37	93	31
2	173891899	C	T	142	105	228	0	147	0	115	0
2	179399306	G	C	134	17	197	0	136	0	95	0
2	179588353	G	A	169	0	217	0	90	32	103	25
2	179613354	T	A	180	0	99	73	111	0	101	0
2	187373272	A	C	436	0	257	181	256	0	231	0
2	197184453	C	G	139	0	217	0	126	38	88	35
2	209025757	C	T	91	0	115	0	74	18	47	12
2	212293195	C	T	401	61	419	0	259	0	191	0
2	219206833	C	T	39	18	119	0	139	0	74	0
2	220405008	C	T	32	0	68	0	91	25	64	0
2	228564124	C	A	61	32	125	0	55	48	51	44
2	228883520	G	A	252	0	333	0	183	57	122	35
2	238277444	G	T	54	0	68	27	93	0	64	0
2	242572597	G	A	30	26	98	0	70	64	51	49
3	432684	C	A	152	0	48	91	101	0	122	0
3	3170730	G	A	53	28	111	0	94	0	67	0
3	12645699	G	A	143	0	52	101	164	0	100	0
3	13679259	C	T	30	0	96	0	126	0	68	23
3	14708448	G	A	125	0	112	0	82	25	88	0
3	15900899	G	C	45	0	58	0	93	32	35	8
3	17052117	G	A	76	23	63	0	95	0	65	0
3	20187837	G	A	378	126	388	0	197	152	249	71
3	23541135	G	A	409	0	323	0	273	72	257	0
3	27337112	G	A	534	197	618	0	415	81	219	191
3	30769824	G	A	141	39	158	0	200	0	121	0
3	38539194	C	T	148	67	147	0	179	0	129	0
3	46009516	A	C	59	0	53	0	101	0	49	33
3	47894689	C	G	27	0	36	0	58	14	46	0
3	48719056	G	A	29	9	54	0	58	65	57	18
3	49044855	G	C	83	0	120	0	312	0	147	49
3	49831340	G	T	57	0	68	46	187	0	129	0
3	49832764	G	A	43	17	68	0	135	0	73	0
3	51452299	G	A	141	0	112	0	107	28	53	27
3	51737868	G	A	17	0	44	15	121	0	61	0
3	51977422	G	A	25	0	31	0	39	21	35	0
3	64142973	C	A	46	18	184	0	105	71	41	53
3	101136604	T	G	89	31	252	0	98	49	63	49
3	108147679	C	G	76	26	145	0	93	0	54	0
3	112666756	G	A	285	0	227	153	247	0	167	0
3	113655239	C	G	194	0	189	121	252	0	133	0
3	119721056	A	C	158	0	195	0	169	0	78	34
3	124431786	C	T	120	0	108	62	156	0	96	0
3	130292811	G	C	164	0	227	0	160	23	90	33
3	134343943	C	A	157	46	306	0	220	127	136	45
3	137816632	G	A	124	0	168	74	263	0	136	0
3	142416827	T	A	275	0	397	0	280	0	146	47
3	142681171	G	A	36	0	129	41	160	0	81	0
3	148563359	G	A	202	0	295	0	185	47	137	23
3	151105706	C	T	98	24	173	0	172	0	110	0
3	164786937	G	A	280	0	316	0	199	33	169	0
3	178952090	G	C	81	31	196	0	132	0	107	0
3	183524670	C	G	42	21	80	0	93	0	77	0
3	183660543	C	G	106	28	193	0	161	0	90	0
3	189582204	G	C	107	34	150	0	108	65	76	23
3	195298147	C	A	203	16	344	0	230	32	127	11
4	3251042	C	A	12	4	24	0	29	31	34	24
4	7043361	C	A	389	0	330	74	950	0	502	0
4	13606085	A	T	228	71	192	0	171	75	102	24
4	17608536	G	A	291	61	301	0	398	0	194	0
4	20733693	T	G	492	0	479	0	396	143	271	0
4	23815316	G	C	160	31	188	0	208	0	106	0
4	25836931	G	T	154	0	181	0	229	21	66	12
4	37836269	C	T	196	33	205	0	247	0	175	0
4	37851932	G	C	184	50	179	0	286	0	145	0
4	38016223	A	T	40	16	87	0	92	77	48	30
4	48172358	G	A	310	48	290	0	372	0	258	0
4	53522465	G	A	420	0	357	0	155	81	119	0
4	57215551	G	C	156	24	166	0	81	0	57	0
4	57272809	G	C	155	46	208	0	100	0	62	0
4	57337928	G	T	135	24	184	0	86	0	59	0
4	62598979	G	A	158	0	89	82	85	0	71	0
4	65155443	G	A	385	0	231	202	199	0	165	0
4	69107503	T	C	237	0	224	0	89	33	59	49
4	84185416	T	C	410	99	457	0	207	0	196	0
4	94690406	C	A	93	55	170	0	100	0	101	0
4	99403311	C	A	186	0	131	0	69	32	74	0
4	100205631	G	T	117	28	158	0	49	78	30	47
4	100205632	G	T	119	28	162	0	49	78	30	45
4	103560957	C	T	198	0	235	0	116	43	109	0
4	104115793	C	G	497	4	542	0	200	86	175	88
4	109672105	G	T	94	89	176	0	77	0	57	0
4	114279045	G	A	109	21	121	0	64	0	61	0
4	115997585	T	A	104	0	44	40	41	0	39	0
4	118975693	C	A	120	28	151	0	36	63	26	37
4	183245337	C	T	193	0	204	60	176	0	114	0
4	186097075	C	T	289	48	338	0	200	0	169	0
4	189012954	G	T	37	37	73	0	84	0	52	0
5	6600259	C	T	199	0	435	0	126	0	88	36
5	7789845	G	A	196	0	383	138	147	0	110	0
5	7832085	G	C	152	31	511	0	222	0	153	0
5	24509808	T	G	285	164	895	0	82	128	121	64
5	24537631	G	T	294	171	1033	0	98	132	117	61
5	33881426	G	C	117	62	435	0	111	0	63	0
5	33936968	G	A	86	0	169	166	175	0	132	0
5	52145221	A	T	298	123	712	0	261	149	149	215
5	67576505	A	G	144	55	314	0	119	71	77	110
5	79741202	C	G	122	40	230	0	117	64	53	88
5	96112111	C	G	353	127	799	0	661	0	496	0
5	96349512	C	G	101	29	164	0	97	0	103	0
5	122718757	C	A	211	50	301	0	188	73	101	107
5	129019874	C	G	247	0	150	120	213	0	189	0
5	131008462	C	G	51	19	105	0	78	0	81	0
5	133959667	C	T	209	83	273	0	313	0	247	0
5	137221810	G	A	186	0	241	0	176	37	105	66
5	140189007	G	A	61	0	71	21	182	0	106	0
5	140515712	C	G	88	43	171	0	279	0	213	0
5	140594235	G	T	47	0	29	13	78	0	54	0
5	140787812	C	T	91	0	113	33	274	0	151	0
5	140800839	G	A	30	8	93	0	62	55	47	21
5	145537149	G	C	76	0	69	0	65	18	55	21
5	147806893	A	C	146	0	161	0	197	39	124	0
5	148386536	G	A	223	0	241	0	249	46	118	83
5	148563067	G	T	145	81	224	0	182	115	65	118
5	158526422	C	A	56	0	65	15	138	0	107	0
5	159344586	G	T	177	91	361	0	363	223	134	253
5	159840933	C	T	696	144	904	0	800	0	746	0
5	169230212	T	C	92	0	131	0	103	13	90	34
5	175722191	G	C	66	0	96	0	74	14	61	17
5	178540987	C	A	335	0	452	105	518	0	332	0
5	179192753	G	A	75	0	72	34	158	0	80	0
5	179292850	C	T	176	109	357	0	447	0	306	0
6	7298167	C	G	258	5	362	0	184	0	95	41
6	10709663	A	T	41	0	33	8	22	0	16	0
6	20152944	G	A	237	54	291	0	191	0	123	0
6	32096658	C	T	203	0	336	0	398	100	329	0
6	32407756	G	C	165	116	366	0	215	27	176	63
6	39864957	C	G	123	41	214	0	219	0	191	0
6	43251385	C	T	12	0	30	13	63	0	65	0
6	44310891	C	G	142	0	218	0	209	33	169	29
6	45480134	G	T	91	41	183	0	225	0	190	0
6	46800816	G	A	55	18	126	0	93	0	86	0
6	55378868	G	T	307	0	296	190	177	0	221	0
6	56481801	G	A	120	0	176	0	72	18	67	15
6	70589542	A	G	197	0	176	0	54	74	75	85
6	70861315	C	G	392	0	306	0	87	163	119	120
6	72943525	G	T	454	0	145	218	250	0	291	0
6	72960923	C	G	263	62	239	0	161	0	192	0
6	94124427	G	T	253	0	268	0	84	86	106	118
6	99729207	G	T	160	59	202	0	171	0	150	0
6	99887718	A	G	321	0	246	0	72	128	101	127
6	107956418	G	A	63	16	102	0	145	0	130	0
6	108246027	C	T	363	0	302	0	93	130	117	135
6	109197537	C	G	169	0	136	0	100	21	98	26
6	109886040	G	T	258	237	432	0	304	0	272	80
6	135318634	G	C	188	0	156	0	98	41	114	24
6	136476802	G	C	72	21	82	0	70	0	60	0
6	138655353	G	A	57	27	74	0	96	0	105	0
6	147057672	A	G	229	202	377	0	264	0	266	86
6	151672533	G	T	31	31	103	0	118	0	76	30
6	153296268	C	G	455	0	396	0	224	101	251	92
6	154414572	C	G	109	0	84	0	34	44	24	30
6	160677724	C	A	135	0	143	0	30	68	44	49
6	165827090	G	T	90	90	153	0	165	0	113	27
7	1166985	C	T	96	15	201	0	301	0	204	0
7	4955688	T	A	34	0	54	31	169	0	93	0
7	17930090	C	G	217	44	292	0	201	0	161	0
7	31617525	C	T	54	0	80	0	78	17	53	12
7	44155406	A	T	74	12	161	0	171	96	113	61
7	56066744	G	A	238	61	334	0	389	0	370	0
7	57188639	T	C	219	0	187	0	152	25	162	0
7	66418242	C	T	162	49	199	0	199	0	122	0
7	75174039	G	C	79	28	165	0	150	0	98	0
7	82545661	G	A	710	0	871	184	572	0	421	0
7	82784620	G	A	138	0	147	49	187	0	120	0
7	86825953	C	T	223	46	345	0	194	0	150	0
7	91753088	T	C	530	103	1001	0	225	207	171	200
7	92731543	C	T	113	0	96	81	78	0	82	0
7	98457807	C	A	91	47	247	0	137	39	78	33
7	103244822	C	A	82	20	173	0	77	65	36	41
7	103969422	G	A	97	0	208	0	170	49	98	38
7	105148719	C	A	163	0	233	0	116	26	106	25
7	107234449	G	C	343	103	578	0	297	0	213	0
7	107872803	C	A	160	45	380	0	178	0	167	0
7	112423855	T	A	108	75	342	0	147	31	94	25
7	120935574	C	T	195	31	429	0	197	0	155	0
7	148769429	G	A	134	0	270	0	197	47	118	29
7	149479958	G	C	35	6	154	0	62	50	46	41
7	150767593	C	T	35	0	75	45	119	0	77	0
7	158716356	C	G	111	23	243	0	229	0	157	0
8	8749714	G	A	34	15	53	0	103	0	47	0
8	19190584	G	C	70	36	76	0	89	0	90	0
8	21964958	G	A	24	0	34	0	66	0	28	14
8	24773176	A	G	144	39	119	0	180	0	104	0
8	28989965	G	A	150	25	122	0	145	0	115	0
8	48801627	G	A	115	22	173	0	178	0	149	0
8	51415374	C	A	173	0	215	60	209	0	210	0
8	70667839	G	C	126	0	157	0	101	43	66	54
8	70674054	G	A	175	18	215	0	192	37	149	31
8	72246332	C	T	291	107	461	0	468	0	391	0
8	72945910	A	G	174	24	257	0	179	34	139	39
8	76456181	G	T	120	62	296	0	109	129	95	96
8	87568563	G	A	91	0	176	27	116	0	96	0
8	100733144	G	C	217	0	275	0	170	33	147	0
8	104831754	C	T	366	0	632	0	381	63	262	44
8	120744221	G	A	482	0	623	0	320	43	287	0
8	121561096	G	A	224	93	482	0	509	0	262	0
8	139164254	C	T	148	0	225	0	128	22	88	12
8	139164770	C	G	186	0	261	83	270	0	191	0
8	140743412	G	C	85	0	241	0	321	47	174	32
8	143955828	G	T	194	96	465	0	626	0	381	0
8	144239741	C	T	60	0	134	37	258	0	151	0
8	144993241	G	T	12	0	30	0	36	36	23	12
9	6413636	G	T	18	0	39	0	92	53	52	53
9	6990441	C	G	142	0	192	0	184	35	148	37
9	14859251	C	T	82	0	111	0	117	30	95	25
9	21854861	G	C	72	45	40	0	108	0	57	0
9	26917153	C	A	202	68	267	0	161	103	145	50
9	33927055	G	C	74	0	82	0	145	28	41	14
9	35102742	G	A	63	0	84	21	154	0	73	0
9	40784204	T	A	65	21	58	0	38	9	20	28
9	71144510	G	A	123	0	146	0	81	20	67	25
9	71851898	G	C	185	50	278	0	244	0	162	0
9	86506249	C	G	212	81	318	0	136	115	159	57
9	94172102	G	C	123	0	159	0	155	34	81	29
9	98244323	C	T	230	0	209	0	133	44	102	43
9	100405502	G	T	259	0	263	0	148	48	165	35
9	116044971	G	C	341	124	389	0	316	0	290	0
9	117002510	G	C	101	0	135	0	174	51	110	37
9	120466795	G	T	130	36	200	0	166	35	71	90
9	121930150	A	T	113	0	188	38	221	0	181	0
9	123779924	G	C	94	29	133	0	94	0	75	0
9	129594932	A	C	115	42	148	0	120	33	42	68
9	130707088	C	T	18	7	98	0	88	40	48	57
9	131774533	G	C	118	0	161	0	286	0	134	44
9	138011470	G	C	45	17	100	0	96	15	30	57
9	138556101	G	C	78	25	155	0	183	0	132	0
9	139914811	C	T	59	0	132	0	181	47	135	0
9	140469280	C	A	69	0	66	40	108	0	47	0
10	5415975	G	T	68	18	129	0	82	62	66	46
10	7409656	C	T	163	0	227	56	312	0	244	0
10	15648308	G	T	355	95	428	0	283	73	205	71
10	18270266	T	A	195	78	260	0	173	38	129	54
10	22615823	T	C	330	109	413	0	198	133	121	141
10	28023467	T	A	392	0	377	75	371	0	273	0
10	50034922	C	A	78	24	128	0	80	0	64	0
10	50177119	C	T	101	37	180	0	192	46	104	43
10	50531455	G	A	74	18	95	0	107	0	79	0
10	51093320	G	C	345	152	549	0	361	0	283	0
10	69934344	C	G	108	35	160	0	200	0	93	0
10	71146172	G	A	194	0	130	139	212	0	155	0
10	74658632	G	T	95	0	112	57	209	0	115	0
10	75620596	G	C	323	0	287	74	391	0	290	0
10	82329927	A	T	118	0	107	67	171	0	84	0
10	88439871	C	G	65	32	132	0	178	110	102	30
10	93579310	G	A	170	70	282	0	253	0	180	0
10	94410189	A	G	222	100	391	0	226	123	202	58
10	98182427	C	T	100	26	133	0	230	0	97	0
10	101912006	G	A	161	0	188	0	175	30	86	32
10	104849620	C	G	131	48	237	0	292	0	162	0
10	105778549	A	G	84	15	127	0	97	0	97	0
10	118383457	G	A	111	12	121	22	137	33	98	29
10	124345824	T	C	302	20	269	37	474	24	254	17
11	794826	G	A	51	19	132	0	184	52	137	37
11	5068074	C	A	117	0	168	0	149	30	117	25
11	5289770	G	T	128	0	69	57	136	0	81	0
11	5618135	G	A	299	147	566	0	260	345	187	307
11	7059870	A	T	90	37	123	0	91	21	97	33
11	9446725	G	C	230	0	263	0	231	44	201	46
11	9875120	C	G	183	54	249	0	259	0	208	0
11	18332378	G	C	114	44	214	0	194	0	171	0
11	18754849	C	A	143	0	187	86	407	0	312	0
11	18755136	A	T	172	61	232	0	216	218	95	163
11	19954791	G	T	82	0	60	28	121	0	92	0
11	24759806	G	T	216	0	146	105	178	0	160	0
11	26463491	A	G	44	26	111	0	31	46	32	48
11	32118787	G	C	209	0	247	0	213	27	146	31
11	33078667	G	C	177	59	350	0	245	0	216	0
11	46332582	G	C	39	0	54	18	108	0	100	0
11	47493819	T	C	158	0	128	73	226	0	187	0
11	47746298	C	G	119	34	186	0	173	0	121	0
11	55419107	C	A	101	0	48	56	96	0	66	0
11	55681870	G	T	133	49	256	0	63	26	49	28
11	55872903	C	A	173	7	271	0	137	8	111	9
11	55872904	C	A	181	8	273	0	135	8	111	10
11	55890233	C	A	143	24	191	0	66	23	50	27
11	55890234	C	A	144	26	194	0	66	22	50	27
11	55904536	T	A	186	49	177	0	69	22	45	20
11	55926973	G	A	143	54	204	0	114	0	95	0
11	57886196	A	T	71	0	121	0	50	17	33	11
11	62298898	C	T	95	35	144	0	109	0	83	0
11	63357656	C	A	115	0	84	113	169	0	108	0
11	65349570	C	G	21	0	36	0	19	10	19	7
11	70336410	C	T	114	39	320	0	216	0	178	0
11	71806031	T	G	193	44	233	0	186	75	106	88
11	72288443	G	T	25	11	59	0	29	16	23	14
11	77991834	C	G	82	31	118	0	95	0	50	0
11	78413199	C	T	77	24	108	0	83	0	63	0
11	83243818	C	G	386	90	481	0	254	0	222	0
11	94532995	G	C	18	0	26	0	16	8	10	10
11	94801116	C	T	136	46	211	0	150	0	76	0
11	108106505	A	T	455	0	158	312	303	0	222	0
11	110030109	G	T	127	32	214	0	150	53	83	47
11	113269702	G	A	83	23	160	0	127	0	86	0
11	116728732	T	G	83	30	120	0	100	39	53	31
11	117651335	G	A	131	0	205	36	225	0	137	0
11	125659331	C	T	146	0	250	0	119	36	55	41
11	129746621	G	A	103	40	199	0	147	0	114	0
11	129746646	G	A	111	42	231	0	185	0	129	0
12	1988175	C	T	104	0	124	0	278	21	173	33
12	4488563	A	G	79	0	130	0	240	37	215	0
12	4708227	C	G	241	0	261	0	379	94	287	0
12	6933736	G	T	45	0	49	17	212	0	135	0
12	7075592	G	A	193	82	251	0	471	0	339	0
12	7077137	G	A	84	40	158	0	391	0	248	0
12	7882213	C	G	64	59	178	0	35	240	23	168
12	13716325	G	T	210	38	292	0	823	0	543	0
12	13716415	C	G	98	24	142	0	394	0	322	0
12	14650843	G	T	129	0	116	28	295	0	186	0
12	16047076	C	T	735	0	662	202	1294	0	971	0
12	25398284	C	G	285	0	191	148	446	0	332	0
12	25398285	C	A	191	117	323	0	88	393	30	318
12	31576540	C	G	329	82	350	0	597	0	489	0
12	32977055	C	G	204	51	216	0	350	0	317	0
12	33003821	C	G	227	47	228	0	352	0	312	0
12	49437687	C	G	139	22	179	0	331	0	172	0
12	50501828	G	C	77	23	121	0	185	0	113	0
12	55026154	C	T	178	47	303	0	331	0	167	0
12	57828702	C	T	48	0	83	0	76	61	32	18
12	58114227	G	C	155	25	245	0	332	0	174	0
12	66765617	G	A	171	34	342	0	378	0	217	0
12	68708739	C	T	271	0	166	61	219	0	161	0
12	78362477	G	T	68	6	71	0	27	33	21	26
12	95912001	G	C	170	34	241	0	214	0	152	0
12	98925506	A	C	236	67	252	0	320	0	169	0
12	98927132	C	T	128	0	137	44	168	0	115	0
12	102547723	C	T	152	53	177	0	169	0	115	0
12	104187747	C	G	223	51	248	0	293	0	183	0
12	104337545	G	C	265	0	216	0	221	77	138	0
12	109072155	T	A	103	0	95	33	144	0	77	0
12	111099115	C	T	63	24	138	0	179	0	106	0
12	111947766	G	A	497	110	507	0	525	0	339	0
12	112743874	T	C	151	125	302	0	252	48	147	40
12	112844581	C	T	61	14	126	0	130	0	84	0
12	112844676	C	A	177	23	212	0	271	0	158	0
12	122287623	G	A	156	14	241	0	154	188	82	94
12	124397675	A	T	90	8	106	0	59	71	39	43
12	132491283	C	G	58	18	85	0	94	0	57	0
12	133728487	C	T	79	28	111	0	94	0	65	0
13	25744001	G	T	53	16	109	0	104	0	84	0
13	28919657	G	T	109	41	136	0	52	66	22	74
13	38156563	G	A	381	80	356	0	248	0	207	0
13	38320357	C	A	69	34	116	0	38	62	20	54
13	60498990	C	T	92	49	125	0	34	52	23	62
13	99890793	C	G	131	29	150	0	149	0	115	0
13	102235644	G	T	464	0	179	305	326	0	256	0
13	103330625	T	C	646	0	171	296	333	0	289	0
13	103395410	G	C	105	37	139	0	82	0	69	0
13	103401666	C	A	109	24	102	0	69	0	72	0
13	103515338	T	C	68	0	64	0	48	16	45	0
13	110831746	G	A	56	30	114	0	57	78	31	65
14	20839673	G	A	125	0	124	67	139	0	76	0
14	23503963	G	A	74	28	169	0	272	0	111	0
14	23523716	C	T	63	17	159	0	376	0	68	0
14	24531738	G	C	57	0	98	0	83	111	36	0
14	36147177	G	C	154	73	322	0	311	0	187	0
14	45645493	C	T	211	88	387	0	413	0	126	0
14	53360038	C	G	272	101	525	0	282	0	243	0
14	55857684	C	T	477	0	504	0	168	72	123	59
14	57675388	T	G	138	40	238	0	76	25	66	19
14	61113112	G	A	278	0	321	171	297	0	188	0
14	69994508	G	C	34	0	70	0	54	17	27	16
14	74153965	G	T	94	27	152	0	78	0	76	0
14	79175912	C	G	110	44	249	0	119	0	73	0
14	81422081	G	T	90	25	186	0	121	76	92	61
14	86088863	G	T	111	30	165	0	90	41	48	22
14	89068377	G	A	307	0	470	0	185	82	149	65
14	89307435	G	C	167	51	251	0	150	0	106	0
14	90455265	C	A	121	56	228	0	80	18	71	24
14	92126223	T	C	232	68	352	0	155	63	97	40
14	93709119	G	A	59	0	54	24	55	0	38	0
14	104142089	G	C	97	0	100	0	74	27	50	20
15	25223406	G	C	73	20	92	0	98	0	78	0
15	27572084	C	A	169	0	64	96	137	0	103	0
15	34133059	G	T	238	0	234	0	122	38	92	48
15	42058580	G	T	55	16	80	0	49	0	34	0
15	44085204	G	C	115	20	167	0	247	0	128	0
15	45007842	G	C	175	51	180	0	133	0	110	0
15	66737017	G	C	308	72	289	0	295	0	195	0
15	74177369	G	A	84	28	189	0	241	0	163	0
15	76196900	C	T	170	0	223	29	404	0	184	0
15	100871108	C	A	96	37	180	0	194	0	129	0
16	2164299	C	T	15	8	27	0	54	0	37	23
16	2334287	C	T	50	0	128	0	128	52	102	28
16	9009358	T	A	342	0	363	110	306	0	350	0
16	11001533	C	G	35	16	101	0	94	0	91	0
16	11781808	G	C	88	33	180	0	113	0	121	0
16	13297346	C	A	215	0	128	103	162	0	149	0
16	13297347	C	A	215	0	128	105	162	0	151	0
16	15719498	C	A	77	21	137	0	40	56	45	27
16	16269771	T	A	92	38	236	0	186	0	146	33
16	19236069	C	G	144	0	199	0	89	41	109	35
16	21011565	C	T	40	14	61	0	53	0	55	0
16	27445752	G	A	101	18	155	0	232	0	151	0
16	30116194	T	C	128	56	273	0	184	0	135	50
16	30409255	C	A	53	0	63	31	125	0	107	0
16	47163150	T	C	217	0	199	63	148	0	107	0
16	51172651	G	C	120	0	145	0	119	0	66	18
16	57413597	C	T	78	36	171	0	125	0	84	0
16	68100219	G	C	103	27	209	0	142	0	85	0
16	72001139	C	G	102	25	182	0	133	0	71	0
16	89807254	G	A	147	31	201	0	195	0	115	0
16	89977493	G	A	36	17	77	0	110	0	73	0
17	7574012	C	A	21	16	79	0	44	55	23	48
17	7576897	G	A	103	0	77	73	160	0	119	0
17	8224212	C	G	85	0	148	0	113	45	73	30
17	8739893	C	G	144	0	196	0	139	57	77	43
17	18178261	C	T	94	42	170	0	196	0	137	0
17	28618331	G	C	85	21	195	0	205	0	132	0
17	29670108	T	A	385	0	285	182	321	0	260	0
17	30358427	G	C	359	0	305	162	333	0	249	0
17	30688516	C	T	163	54	299	0	191	0	161	0
17	34199423	C	T	224	0	253	0	235	50	134	51
17	36963205	C	A	128	0	146	82	236	0	185	0
17	38976519	C	T	297	0	422	0	211	39	166	55
17	39642664	G	C	72	0	229	0	229	0	105	44
17	39927955	C	T	107	31	250	0	320	0	215	0
17	41056028	A	C	85	0	119	0	79	22	62	0
17	42429894	C	T	83	12	207	0	275	0	165	0
17	42475881	T	A	125	46	239	0	120	108	103	39
17	42483405	C	T	158	0	208	0	124	30	106	0
17	45896355	G	C	136	43	358	0	480	0	285	0
17	59876465	T	A	161	0	154	109	148	0	111	0
17	61910480	G	C	66	14	155	0	164	0	99	0
17	62020388	G	A	88	0	121	43	183	0	101	0
17	62020409	G	A	63	0	102	45	156	0	85	0
17	67149526	C	G	116	46	257	0	202	0	148	0
17	72428239	C	G	27	14	103	0	113	0	60	0
17	74474999	G	A	46	0	93	51	163	0	86	0
17	78079691	G	T	23	6	70	0	79	24	19	38
17	80521392	C	T	57	19	138	0	138	0	104	0
18	7043351	T	C	180	95	266	0	150	52	154	65
18	10855426	C	A	119	46	167	0	102	38	79	23
18	11888696	C	T	189	33	346	0	252	0	184	0
18	14803773	C	A	475	58	574	0	267	104	220	115
18	19070051	C	A	53	8	99	0	75	28	38	23
18	29340122	C	A	200	0	266	71	237	0	168	0
18	30913243	C	G	323	75	621	0	333	0	233	0
18	44035937	C	T	51	17	89	0	49	25	41	20
18	65180318	G	T	129	0	116	38	89	0	85	0
19	1083169	G	T	15	9	49	0	68	13	36	14
19	6417768	G	A	82	0	147	0	176	0	93	36
19	6711175	T	C	27	17	72	0	72	27	54	14
19	7614965	C	T	44	20	103	0	132	46	95	25
19	9069180	G	C	72	0	113	0	62	17	53	20
19	11979216	G	A	102	54	133	0	101	0	73	0
19	12786868	G	C	38	14	88	0	152	0	87	0
19	15739197	G	T	81	0	126	0	94	68	68	51
19	16535920	G	A	68	0	76	42	173	0	129	0
19	17946768	C	A	70	0	100	30	186	0	112	0
19	21991376	C	T	135	24	116	0	87	50	46	54
19	22941522	A	G	129	49	182	0	108	26	80	24
19	31769599	C	A	266	0	273	166	374	0	258	0
19	32954395	G	A	263	0	284	0	276	0	183	33
19	33239381	G	C	81	30	159	0	205	0	162	0
19	36562496	C	G	103	0	173	0	202	65	182	36
19	37966801	G	T	252	0	229	48	294	0	263	0
19	40197863	G	A	88	23	136	0	146	0	86	0
19	42879845	A	C	12	4	55	0	33	39	11	34
19	45873389	A	T	50	13	131	0	136	0	94	0
19	46444071	C	A	7	2	26	0	18	15	9	14
19	47535948	C	G	118	0	177	0	110	52	73	27
19	49646192	C	G	43	0	72	0	76	32	30	18
19	49658101	G	T	91	0	124	23	134	0	86	0
19	49912275	G	C	96	32	158	0	162	0	87	0
19	52003578	C	A	17	6	25	0	7	8	2	9
19	52376694	C	A	71	21	94	0	19	30	17	42
19	55175496	G	T	56	0	70	22	88	0	39	0
19	55240999	C	T	103	26	109	0	110	0	72	0
19	56089419	G	A	53	0	116	0	47	85	28	69
19	58117405	G	C	43	0	46	15	41	0	40	0
20	1460552	G	T	174	0	35	102	165	0	95	0
20	3103221	C	G	33	12	46	0	39	0	34	0
20	3869931	G	C	54	14	58	0	107	0	49	0
20	16337006	C	A	135	31	172	0	102	29	71	32
20	30538156	C	A	135	0	143	89	106	0	78	0
20	35526920	C	T	216	76	329	0	208	0	147	0
20	39721186	C	T	349	124	638	0	320	0	236	0
20	40084523	C	T	209	70	341	0	181	0	125	0
20	44505673	C	G	66	34	137	0	100	0	63	0
20	45910914	G	C	151	38	238	0	149	0	90	0
20	47887141	C	G	113	51	232	0	161	0	95	0
20	61456318	A	T	42	19	151	0	125	60	57	34
20	62078120	C	A	45	0	81	20	106	0	61	0
20	62290794	C	G	283	68	565	0	568	0	304	0
20	62836955	G	A	48	25	148	0	85	47	81	26
20	62836956	C	A	46	25	148	0	83	47	81	27
21	31692237	G	T	128	0	180	41	175	0	80	0
21	33951093	C	G	298	73	363	0	347	0	177	0
21	37586469	C	T	116	31	167	0	156	0	102	0
22	20079088	G	C	147	0	192	0	327	67	216	45
22	20106566	G	A	87	32	131	0	219	0	183	0
22	20458701	G	A	189	26	200	0	509	0	408	0
22	21342298	G	A	250	0	66	111	336	0	289	0
22	30494920	C	T	264	0	226	0	236	58	208	104
22	41190579	C	G	216	71	218	0	355	0	337	0
22	42114079	C	G	70	0	16	38	76	0	72	0
22	45312448	G	A	24	0	22	15	63	0	44	0
22	50877048	C	G	84	0	99	0	177	41	161	42
22	51063766	C	A	29	0	24	16	84	0	67	0
X	2924689	G	A	184	75	238	0	82	116	30	47
X	3240970	T	C	51	16	74	0	38	0	31	0
X	5821744	C	A	124	29	185	0	198	0	108	0
X	6069265	G	T	98	0	86	27	88	0	48	0
X	18966938	C	A	116	0	90	27	93	0	51	0
X	19568187	C	A	151	55	203	0	36	120	26	46
X	26212780	G	A	84	35	139	0	91	0	51	0
X	27765568	C	T	61	36	180	0	164	0	42	0
X	34961946	T	A	73	18	81	0	26	35	10	20
X	37029286	A	T	75	0	100	22	82	0	46	0
X	43603623	G	T	125	35	250	0	141	0	67	0
X	48767154	C	G	89	31	234	0	262	0	94	0
X	49061728	C	T	37	24	130	0	106	0	48	0
X	49104935	C	A	30	12	97	0	120	0	50	0
X	49645251	A	G	219	63	366	0	335	0	158	0
X	54783714	A	G	43	13	60	0	19	51	6	16
X	54957422	G	A	64	15	176	0	158	0	58	0
X	63445422	G	T	80	26	156	0	100	0	33	0
X	69647019	G	C	44	17	125	0	130	0	47	0
X	70344664	C	G	176	36	280	0	215	0	98	0
X	70373347	G	T	132	0	200	34	218	0	110	0
X	70644058	C	A	214	0	184	50	143	0	64	0
X	70784466	G	T	203	0	205	44	156	0	66	0
X	77224697	C	T	72	22	98	0	86	0	43	0
X	77264687	T	A	172	71	253	0	157	0	103	0
X	77912732	G	A	53	24	108	0	35	56	15	18
X	90690579	G	A	102	32	141	0	97	0	70	0
X	92964831	C	T	130	35	144	0	70	0	34	0
X	99848936	G	A	373	61	376	0	402	0	257	0
X	99920628	G	T	433	0	391	49	480	0	296	0
X	100538516	C	A	252	43	285	0	236	0	215	0
X	100808324	C	T	111	20	174	0	259	0	132	0
X	101139015	C	G	96	26	88	0	105	0	75	0
X	101396261	C	T	485	82	452	0	491	0	322	0
X	105921438	A	G	450	0	163	240	356	0	252	0
X	106061986	A	T	493	98	553	0	517	0	294	0
X	106242980	C	G	78	0	100	0	176	26	126	37
X	107978005	C	T	177	28	247	0	453	0	296	0
X	111698660	T	A	61	82	153	0	35	103	17	103
X	117775257	C	T	267	0	306	0	255	64	142	38
X	119005413	C	G	225	37	306	0	558	0	360	0
X	123215279	C	T	380	43	442	0	417	0	251	0
X	128650408	G	A	414	93	541	0	457	0	341	0
X	129364577	T	C	472	238	728	0	311	319	193	275
X	130415738	C	A	447	65	593	0	545	0	383	0
X	133963281	G	T	225	28	264	0	200	106	165	40
X	135314331	C	A	117	65	188	0	97	109	63	110
X	135323393	C	G	105	18	141	0	154	0	95	0
X	142795247	G	A	118	126	143	0	34	133	17	67
X	144905119	G	A	69	19	78	0	71	0	70	0
X	153218092	C	A	54	5	67	0	148	77	96	13
X	153631901	C	A	229	45	362	0	621	0	370	0
