Chr	Posi	Wild	Mut	Met1T:ref	Met1T:alt	Met2T:ref	Met2T:alt	Met3T:ref	Met3T:alt	PrimT:ref	PrimT:alt
2	112620044.0	A	T	93	100	34	24	114	54	126	63
7	24324984.0	C	A	57	53	136	54	46	25	62	22
7	24324984.1	C	T	57	0	136	2	46	0	62	0
7	24324984.2	C	G	57	0	136	0	46	0	62	1
3	48606288.0	C	A	0	38	4	44	2	45	5	53
3	48606288.1	C	G	0	1	4	0	2	0	5	0
17	63554439.0	C	G	145	1	149	0	182	0	168	0
17	63554439.1	C	T	145	0	149	1	182	54	168	0
1	75229646.0	A	T	71	1	74	1	181	5	125	2
1	75229646.1	A	G	71	130	74	60	181	128	125	118
1	75229646.2	A	C	71	2	74	1	181	1	125	0
10	45498943.0	T	G	46	0	35	5	60	0	53	0
X	106096857.0	G	A	47	0	19	4	105	0	95	0
X	106096857.1	G	C	47	0	19	1	105	0	95	0
X	106096857.2	G	T	47	0	19	0	105	2	95	0
2	21229370.0	G	A	64	1	21	4	88	0	91	0
2	21229370.1	G	T	64	0	21	0	88	0	91	1
3	174814693.0	G	T	154	1	60	0	128	0	127	0
3	174814693.1	G	C	154	34	60	17	128	0	127	0
3	174814693.2	G	A	154	0	60	2	128	0	127	1
1	19243466.0	T	A	76	137	200	176	149	114	185	116
1	19243466.1	T	C	76	1	200	3	149	2	185	0
1	19243466.2	T	G	76	0	200	0	149	0	185	1
15	88472468.0	C	A	67	52	97	59	83	61	99	62
15	88472468.1	C	G	67	1	97	0	83	0	99	0
15	88472468.2	C	T	67	0	97	0	83	1	99	0
4	178354403.0	C	A	227	195	74	68	158	124	118	95
4	178354403.1	C	T	227	2	74	1	158	1	118	0
4	178354403.2	C	G	227	2	74	0	158	1	118	0
12	57994165.0	A	T	177	6	94	2	191	1	178	0
12	57994165.1	A	G	177	78	94	43	191	84	178	96
12	57994165.2	A	C	177	1	94	1	191	0	178	1
5	82835851.0	A	G	1	50	3	32	5	60	9	72
5	82835851.1	A	T	1	0	3	1	5	0	9	0
19	17373779.0	C	A	18	20	46	40	25	32	32	32
19	17373779.1	C	T	18	2	46	0	25	1	32	0
19	17373779.2	C	G	18	0	46	1	25	0	32	0
11	72406625.0	C	A	101	1	195	0	116	0	140	0
11	72406625.1	C	T	101	34	195	55	116	0	140	2
3	120977994.0	C	A	97	99	28	46	162	64	106	50
3	120977994.1	C	G	97	2	28	1	162	0	106	1
3	120977994.2	C	T	97	0	28	0	162	0	106	1
12	4705368.1	G	T	6	1	0	1	9	1	10	0
12	4705368.2	G	C	6	66	0	84	9	93	10	92
12	10228205.0	A	T	76	2	36	4	145	2	70	0
12	10228205.1	A	G	76	70	36	23	145	111	70	67
12	10228205.2	A	C	76	2	36	1	145	0	70	1
6	135776910.0	C	A	90	51	30	18	131	99	129	66
1	32796249.0	C	A	142	0	207	1	243	0	229	0
1	32796249.1	C	T	142	0	207	1	243	92	229	0
1	32796249.2	C	G	142	0	207	0	243	1	229	0
8	77618548.0	C	T	84	1	164	0	178	1	151	0
8	77618548.1	C	G	84	29	164	56	178	0	151	2
8	77618548.2	C	A	84	0	164	1	178	0	151	1
12	56106049.0	G	A	66	131	76	119	104	137	109	126
12	56106049.1	G	T	66	3	76	0	104	0	109	1
12	56106049.2	G	C	66	0	76	0	104	2	109	0
15	63047782.0	G	A	127	28	252	58	202	0	157	0
15	63047782.1	G	T	127	1	252	1	202	0	157	0
15	63047782.2	G	C	127	7	252	11	202	0	157	1
18	67741164.0	G	A	246	36	141	0	467	0	366	0
18	67741164.1	G	T	246	0	141	3	467	1	366	0
18	67741164.2	G	C	246	0	141	0	467	0	366	1
19	15918224.0	C	A	144	76	232	118	131	60	199	94
19	15918224.1	C	T	144	0	232	1	131	0	199	0
19	15918224.2	C	G	144	0	232	1	131	0	199	0
16	76495900.0	A	G	137	119	160	123	131	78	151	84
16	76495900.1	A	C	137	2	160	1	131	0	151	3
16	76495900.2	A	T	137	0	160	0	131	2	151	0
17	7664117.0	G	A	60	22	96	0	77	1	80	0
17	7664117.1	G	T	60	1	96	0	77	0	80	0
17	7664117.2	G	C	60	1	96	0	77	0	80	0
8	2976019.0	A	G	5	95	2	76	7	124	10	101
8	2976019.1	A	C	5	0	2	1	7	0	10	0
5	23521246.0	G	A	172	171	89	118	197	216	209	199
5	23521246.1	G	T	172	5	89	1	197	2	209	4
5	23521246.2	G	C	172	2	89	5	197	0	209	1
3	43073921.0	C	T	3	62	7	80	2	43	11	68
3	43073921.1	C	G	3	0	7	0	2	0	11	1
2	136409526.0	G	T	88	112	190	202	131	118	107	91
2	136409526.1	G	C	88	2	190	2	131	2	107	1
2	136409526.2	G	A	88	0	190	2	131	0	107	0
19	11979382.0	T	A	69	4	26	1	78	0	65	0
19	11979382.1	T	C	69	76	26	20	78	64	65	61
19	11979382.2	T	G	69	0	26	0	78	1	65	2
12	111085036.0	G	A	222	2	116	0	261	1	227	0
12	111085036.1	G	T	222	109	116	49	261	119	227	141
12	111085036.2	G	C	222	2	116	0	261	1	227	3
6	161771137.0	G	A	45	1	86	1	131	2	71	0
6	161771137.1	G	T	45	79	86	139	131	88	71	90
6	161771137.2	G	C	45	0	86	1	131	1	71	1
16	77465191.0	C	T	67	57	66	50	33	72	46	84
16	77465191.1	C	G	67	1	66	1	33	1	46	0
16	77465191.2	C	A	67	0	66	3	33	3	46	1
1	75086585.0	A	G	38	18	35	14	102	84	57	69
1	75086585.1	A	C	38	1	35	0	102	0	57	0
1	75086585.2	A	T	38	0	35	0	102	1	57	0
X	79932441.0	C	A	5	213	16	267	11	172	16	214
X	79932441.1	C	T	5	5	16	16	11	2	16	6
X	79932441.2	C	G	5	2	16	2	11	7	16	2
2	191874638.0	C	A	256	1	154	1	403	2	321	2
2	191874638.1	C	T	256	2	154	3	403	128	321	20
2	191874638.2	C	G	256	1	154	2	403	1	321	0
5	10239317.0	C	A	72	101	125	126	115	137	128	152
5	10239317.1	C	T	72	1	125	2	115	1	128	1
5	10239317.2	C	G	72	2	125	0	115	0	128	2
2	176973828.0	C	T	72	58	49	32	74	48	64	59
17	7578394.1	T	C	3	22	3	53	0	38	3	30
4	122724152.0	T	G	186	1	72	1	154	0	102	1
4	122724152.1	T	C	186	155	72	69	154	91	102	135
2	212295826.0	C	A	101	1	48	2	133	0	98	0
2	212295826.1	C	T	101	74	48	32	133	98	98	96
2	212295826.2	C	G	101	0	48	1	133	0	98	0
19	20808090.0	C	T	75	9	56	7	143	2	114	3
19	20808090.1	C	G	75	1	56	0	143	0	114	0
1	150939671.0	T	C	98	53	47	49	62	66	69	63
1	150939671.1	T	G	98	0	47	0	62	0	69	1
1	234595062.0	G	A	82	175	57	73	157	125	115	83
1	234595062.1	G	T	82	4	57	0	157	1	115	0
1	234595062.2	G	C	82	3	57	0	157	0	115	0
14	75264407.0	G	A	2	1	2	1	3	0	6	0
14	75264407.1	G	T	2	58	2	58	3	67	6	70
14	75264407.2	G	C	2	0	2	2	3	0	6	0
2	26705455.0	C	A	54	43	82	82	55	36	72	62
12	91445200.0	C	A	44	1	23	0	56	1	61	1
12	91445200.1	C	G	44	96	23	57	56	87	61	116
12	91445200.2	C	T	44	0	23	1	56	1	61	0
11	56058164.0	G	T	83	104	56	60	97	100	104	65
11	56058164.1	G	A	83	0	56	1	97	1	104	0
11	56058164.2	G	C	83	0	56	0	97	0	104	2
5	156723784.0	T	C	69	1	65	0	88	0	94	0
5	156723784.1	T	G	69	0	65	1	88	0	94	12
5	156723784.2	T	A	69	0	65	0	88	1	94	2
X	128625993.0	T	C	85	0	40	5	165	0	108	0
X	128625993.1	T	A	85	0	40	0	165	1	108	1
4	164272448.0	T	A	81	2	15	2	49	1	43	0
4	164272448.1	T	C	81	66	15	20	49	37	43	33
13	75873504.0	A	G	1	40	1	62	7	72	0	61
13	75873504.1	A	C	1	1	1	0	7	1	0	1
12	107155059.0	C	A	107	37	132	73	120	44	109	48
12	107155059.1	C	G	107	2	132	0	120	0	109	0
12	107155059.2	C	T	107	0	132	4	120	0	109	1
11	56309901.0	G	A	73	1	18	0	89	0	109	0
11	56309901.1	G	T	73	55	18	17	89	79	109	69
3	75786366.0	A	T	188	21	84	10	220	9	209	18
3	75786366.1	A	G	188	0	84	1	220	0	209	1
4	99993863.0	C	A	52	1	14	0	59	0	42	0
4	99993863.1	C	T	52	3	14	0	59	0	42	1
4	99993863.2	C	G	52	18	14	5	59	56	42	37
3	113955403.0	G	A	89	79	83	44	111	49	112	50
3	113955403.1	G	C	89	2	83	0	111	0	112	0
3	113955403.2	G	T	89	0	83	1	111	1	112	0
6	27278336.0	C	A	1	9	7	4	16	11	9	11
6	27278336.1	C	T	1	1	7	0	16	1	9	0
15	50835799.0	T	C	47	28	14	10	41	37	30	41
19	41928134.0	G	A	29	0	59	0	31	6	40	0
17	26691503.0	C	T	115	94	228	184	127	102	143	145
17	26691503.1	C	A	115	0	228	1	127	0	143	0
17	26691503.2	C	G	115	0	228	2	127	0	143	1
1	183253130.0	C	A	201	96	212	166	176	182	151	144
1	183253130.1	C	T	201	1	212	1	176	0	151	1
1	183253130.2	C	G	201	0	212	2	176	0	151	0
1	21167384.0	C	A	114	46	90	57	176	124	137	125
1	21167384.1	C	T	114	1	90	0	176	0	137	0
1	21167384.2	C	G	114	0	90	1	176	1	137	0
11	57799028.0	G	A	221	2	261	2	293	0	353	1
11	57799028.1	G	T	221	182	261	232	293	239	353	235
11	57799028.2	G	C	221	1	261	2	293	1	353	2
8	110980641.0	C	A	110	2	94	1	208	0	122	0
8	110980641.1	C	T	110	63	94	45	208	61	122	44
8	110980641.2	C	G	110	1	94	0	208	0	122	0
20	61512097.0	G	A	56	80	106	104	59	65	47	97
5	55168227.0	T	A	77	1	16	0	148	2	101	0
5	55168227.1	T	G	77	4	16	2	148	0	101	1
6	74078929.0	C	A	73	30	102	46	51	63	77	68
6	74078929.1	C	G	73	0	102	0	51	2	77	0
4	46314598.0	C	A	99	53	46	21	91	88	72	75
4	46314598.1	C	T	99	1	46	2	91	1	72	3
4	46314598.2	C	G	99	1	46	0	91	1	72	0
1	227075806.0	G	A	322	1	182	2	230	0	244	0
1	227075806.1	G	T	322	125	182	164	230	176	244	179
1	227075806.2	G	C	322	0	182	1	230	2	244	0
7	148112623.0	C	A	99	1	160	2	117	0	134	0
7	148112623.1	C	T	99	45	160	58	117	57	134	64
7	148112623.2	C	G	99	0	160	0	117	2	134	0
1	25880440.0	G	C	52	24	95	99	53	49	87	54
1	25880440.1	G	A	52	0	95	1	53	1	87	1
12	11286188.0	G	A	159	8	71	1	194	14	169	8
12	11286188.1	G	C	159	0	71	0	194	2	169	0
12	11286188.2	G	T	159	0	71	0	194	0	169	1
7	35244085.0	G	A	198	1	200	1	188	1	167	0
7	35244085.1	G	T	198	59	200	35	188	10	167	3
7	35244085.2	G	C	198	0	200	2	188	0	167	0
9	17394880.0	G	A	10	2	2	0	13	0	13	0
9	17394880.1	G	T	10	85	2	66	13	166	13	98
6	123786115.0	G	A	186	5	194	4	418	4	255	2
6	123786115.1	G	T	186	328	194	263	418	318	255	284
6	123786115.2	G	C	186	1	194	2	418	4	255	1
6	123786116.0	G	A	185	3	191	4	421	3	256	4
6	123786116.1	G	T	185	323	191	255	421	318	256	273
6	123786116.2	G	C	185	2	191	1	421	2	256	3
16	50104087.0	A	T	123	3	68	0	167	0	139	3
16	50104087.1	A	G	123	101	68	52	167	62	139	59
16	50104087.2	A	C	123	2	68	2	167	0	139	2
5	82491620.0	T	G	65	2	44	0	127	0	113	0
5	82491620.1	T	C	65	1	44	0	127	0	113	0
5	82491620.2	T	A	65	0	44	5	127	0	113	0
19	56953614.0	C	A	34	180	19	93	53	324	40	263
19	56953614.1	C	T	34	2	19	3	53	1	40	1
19	56953614.2	C	G	34	0	19	2	53	0	40	1
10	118434472.0	G	T	77	18	151	0	105	1	88	0
10	118434472.1	G	A	77	0	151	1	105	0	88	0
2	108608652.0	G	T	146	108	82	66	167	155	124	109
2	108608652.1	G	C	146	1	82	0	167	0	124	0
2	108608652.2	G	A	146	0	82	0	167	0	124	3
7	6088475.0	C	A	52	47	33	38	68	93	52	71
5	60241189.0	C	T	51	7	59	1	87	2	56	2
5	60241189.1	C	A	51	0	59	1	87	0	56	0
13	52952547.1	C	G	1	17	0	29	0	28	5	32
4	129131126.0	C	A	92	1	39	2	94	0	58	3
4	129131126.1	C	T	92	82	39	53	94	55	58	97
4	129131126.2	C	G	92	1	39	0	94	1	58	0
8	132002719.0	G	A	153	71	236	81	298	86	211	81
8	132002719.1	G	T	153	1	236	1	298	0	211	0
8	132002719.2	G	C	153	1	236	0	298	3	211	0
12	101430903.0	A	T	430	8	221	3	458	5	490	10
12	101430903.1	A	G	430	212	221	97	458	196	490	201
12	101430903.2	A	C	430	2	221	2	458	1	490	0
17	42336949.0	C	T	74	77	103	113	77	68	112	66
17	42336949.1	C	G	74	0	103	1	77	1	112	3
16	3406515.0	C	T	47	28	100	38	37	54	59	61
16	3406515.1	C	G	47	1	100	0	37	0	59	0
13	36909271.0	C	A	36	5	14	0	86	0	55	0
13	36909271.1	C	T	36	1	14	0	86	0	55	0
13	36909271.2	C	G	36	1	14	0	86	0	55	0
3	58728271.0	G	C	1	91	0	66	14	86	11	81
3	58728271.1	G	T	1	0	0	1	14	0	11	1
X	152989065.0	G	A	3	105	4	183	7	82	4	98
X	152989065.1	G	C	3	0	4	1	7	0	4	0
22	44528857.0	G	A	120	3	274	4	145	1	171	2
22	44528857.1	G	T	120	3	274	2	145	0	171	1
22	44528857.2	G	C	120	138	274	240	145	88	171	110
19	50779346.0	G	A	31	42	56	86	31	41	31	66
19	50779346.1	G	C	31	0	56	1	31	0	31	1
20	61945105.0	C	A	23	25	36	39	15	42	14	34
17	55197610.0	G	A	185	1	176	1	200	1	229	1
17	55197610.1	G	T	185	170	176	182	200	162	229	182
17	55197610.2	G	C	185	3	176	2	200	0	229	0
4	38933141.0	T	A	155	7	160	0	81	2	129	7
4	38933141.1	T	G	155	5	160	5	81	1	129	3
4	38933141.2	T	C	155	54	160	60	81	67	129	71
3	184429382.0	C	G	61	56	101	123	44	64	52	80
3	184429382.1	C	A	61	0	101	1	44	0	52	0
6	152456319.0	C	A	53	112	23	39	175	124	84	98
6	152456319.1	C	T	53	1	23	0	175	0	84	0
6	152456319.2	C	G	53	0	23	0	175	1	84	2
6	38851670.0	G	A	144	1	65	0	179	2	148	1
6	38851670.1	G	T	144	65	65	22	179	144	148	141
6	38851670.2	G	C	144	1	65	0	179	0	148	1
19	33247069.0	G	T	47	2	27	0	78	1	81	2
19	33247069.1	G	C	47	52	27	22	78	74	81	65
19	33247069.2	G	A	47	0	27	1	78	1	81	0
21	28296624.0	A	T	103	1	61	0	82	0	98	0
21	28296624.1	A	G	103	79	61	59	82	97	98	94
17	10426941.0	T	G	4	103	11	172	11	151	12	154
17	10426941.1	T	A	4	0	11	1	11	0	12	0
17	10426941.2	T	C	4	0	11	0	11	1	12	1
20	5283113.0	T	A	56	2	98	0	64	1	59	1
20	5283113.1	T	G	56	2	98	2	64	1	59	2
20	5283113.2	T	C	56	31	98	49	64	31	59	33
12	69263190.0	G	T	150	0	59	8	289	1	174	1
17	38933372.0	A	T	117	106	38	39	187	146	170	135
17	38933372.1	A	G	117	1	38	0	187	0	170	0
17	38933372.2	A	C	117	0	38	1	187	0	170	0
7	73151381.0	C	A	147	1	203	3	98	0	97	0
7	73151381.1	C	T	147	159	203	213	98	130	97	119
7	73151381.2	C	G	147	1	203	1	98	0	97	0
7	120782150.0	A	C	97	16	75	14	139	32	151	17
7	120782150.1	A	T	97	0	75	2	139	0	151	0
7	120782150.2	A	G	97	0	75	0	139	1	151	0
22	18300128.0	C	A	30	17	48	31	21	7	47	28
1	13669142.0	G	T	119	50	128	104	147	122	156	102
1	13669142.1	G	A	119	0	128	0	147	1	156	0
1	13669142.2	G	C	119	0	128	0	147	1	156	0
7	92761505.0	T	A	119	216	43	83	149	437	110	501
7	92761505.1	T	G	119	2	43	1	149	1	110	0
7	92761505.2	T	C	119	1	43	0	149	2	110	0
8	142480721.0	C	A	155	1	285	0	193	0	184	0
8	142480721.1	C	T	155	70	285	121	193	86	184	75
8	142480721.2	C	G	155	0	285	1	193	1	184	1
1	114165579.0	A	T	160	2	67	8	236	1	229	1
1	114165579.1	A	C	160	1	67	0	236	0	229	2
1	114165579.2	A	G	160	0	67	2	236	0	229	1
11	60777053.0	C	A	52	39	85	83	49	37	68	47
20	25297689.0	A	G	43	22	72	45	39	19	37	17
7	99220205.0	C	A	259	1	451	2	314	1	496	3
7	99220205.1	C	T	259	103	451	124	314	80	496	88
7	99220205.2	C	G	259	3	451	2	314	0	496	0
11	64878026.0	T	A	0	95	2	162	5	126	3	115
2	219609841.0	G	A	303	1	175	1	376	3	309	4
2	219609841.1	G	T	303	227	175	146	376	361	309	186
2	219609841.2	G	C	303	2	175	1	376	0	309	1
20	50701349.0	C	A	389	48	965	119	417	50	520	72
20	50701349.1	C	G	389	0	965	0	417	2	520	1
21	15882716.0	G	A	85	1	74	0	63	0	77	0
21	15882716.1	G	T	85	54	74	53	63	32	77	52
21	15882716.2	G	C	85	0	74	0	63	0	77	2
20	43959107.0	C	A	165	297	134	284	200	298	80	294
20	43959107.1	C	T	165	1	134	0	200	1	80	1
20	43959107.2	C	G	165	0	134	0	200	1	80	1
8	140998968.0	C	A	161	0	339	0	166	24	189	0
8	140998968.1	C	G	161	0	339	0	166	1	189	0
8	140998968.2	C	T	161	0	339	0	166	0	189	1
1	151491131.0	G	T	259	124	329	282	181	155	222	191
1	151491131.1	G	C	259	1	329	1	181	0	222	0
1	151491131.2	G	A	259	0	329	2	181	1	222	0
5	24593564.0	G	A	22	18	17	25	51	38	26	24
5	24593564.1	G	T	22	0	17	0	51	0	26	1
2	11733111.0	A	G	45	32	84	68	44	46	61	57
2	11733111.1	A	T	45	0	84	1	44	1	61	0
2	11733111.2	A	C	45	0	84	1	44	0	61	0
17	66872649.0	A	T	216	2	403	1	346	0	284	54
17	66872649.1	A	G	216	1	403	0	346	0	284	2
17	66872649.2	A	C	216	0	403	2	346	0	284	0
1	160793392.0	G	A	31	50	81	68	52	53	65	50
1	160793392.1	G	C	31	1	81	0	52	0	65	0
1	155206047.0	T	A	75	19	77	62	58	39	84	35
1	155206047.1	T	C	75	2	77	1	58	0	84	0
1	32203115.0	C	A	115	34	140	97	114	78	129	87
1	32203115.1	C	T	115	0	140	1	114	1	129	0
13	103418862.0	A	T	93	2	41	0	192	2	100	0
13	103418862.1	A	G	93	1	41	0	192	0	100	0
13	103418862.2	A	C	93	0	41	5	192	0	100	0
12	99043370.0	G	A	116	3	50	1	120	0	100	0
12	99043370.1	G	T	116	53	50	23	120	64	100	42
1	84647996.0	C	T	195	96	76	61	588	0	393	2
1	84647996.1	C	G	195	1	76	0	588	1	393	0
19	34710362.0	G	A	235	1	343	2	304	0	241	2
19	34710362.1	G	T	235	1	343	1	304	1	241	1
19	34710362.2	G	C	235	10	343	81	304	12	241	64
17	33288768.0	G	A	134	37	236	69	261	0	196	1
17	55055533.0	C	T	36	33	76	114	49	40	70	56
17	55055533.1	C	G	36	0	76	1	49	0	70	0
14	23504003.0	G	A	377	4	583	2	507	0	412	2
14	23504003.1	G	T	377	2	583	2	507	3	412	3
14	23504003.2	G	C	377	160	583	191	507	150	412	121
16	2284299.0	G	T	76	25	86	45	55	12	71	35
16	2284299.1	G	C	76	0	86	0	55	1	71	0
3	75715082.0	C	A	321	78	482	122	379	93	390	46
3	75715082.1	C	G	321	1	482	3	379	2	390	0
3	75715082.2	C	T	321	0	482	1	379	0	390	1
16	68266690.0	T	A	320	0	475	2	210	94	283	29
16	68266690.1	T	G	320	0	475	1	210	1	283	0
16	68266690.2	T	C	320	0	475	1	210	1	283	0
11	15262023.0	C	A	128	117	191	176	153	116	192	147
11	15262023.1	C	T	128	1	191	2	153	3	192	0
11	15262023.2	C	G	128	1	191	0	153	2	192	0
2	170009340.0	G	A	100	2	92	1	105	1	130	0
2	170009340.1	G	T	100	120	92	69	105	125	130	94
2	170009340.2	G	C	100	1	92	0	105	0	130	1
15	52161433.0	G	T	50	17	28	13	88	0	46	0
15	52161433.1	G	C	50	2	28	0	88	0	46	0
2	50847266.0	T	C	74	62	68	41	102	82	61	61
2	50847266.1	T	A	74	0	68	1	102	0	61	0
21	47418327.0	A	C	93	88	190	155	51	60	138	97
21	47418327.1	A	T	93	0	190	2	51	0	138	2
21	47418327.2	A	G	93	0	190	1	51	0	138	0
17	37922309.0	G	A	192	33	305	30	232	0	224	2
17	37922309.1	G	T	192	1	305	2	232	1	224	1
17	37922309.2	G	C	192	0	305	0	232	0	224	2
7	100635436.0	C	T	95	40	107	75	65	31	81	35
7	100635436.1	C	G	95	1	107	0	65	0	81	0
7	100635436.2	C	A	95	0	107	1	65	0	81	0
3	100362131.0	T	A	128	2	32	0	155	0	137	0
3	100362131.1	T	G	128	79	32	29	155	67	137	57
3	100362131.2	T	C	128	1	32	1	155	1	137	2
11	34113604.0	G	A	75	21	38	11	69	1	70	0
11	34113604.1	G	T	75	0	38	1	69	1	70	0
16	188266.0	T	A	4	80	1	178	7	77	11	90
16	188266.1	T	G	4	1	1	7	7	3	11	2
16	188266.2	T	C	4	11	1	30	7	19	11	12
2	74757366.0	G	T	22	39	84	73	43	33	28	49
2	74757366.1	G	C	22	1	84	0	43	1	28	1
12	58024769.0	C	A	32	53	64	82	41	77	31	79
12	58024769.1	C	G	32	1	64	0	41	0	31	0
10	104590734.0	A	T	1	3	0	11	1	10	0	5
6	64419095.0	G	A	212	87	107	41	280	201	229	182
6	64419095.1	G	T	212	1	107	1	280	0	229	4
6	64419095.2	G	C	212	1	107	1	280	1	229	0
6	100390906.0	C	A	86	1	43	1	91	1	61	0
6	100390906.1	C	T	86	41	43	31	91	67	61	38
2	27685648.0	T	A	215	2	134	1	214	0	240	3
2	27685648.1	T	G	215	155	134	119	214	149	240	143
2	27685648.2	T	C	215	1	134	2	214	1	240	2
12	121176672.0	C	T	31	9	57	15	20	17	37	15
20	62493315.0	G	T	13	1	10	0	8	0	24	0
20	62493315.1	G	C	13	5	10	17	8	6	24	12
8	24811148.0	G	A	4	2	5	0	9	1	18	0
8	24811148.1	G	T	4	2	5	3	9	1	18	2
8	24811148.2	G	C	4	51	5	112	9	86	18	100
2	152507348.0	G	A	88	63	53	39	100	80	90	79
2	152507348.1	G	C	88	1	53	0	100	1	90	0
2	152507348.2	G	T	88	0	53	1	100	0	90	1
13	52548606.0	C	A	1	15	0	5	1	48	0	5
1	227075805.0	G	A	318	2	185	0	229	0	245	0
1	227075805.1	G	T	318	124	185	167	229	179	245	179
1	227075805.2	G	C	318	1	185	0	229	1	245	0
13	21179246.0	T	A	59	4	37	6	213	0	140	0
13	21179246.1	T	C	59	1	37	0	213	0	140	0
2	95815939.0	T	C	88	76	66	58	118	85	110	91
2	95815939.1	T	A	88	0	66	0	118	2	110	0
1	247835455.0	C	G	50	76	42	41	94	77	75	58
1	247835455.1	C	T	50	0	42	1	94	0	75	2
13	53035341.0	C	T	51	0	29	4	140	0	78	0
13	53035341.1	C	G	51	0	29	0	140	1	78	0
2	188332528.0	C	T	301	1	139	0	484	1	383	1
2	188332528.1	C	A	301	0	139	0	484	1	383	81
2	188332528.2	C	G	301	0	139	0	484	0	383	1
12	352954.0	G	A	26	27	20	29	31	0	38	0
8	116616829.0	C	T	37	31	16	9	80	33	45	31
8	116616829.1	C	A	37	0	16	0	80	1	45	0
4	169206621.0	C	A	174	176	62	55	121	87	121	80
4	169206621.1	C	T	174	1	62	0	121	0	121	0
11	7586827.0	T	A	6	1	5	4	9	0	14	0
11	7586827.1	T	G	6	100	5	110	9	105	14	109
15	22383342.0	C	A	55	1	21	4	81	16	49	9
15	22383342.1	C	T	55	0	21	1	81	1	49	1
7	48237893.0	C	T	175	22	142	24	180	2	164	1
7	48237893.1	C	A	175	0	142	1	180	0	164	0
21	46078047.0	C	A	68	77	121	128	78	46	101	65
21	46078047.1	C	T	68	0	121	1	78	1	101	0
3	38622788.0	T	A	2	42	1	82	2	49	7	78
3	38622788.1	T	C	2	0	1	2	2	0	7	0
21	34648902.0	T	A	159	120	83	58	200	109	173	135
21	34648902.1	T	G	159	1	83	0	200	1	173	1
21	34648902.2	T	C	159	0	83	1	200	0	173	0
12	56082653.0	C	A	125	50	236	104	101	41	144	72
12	56082653.1	C	G	125	0	236	1	101	0	144	0
6	65767598.0	T	A	67	1	28	3	187	0	114	2
6	65767598.1	T	C	67	99	28	59	187	112	114	90
6	65767598.2	T	G	67	0	28	1	187	0	114	0
6	28297184.0	C	T	128	1	169	0	191	0	176	23
6	28297184.1	C	G	128	2	169	1	191	0	176	0
4	183676330.0	G	T	89	79	18	23	63	47	68	38
4	183676330.1	G	C	89	2	18	0	63	1	68	0
9	36218208.0	A	C	58	0	106	1	107	0	108	0
9	36218208.1	A	G	58	0	106	0	107	0	108	17
1	237947189.0	G	A	14	35	27	30	32	37	41	26
1	237947189.1	G	C	14	1	27	0	32	0	41	0
14	23855159.0	C	T	181	0	348	2	182	1	214	0
14	23855159.1	C	G	181	0	348	0	182	23	214	0
17	72691963.0	T	A	86	103	163	162	84	108	135	116
17	72691963.1	T	G	86	1	163	1	84	1	135	1
17	72691963.2	T	C	86	0	163	1	84	0	135	1
6	107088370.0	G	A	66	0	28	4	182	1	119	1
6	107088370.1	G	C	66	0	28	0	182	0	119	1
22	37622838.0	C	A	100	17	160	0	91	1	141	0
6	114383971.0	G	A	139	2	163	0	118	1	121	1
6	114383971.1	G	T	139	44	163	82	118	110	121	78
6	114383971.2	G	C	139	1	163	2	118	1	121	2
2	168104642.0	A	T	95	1	59	0	153	0	103	0
2	168104642.1	A	C	95	94	59	65	153	98	103	110
7	72281191.0	C	A	291	5	201	1	276	1	247	1
7	72281191.1	C	T	291	3	201	2	276	1	247	0
7	72281191.2	C	G	291	63	201	59	276	0	247	1
19	21607695.0	C	A	56	0	63	9	101	1	116	0
19	21607695.1	C	T	56	0	63	1	101	0	116	0
5	90074406.0	C	T	30	0	41	2	37	6	45	0
22	42089882.0	G	A	27	1	44	1	22	0	36	0
22	42089882.1	G	T	27	21	44	44	22	19	36	20
15	72837161.0	G	A	159	135	64	47	154	124	159	75
15	72837161.1	G	T	159	1	64	1	154	0	159	1
15	72837161.2	G	C	159	1	64	0	154	1	159	1
8	37732495.0	T	A	14	11	32	34	50	28	35	17
9	138378571.0	C	A	12	1	24	0	11	0	10	0
9	138378571.1	C	T	12	6	24	11	11	10	10	16
9	138378571.2	C	G	12	0	24	1	11	4	10	3
10	26459468.0	G	A	2	3	3	0	7	0	10	4
10	26459468.1	G	T	2	79	3	29	7	107	10	89
10	26459468.2	G	C	2	0	3	1	7	0	10	1
2	233396360.0	C	A	34	31	55	37	36	25	64	41
7	149461916.0	C	A	24	1	67	0	29	0	39	0
7	149461916.1	C	T	24	9	67	26	29	17	39	27
3	124826815.0	C	A	38	36	47	72	16	36	26	48
3	124826815.1	C	G	38	0	47	1	16	0	26	0
19	9083815.0	G	T	14	18	12	7	25	20	24	21
19	9083815.1	G	C	14	1	12	0	25	0	24	0
X	76937611.0	C	T	36	1	20	4	53	0	47	0
X	76937611.1	C	G	36	1	20	0	53	3	47	1
16	24202425.0	C	G	63	72	36	53	35	86	42	93
16	24202425.1	C	A	63	0	36	1	35	1	42	1
16	24202425.2	C	T	63	0	36	0	35	2	42	0
14	20849498.0	C	T	365	49	415	47	428	0	480	0
14	20849498.1	C	G	365	5	415	5	428	1	480	1
7	138341247.0	T	C	32	60	9	41	61	116	74	104
7	138341247.1	T	A	32	0	9	0	61	0	74	1
2	98128139.0	C	T	87	40	37	16	122	58	95	52
2	98128139.1	C	G	87	0	37	1	122	0	95	0
13	28895724.0	T	C	60	1	49	1	135	1	96	1
13	28895724.1	T	A	60	0	49	6	135	1	96	0
1	111060692.0	C	T	34	28	50	12	83	1	87	0
19	20117033.0	G	T	115	1	155	19	233	2	160	1
19	20117033.1	G	C	115	1	155	2	233	0	160	0
19	20117033.2	G	A	115	0	155	3	233	0	160	0
21	11098735.0	C	T	128	17	223	11	115	11	167	17
21	11098735.1	C	G	128	0	223	1	115	0	167	0
6	167590555.0	G	A	375	1	252	1	576	2	421	0
6	167590555.1	G	T	375	159	252	115	576	169	421	131
6	167590555.2	G	C	375	1	252	3	576	1	421	0
11	78775835.0	C	A	3	123	5	258	3	141	12	159
11	78775835.1	C	G	3	0	5	0	3	0	12	1
12	89891043.0	G	A	56	2	35	0	70	0	67	0
12	89891043.1	G	T	56	1	35	0	70	1	67	1
12	89891043.2	G	C	56	115	35	62	70	158	67	118
19	50208555.0	G	A	93	16	161	30	150	22	144	28
19	50208555.1	G	C	93	0	161	0	150	1	144	0
6	152529172.0	T	C	58	110	79	114	164	151	100	131
6	152529172.1	T	A	58	0	79	1	164	0	100	1
6	152529172.2	T	G	58	0	79	1	164	1	100	1
12	40728949.0	G	A	1	1	3	0	12	0	3	0
12	40728949.1	G	T	1	53	3	54	12	86	3	66
12	40728949.2	G	C	1	1	3	0	12	0	3	0
6	70098721.0	T	A	106	52	64	33	199	0	160	2
6	70098721.1	T	G	106	3	64	2	199	1	160	2
12	102046562.0	G	A	330	149	154	51	467	184	374	134
12	102046562.1	G	T	330	1	154	2	467	3	374	1
12	102046562.2	G	C	330	0	154	0	467	0	374	1
16	89911743.0	G	A	217	1	226	1	130	0	151	0
16	89911743.1	G	T	217	187	226	177	130	242	151	238
16	89911743.2	G	C	217	1	226	0	130	0	151	0
3	32031246.0	A	G	42	1	8	3	94	0	75	1
3	32031246.1	A	C	42	1	8	0	94	0	75	0
16	30364931.0	C	A	20	19	53	33	28	7	40	16
16	30364931.1	C	T	20	1	53	0	28	0	40	0
16	30364931.2	C	G	20	1	53	0	28	0	40	0
11	55703456.0	C	T	36	49	23	31	66	69	51	53
1	25712301.0	A	C	192	67	207	133	198	124	180	147
1	25712301.1	A	T	192	0	207	2	198	0	180	0
1	25712301.2	A	G	192	0	207	2	198	0	180	0
18	19102772.0	G	A	129	23	76	0	175	0	126	0
2	179463261.0	T	A	111	2	72	2	155	1	96	0
2	179463261.1	T	G	111	108	72	57	155	158	96	115
2	179463261.2	T	C	111	1	72	1	155	0	96	2
4	151504380.0	G	A	64	25	97	19	43	0	65	0
4	151504380.1	G	T	64	0	97	1	43	0	65	0
4	144619557.0	G	A	100	3	85	1	46	35	73	5
4	144619557.1	G	T	100	1	85	3	46	0	73	1
4	144619557.2	G	C	100	0	85	1	46	0	73	1
3	143082344.0	C	T	259	75	121	44	293	0	262	0
3	143082344.1	C	A	259	0	121	1	293	0	262	0
12	34176942.0	A	T	212	4	97	5	248	1	198	3
12	34176942.1	A	G	212	17	97	18	248	24	198	26
12	34176942.2	A	C	212	2	97	0	248	1	198	1
3	142234256.0	G	A	106	65	49	20	225	67	157	54
3	142234256.1	G	T	106	1	49	1	225	1	157	1
3	142234256.2	G	C	106	1	49	1	225	0	157	2
1	216040396.0	G	T	75	153	101	93	143	140	122	110
1	216040396.1	G	C	75	1	101	0	143	1	122	1
1	216040396.2	G	A	75	0	101	3	143	0	122	0
1	8418636.0	C	G	24	33	78	93	49	54	51	56
1	103491153.0	T	G	161	2	52	0	313	1	248	1
1	103491153.1	T	C	161	0	52	0	313	0	248	55
4	1956886.0	A	T	198	2	249	1	135	0	170	2
4	1956886.1	A	G	198	97	249	121	135	98	170	112
4	1956886.2	A	C	198	0	249	0	135	0	170	1
4	90816162.0	T	A	51	1	21	0	43	1	27	0
4	90816162.1	T	C	51	44	21	18	43	96	27	43
4	90816162.2	T	G	51	0	21	2	43	0	27	0
X	41000599.0	A	G	1	79	1	59	6	164	3	100
14	105412955.0	C	T	81	45	106	51	80	0	105	0
14	105412955.1	C	G	81	1	106	0	80	0	105	0
14	105412955.2	C	A	81	0	106	0	80	0	105	2
2	135884200.0	A	T	266	163	110	76	242	185	173	206
2	135884200.1	A	G	266	2	110	3	242	2	173	0
2	135884200.2	A	C	266	1	110	0	242	3	173	0
22	24463009.0	C	A	93	1	188	1	97	0	130	2
22	24463009.1	C	T	93	68	188	125	97	59	130	89
22	24463009.2	C	G	93	1	188	11	97	1	130	7
2	179574464.0	A	T	75	1	32	0	91	1	72	1
2	179574464.1	A	G	75	69	32	36	91	85	72	81
2	179574464.2	A	C	75	1	32	1	91	1	72	1
4	175898446.0	G	A	86	83	42	25	51	43	51	27
4	175898446.1	G	T	86	1	42	0	51	0	51	0
4	175898446.2	G	C	86	0	42	0	51	1	51	0
X	12734581.0	C	A	109	0	58	1	116	0	109	27
X	12734581.1	C	G	109	0	58	2	116	0	109	0
X	3228609.0	G	A	104	34	250	73	138	1	224	2
X	122757756.0	T	G	3	106	1	48	8	173	10	151
X	122757756.1	T	C	3	1	1	0	8	0	10	0
10	82045334.0	C	A	5	92	4	69	8	86	6	94
10	82045334.1	C	T	5	1	4	0	8	0	6	0
7	5360234.0	G	A	44	64	114	107	42	46	55	46
18	6999992.0	T	A	103	55	38	32	126	80	107	75
18	6999992.1	T	G	103	1	38	0	126	0	107	0
18	6999992.2	T	C	103	1	38	0	126	0	107	0
1	157514221.0	C	G	100	1	160	0	141	0	125	19
1	157514221.1	C	A	100	0	160	0	141	1	125	0
10	85992120.0	C	A	2	16	1	41	5	21	4	37
8	38947587.0	A	T	454	374	199	204	463	528	458	387
8	38947587.1	A	G	454	9	199	6	463	2	458	3
8	38947587.2	A	C	454	4	199	1	463	2	458	1
1	144855845.0	G	T	31	1	81	0	65	0	65	0
1	144855845.1	G	C	31	43	81	57	65	34	65	34
1	144855845.2	G	A	31	0	81	1	65	0	65	1
19	53994823.0	A	T	163	1	64	2	189	0	185	2
19	53994823.1	A	C	163	40	64	24	189	37	185	62
19	53994823.2	A	G	163	0	64	2	189	1	185	0
14	45478128.0	C	G	3	35	3	21	10	72	3	54
14	45478128.1	C	T	3	0	3	1	10	0	3	1
22	26743720.0	G	A	191	1	169	1	171	0	209	1
22	26743720.1	G	C	191	1	169	0	171	2	209	0
22	26743720.2	G	T	191	0	169	0	171	0	209	23
7	35077489.0	G	T	8	3	13	15	8	8	6	10
19	12087889.0	A	T	228	119	159	147	199	153	256	138
19	12087889.1	A	G	228	3	159	1	199	0	256	5
19	12087889.2	A	C	228	1	159	0	199	2	256	1
6	51523941.0	C	A	42	51	8	21	107	80	89	54
6	51523941.1	C	G	42	1	8	1	107	0	89	0
6	51523941.2	C	T	42	0	8	0	107	1	89	0
1	247615162.0	C	A	137	57	137	135	111	95	106	90
1	247615162.1	C	T	137	1	137	3	111	0	106	1
1	247615162.2	C	G	137	0	137	1	111	0	106	2
13	38266273.0	A	C	129	1	80	0	216	1	135	24
13	38266273.1	A	T	129	0	80	0	216	1	135	1
13	38266273.2	A	G	129	0	80	0	216	1	135	0
19	50117868.0	A	T	171	63	355	110	197	85	255	84
19	50117868.1	A	G	171	2	355	2	197	2	255	1
19	50117868.2	A	C	171	0	355	1	197	0	255	0
5	9066690.0	T	G	128	161	185	288	237	366	188	282
5	9066690.1	T	A	128	0	185	4	237	3	188	0
5	9066690.2	T	C	128	0	185	1	237	3	188	0
3	46754484.0	G	A	150	1	113	0	106	93	215	0
11	56128531.0	C	A	36	34	8	12	45	42	30	37
1	196696060.0	C	G	58	13	20	6	86	0	69	1
1	196696060.1	C	T	58	0	20	1	86	0	69	0
17	73758964.0	G	T	22	17	46	44	36	28	47	30
