Chr	Posi	Wild	Mut	Met1T:ref	Met1T:alt	Met2T:ref	Met2T:alt	Met3T:ref	Met3T:alt
1	1269750	G	C	21	6	10	7	10	4
1	11733403	C	T	151	25	87	35	84	27
1	19440264	T	A	116	16	115	46	98	26
1	22456206	C	G	384	0	230	0	168	71
1	28904088	G	C	195	36	147	60	192	76
1	34066580	G	C	645	0	375	144	459	0
1	40431622	A	G	80	26	73	23	43	34
1	57399037	C	T	77	13	44	24	57	17
1	89579909	T	A	174	28	161	44	127	40
1	153915373	C	T	58	19	40	9	39	11
1	154991025	T	G	276	7	259	15	282	40
1	157491011	G	A	106	7	62	24	35	31
1	157491012	C	A	106	7	62	25	36	31
1	169566370	C	G	126	8	72	35	49	71
1	173855127	G	A	50	6	33	10	32	20
1	183079751	G	A	175	13	160	65	128	120
1	183920221	T	A	187	0	187	0	155	43
1	183920222	C	A	187	0	188	0	156	42
1	196794607	C	A	55	4	69	24	21	23
1	212965320	C	A	162	33	183	75	89	17
1	228612904	G	A	187	46	162	60	179	46
2	39224440	T	A	487	0	391	0	332	113
2	48035331	C	A	152	50	95	58	22	110
2	74709499	T	A	19	22	8	17	4	17
2	130940009	G	C	198	57	113	58	174	125
2	163204239	C	T	86	33	69	0	19	89
2	183792917	G	T	333	0	316	0	182	70
2	198571611	G	A	105	18	74	103	36	57
2	198571612	C	T	106	19	73	105	34	57
2	219130810	C	T	79	0	87	24	47	0
2	219130811	C	T	77	0	89	24	48	0
2	242592939	C	G	210	69	128	75	67	115
3	62739223	T	C	159	54	57	56	26	113
3	121230781	G	A	325	55	229	86	233	173
3	122437330	C	T	104	29	106	26	87	70
3	148802482	T	C	182	0	198	68	293	0
3	156272875	C	T	125	0	229	26	63	0
3	169656287	G	C	47	8	145	0	54	28
3	180377544	T	G	179	28	258	24	166	93
3	188242480	G	A	103	0	122	34	101	16
3	195506623	G	A	62	10	110	7	120	11
4	9784882	A	G	98	8	70	5	71	8
4	20618810	C	A	121	0	92	0	53	24
4	71347089	G	C	470	6	380	5	655	164
4	71347090	A	T	466	8	382	5	673	156
4	99802250	T	A	106	26	169	35	32	27
4	103968250	T	C	101	25	72	33	67	62
4	123332548	G	T	127	0	144	27	140	0
5	14461216	G	A	36	23	34	41	39	98
5	65465910	C	A	139	23	106	56	139	87
5	78985815	G	C	91	29	98	35	55	43
5	79279514	G	A	199	0	149	74	188	0
5	96076463	C	T	147	17	155	51	133	81
5	109181619	C	G	255	0	242	0	177	60
5	127728896	C	G	184	35	133	41	104	80
5	140725312	G	A	95	0	72	0	40	10
5	146804491	G	T	193	29	164	91	136	77
5	147491350	G	A	151	38	156	62	119	86
5	176072885	C	A	111	0	108	0	82	30
5	178044423	T	C	266	68	251	86	244	187
5	179146705	G	A	322	65	257	132	316	179
5	179193632	G	A	21	9	29	15	36	21
6	24145957	G	T	80	15	52	31	72	46
6	24576767	C	T	456	102	377	149	414	274
6	75838122	C	A	228	0	255	0	249	52
6	153043129	T	A	144	24	62	66	69	75
6	155575663	G	A	298	0	125	70	285	0
7	27211693	T	C	116	45	108	136	74	162
7	43351426	G	A	291	0	258	0	263	30
7	88966191	C	T	102	0	149	62	143	32
7	95218952	C	A	246	0	391	0	310	69
7	96650148	G	T	387	0	422	0	424	66
7	121659316	A	C	301	0	423	0	374	60
8	1575053	G	C	92	26	20	26	10	42
8	42611182	C	T	90	0	63	21	81	0
8	64087922	G	T	377	0	416	0	388	72
8	64099797	G	C	80	14	95	28	77	58
9	6482099	G	T	211	0	267	0	212	60
9	86004582	G	T	161	0	92	71	126	0
9	96428056	G	A	235	42	261	37	124	95
9	114145508	C	T	129	34	177	0	133	0
9	139101079	G	A	60	17	20	52	7	64
10	24880837	A	G	280	27	204	23	234	45
10	31809611	C	T	52	12	30	29	20	44
10	123298217	G	C	107	0	129	0	95	23
11	7110489	C	A	195	32	96	26	120	62
11	17419251	C	A	141	16	103	27	43	51
11	18728662	C	G	164	42	99	57	128	89
11	47372917	G	A	168	28	95	0	71	49
11	57176709	G	T	241	47	216	34	241	147
11	61189043	T	C	219	62	151	95	214	164
11	66276596	C	T	187	24	129	25	171	47
11	71249566	T	C	127	0	71	0	49	8
11	71847009	C	G	133	0	79	0	45	35
11	89443710	C	T	79	11	53	4	51	19
12	4919432	C	T	173	54	111	35	140	100
12	6493583	G	T	40	5	36	9	19	18
12	14940026	G	T	98	17	75	11	117	34
12	18234245	G	C	161	35	103	19	111	112
12	41352978	A	G	166	0	174	0	78	60
12	53346023	C	T	29	0	9	5	12	0
12	55420956	A	G	158	0	104	23	183	0
12	58025087	G	A	112	71	134	44	26	176
12	72029232	T	C	267	0	251	59	333	0
12	125396605	G	A	7	0	0	2	5	11
12	125397298	G	A	147	0	164	5	105	13
12	133779420	C	T	57	29	54	0	42	83
12	133779575	C	G	129	63	132	0	136	190
12	133779659	C	T	115	65	112	0	151	218
12	133779880	C	T	127	79	119	4	146	221
12	133780551	C	A	116	56	117	0	136	167
12	133780578	C	T	79	43	90	0	80	97
12	133780803	C	G	260	186	268	11	282	472
13	23912763	C	A	99	0	63	0	92	21
13	48955485	G	C	239	0	185	0	268	75
13	49795307	G	A	60	17	28	0	101	0
14	23894169	T	A	328	0	205	0	332	59
14	23894170	C	A	329	0	199	0	326	61
14	23901062	C	A	179	0	109	0	128	48
14	42361097	A	T	93	22	77	39	114	87
14	59112425	G	A	104	0	51	6	114	0
14	71495417	C	G	497	0	431	0	508	80
14	73959077	G	C	57	17	38	18	53	26
14	93286155	G	A	328	27	220	99	362	282
14	104569991	C	A	141	0	91	0	116	14
15	52893342	T	C	256	82	212	98	192	210
15	57838439	T	G	67	0	55	0	113	24
15	65748614	C	A	206	32	186	72	151	70
15	75648459	C	T	94	17	41	18	74	8
15	83349717	C	T	83	11	45	26	25	24
15	83933462	C	T	119	30	99	32	67	67
15	87217583	C	G	114	0	75	12	47	0
15	102244140	C	A	356	0	323	0	289	85
16	24372943	G	T	189	0	114	46	135	0
16	56485645	G	C	192	92	184	92	17	101
16	67478452	T	C	159	0	72	43	101	0
16	67761342	C	A	76	0	46	0	33	6
16	67914684	G	C	61	0	43	16	57	0
16	88729441	G	T	205	0	146	65	178	0
16	90029834	G	T	137	0	93	0	42	19
17	9757842	C	T	349	0	333	64	269	209
17	10442571	C	T	566	0	529	5	637	181
17	11455229	C	A	191	0	185	0	289	76
17	16285560	T	C	301	0	328	13	292	37
17	18150651	C	G	171	0	91	23	94	52
17	28618469	A	G	329	0	184	22	228	0
17	37317573	C	A	192	0	116	0	203	63
17	37317574	G	C	192	0	116	0	204	60
17	37331781	C	A	103	14	65	0	98	0
17	37373107	T	A	353	82	234	65	261	192
17	37373108	C	T	355	82	233	64	268	191
17	73808271	C	G	269	43	312	0	256	0
17	79674252	C	T	437	0	397	0	343	87
18	14542978	C	T	151	9	78	4	68	11
18	24056524	C	T	249	39	147	95	241	145
18	56149254	C	T	185	45	149	75	52	158
19	2078527	G	A	106	0	46	26	62	0
19	2249643	C	A	31	8	18	5	26	19
19	4511599	C	G	107	0	74	13	82	8
19	8841410	C	T	78	17	31	16	79	49
19	9059587	T	G	122	0	105	0	109	25
19	9059588	C	G	122	0	102	0	113	24
19	38057037	C	A	215	0	150	0	148	49
19	41352930	C	T	168	10	110	58	116	46
19	44376814	T	C	128	14	131	53	149	43
19	45790900	G	T	278	22	198	79	254	90
19	51298312	C	A	71	21	52	25	25	36
19	54308565	G	A	97	6	73	30	67	15
20	4893619	C	G	134	29	66	23	124	24
20	5081522	C	A	187	13	152	8	93	9
20	49181550	A	G	234	48	302	64	284	77
21	22664521	G	C	271	46	215	76	63	321
22	18910648	G	T	145	50	79	81	75	134
22	20761134	G	T	184	0	136	0	117	24
22	37771448	G	A	324	151	145	138	62	278
22	38119755	C	A	108	15	58	13	32	32
22	38271975	G	A	88	0	79	0	124	24
22	42981798	C	G	161	37	100	40	112	83
X	31645899	G	T	288	0	286	83	152	69
X	45013168	G	A	97	0	61	0	41	6
X	53349931	G	T	71	0	55	0	13	14
X	77301959	C	T	262	0	223	72	194	63
X	101139182	C	G	178	0	235	0	139	46
X	102005156	A	C	122	8	163	8	140	17
X	106066556	C	G	131	0	140	53	113	40
X	107979048	T	A	164	25	141	55	92	89
X	117718757	A	G	198	35	225	82	114	165
