Chr	Posi	Wild	Mut	Met1T:ref	Met1T:alt	Met2T:ref	Met2T:alt	Met3T:ref	Met3T:alt	Met4T:ref	Met4T:alt	PrimT:ref	PrimT:alt
3	191078926.0	G	A	79	27	88	42	78	35	80	24	139	0
3	191078926.1	G	T	79	0	88	0	78	0	80	0	139	1
7	77200395.0	C	T	188	62	41	14	138	43	119	25	37	10
7	77200395.1	C	A	188	0	41	1	138	0	119	0	37	1
7	77200395.2	C	G	188	0	41	0	138	0	119	2	37	0
10	60577448.0	T	C	41	27	93	53	67	27	47	13	146	0
12	41966936.0	G	T	21	7	38	28	27	19	21	10	33	28
12	41966936.1	G	C	21	0	38	1	27	0	21	0	33	0
9	117002765.0	G	A	33	14	96	51	48	22	37	9	47	25
7	11521576.0	G	A	32	26	43	85	43	57	68	30	90	100
7	11521576.1	G	T	32	0	43	1	43	0	68	0	90	1
2	208618354.0	G	A	170	90	245	119	184	108	162	38	128	23
2	208618354.1	G	C	170	1	245	0	184	0	162	0	128	1
2	208618354.2	G	T	170	0	245	0	184	1	162	2	128	0
1	38174023.0	A	G	98	70	210	140	150	100	121	26	303	0
1	38174023.1	A	T	98	0	210	1	150	2	121	0	303	1
2	43514066.0	G	T	68	19	70	55	89	35	62	24	118	53
2	43514066.1	G	A	68	0	70	1	89	0	62	0	118	0
2	43514066.2	G	C	68	0	70	0	89	1	62	0	118	0
3	52265188.0	C	T	78	29	221	5	87	1	61	0	112	0
3	52265188.1	C	A	78	0	221	1	87	0	61	0	112	0
2	25038429.0	A	T	108	1	133	2	97	0	100	0	243	0
2	25038429.1	A	G	108	38	133	57	97	50	100	25	243	0
X	153283802.0	G	A	45	34	92	47	36	18	29	4	40	23
X	153283802.1	G	C	45	1	92	0	36	1	29	0	40	0
20	62871785.0	G	A	33	18	105	65	65	29	63	13	73	62
2	210940389.0	G	A	183	94	196	109	200	100	214	53	156	42
2	210940389.1	G	T	183	1	196	1	200	1	214	0	156	1
14	81961448.0	G	A	88	55	125	55	98	75	90	28	205	0
14	81961448.1	G	T	88	2	125	2	98	2	90	0	205	1
14	81961448.2	G	C	88	3	125	0	98	1	90	0	205	0
1	179504046.0	G	T	135	1	62	0	87	0	84	0	45	0
1	179504046.1	G	C	135	3	62	0	87	1	84	0	45	13
1	179504046.2	G	A	135	0	62	0	87	0	84	0	45	1
1	46027542.0	C	T	83	54	161	101	115	38	97	28	122	91
1	46027542.1	C	G	83	0	161	1	115	2	97	0	122	1
1	46027542.2	C	A	83	0	161	0	115	0	97	0	122	1
11	64812059.0	C	T	91	47	143	101	81	52	92	24	120	44
11	64812059.1	C	A	91	0	143	1	81	0	92	0	120	1
11	64812059.2	C	G	91	0	143	2	81	0	92	1	120	1
1	202288061.0	A	T	43	23	100	66	50	19	61	10	97	45
1	202288061.1	A	C	43	0	100	1	50	0	61	0	97	0
1	202288061.2	A	G	43	0	100	0	50	0	61	0	97	1
16	67034832.0	G	A	56	20	147	58	46	24	38	14	44	34
16	67034832.1	G	T	56	0	147	0	46	1	38	0	44	0
2	220421415.0	A	C	38	18	66	50	22	27	32	5	52	18
2	220421415.1	A	T	38	0	66	1	22	1	32	0	52	0
2	220421415.2	A	G	38	0	66	1	22	0	32	0	52	1
10	105957783.0	A	T	129	1	83	0	161	1	145	0	35	0
10	105957783.1	A	G	129	77	83	54	161	102	145	47	35	17
15	75111521.0	G	A	194	82	419	267	208	173	191	66	219	190
15	75111521.1	G	T	194	0	419	0	208	1	191	0	219	0
15	75111521.2	G	C	194	0	419	0	208	1	191	0	219	0
5	57753012.0	A	C	116	8	104	14	130	7	105	2	176	0
5	57753012.1	A	T	116	0	104	1	130	0	105	1	176	0
21	45746707.0	G	A	16	5	75	26	23	9	22	9	27	13
21	45746707.1	G	C	16	0	75	1	23	0	22	0	27	2
21	45746707.2	G	T	16	0	75	0	23	1	22	0	27	3
1	15833453.0	G	A	48	14	91	51	51	22	38	10	61	0
1	15833453.1	G	T	48	0	91	1	51	1	38	0	61	1
6	152712474.0	C	A	41	0	177	0	56	38	67	0	169	0
3	44763851.0	T	C	54	0	66	0	68	0	92	0	22	7
3	29781365.0	C	T	86	43	90	76	93	57	92	22	40	18
3	29781365.1	C	G	86	0	90	1	93	1	92	0	40	0
3	29781365.2	C	A	86	0	90	0	93	0	92	1	40	0
16	30536031.0	C	T	42	26	84	35	28	12	30	7	35	28
16	30536031.1	C	G	42	0	84	1	28	0	30	2	35	0
17	73489929.0	C	A	36	19	78	45	29	28	42	6	52	25
22	50705448.0	C	T	147	0	209	0	108	0	76	1	143	48
19	6429758.0	G	T	54	0	118	0	40	1	55	0	129	0
19	6429758.1	G	C	54	0	118	0	40	10	55	0	129	0
1	169581631.0	C	T	36	23	85	49	64	43	81	28	172	0
1	169581631.1	C	A	36	0	85	0	64	0	81	1	172	0
4	154644573.0	T	A	133	0	194	1	214	0	133	0	72	0
4	154644573.1	T	G	133	0	194	1	214	0	133	0	72	1
4	154644573.2	T	C	133	0	194	0	214	0	133	0	72	22
12	991216.0	C	A	99	2	95	1	132	0	113	0	102	0
12	991216.1	C	T	99	33	95	62	132	55	113	34	102	41
16	31500659.0	C	T	39	12	77	36	20	21	30	11	34	15
2	24533391.0	T	C	181	29	254	0	190	0	153	0	225	0
2	24533391.1	T	G	181	0	254	0	190	0	153	0	225	1
14	100793625.0	G	A	55	21	127	106	77	42	48	6	87	28
14	100793625.1	G	T	55	0	127	1	77	0	48	0	87	0
14	100793625.2	G	C	55	0	127	2	77	0	48	0	87	0
4	153247366.0	C	T	39	26	63	38	49	37	45	6	72	58
4	153247366.1	C	A	39	0	63	0	49	2	45	0	72	1
4	153247366.2	C	G	39	0	63	0	49	0	45	0	72	2
13	49705494.0	A	G	83	0	117	0	135	0	98	0	135	1
13	49705494.1	A	C	83	0	117	0	135	0	98	0	135	34
15	63954138.0	A	G	87	43	197	155	129	80	133	23	240	73
15	63954138.1	A	T	87	0	197	0	129	0	133	1	240	1
1	173476065.0	C	T	83	53	73	24	142	80	122	35	19	9
1	173476065.1	C	A	83	0	73	0	142	0	122	0	19	1
7	33192342.0	T	C	67	0	77	0	61	0	41	0	44	22
7	6185841.0	G	A	62	105	75	142	83	154	156	55	25	25
7	6185841.1	G	C	62	0	75	0	83	0	156	1	25	0
8	42716898.0	T	C	60	45	106	56	115	54	92	27	42	22
8	42716898.1	T	G	60	0	106	0	115	1	92	0	42	1
11	67176468.0	G	A	10	5	31	8	7	9	23	1	25	0
17	4012952.0	A	T	73	1	128	0	89	0	103	0	274	0
17	4012952.1	A	G	73	47	128	91	89	66	103	22	274	0
17	4012952.2	A	C	73	0	128	0	89	1	103	1	274	0
16	48311363.0	G	T	35	19	77	51	68	39	67	13	80	21
11	21594808.0	T	C	67	28	106	83	106	57	94	23	203	0
11	21594808.1	T	A	67	0	106	0	106	2	94	0	203	0
20	23334773.0	G	A	82	0	164	0	107	0	83	0	219	1
20	23334773.1	G	T	82	0	164	0	107	0	83	0	219	28
3	178936091.0	G	A	179	72	138	79	203	93	171	36	54	26
3	178936091.1	G	C	179	0	138	2	203	0	171	0	54	1
5	133536123.0	C	T	96	41	118	78	108	54	89	22	232	52
5	133536123.1	C	G	96	1	118	1	108	0	89	0	232	0
16	3024022.0	T	A	51	25	95	51	31	36	36	19	42	56
16	3024022.1	T	C	51	0	95	1	31	0	36	0	42	0
16	3024022.2	T	G	51	0	95	0	31	1	36	0	42	0
1	183857658.0	A	T	197	0	249	0	233	0	189	0	265	1
1	183857658.1	A	G	197	0	249	0	233	0	189	0	265	128
19	57286068.0	G	A	44	25	86	53	77	55	47	10	60	30
11	57379359.0	G	A	58	37	107	56	90	47	78	24	108	35
11	57379359.1	G	T	58	0	107	0	90	0	78	0	108	1
11	57379359.2	G	C	58	0	107	0	90	0	78	0	108	1
7	152345824.0	C	A	127	40	145	51	148	62	137	29	56	16
7	152345824.1	C	G	127	0	145	2	148	1	137	0	56	0
6	109714044.0	T	A	301	0	149	0	481	1	364	0	29	4
6	109714044.1	T	C	301	0	149	0	481	0	364	1	29	0
1	109793681.0	G	A	58	18	98	38	57	22	38	17	53	5
1	109793681.1	G	T	58	0	98	1	57	1	38	0	53	0
1	109793681.2	G	C	58	0	98	0	57	1	38	1	53	0
3	186272740.0	A	C	156	0	199	1	124	0	130	0	267	0
3	186272740.1	A	G	156	0	199	0	124	85	130	0	267	0
3	196674504.0	G	T	6	5	14	13	16	6	5	6	13	7
7	119914748.0	C	A	26	14	95	34	52	16	41	4	78	0
13	28539113.0	G	A	80	37	186	117	91	74	98	21	133	89
8	1998943.0	T	G	93	1	161	0	132	0	109	0	136	0
8	1998943.1	T	C	93	37	161	96	132	61	109	26	136	66
8	1998943.2	T	A	93	0	161	1	132	0	109	0	136	0
9	80858492.0	A	G	236	108	285	158	268	123	220	50	537	0
9	80858492.1	A	T	236	0	285	2	268	0	220	1	537	0
9	80858492.2	A	C	236	0	285	0	268	1	220	0	537	0
6	7571795.0	T	G	52	0	114	0	99	0	50	0	111	1
6	7571795.1	T	C	52	0	114	0	99	0	50	0	111	26
1	63018448.0	A	T	64	42	81	43	70	51	48	25	88	0
1	63018448.1	A	G	64	0	81	1	70	1	48	0	88	0
1	46073235.0	G	A	23	10	15	15	27	12	30	3	41	0
6	118635342.0	A	G	28	21	76	37	54	34	56	21	88	51
18	44266168.0	T	C	48	3	153	14	74	16	89	9	97	13
18	44266168.1	T	G	48	0	153	1	74	0	89	0	97	0
17	38813620.0	C	A	429	0	530	1	740	2	529	0	173	4
17	38813620.1	C	T	429	0	530	0	740	0	529	0	173	35
17	38813620.2	C	G	429	0	530	0	740	0	529	0	173	2
12	80632674.0	G	A	81	41	129	70	90	58	74	13	136	72
12	80632674.1	G	C	81	1	129	0	90	1	74	0	136	1
X	19026137.0	C	A	63	36	95	59	81	54	70	30	84	30
X	19026137.1	C	T	63	0	95	1	81	1	70	0	84	0
X	19026137.2	C	G	63	0	95	0	81	0	70	0	84	1
1	55272714.0	C	A	153	69	341	231	186	126	188	53	177	142
1	55272714.1	C	T	153	0	341	2	186	1	188	0	177	0
1	55272714.2	C	G	153	0	341	0	186	0	188	0	177	1
15	91030187.0	G	T	35	31	50	35	55	22	52	12	97	0
18	32834246.0	T	G	73	1	82	0	78	0	80	0	146	0
18	32834246.1	T	C	73	33	82	51	78	44	80	32	146	92
18	32834246.2	T	A	73	0	82	1	78	0	80	0	146	0
6	35210901.0	C	T	58	39	113	58	47	29	50	23	88	50
6	35210901.1	C	G	58	0	113	1	47	0	50	0	88	0
6	26017381.0	C	A	183	1	271	1	277	0	210	0	320	2
6	26017381.1	C	T	183	0	271	0	277	0	210	0	320	90
15	54557648.0	A	C	183	0	122	0	232	1	192	0	42	18
15	54557648.1	A	G	183	0	122	0	232	0	192	1	42	0
15	54557648.2	A	T	183	0	122	0	232	0	192	0	42	1
1	33834213.0	G	A	59	13	80	72	45	12	50	6	55	37
1	33834213.1	G	C	59	0	80	0	45	1	50	0	55	1
18	29056144.0	G	A	9	12	33	25	43	20	35	8	92	0
1	31210533.0	C	T	68	40	148	116	157	65	127	21	155	0
1	31210533.1	C	G	68	0	148	0	157	1	127	0	155	0
1	31210533.2	C	A	68	0	148	0	157	0	127	0	155	1
4	186253892.0	T	C	50	15	37	42	65	33	56	18	24	15
11	64021917.0	C	T	159	84	249	171	128	85	150	46	321	0
11	64021917.1	C	A	159	0	249	1	128	1	150	0	321	0
11	64021917.2	C	G	159	0	249	1	128	0	150	0	321	0
1	227170654.0	G	C	31	12	58	52	32	13	33	5	41	25
1	227170654.1	G	A	31	0	58	2	32	1	33	0	41	0
1	227170654.2	G	T	31	0	58	0	32	1	33	0	41	0
15	40764029.0	A	G	31	9	31	28	24	12	26	11	38	5
15	40764029.1	A	T	31	0	31	1	24	0	26	0	38	0
10	63852313.0	G	C	41	0	62	0	25	24	39	0	81	0
7	148768505.0	G	A	74	23	152	58	74	39	65	13	92	18
7	148768505.1	G	T	74	0	152	0	74	1	65	0	92	0
7	100680814.0	T	G	78	30	159	46	111	40	107	30	173	0
7	100680814.1	T	C	78	0	159	1	111	0	107	0	173	0
5	149427321.0	G	A	67	38	147	93	81	57	122	25	175	51
5	149427321.1	G	T	67	0	147	1	81	0	122	0	175	0
5	149427321.2	G	C	67	0	147	0	81	0	122	0	175	1
19	59059912.0	C	T	24	19	44	21	40	21	38	14	71	19
5	139625642.0	G	A	94	46	178	108	161	90	135	36	166	79
5	139625642.1	G	T	94	0	178	1	161	0	135	0	166	0
5	139625642.2	G	C	94	0	178	0	161	1	135	0	166	0
12	120591622.0	G	A	148	0	306	0	179	0	119	0	175	1
12	120591622.1	G	T	148	0	306	0	179	0	119	0	175	104
1	155028938.0	G	A	74	51	185	95	169	81	96	17	246	0
1	155028938.1	G	C	74	0	185	1	169	0	96	1	246	0
17	18916688.0	T	C	26	17	81	68	48	37	45	4	52	36
19	39281467.0	C	T	17	5	29	12	13	3	14	2	6	7
2	241534465.0	C	T	13	9	48	24	11	8	16	3	17	13
2	241534465.1	C	G	13	1	48	4	11	0	16	0	17	2
19	5039873.0	G	A	19	16	32	53	6	18	25	4	21	31
19	5039873.1	G	T	19	1	32	0	6	0	25	0	21	0
17	59821817.0	C	T	260	172	249	122	298	165	295	79	121	40
17	59821817.1	C	G	260	0	249	1	298	1	295	1	121	0
19	32944056.0	A	T	166	0	260	0	304	0	247	1	103	0
19	32944056.1	A	G	166	0	260	0	304	0	247	1	103	21
2	164466812.0	G	A	32	20	83	41	45	27	58	28	85	53
X	16720907.0	T	G	130	2	213	0	188	1	187	1	166	2
X	16720907.1	T	C	130	54	213	120	188	110	187	56	166	111
X	16720907.2	T	A	130	0	213	0	188	1	187	0	166	0
12	10603599.0	G	C	322	2	332	0	561	0	453	0	170	0
12	10603599.1	G	T	322	0	332	0	561	1	453	0	170	0
12	10603599.2	G	A	322	0	332	0	561	0	453	1	170	31
17	67305561.0	A	G	81	20	73	8	109	60	105	22	29	0
17	67305561.1	A	T	81	0	73	0	109	1	105	0	29	0
1	175365697.0	G	A	199	0	476	0	292	0	306	0	499	112
11	56257938.0	C	A	14	14	7	5	51	19	38	13	2	0
16	19027878.0	A	T	86	0	206	0	105	0	105	0	136	1
16	19027878.1	A	G	86	0	206	0	105	0	105	0	136	37
5	140762683.0	C	T	48	23	88	55	52	28	61	15	79	0
5	140762683.1	C	A	48	0	88	0	52	0	61	1	79	0
10	73545421.0	C	T	77	0	279	0	140	1	111	0	177	24
7	77379244.0	A	G	189	27	197	0	204	0	154	0	99	0
7	77379244.1	A	T	189	0	197	1	204	0	154	0	99	0
21	19666601.0	T	A	60	0	125	1	69	0	64	0	117	0
21	19666601.1	T	G	60	0	125	0	69	0	64	0	117	40
6	31828261.0	G	A	48	30	84	65	51	24	31	25	75	46
6	31828261.1	G	T	48	0	84	0	51	0	31	0	75	1
9	104238875.0	C	T	19	16	65	20	35	23	33	7	50	19
9	104238875.1	C	A	19	0	65	0	35	0	33	0	50	1
13	103386152.0	A	T	18	14	52	27	48	23	33	10	56	41
14	23313637.0	A	T	89	1	212	1	129	1	137	0	187	0
14	23313637.1	A	G	89	58	212	153	129	99	137	34	187	43
14	23313637.2	A	C	89	0	212	2	129	2	137	2	187	2
11	60643081.0	C	T	85	41	160	87	117	59	87	25	121	85
11	60643081.1	C	G	85	1	160	0	117	0	87	1	121	0
3	33425481.0	A	G	39	22	78	45	72	30	37	10	81	24
4	113541202.0	G	A	108	74	110	75	133	85	144	29	64	0
4	113541202.1	G	T	108	0	110	0	133	0	144	0	64	1
17	48264866.0	G	T	62	34	134	95	84	48	94	20	129	59
17	48264866.1	G	A	62	0	134	0	84	1	94	1	129	0
17	48264866.2	G	C	62	0	134	0	84	0	94	0	129	1
1	152275200.0	T	C	64	30	57	36	74	34	66	19	12	9
17	45924989.0	C	T	6	3	13	13	10	2	9	3	13	14
9	131504937.0	G	A	104	0	212	0	111	0	59	0	95	17
3	49759198.0	C	T	21	10	22	11	21	7	13	6	22	29
11	76867982.0	A	G	56	0	177	0	104	0	54	0	62	26
12	113715152.0	C	T	59	0	218	0	107	0	107	0	170	28
1	42046212.0	C	A	54	31	105	63	74	39	87	19	60	56
1	42046212.1	C	T	54	0	105	1	74	0	87	0	60	0
1	42046212.2	C	G	54	0	105	0	74	0	87	0	60	1
5	178580493.0	G	A	16	12	74	28	14	10	23	5	27	7
5	178580493.1	G	T	16	0	74	2	14	0	23	0	27	0
1	12520387.0	G	A	68	10	116	6	89	0	58	0	124	1
1	12520387.1	G	T	68	0	116	1	89	0	58	0	124	0
1	12520387.2	G	C	68	0	116	1	89	0	58	0	124	0
15	65681233.0	G	A	59	19	102	68	28	29	29	12	48	9
15	65681233.1	G	T	59	0	102	2	28	0	29	0	48	0
7	100635242.0	G	A	116	31	360	78	186	34	130	19	166	22
7	100635242.1	G	C	116	0	360	2	186	0	130	0	166	0
7	100635242.2	G	T	116	0	360	0	186	1	130	0	166	0
19	16178533.0	G	T	48	35	58	85	31	36	79	23	65	56
10	73521775.0	C	T	12	13	16	13	6	7	15	2	12	10
17	64171179.0	C	T	202	113	177	87	227	101	184	68	95	61
17	64171179.1	C	A	202	0	177	1	227	1	184	0	95	0
17	64171179.2	C	G	202	0	177	2	227	1	184	0	95	0
22	50721772.0	G	T	58	35	135	68	44	27	45	21	52	37
22	50721772.1	G	A	58	0	135	1	44	1	45	0	52	0
22	50721772.2	G	C	58	0	135	1	44	0	45	0	52	0
12	49426461.0	A	G	51	11	116	16	63	8	76	3	118	17
2	70485370.0	C	T	108	0	193	0	70	0	59	0	116	39
5	156746768.0	A	G	74	17	218	0	119	0	93	0	193	0
5	156746768.1	A	C	74	0	218	0	119	1	93	0	193	0
1	169391029.0	C	G	122	40	120	45	153	86	148	38	78	44
1	169391029.1	C	A	122	0	120	0	153	0	148	2	78	0
1	169391029.2	C	T	122	0	120	0	153	0	148	0	78	1
19	42736653.0	G	A	53	33	116	49	61	35	48	14	111	0
19	42736653.1	G	T	53	0	116	1	61	1	48	0	111	0
19	42736653.2	G	C	53	0	116	2	61	0	48	0	111	0
4	186366145.0	G	T	67	49	113	64	93	50	87	22	65	15
4	111539517.0	T	C	69	31	155	74	69	53	103	22	145	0
13	20056687.0	A	T	163	21	137	23	168	25	134	14	46	0
13	20056687.1	A	C	163	1	137	2	168	3	134	0	46	0
13	20056687.2	A	G	163	0	137	0	168	1	134	0	46	0
17	40914461.0	C	T	123	2	253	1	180	0	147	0	179	33
19	42736788.0	C	T	79	45	155	103	70	45	86	36	114	89
19	42736788.1	C	A	79	0	155	1	70	0	86	0	114	0
19	42736788.2	C	G	79	0	155	0	70	1	86	0	114	0
X	48372956.0	T	C	93	12	212	0	160	0	85	0	201	0
X	48372956.1	T	G	93	0	212	1	160	0	85	0	201	0
2	167330399.0	G	C	117	0	44	0	97	0	107	0	22	5
10	37482011.0	T	A	378	0	185	0	367	0	473	0	122	1
10	37482011.1	T	C	378	0	185	0	367	0	473	0	122	15
2	231937111.0	C	T	13	4	27	15	20	18	24	12	29	23
2	231937111.1	C	G	13	0	27	0	20	1	24	0	29	0
6	53138107.0	C	T	152	68	160	95	176	124	124	38	153	103
6	53138107.1	C	A	152	0	160	0	176	2	124	0	153	1
6	53138107.2	C	G	152	0	160	0	176	0	124	0	153	1
6	168439366.0	A	G	119	60	306	160	140	79	147	29	305	100
6	168439366.1	A	C	119	1	306	0	140	0	147	0	305	1
6	168439366.2	A	T	119	0	306	1	140	1	147	1	305	2
19	18468253.0	C	T	34	24	54	79	19	30	48	13	67	68
19	18468253.1	C	A	34	0	54	1	19	0	48	0	67	0
20	2730141.0	C	A	14	1	37	1	9	0	19	0	21	0
20	2730141.1	C	T	14	8	37	27	9	13	19	5	21	14
20	2730141.2	C	G	14	0	37	1	9	0	19	0	21	0
7	4823955.0	C	T	3	3	11	14	3	5	8	3	8	2
3	113729696.0	T	C	59	23	120	107	104	47	90	31	122	124
3	113729696.1	T	A	59	0	120	1	104	0	90	0	122	1
11	64523016.0	C	T	57	43	129	76	55	39	65	15	74	63
11	64523016.1	C	G	57	1	129	0	55	0	65	0	74	0
11	64523016.2	C	A	57	0	129	1	55	0	65	2	74	0
12	58193605.0	A	G	84	43	133	86	98	58	88	32	108	80
12	58193605.1	A	C	84	0	133	0	98	1	88	0	108	1
12	58193605.2	A	T	84	0	133	0	98	0	88	0	108	1
11	58980106.0	T	A	62	23	84	43	85	55	110	18	78	26
14	105173687.0	G	T	62	42	134	110	65	44	52	21	40	40
14	105173687.1	G	A	62	0	134	2	65	0	52	1	40	0
13	49720023.0	T	C	257	55	228	22	349	1	309	0	148	0
13	49720023.1	T	A	257	0	228	0	349	1	309	0	148	0
13	49720023.2	T	G	257	0	228	0	349	1	309	0	148	0
17	29533280.0	A	T	247	1	263	0	291	2	260	0	393	1
17	29533280.1	A	C	247	146	263	181	291	143	260	95	393	0
17	29533280.2	A	G	247	0	263	0	291	4	260	0	393	1
14	75376752.0	G	T	25	8	59	25	27	17	35	12	59	0
16	46729553.0	A	G	60	12	83	0	68	0	58	0	27	0
16	46729553.1	A	T	60	0	83	0	68	2	58	0	27	0
X	80064969.0	A	G	100	13	139	72	116	23	107	7	191	0
X	80064969.1	A	C	100	0	139	3	116	1	107	0	191	0
X	80064969.2	A	T	100	0	139	0	116	1	107	0	191	0
19	8151980.0	G	A	2	4	14	28	6	12	17	9	9	28
7	89917650.0	A	G	159	58	182	88	205	72	143	42	58	0
7	89917650.1	A	T	159	0	182	0	205	1	143	0	58	0
7	89917650.2	A	C	159	0	182	0	205	1	143	0	58	0
7	1579606.0	G	A	29	7	84	0	25	0	23	2	47	0
X	100911611.0	C	T	49	26	151	99	71	48	97	18	121	48
X	100911611.1	C	G	49	1	151	2	71	0	97	0	121	0
X	100911611.2	C	A	49	0	151	2	71	0	97	1	121	0
5	38499624.0	G	T	93	0	101	0	174	1	153	0	40	5
5	38499624.1	G	C	93	0	101	0	174	0	153	0	40	1
1	1120391.0	C	T	42	23	103	47	37	15	46	13	74	26
2	32655984.0	T	G	131	0	179	0	168	0	114	1	236	0
2	32655984.1	T	C	131	0	179	0	168	0	114	0	236	55
8	25279132.0	G	A	128	68	246	126	191	111	119	42	320	158
8	25279132.1	G	T	128	0	246	1	191	0	119	0	320	2
8	25279132.2	G	C	128	0	246	1	191	0	119	0	320	1
20	10438856.0	G	A	174	95	51	18	164	69	178	46	35	0
20	10438856.1	G	T	174	1	51	0	164	1	178	0	35	0
12	123214096.0	A	G	57	19	107	69	70	29	76	21	140	0
12	123214096.1	A	T	57	0	107	1	70	0	76	0	140	0
18	47813108.0	A	G	62	38	125	70	63	28	77	23	116	75
18	47813108.1	A	C	62	0	125	2	63	0	77	0	116	0
4	124235063.0	G	T	26	17	53	40	45	21	27	10	132	16
4	124235063.1	G	C	26	0	53	1	45	0	27	0	132	0
4	89410351.0	C	A	103	0	155	1	125	0	90	0	69	2
4	89410351.1	C	T	103	0	155	0	125	0	90	0	69	19
4	89410351.2	C	G	103	0	155	0	125	0	90	0	69	2
17	38511667.0	G	A	88	2	176	29	110	0	77	0	129	0
X	153578199.0	G	A	53	24	127	75	49	25	52	15	88	39
X	153578199.1	G	C	53	0	127	2	49	0	52	0	88	1
X	153578199.2	G	T	53	0	127	0	49	0	52	0	88	3
17	19844303.0	C	T	73	47	82	49	71	35	61	19	81	44
17	19844303.1	C	A	73	0	82	1	71	0	61	0	81	0
17	19844303.2	C	G	73	0	82	1	71	0	61	0	81	0
6	43193543.0	C	A	38	23	77	61	30	36	45	17	90	44
6	43193543.1	C	T	38	0	77	1	30	0	45	0	90	0
3	47103717.0	G	A	403	231	419	263	415	237	336	101	475	318
3	47103717.1	G	T	403	2	419	3	415	2	336	2	475	11
3	47103717.2	G	C	403	0	419	1	415	2	336	0	475	1
19	5594184.0	C	T	5	7	22	2	5	0	4	0	11	0
8	27168610.0	C	T	15	5	28	20	15	5	15	5	37	0
8	27168610.1	C	A	15	0	28	1	15	0	15	0	37	0
14	68191274.0	T	C	125	0	336	0	227	0	186	0	269	65
17	72937636.0	T	C	39	0	124	0	54	0	34	10	85	0
2	234357833.0	C	A	38	0	101	1	53	0	40	0	53	0
2	234357833.1	C	G	38	0	101	8	53	4	40	2	53	7
21	46888625.0	A	G	95	0	176	1	84	0	64	7	109	0
2	21229418.0	T	C	31	30	63	53	71	40	58	22	42	18
2	21229418.1	T	A	31	0	63	0	71	0	58	0	42	2
12	121204107.0	G	A	81	35	224	80	129	48	96	30	198	55
12	121204107.1	G	T	81	0	224	1	129	0	96	0	198	1
7	150933558.0	C	T	88	28	222	80	160	57	88	23	197	47
7	150933558.1	C	A	88	0	222	1	160	1	88	1	197	0
7	91718748.0	G	T	185	68	271	75	225	110	148	41	105	26
7	91718748.1	G	A	185	0	271	1	225	0	148	0	105	1
7	91718748.2	G	C	185	0	271	0	225	2	148	0	105	0
9	19050244.0	A	T	137	1	146	2	124	0	139	0	236	0
9	19050244.1	A	G	137	72	146	74	124	61	139	36	236	0
9	19050244.2	A	C	137	0	146	1	124	0	139	0	236	0
11	72560824.0	G	A	149	67	159	101	185	95	174	40	169	0
11	72560824.1	G	T	149	0	159	1	185	1	174	0	169	0
19	19010718.0	G	T	80	0	191	0	77	0	76	1	79	0
19	19010718.1	G	A	80	0	191	0	77	0	76	0	79	28
10	29775050.0	C	A	64	1	162	0	130	1	105	0	173	0
10	29775050.1	C	T	64	45	162	79	130	81	105	28	173	78
19	23927978.0	C	A	158	0	147	1	178	0	227	0	44	0
19	23927978.1	C	G	158	0	147	0	178	1	227	0	44	0
19	23927978.2	C	T	158	0	147	0	178	0	227	0	44	22
1	198266316.0	G	A	96	53	79	48	108	73	102	32	31	21
1	198266316.1	G	T	96	0	79	0	108	0	102	1	31	0
9	97535366.0	T	C	67	8	149	0	140	0	106	0	214	1
9	97535366.1	T	A	67	0	149	1	140	0	106	0	214	0
1	235971836.0	A	G	102	0	128	0	115	0	94	0	141	37
17	65337139.0	T	A	97	0	75	0	115	1	55	0	23	0
17	65337139.1	T	G	97	0	75	0	115	0	55	1	23	0
17	65337139.2	T	C	97	0	75	0	115	0	55	19	23	0
13	52603396.0	G	T	29	16	65	53	62	33	46	9	124	35
13	52603396.1	G	A	29	0	65	0	62	1	46	0	124	0
1	20827276.0	G	T	32	19	103	72	63	36	44	17	65	55
1	20827276.1	G	A	32	0	103	2	63	0	44	0	65	0
16	29820878.0	T	C	66	4	115	26	36	17	40	10	68	0
16	29820878.1	T	G	66	0	115	2	36	0	40	0	68	0
2	170112664.0	C	T	147	41	197	93	148	102	155	29	172	58
2	170112664.1	C	A	147	0	197	1	148	2	155	0	172	0
2	170112664.2	C	G	147	0	197	0	148	0	155	1	172	0
19	15338372.0	C	A	44	0	89	0	45	0	45	0	85	17
15	58938318.0	A	T	164	2	132	0	186	3	185	0	29	2
15	58938318.1	A	C	164	128	132	97	186	119	185	49	29	38
13	27259905.0	C	A	61	23	172	119	88	41	74	22	187	102
13	27259905.1	C	G	61	1	172	0	88	0	74	0	187	0
20	25462644.0	C	T	44	11	91	49	48	24	30	13	74	30
1	27339024.0	T	G	35	1	51	3	22	0	32	1	44	1
1	27339024.1	T	C	35	21	51	30	22	13	32	9	44	14
6	138599729.0	G	A	37	25	128	62	34	32	69	16	76	30
15	43339487.0	C	A	118	18	193	0	189	0	111	0	209	0
15	43339487.1	C	T	118	0	193	0	189	1	111	0	209	1
22	19165691.0	G	A	114	0	168	0	58	0	55	0	89	24
2	167055566.0	T	C	45	24	69	45	62	29	50	12	62	28
6	28117396.0	G	A	79	10	118	17	80	0	46	0	147	0
6	28117396.1	G	C	79	0	118	1	80	0	46	0	147	0
X	106331897.0	G	A	38	29	73	61	60	42	45	23	176	0
X	106331897.1	G	T	38	0	73	1	60	0	45	0	176	0
8	10177417.0	G	T	49	30	140	105	109	58	89	40	174	102
8	10177417.1	G	C	49	0	140	1	109	0	89	1	174	0
7	151921523.0	T	C	213	75	263	121	249	61	190	36	246	0
7	151921523.1	T	A	213	0	263	0	249	1	190	0	246	1
7	151921523.2	T	G	213	0	263	0	249	1	190	0	246	1
7	97922900.0	T	G	269	44	535	35	275	14	185	20	346	20
7	97922900.1	T	C	269	0	535	0	275	0	185	0	346	1
11	65811097.0	C	T	8	2	13	12	5	3	8	1	12	6
2	69297789.0	C	T	131	60	171	86	171	118	139	37	104	39
2	69297789.1	C	G	131	0	171	1	171	0	139	0	104	0
2	69297789.2	C	A	131	0	171	0	171	1	139	0	104	0
6	27368723.0	C	A	60	41	67	48	94	46	113	25	49	42
6	27368723.1	C	T	60	0	67	1	94	0	113	0	49	0
19	10083642.0	G	T	20	37	45	74	23	39	43	16	120	0
19	10083642.1	G	A	20	0	45	0	23	1	43	0	120	0
1	16461630.0	C	T	104	0	247	0	83	0	56	0	68	61
11	5364477.0	G	A	6	1	13	12	11	6	9	4	19	19
19	56029557.0	C	A	97	53	137	68	79	34	59	18	80	72
19	56029557.1	C	T	97	1	137	0	79	0	59	0	80	0
19	56029557.2	C	G	97	1	137	0	79	0	59	0	80	0
17	56557320.0	T	C	209	120	360	225	309	130	256	59	382	233
17	56557320.1	T	A	209	0	360	0	309	0	256	2	382	0
15	92671706.0	G	A	56	21	138	95	93	59	74	26	87	70
15	92671706.1	G	C	56	1	138	1	93	1	74	0	87	0
15	92671706.2	G	T	56	0	138	0	93	1	74	1	87	0
19	36523200.0	C	T	31	20	56	31	21	10	26	4	41	0
3	124103765.0	A	G	20	0	124	0	67	0	61	0	60	15
4	20487885.0	T	G	170	39	138	0	262	0	197	0	49	0
4	20487885.1	T	C	170	1	138	1	262	0	197	0	49	0
9	73235143.0	G	A	29	22	134	72	63	42	51	12	78	48
9	73235143.1	G	C	29	0	134	0	63	0	51	0	78	1
19	34180172.0	C	T	28	16	88	43	34	16	39	12	38	31
11	124180295.0	T	G	53	1	85	1	88	0	69	0	145	0
11	124180295.1	T	C	53	24	85	50	88	56	69	26	145	0
3	142987767.0	C	A	283	0	441	0	436	0	311	0	420	79
14	59730363.0	G	A	68	0	119	0	56	50	88	0	189	0
X	134185955.0	C	T	107	55	179	95	116	39	94	25	147	78
X	134185955.1	C	A	107	0	179	4	116	0	94	0	147	1
X	134185955.2	C	G	107	0	179	6	116	2	94	1	147	0
1	182787749.0	A	G	44	38	86	47	82	34	55	16	95	52
1	182787749.1	A	C	44	0	86	0	82	0	55	0	95	1
7	138602265.0	G	A	31	15	76	31	58	18	32	7	53	21
17	42091792.0	A	G	48	23	87	69	31	19	37	17	98	0
17	42091792.1	A	C	48	0	87	0	31	2	37	0	98	0
19	47228801.0	C	T	85	45	166	100	67	55	59	17	108	30
19	47228801.1	C	A	85	0	166	1	67	0	59	0	108	0
19	35450216.0	C	T	47	0	117	0	93	0	46	19	123	0
19	35450216.1	C	G	47	0	117	0	93	0	46	1	123	0
1	70896075.0	A	G	265	126	235	189	337	164	243	86	116	37
1	70896075.1	A	T	265	0	235	1	337	0	243	1	116	2
1	70896075.2	A	C	265	0	235	0	337	2	243	1	116	0
5	176722374.0	C	G	45	15	65	45	55	16	48	7	118	0
5	176722374.1	C	T	45	0	65	2	55	0	48	0	118	0
1	185056731.0	A	T	106	65	97	67	83	53	84	30	87	57
1	185056731.1	A	C	106	1	97	0	83	0	84	0	87	0
1	185056731.2	A	G	106	0	97	1	83	0	84	0	87	0
11	65396836.0	G	A	45	17	99	69	62	25	62	16	39	33
11	65396836.1	G	T	45	0	99	0	62	1	62	0	39	0
17	40963789.0	C	A	68	8	102	10	92	4	79	3	181	11
6	3285328.0	G	A	39	21	99	61	75	32	39	13	66	47
19	8661296.0	C	T	7	6	31	23	8	9	11	3	14	22
7	148484133.0	C	T	83	28	120	48	106	33	66	25	131	20
11	1261103.0	T	G	34	18	118	59	29	26	54	13	35	28
11	1261103.1	T	A	34	0	118	0	29	1	54	0	35	0
1	15821920.0	G	A	53	22	111	69	62	25	55	14	71	86
1	15821920.1	G	C	53	0	111	0	62	1	55	0	71	0
15	86284346.0	C	T	12	9	41	25	14	15	25	4	41	13
15	86284346.1	C	A	12	0	41	0	14	0	25	0	41	1
9	34506786.0	G	A	15	6	33	21	27	17	30	4	39	20
9	34506786.1	G	T	15	0	33	0	27	0	30	0	39	1
2	220473884.0	G	A	60	15	122	101	64	35	78	21	62	55
2	220473884.1	G	C	60	1	122	0	64	1	78	0	62	0
11	34184141.0	T	C	41	0	154	0	54	0	34	0	51	13
2	128699593.0	T	A	292	0	349	0	287	0	250	1	219	43
16	84203692.0	A	C	39	10	97	51	48	18	40	13	50	41
X	144906256.0	A	C	33	0	135	1	120	1	78	0	103	0
X	144906256.1	A	G	33	0	135	0	120	0	78	0	103	38
1	49242470.0	C	A	14	1	44	0	19	0	23	0	29	0
1	49242470.1	C	T	14	6	44	40	19	6	23	2	29	6
1	115321858.0	T	G	316	0	336	1	406	1	258	0	110	0
1	115321858.1	T	C	316	0	336	2	406	0	258	0	110	110
4	144449162.0	A	C	45	29	14	9	50	37	40	20	10	0
4	144449162.1	A	T	45	0	14	0	50	0	40	1	10	0
4	144449162.2	A	G	45	0	14	0	50	0	40	1	10	0
10	73483838.0	C	T	143	65	301	175	186	96	175	27	337	128
10	73483838.1	C	A	143	0	301	1	186	1	175	0	337	1
10	73483838.2	C	G	143	0	301	5	186	0	175	0	337	2
10	5567405.0	C	T	55	1	110	0	33	0	48	9	71	0
9	80869877.0	A	G	69	35	51	51	72	44	57	20	55	1
10	75185882.0	G	T	12	3	28	22	22	6	22	4	38	24
1	159858245.0	C	T	123	38	252	128	166	83	162	35	283	99
1	159858245.1	C	G	123	0	252	0	166	1	162	0	283	1
1	159858245.2	C	A	123	0	252	0	166	0	162	0	283	1
4	80329190.0	T	C	126	66	189	126	252	159	269	74	71	47
4	80329190.1	T	A	126	0	189	0	252	0	269	1	71	1
4	80329190.2	T	G	126	0	189	0	252	0	269	1	71	0
1	210857093.0	G	A	33	10	77	0	37	0	31	0	57	0
10	7627871.0	G	A	50	47	102	67	113	53	91	29	73	33
10	7627871.1	G	T	50	0	102	2	113	2	91	0	73	0
14	20850868.0	G	A	48	0	193	3	50	0	39	10	73	0
3	52551603.0	G	A	72	1	186	0	94	0	80	0	104	17
15	92981732.0	C	T	53	41	188	99	124	56	120	45	104	77
15	92981732.1	C	A	53	0	188	0	124	1	120	0	104	2
9	34623900.0	G	T	32	19	74	59	28	26	37	13	52	37
5	148632348.0	C	A	161	2	323	0	277	0	183	0	278	0
5	148632348.1	C	T	161	2	323	0	277	0	183	0	278	1
5	148632348.2	C	G	161	32	323	0	277	0	183	0	278	0
2	17697352.0	A	G	110	47	128	81	192	97	144	46	68	48
2	17697352.1	A	T	110	0	128	1	192	2	144	0	68	1
2	17697352.2	A	C	110	0	128	0	192	4	144	2	68	0
12	25398284.0	C	T	197	74	239	131	194	94	154	37	252	92
12	25398284.1	C	A	197	0	239	1	194	1	154	0	252	3
12	25398284.2	C	G	197	0	239	0	194	1	154	1	252	0
19	49951126.0	T	C	235	0	372	0	213	0	126	44	354	0
3	195027311.0	G	A	121	75	137	124	141	85	108	31	337	1
3	195027311.1	G	C	121	1	137	0	141	0	108	0	337	0
3	195027311.2	G	T	121	0	137	2	141	1	108	1	337	0
17	38511611.0	G	A	115	0	246	0	109	0	93	0	117	24
17	38511611.1	G	T	115	0	246	0	109	0	93	0	117	1
17	38511611.2	G	C	115	0	246	0	109	0	93	0	117	2
9	32984807.0	C	A	251	1	458	0	419	0	342	0	413	0
9	32984807.1	C	T	251	0	458	0	419	0	342	0	413	56
14	20502474.0	G	A	23	31	61	33	44	18	43	18	66	19
14	20502474.1	G	C	23	0	61	0	44	0	43	1	66	0
10	7247826.0	G	A	70	40	103	85	90	49	62	18	142	68
10	7247826.1	G	T	70	2	103	0	90	1	62	0	142	0
10	7247826.2	G	C	70	0	103	1	90	0	62	0	142	0
1	33295586.0	A	G	128	66	118	84	142	67	92	39	57	49
1	33295586.1	A	T	128	0	118	0	142	0	92	0	57	1
12	7883509.0	C	A	29	10	42	21	41	14	41	10	66	0
3	189607141.0	G	A	81	0	198	0	129	0	99	0	125	36
3	189607141.1	G	T	81	0	198	0	129	0	99	0	125	2
1	36784717.0	C	A	51	25	106	51	55	33	49	15	120	34
1	36784717.1	C	T	51	0	106	1	55	0	49	0	120	0
1	36784717.2	C	G	51	0	106	0	55	0	49	0	120	2
20	33581991.0	T	C	39	0	133	0	45	0	56	0	73	15
5	141049523.0	C	A	81	37	128	117	114	60	84	31	160	52
5	141049523.1	C	T	81	0	128	1	114	0	84	0	160	0
22	19967425.0	G	A	16	5	26	14	11	5	21	0	12	10
22	19967425.1	G	C	16	0	26	2	11	0	21	0	12	0
2	85662102.0	A	C	32	4	46	8	43	20	21	5	37	6
2	85662102.1	A	T	32	0	46	0	43	1	21	0	37	0
11	64137314.0	G	A	21	8	60	27	13	21	20	1	24	17
7	97935756.0	C	T	148	38	385	169	158	50	138	34	147	106
7	97935756.1	C	G	148	1	385	0	158	2	138	0	147	1
2	3464034.0	C	A	152	1	244	1	213	2	165	0	258	1
2	3464034.1	C	T	152	63	244	179	213	123	165	40	258	172
2	3464034.2	C	G	152	0	244	0	213	3	165	0	258	1
17	41856237.0	C	T	47	29	68	54	47	20	42	16	78	0
17	41856237.1	C	A	47	0	68	1	47	0	42	0	78	0
15	41804393.0	C	T	78	15	197	4	87	1	49	0	92	0
11	1269574.0	G	A	9	1	25	11	7	12	10	1	11	6
1	23769019.0	C	A	66	1	151	0	66	0	85	1	105	0
1	23769019.1	C	T	66	32	151	118	66	36	85	24	105	84
1	23769019.2	C	G	66	0	151	1	66	0	85	0	105	1
8	91072860.0	T	A	102	1	129	0	140	0	114	0	104	0
8	91072860.1	T	G	102	1	129	0	140	0	114	1	104	1
8	91072860.2	T	C	102	51	129	83	140	73	114	52	104	0
1	171605694.0	G	A	19	9	30	38	28	10	38	8	27	29
1	2125114.0	C	T	15	3	14	15	6	2	6	2	1	10
9	90746846.0	A	G	45	6	143	0	88	0	67	0	152	0
9	90746846.1	A	T	45	0	143	1	88	0	67	0	152	0
6	41117530.0	G	A	191	0	522	1	356	0	281	0	391	71
6	41117530.1	G	C	191	0	522	2	356	1	281	0	391	0
11	113853935.0	C	A	108	52	246	147	125	80	135	32	261	0
11	113853935.1	C	T	108	0	246	1	125	0	135	0	261	0
11	113853935.2	C	G	108	0	246	1	125	0	135	0	261	0
11	6942340.0	C	A	74	10	116	6	56	39	79	0	72	0
11	6942340.1	C	G	74	0	116	0	56	1	79	0	72	0
11	6942340.2	C	T	74	0	116	0	56	0	79	0	72	2
3	49568253.0	T	G	33	4	63	12	21	14	36	8	58	0
10	118030398.0	C	T	36	0	144	0	64	0	54	0	61	61
X	70602878.0	T	C	92	43	185	105	109	70	155	37	227	152
X	70602878.1	T	A	92	0	185	0	109	1	155	0	227	1
X	70602878.2	T	G	92	0	185	0	109	0	155	0	227	1
2	29432671.0	T	C	49	25	114	90	124	61	74	19	234	0
2	29432671.1	T	G	49	0	114	1	124	0	74	0	234	0
6	136926487.0	C	G	77	0	122	0	121	1	87	0	90	0
6	136926487.1	C	A	77	0	122	0	121	0	87	0	90	17
12	123444752.0	A	G	6	6	31	18	13	9	12	5	18	24
9	123550223.0	A	C	58	5	78	9	83	7	79	4	90	3
9	123550223.1	A	G	58	0	78	1	83	0	79	0	90	0
16	700694.0	C	A	22	10	65	46	29	12	30	9	55	0
16	700694.1	C	G	22	0	65	0	29	1	30	0	55	0
2	215845235.0	C	A	32	34	136	83	84	51	84	29	108	79
2	215845235.1	C	T	32	0	136	1	84	1	84	1	108	0
12	85638647.0	A	G	133	16	141	17	147	13	109	6	138	1
12	85638647.1	A	T	133	0	141	1	147	0	109	0	138	2
4	52942998.0	G	A	39	16	98	63	55	33	38	5	68	54
4	52942998.1	G	T	39	0	98	1	55	0	38	0	68	0
4	52942998.2	G	C	39	0	98	2	55	0	38	0	68	0
10	5998377.0	G	A	46	31	102	69	75	53	47	21	116	58
10	5998377.1	G	T	46	0	102	0	75	1	47	1	116	0
7	90895376.0	C	T	71	16	213	50	100	25	64	11	106	19
17	1961599.0	C	T	10	2	13	4	8	4	5	1	4	7
12	7635985.0	T	G	61	17	145	133	105	75	75	22	246	0
12	7635985.1	T	A	61	0	145	0	105	1	75	0	246	0
11	64525732.0	A	T	119	2	174	0	72	0	137	0	129	0
11	64525732.1	A	G	119	67	174	91	72	50	137	39	129	70
11	64525732.2	A	C	119	1	174	0	72	0	137	0	129	0
X	15474003.0	C	T	87	81	217	185	177	90	184	55	205	79
X	15474003.1	C	A	87	0	217	1	177	1	184	1	205	0
X	15474003.2	C	G	87	0	217	0	177	1	184	0	205	0
1	214816319.0	G	A	15	8	34	18	20	21	22	7	55	43
14	24528545.0	C	A	40	27	103	68	45	23	45	16	76	16
14	24528545.1	C	G	40	1	103	0	45	0	45	0	76	0
14	24528545.2	C	T	40	0	103	1	45	1	45	0	76	0
5	167887724.0	C	T	94	51	208	139	112	78	129	30	224	0
5	167887724.1	C	A	94	0	208	1	112	0	129	0	224	0
5	167887724.2	C	G	94	0	208	0	112	1	129	0	224	0
10	100015473.0	C	T	39	6	65	35	23	21	28	7	28	35
10	100015473.1	C	G	39	0	65	1	23	0	28	0	28	0
7	45750140.0	C	T	32	15	61	113	30	40	59	15	104	0
7	45750140.1	C	A	32	0	61	2	30	0	59	0	104	0
7	45750140.2	C	G	32	0	61	0	30	1	59	1	104	0
12	109898450.0	C	T	37	1	131	0	70	0	58	0	102	0
12	109898450.1	C	A	37	0	131	0	70	0	58	0	102	17
17	1640892.0	C	T	38	11	61	33	36	16	28	7	44	24
5	89979963.0	T	C	102	0	112	0	91	0	88	0	42	8
1	248436834.0	A	G	158	52	442	120	281	95	242	43	462	128
1	248436834.1	A	C	158	0	442	0	281	0	242	0	462	1
17	58011793.0	A	G	77	40	103	51	116	54	71	12	148	88
17	58011793.1	A	T	77	0	103	1	116	0	71	0	148	1
17	58011793.2	A	C	77	0	103	1	116	0	71	0	148	0
16	67942738.0	G	A	43	13	97	68	49	19	51	12	54	48
16	67942738.1	G	T	43	0	97	2	49	0	51	0	54	0
16	67942738.2	G	C	43	0	97	1	49	0	51	0	54	0
12	103237485.0	T	A	102	1	237	0	169	0	142	0	293	0
12	103237485.1	T	G	102	1	237	0	169	0	142	0	293	0
12	103237485.2	T	C	102	26	237	0	169	0	142	0	293	0
14	73664775.0	G	A	130	79	167	89	151	89	125	36	132	36
14	73664775.1	G	T	130	1	167	3	151	1	125	0	132	1
14	73664775.2	G	C	130	0	167	0	151	0	125	0	132	1
10	116070159.0	T	A	118	1	334	1	190	1	175	0	331	0
10	116070159.1	T	C	118	58	334	178	190	86	175	43	331	0
10	116070159.2	T	G	118	0	334	2	190	0	175	1	331	0
6	83074754.0	C	A	57	17	128	56	52	34	80	20	77	28
6	83074754.1	C	G	57	1	128	0	52	0	80	0	77	0
6	83074754.2	C	T	57	0	128	2	52	0	80	0	77	0
1	86960012.0	T	C	75	60	139	126	139	81	144	24	259	70
1	86960012.1	T	A	75	0	139	1	139	1	144	0	259	1
1	86960012.2	T	G	75	0	139	0	139	1	144	0	259	0
2	202622291.0	C	A	154	64	236	160	217	136	190	58	247	203
2	202622291.1	C	T	154	0	236	0	217	0	190	0	247	1
2	202622291.2	C	G	154	0	236	0	217	0	190	0	247	1
2	183595826.0	A	G	523	0	444	2	491	1	407	0	218	52
2	183595826.1	A	T	523	0	444	0	491	1	407	0	218	1
6	107390484.0	G	A	19	5	39	23	21	10	16	3	39	10
6	107390484.1	G	T	19	0	39	1	21	0	16	0	39	0
6	107390484.2	G	C	19	0	39	1	21	0	16	0	39	0
1	155150489.0	G	A	46	30	90	47	62	34	36	12	91	57
21	41684077.0	C	A	46	16	163	75	103	47	66	29	120	83
21	41684077.1	C	G	46	0	163	0	103	0	66	1	120	0
13	36903638.0	G	C	76	42	100	72	109	65	97	19	81	18
13	36903638.1	G	T	76	0	100	1	109	1	97	1	81	0
13	36903638.2	G	A	76	0	100	0	109	0	97	0	81	1
16	2087545.0	G	T	122	54	236	141	117	76	125	36	139	86
12	49170065.0	C	T	95	46	219	136	83	47	95	18	131	63
12	49170065.1	C	A	95	0	219	0	83	1	95	0	131	0
17	76567791.0	G	A	61	15	155	78	77	37	83	14	104	48
17	76567791.1	G	T	61	0	155	1	77	0	83	0	104	1
10	63850633.0	C	T	35	12	27	17	26	19	22	7	33	19
10	63850633.1	C	G	35	0	27	1	26	1	22	0	33	0
17	45012465.0	G	A	119	62	177	107	137	93	142	63	214	90
17	45012465.1	G	C	119	0	177	0	137	1	142	0	214	0
17	45471447.0	T	C	196	0	126	0	169	22	143	0	44	1
17	45471447.1	T	G	196	0	126	0	169	0	143	1	44	0
1	161276153.0	G	A	39	22	116	62	67	24	69	17	109	72
1	161276153.1	G	C	39	0	116	1	67	0	69	0	109	0
20	35444586.0	C	T	11	7	69	40	27	21	22	11	40	15
3	128127062.0	A	G	38	21	118	63	53	16	62	11	81	0
2	98355849.0	G	A	9	5	19	18	7	7	11	1	20	10
11	89431668.0	A	G	127	80	194	122	196	104	134	40	298	0
11	89431668.1	A	C	127	0	194	1	196	0	134	0	298	0
11	89431668.2	A	T	127	0	194	0	196	1	134	0	298	0
4	184432098.0	C	T	44	14	36	20	60	33	58	13	19	5
4	184432098.1	C	A	44	0	36	0	60	0	58	0	19	2
2	95815183.0	A	G	15	5	19	7	18	11	18	6	28	19
2	95815183.1	A	C	15	0	19	0	18	2	18	0	28	0
6	84291978.0	C	T	103	55	166	88	140	62	105	25	308	0
6	84291978.1	C	A	103	0	166	1	140	1	105	0	308	0
6	84291978.2	C	G	103	0	166	2	140	1	105	1	308	0
10	129875967.0	C	A	58	1	143	0	45	1	56	1	72	1
10	129875967.1	C	T	58	27	143	59	45	22	56	16	72	46
10	129875967.2	C	G	58	0	143	3	45	1	56	0	72	1
12	49420576.0	A	G	19	15	45	25	20	19	18	4	42	17
12	49420576.1	A	T	19	0	45	0	20	0	18	0	42	1
12	49420576.2	A	C	19	0	45	0	20	0	18	0	42	1
12	56493621.0	G	A	57	1	102	0	86	0	64	0	159	0
12	56493621.1	G	T	57	15	102	1	86	0	64	0	159	0
12	25254173.0	T	A	121	1	206	0	141	0	116	0	128	1
12	25254173.1	T	G	121	20	206	1	141	0	116	0	128	0
9	99698794.0	G	A	26	0	72	0	28	0	23	0	24	12
20	33577632.0	C	A	55	1	147	0	51	0	64	0	63	0
20	33577632.1	C	T	55	34	147	75	51	39	64	22	63	43
4	100131652.0	T	G	70	0	79	10	82	0	75	0	27	0
4	100131652.1	T	C	70	0	79	1	82	0	75	1	27	0
1	22050561.0	C	A	79	45	103	79	78	58	77	23	106	66
1	22050561.1	C	T	79	0	103	0	78	1	77	0	106	0
1	22050561.2	C	G	79	0	103	0	78	1	77	0	106	0
18	57122138.0	G	A	47	27	124	82	80	33	66	28	94	68
18	57122138.1	G	C	47	1	124	0	80	0	66	0	94	1
18	57122138.2	G	T	47	0	124	0	80	0	66	1	94	0
7	6474449.0	C	A	120	0	172	0	110	1	114	0	169	0
7	6474449.1	C	T	120	0	172	0	110	0	114	0	169	36
1	23885507.0	C	T	176	0	319	0	203	0	137	0	297	48
4	118975385.0	A	G	9	8	11	9	9	6	13	5	4	8
4	118975385.1	A	C	9	0	11	1	9	0	13	0	4	0
3	121822546.0	C	A	136	1	158	1	146	1	158	0	192	0
3	121822546.1	C	T	136	56	158	67	146	96	158	35	192	0
3	121822546.2	C	G	136	0	158	0	146	1	158	0	192	0
11	45935371.0	C	A	46	1	120	0	66	1	43	0	53	0
11	45935371.1	C	T	46	21	120	76	66	29	43	12	53	40
17	4457325.0	G	A	96	69	178	108	85	61	89	39	177	87
15	49126992.0	G	T	77	48	187	90	141	88	121	31	146	103
15	49126992.1	G	C	77	1	187	0	141	0	121	0	146	0
15	49126992.2	G	A	77	0	187	1	141	0	121	0	146	0
X	70324245.0	C	T	26	0	75	1	51	0	47	0	64	19
18	34327050.0	C	T	119	0	144	0	167	1	108	0	38	6
17	40318383.0	T	A	111	0	238	0	116	0	72	0	194	2
17	40318383.1	T	C	111	0	238	0	116	0	72	0	194	35
3	156866054.0	T	C	100	1	214	0	156	0	114	0	222	39
1	15893604.0	A	T	64	2	77	5	132	5	75	5	50	10
16	67384134.0	T	C	175	100	205	157	250	177	184	63	122	0
16	67384134.1	T	A	175	0	205	1	250	2	184	1	122	1
16	67384134.2	T	G	175	0	205	1	250	0	184	0	122	0
11	64026058.0	T	C	109	0	210	0	104	0	66	0	122	43
1	157667511.0	T	A	155	1	122	0	312	1	264	0	48	0
1	157667511.1	T	C	155	76	122	99	312	148	264	82	48	21
1	157667511.2	T	G	155	0	122	1	312	2	264	0	48	0
12	31236948.0	C	A	103	57	306	169	142	92	160	48	191	123
12	31236948.1	C	T	103	0	306	1	142	0	160	0	191	0
12	31236948.2	C	G	103	0	306	2	142	0	160	0	191	0
6	44413549.0	G	A	194	123	259	169	219	130	253	63	197	114
6	44413549.1	G	T	194	1	259	2	219	1	253	0	197	0
6	44413549.2	G	C	194	0	259	1	219	2	253	0	197	2
2	74761848.0	C	T	50	21	110	54	48	24	48	20	101	45
12	83359339.0	C	T	70	30	80	37	89	36	94	17	74	28
2	186671910.0	A	G	205	0	165	0	230	0	148	46	85	0
2	186671910.1	A	T	205	0	165	0	230	0	148	0	85	1
20	47309279.0	A	G	162	73	345	220	225	148	217	55	371	249
20	47309279.1	A	C	162	0	345	1	225	0	217	1	371	0
20	47309279.2	A	T	162	0	345	0	225	1	217	0	371	0
9	95025292.0	C	A	75	1	130	2	109	1	112	0	169	3
9	95025292.1	C	T	75	43	130	82	109	45	112	29	169	83
9	95025292.2	C	G	75	1	130	4	109	1	112	0	169	1
16	31088519.0	C	A	104	1	259	0	114	0	102	0	184	1
16	31088519.1	C	T	104	16	259	0	114	0	102	0	184	0
2	74462238.0	C	T	106	2	278	0	206	1	143	0	254	0
2	74462238.1	C	A	106	0	278	1	206	0	143	0	254	50
12	58204682.0	G	A	84	35	151	100	128	68	69	35	170	82
12	58204682.1	G	T	84	0	151	1	128	3	69	1	170	0
9	140262433.0	C	T	54	16	83	62	46	22	31	18	66	0
19	11594884.0	C	T	26	38	38	81	22	31	35	16	19	51
19	11594884.1	C	G	26	0	38	1	22	0	35	1	19	0
11	128840887.0	C	T	16	11	51	36	34	12	24	8	60	15
19	17643096.0	C	T	23	24	41	78	11	23	31	4	33	51
8	140630655.0	G	C	39	0	111	0	69	1	62	0	51	0
8	140630655.1	G	A	39	0	111	0	69	0	62	0	51	1
8	140630655.2	G	T	39	0	111	0	69	0	62	0	51	44
11	71809840.0	C	T	57	22	120	60	52	35	58	20	107	44
11	71809840.1	C	G	57	0	120	1	52	2	58	0	107	0
11	71809840.2	C	A	57	0	120	0	52	0	58	1	107	0
9	136406087.0	G	A	34	12	80	44	49	14	22	12	37	17
9	136406087.1	G	T	34	0	80	0	49	0	22	0	37	1
17	56565351.0	G	A	13	4	50	25	16	17	20	3	34	18
17	56565351.1	G	T	13	0	50	1	16	0	20	0	34	0
17	56565351.2	G	C	13	0	50	0	16	0	20	0	34	2
18	43417034.0	G	A	100	49	178	90	174	84	120	43	62	18
18	43417034.1	G	T	100	0	178	1	174	0	120	0	62	0
18	43417034.2	G	C	100	0	178	0	174	0	120	1	62	0
1	197890609.0	G	A	53	18	155	81	75	28	66	23	136	79
1	197890609.1	G	C	53	0	155	3	75	0	66	0	136	2
1	197890609.2	G	T	53	0	155	0	75	0	66	0	136	1
19	1802645.0	C	A	12	7	64	0	30	0	30	0	36	0
12	122958623.0	C	A	160	0	304	0	136	0	107	1	250	38
16	28996761.0	C	T	36	11	74	35	23	11	22	5	27	25
16	28996761.1	C	G	36	0	74	1	23	0	22	0	27	0
7	99091324.0	C	A	319	1	487	1	403	1	244	0	313	1
7	99091324.1	C	T	319	142	487	186	403	121	244	60	313	197
7	99091324.2	C	G	319	3	487	1	403	1	244	0	313	1
10	103990425.0	G	A	27	12	44	21	12	15	30	5	24	9
10	99223720.0	T	C	51	39	86	72	69	51	54	17	95	76
10	99223720.1	T	A	51	0	86	0	69	0	54	2	95	0
10	99223720.2	T	G	51	0	86	0	69	0	54	0	95	2
11	119042119.0	T	G	135	2	273	0	226	0	156	0	270	0
11	119042119.1	T	C	135	23	273	29	226	0	156	0	270	0
1	94362246.0	G	A	104	54	150	67	156	80	116	31	123	50
1	94362246.1	G	T	104	0	150	0	156	0	116	0	123	1
15	40954312.0	G	T	144	64	163	99	183	99	145	38	90	30
15	40954312.1	G	C	144	1	163	0	183	0	145	0	90	0
12	107141335.0	T	G	53	1	161	1	134	0	94	0	153	0
12	107141335.1	T	C	53	0	161	0	134	0	94	0	153	28
11	68359132.0	A	G	139	1	187	1	194	0	176	1	138	1
11	68359132.1	A	C	139	87	187	129	194	153	176	40	138	84
11	68359132.2	A	T	139	0	187	0	194	0	176	1	138	0
4	71507795.0	G	A	59	0	84	0	109	0	74	0	47	1
4	71507795.1	G	T	59	0	84	0	109	0	74	0	47	1
4	71507795.2	G	C	59	0	84	0	109	0	74	0	47	13
2	26596363.0	G	T	138	0	128	17	170	1	154	0	55	0
2	26596363.1	G	A	138	0	128	0	170	1	154	0	55	1
12	56351187.0	G	A	24	10	67	34	24	31	46	9	107	0
12	56351187.1	G	T	24	0	67	1	24	0	46	0	107	0
10	105037691.0	G	A	10	5	31	24	8	5	17	0	27	7
10	105037691.1	G	T	10	0	31	0	8	1	17	0	27	1
19	45912269.0	A	G	18	1	57	0	23	0	34	0	65	0
19	45912269.1	A	C	18	12	57	24	23	9	34	7	65	20
18	56191265.0	G	A	111	76	172	103	141	47	107	28	237	132
18	56191265.1	G	C	111	1	172	1	141	0	107	0	237	2
18	56191265.2	G	T	111	0	172	0	141	0	107	0	237	1
18	45567436.0	T	C	32	14	137	58	61	28	66	7	144	0
18	45567436.1	T	G	32	0	137	1	61	0	66	0	144	0
13	47266754.0	C	T	79	37	103	54	98	58	95	24	148	68
12	29617526.0	A	T	56	1	98	3	93	1	90	0	181	0
12	29617526.1	A	G	56	18	98	53	93	42	90	20	181	0
12	29617526.2	A	C	56	0	98	1	93	0	90	0	181	0
7	51098552.0	T	C	52	59	58	136	91	98	116	47	54	78
7	51098552.1	T	G	52	0	58	1	91	0	116	0	54	0
5	137665315.0	G	A	151	86	208	102	218	128	160	51	286	59
5	137665315.1	G	T	151	1	208	2	218	0	160	0	286	0
5	137665315.2	G	C	151	0	208	0	218	1	160	0	286	0
1	113257704.0	G	A	8	6	18	13	3	10	12	1	5	4
X	122387379.0	A	G	12	0	39	0	18	13	36	0	55	0
X	55513800.0	A	T	97	1	210	2	171	0	182	0	356	0
X	55513800.1	A	C	97	50	210	154	171	117	182	50	356	168
X	55513800.2	A	G	97	0	210	2	171	0	182	0	356	0
19	19308946.0	C	T	18	24	27	58	16	26	47	8	21	57
19	19308946.1	C	G	18	0	27	0	16	0	47	0	21	1
3	52522378.0	G	A	35	0	82	0	32	0	16	0	39	18
7	100087172.0	G	A	44	19	108	39	70	19	31	3	61	32
7	100087172.1	G	T	44	2	108	0	70	0	31	0	61	0
7	100087172.2	G	C	44	0	108	1	70	0	31	0	61	0
8	98863681.0	G	A	101	17	354	2	219	0	175	0	401	0
8	98863681.1	G	C	101	0	354	0	219	0	175	0	401	1
12	15822468.0	A	G	82	0	77	0	75	0	97	0	84	11
17	48615453.0	A	T	81	1	173	0	91	0	77	0	180	0
17	48615453.1	A	G	81	12	173	0	91	0	77	0	180	0
17	48615453.2	A	C	81	3	173	1	91	0	77	0	180	1
16	70697979.0	G	A	35	8	117	8	39	0	31	0	36	0
X	34148723.0	G	T	52	23	117	80	59	45	44	17	77	62
X	34148723.1	G	C	52	0	117	0	59	1	44	0	77	0
11	64950433.0	T	G	60	0	121	1	57	0	43	0	60	0
11	64950433.1	T	C	60	0	121	0	57	0	43	0	60	17
1	67474797.0	C	T	133	71	41	16	106	40	105	47	20	6
3	97868502.0	G	A	139	0	170	0	193	0	134	1	43	9
3	97868502.1	G	T	139	0	170	0	193	0	134	1	43	0
17	71205858.0	A	C	14	13	42	20	29	17	17	1	37	29
17	56435161.0	C	A	63	4	92	15	49	7	58	3	104	10
17	56435161.1	C	T	63	0	92	1	49	0	58	0	104	0
17	56435161.2	C	G	63	0	92	1	49	0	58	0	104	0
X	76939589.0	T	G	203	0	182	1	165	0	151	0	85	0
X	76939589.1	T	A	203	0	182	0	165	20	151	0	85	0
X	76939589.2	T	C	203	0	182	0	165	1	151	0	85	0
10	99619290.0	G	A	70	36	145	85	96	52	91	21	136	87
10	99619290.1	G	T	70	0	145	1	96	1	91	0	136	0
4	17964612.0	A	G	219	136	192	96	248	123	171	54	58	31
4	17964612.1	A	T	219	0	192	1	248	0	171	0	58	0
4	77095311.0	C	T	34	29	79	43	47	35	59	17	96	24
4	77095311.1	C	A	34	0	79	1	47	1	59	0	96	0
4	85758239.0	G	T	95	1	114	2	107	1	66	1	61	11
4	85758239.1	G	C	95	0	114	0	107	1	66	0	61	0
9	37441039.0	T	G	15	16	56	29	28	22	43	9	64	35
11	48185973.0	G	A	129	67	228	136	211	110	159	35	212	68
11	48185973.1	G	T	129	1	228	0	211	1	159	0	212	1
18	59157904.0	C	A	53	9	115	4	93	8	103	7	128	17
18	59157904.1	C	T	53	32	115	68	93	54	103	21	128	97
18	59157904.2	C	G	53	2	115	0	93	0	103	1	128	2
1	22838532.0	A	G	35	0	98	0	69	0	48	0	76	28
13	20056655.0	T	C	230	26	189	30	215	33	171	16	68	1
7	99705132.0	C	T	197	68	370	180	147	91	124	27	279	75
7	99705132.1	C	G	197	0	370	2	147	0	124	0	279	1
7	99705132.2	C	A	197	0	370	0	147	1	124	0	279	2
21	45819234.0	C	T	25	19	120	54	48	25	36	4	79	18
21	45819234.1	C	A	25	0	120	1	48	0	36	0	79	0
19	51534110.0	C	T	46	30	110	56	49	33	59	16	88	13
19	51534110.1	C	A	46	0	110	1	49	0	59	1	88	0
1	184764564.0	G	A	36	19	89	56	65	26	71	13	122	0
1	184764564.1	G	T	36	0	89	1	65	0	71	0	122	0
1	184764564.2	G	C	36	0	89	2	65	0	71	0	122	0
22	44235826.0	T	G	174	0	520	0	249	0	190	1	177	0
22	44235826.1	T	C	174	0	520	0	249	0	190	0	177	136
1	1354737.0	C	T	29	19	87	43	29	17	33	8	33	46
17	48276647.0	C	T	9	2	12	12	10	2	12	3	10	3
12	113538474.0	A	G	98	50	135	91	115	74	90	35	125	0
12	113538474.1	A	C	98	0	135	0	115	1	90	0	125	0
5	884159.0	G	A	32	0	92	0	32	0	49	0	44	17
17	7492744.0	C	T	54	0	148	0	45	0	61	0	70	26
6	106968050.0	T	A	68	34	135	72	98	45	94	17	162	55
6	106968050.1	T	C	68	0	135	1	98	0	94	0	162	0
6	106968050.2	T	G	68	0	135	0	98	0	94	0	162	2
X	13764964.0	G	T	145	90	81	40	141	85	164	42	59	18
X	13764964.1	G	A	145	0	81	2	141	0	164	0	59	0
X	13764964.2	G	C	145	0	81	0	141	1	164	0	59	1
1	74670213.0	G	A	152	88	90	57	171	96	195	62	54	0
1	74670213.1	G	C	152	1	90	0	171	0	195	0	54	0
1	74670213.2	G	T	152	0	90	0	171	0	195	1	54	0
10	34985335.0	A	G	78	50	99	67	94	62	63	27	64	43
10	34985335.1	A	C	78	0	99	0	94	1	63	0	64	0
10	34985335.2	A	T	78	0	99	0	94	0	63	0	64	1
1	173795926.0	T	A	410	0	390	1	368	0	302	0	404	0
1	173795926.1	T	G	410	0	390	2	368	0	302	1	404	0
1	173795926.2	T	C	410	0	390	0	368	0	302	0	404	86
16	28116022.0	A	G	18	12	74	25	31	18	41	8	28	41
16	28116022.1	A	C	18	0	74	1	31	0	41	0	28	0
9	74489909.0	G	A	54	24	100	42	57	39	50	21	109	39
9	139301882.0	C	A	57	0	141	0	79	0	62	0	91	28
1	154002425.0	A	T	79	1	98	1	120	0	67	0	82	0
1	154002425.1	A	C	79	64	98	82	120	62	67	31	82	80
10	71685627.0	A	G	44	28	97	54	60	37	72	27	173	0
17	80085586.0	G	T	12	16	52	29	24	16	26	9	71	0
6	74079018.0	A	G	86	37	240	133	102	56	136	16	191	0
13	41897223.0	C	A	118	65	153	110	162	92	124	45	226	78
13	41897223.1	C	T	118	1	153	0	162	0	124	0	226	0
16	71884055.0	C	A	138	0	276	2	251	0	167	0	249	0
16	71884055.1	C	T	138	0	276	2	251	0	167	0	249	60
14	24701460.0	A	G	348	0	491	2	263	0	258	0	264	211
14	24701460.1	A	T	348	0	491	0	263	0	258	0	264	1
14	24701460.2	A	C	348	0	491	0	263	0	258	0	264	8
1	228466477.0	C	A	25	6	74	33	30	14	20	12	28	26
1	228466477.1	C	T	25	0	74	1	30	0	20	0	28	0
1	228466477.2	C	G	25	0	74	1	30	0	20	0	28	0
7	72880627.0	A	G	544	0	706	5	586	0	436	0	324	88
7	72880627.1	A	T	544	0	706	0	586	1	436	0	324	3
7	72880627.2	A	C	544	0	706	0	586	0	436	0	324	1
17	73732467.0	G	A	53	23	163	72	60	28	67	11	110	60
17	73732467.1	G	T	53	0	163	1	60	0	67	0	110	0
20	17474782.0	G	A	50	23	59	54	53	42	47	11	42	27
20	17474782.1	G	T	50	1	59	0	53	0	47	0	42	0
11	120008540.0	C	T	7	13	48	10	11	8	12	3	12	19
11	120008540.1	C	G	7	0	48	1	11	0	12	0	12	0
17	53471796.0	C	T	98	48	165	103	131	70	137	29	217	130
17	53471796.1	C	G	98	0	165	1	131	1	137	0	217	1
17	53471796.2	C	A	98	0	165	0	131	0	137	0	217	1
16	1995893.0	G	A	136	79	232	155	109	92	128	34	276	5
16	1995893.1	G	T	136	0	232	0	109	0	128	1	276	1
4	38776125.0	C	T	76	22	48	0	100	0	77	0	19	0
9	20990263.0	C	T	50	13	112	57	50	24	67	15	99	46
9	20990263.1	C	G	50	0	112	1	50	0	67	0	99	0
14	89093375.0	C	T	29	13	66	1	48	0	39	0	57	0
4	140640724.0	C	A	13	8	39	33	14	13	16	5	20	16
17	6013003.0	C	T	45	31	130	80	71	36	60	13	94	65
17	6013003.1	C	G	45	0	130	0	71	1	60	0	94	1
1	238051706.0	A	G	71	28	121	71	100	52	101	16	141	91
3	49294681.0	T	C	65	27	113	49	53	45	80	29	125	0
3	49294681.1	T	G	65	0	113	0	53	0	80	1	125	0
8	105479076.0	C	T	18	11	41	23	19	7	20	6	44	13
22	37318311.0	T	C	23	0	58	0	23	0	25	0	28	13
3	9798159.0	C	T	37	27	87	57	53	29	39	11	85	17
3	9798159.1	C	G	37	0	87	1	53	0	39	0	85	0
5	74990566.0	C	A	98	56	60	56	109	77	111	25	18	7
5	74990566.1	C	G	98	0	60	0	109	0	111	0	18	1
11	123601291.0	T	G	108	0	323	0	142	0	121	1	219	0
11	123601291.1	T	C	108	0	323	0	142	0	121	30	219	0
9	113169201.0	G	A	47	18	128	58	73	40	62	15	108	52
21	44592282.0	G	A	57	27	116	85	50	35	48	19	54	37
21	44592282.1	G	T	57	0	116	1	50	0	48	0	54	0
7	72281233.0	A	G	167	0	299	0	206	0	130	0	198	41
6	70854111.0	G	A	233	0	212	1	295	2	216	0	30	4
6	70854111.1	G	T	233	0	212	1	295	1	216	0	30	0
6	70854111.2	G	C	233	0	212	1	295	0	216	0	30	0
15	45443353.0	G	A	72	35	185	113	110	75	97	29	179	62
15	45443353.1	G	C	72	0	185	2	110	1	97	0	179	0
X	69639929.0	C	T	78	42	155	102	144	86	117	31	223	112
X	69639929.1	C	A	78	0	155	1	144	0	117	0	223	0
X	69639929.2	C	G	78	0	155	1	144	2	117	0	223	1
15	75659852.0	C	A	53	33	71	63	58	29	60	13	102	25
11	67787207.0	C	T	85	44	206	132	97	70	108	23	76	85
11	67787207.1	C	A	85	0	206	1	97	0	108	0	76	0
11	67787207.2	C	G	85	0	206	1	97	1	108	1	76	0
7	98984336.0	G	T	159	53	266	99	167	42	113	34	190	44
5	173378932.0	T	C	141	70	160	124	144	75	113	40	301	0
5	173378932.1	T	A	141	0	160	0	144	0	113	0	301	1
9	139818422.0	C	T	79	28	121	62	48	39	50	16	82	51
9	139818422.1	C	G	79	0	121	1	48	0	50	0	82	0
17	5365851.0	G	A	7	8	32	16	20	15	29	7	39	18
6	26017773.0	G	A	85	41	171	88	90	49	79	16	132	111
6	26017773.1	G	T	85	0	171	0	90	1	79	0	132	0
6	26017773.2	G	C	85	0	171	0	90	0	79	0	132	1
1	47905290.0	T	G	3	5	20	9	5	5	6	2	11	7
8	73849680.0	C	G	56	0	107	0	96	1	69	0	96	0
8	73849680.1	C	T	56	0	107	0	96	0	69	0	96	24
1	52927391.0	T	C	38	18	7	8	43	21	39	22	6	4
10	7409714.0	G	A	76	22	181	96	74	52	88	17	152	71
10	7409714.1	G	C	76	0	181	1	74	0	88	0	152	0
10	7409714.2	G	T	76	0	181	0	74	0	88	0	152	2
13	113960838.0	A	G	91	6	145	16	106	8	98	2	248	0
13	113960838.1	A	C	91	0	145	1	106	0	98	0	248	0
21	30547091.0	C	T	122	49	166	137	167	67	183	42	293	140
21	30547091.1	C	G	122	0	166	1	167	1	183	1	293	1
21	30547091.2	C	A	122	0	166	0	167	0	183	0	293	1
4	183696166.0	G	A	55	20	108	68	83	40	72	12	90	33
4	183696166.1	G	T	55	0	108	1	83	0	72	0	90	1
4	75246758.0	C	T	95	37	94	54	104	53	126	19	55	47
4	75246758.1	C	A	95	0	94	1	104	0	126	1	55	0
4	75246758.2	C	G	95	0	94	1	104	0	126	0	55	0
13	39587472.0	C	T	55	39	89	58	114	58	76	18	125	73
13	39587472.1	C	G	55	0	89	0	114	1	76	0	125	1
3	172165396.0	G	A	53	21	137	82	75	58	78	29	138	40
3	172165396.1	G	C	53	0	137	1	75	0	78	0	138	0
3	172165396.2	G	T	53	0	137	0	75	0	78	1	138	1
11	113712445.0	G	A	191	109	225	132	213	114	193	52	104	16
11	113712445.1	G	C	191	0	225	0	213	1	193	0	104	0
11	75115776.0	C	A	110	62	192	120	110	81	115	36	315	0
11	75115776.1	C	T	110	1	192	0	110	0	115	0	315	0
11	75115776.2	C	G	110	0	192	1	110	1	115	0	315	0
9	123952883.0	C	T	280	160	332	220	258	161	279	79	588	208
9	123952883.1	C	G	280	1	332	1	258	3	279	4	588	4
9	123952883.2	C	A	280	0	332	0	258	0	279	0	588	2
1	63021573.0	C	T	216	137	220	166	251	162	225	68	139	1
1	63021573.1	C	A	216	0	220	0	251	2	225	0	139	1
1	63021573.2	C	G	216	0	220	0	251	1	225	0	139	0
15	59359144.0	C	T	65	30	107	65	130	66	75	20	181	63
15	59359144.1	C	G	65	0	107	2	130	0	75	0	181	1
15	59359144.2	C	A	65	0	107	0	130	0	75	0	181	6
X	113965760.0	A	G	49	25	88	31	72	35	55	22	71	30
X	113965760.1	A	T	49	0	88	1	72	0	55	0	71	0
9	91660742.0	C	T	177	1	265	0	297	2	213	0	202	0
9	91660742.1	C	A	177	0	265	0	297	1	213	0	202	42
3	49405889.0	A	C	122	76	140	111	138	81	95	40	235	0
3	49405889.1	A	G	122	0	140	0	138	0	95	1	235	0
22	25297869.0	A	G	141	0	365	0	168	0	128	1	257	47
17	11547999.0	G	A	52	40	100	50	99	41	87	19	63	23
17	11547999.1	G	C	52	1	100	0	99	0	87	0	63	0
17	11547999.2	G	T	52	0	100	0	99	0	87	2	63	0
8	77775451.0	T	A	48	1	97	0	61	1	60	0	106	24
8	77775451.1	T	C	48	1	97	1	61	0	60	0	106	1
14	91780421.0	C	T	114	52	295	185	117	69	120	22	156	120
14	91780421.1	C	G	114	0	295	1	117	0	120	0	156	0
17	66426142.0	G	T	113	59	193	78	127	80	141	47	185	86
11	44958392.0	C	G	42	13	95	51	34	23	44	6	67	17
11	44958392.1	C	T	42	0	95	1	34	0	44	0	67	0
11	44958392.2	C	A	42	0	95	0	34	0	44	0	67	1
8	67357562.0	A	T	150	2	225	0	182	1	167	2	322	0
8	67357562.1	A	C	150	69	225	136	182	99	167	50	322	154
11	103907825.0	C	T	90	15	210	34	86	43	114	24	168	0
3	121417020.0	G	A	170	27	299	0	230	0	186	0	239	0
3	121417020.1	G	T	170	0	299	0	230	2	186	0	239	1
22	37962596.0	C	T	25	13	41	23	17	20	18	2	41	17
9	133355784.0	C	T	35	35	161	75	73	44	81	14	84	56
9	133355784.1	C	G	35	0	161	1	73	0	81	1	84	0
9	133355784.2	C	A	35	0	161	0	73	0	81	1	84	0
17	293173.0	C	A	35	1	81	0	31	0	31	0	28	0
17	293173.1	C	T	35	17	81	49	31	19	31	10	28	28
11	124862521.0	C	T	163	29	213	6	247	0	173	0	71	0
11	124862521.1	C	G	163	0	213	0	247	0	173	0	71	2
10	17126344.0	C	A	137	50	264	138	236	108	216	57	461	1
10	17126344.1	C	G	137	0	264	2	236	1	216	0	461	0
10	17126344.2	C	T	137	0	264	0	236	0	216	1	461	1
2	32626686.0	A	G	124	1	117	2	167	0	161	0	138	1
2	32626686.1	A	C	124	77	117	102	167	75	161	53	138	114
2	32626686.2	A	T	124	0	117	1	167	0	161	0	138	0
1	46498297.0	G	T	43	21	116	70	58	47	60	10	66	77
1	46498297.1	G	A	43	0	116	0	58	0	60	1	66	0
1	46498297.2	G	C	43	0	116	0	58	0	60	0	66	2
2	241973203.0	A	G	55	23	130	67	61	28	57	15	59	35
1	235403693.0	C	A	126	83	82	67	130	93	137	43	70	0
22	47116004.0	G	A	46	26	120	73	49	43	32	14	82	55
22	47116004.1	G	C	46	0	120	3	49	1	32	0	82	0
10	1066733.0	C	G	139	0	383	0	227	1	174	0	245	0
10	1066733.1	C	A	139	0	383	0	227	0	174	0	245	1
10	1066733.2	C	T	139	0	383	0	227	0	174	0	245	47
7	98634708.0	A	G	73	37	198	80	85	46	80	11	128	0
7	98634708.1	A	T	73	0	198	2	85	0	80	0	128	0
22	25434845.0	A	T	18	11	63	46	24	27	31	5	68	33
7	157000557.0	T	A	175	1	205	0	239	0	179	0	78	0
7	157000557.1	T	C	175	0	205	1	239	0	179	1	78	20
7	157000557.2	T	G	175	0	205	0	239	1	179	0	78	0
4	1991521.0	G	A	107	52	205	128	74	70	88	29	186	0
4	1991521.1	G	T	107	1	205	0	74	0	88	0	186	0
4	1991521.2	G	C	107	0	205	1	74	2	88	0	186	0
X	114424876.0	A	G	34	12	68	58	19	16	37	7	42	21
5	127648405.0	G	A	54	22	126	81	70	47	61	28	120	93
5	127648405.1	G	C	54	2	126	0	70	0	61	0	120	0
12	112926248.0	G	A	99	67	175	100	130	79	107	24	186	107
12	112926248.1	G	C	99	1	175	0	130	1	107	0	186	0
12	112926248.2	G	T	99	0	175	0	130	1	107	0	186	0
11	82879875.0	G	A	179	61	254	139	221	137	254	69	411	124
11	82879875.1	G	T	179	1	254	1	221	2	254	0	411	1
11	82879875.2	G	C	179	1	254	0	221	2	254	1	411	0
18	20573175.0	A	G	51	41	53	44	61	42	64	17	65	0
18	20573175.1	A	C	51	0	53	0	61	2	64	0	65	0
2	122488627.0	T	A	231	0	239	1	303	1	224	0	92	0
2	122488627.1	T	G	231	0	239	0	303	1	224	0	92	0
2	122488627.2	T	C	231	0	239	0	303	0	224	0	92	21
1	217975101.0	T	C	93	49	41	28	95	67	108	21	28	0
1	217975101.1	T	A	93	0	41	1	95	1	108	0	28	1
5	172113724.0	C	T	49	17	85	62	36	13	48	10	75	0
5	39389995.0	C	A	125	0	79	0	224	0	209	0	35	4
5	39389995.1	C	G	125	0	79	0	224	0	209	0	35	1
2	165947538.0	C	T	135	58	223	94	188	89	202	41	273	96
2	165947538.1	C	G	135	1	223	0	188	0	202	0	273	1
2	165947538.2	C	A	135	0	223	1	188	0	202	0	273	2
22	18918608.0	A	G	48	10	118	0	50	29	47	0	134	0
22	18918608.1	A	C	48	0	118	1	50	0	47	0	134	0
19	50173509.0	C	T	46	27	69	43	40	14	24	10	62	17
19	50173509.1	C	G	46	0	69	1	40	0	24	0	62	1
18	67345023.0	A	G	83	41	195	131	131	80	131	25	267	117
18	67345023.1	A	C	83	0	195	1	131	0	131	2	267	0
11	64681307.0	C	A	92	0	267	0	94	0	79	0	103	27
11	64681307.1	C	T	92	0	267	0	94	0	79	0	103	1
19	46394042.0	C	A	15	9	37	17	9	11	15	0	27	5
19	46394042.1	C	T	15	0	37	1	9	0	15	0	27	0
3	47035503.0	C	T	33	10	93	56	26	24	39	8	94	0
3	47035503.1	C	G	33	0	93	1	26	0	39	0	94	0
X	117528138.0	T	C	209	36	261	0	291	0	225	0	263	0
X	117528138.1	T	A	209	0	261	0	291	1	225	0	263	0
X	117528138.2	T	G	209	0	261	0	291	0	225	1	263	1
15	89392845.0	G	A	10	4	47	32	15	8	13	3	22	17
15	89392845.1	G	C	10	0	47	0	15	1	13	0	22	0
2	26950703.0	G	A	29	1	79	15	30	16	28	12	57	0
2	26950703.1	G	C	29	0	79	1	30	0	28	0	57	0
2	26950703.2	G	T	29	0	79	0	30	0	28	1	57	0
X	131219968.0	C	A	292	0	417	0	376	2	279	0	306	0
X	131219968.1	C	T	292	0	417	0	376	0	279	0	306	44
10	129350743.0	A	T	212	1	356	0	258	0	177	0	218	4
10	129350743.1	A	G	212	0	356	0	258	0	177	0	218	28
10	129350743.2	A	C	212	0	356	0	258	0	177	0	218	1
10	32317356.0	C	A	145	76	95	62	161	93	190	55	96	0
17	34313631.0	C	A	92	49	257	144	216	105	210	52	423	1
17	34313631.1	C	T	92	0	257	1	216	0	210	0	423	0
17	34313631.2	C	G	92	0	257	0	216	1	210	0	423	0
12	114362563.0	C	A	71	30	87	74	82	41	62	15	69	48
12	114362563.1	C	T	71	0	87	1	82	0	62	0	69	1
10	390755.0	G	A	63	20	133	78	81	35	77	13	75	61
10	390755.1	G	C	63	0	133	0	81	0	77	1	75	1
11	11964256.0	C	A	22	13	31	24	42	26	44	11	23	17
19	39359786.0	C	T	146	80	198	129	108	83	111	30	208	73
19	39359786.1	C	G	146	0	198	1	108	0	111	0	208	0
19	39359786.2	C	A	146	0	198	0	108	0	111	1	208	0
5	178552077.0	C	T	20	5	65	37	18	6	20	2	15	13
5	178552077.1	C	G	20	1	65	1	18	1	20	0	15	0
5	178552077.2	C	A	20	0	65	1	18	0	20	0	15	0
19	11129671.0	C	G	74	8	112	14	47	6	101	7	84	9
19	11129671.1	C	T	74	0	112	0	47	1	101	2	84	0
12	32490521.0	C	T	102	15	170	0	111	0	99	0	206	0
8	92212954.0	T	A	232	0	313	0	270	0	228	0	193	3
8	92212954.1	T	G	232	0	313	0	270	0	228	0	193	45
1	149882152.0	C	T	50	0	148	0	104	0	56	0	125	22
17	7852808.0	C	A	82	1	181	0	127	0	120	0	210	1
17	7852808.1	C	T	82	42	181	125	127	52	120	30	210	116
17	7852808.2	C	G	82	0	181	2	127	0	120	0	210	1
1	155039435.0	T	G	88	1	163	0	109	0	83	0	151	0
1	155039435.1	T	C	88	0	163	0	109	0	83	0	151	29
8	2815316.0	A	T	100	35	170	118	148	101	150	36	215	101
8	2815316.1	A	C	100	1	170	1	148	1	150	0	215	0
8	2815316.2	A	G	100	0	170	0	148	1	150	0	215	0
19	53270259.0	C	T	158	100	193	107	168	89	204	52	124	0
19	53270259.1	C	G	158	1	193	1	168	0	204	1	124	1
19	53270259.2	C	A	158	0	193	1	168	1	204	1	124	0
20	42331225.0	G	A	25	15	53	55	28	26	34	14	64	38
20	42331225.1	G	T	25	0	53	1	28	0	34	0	64	0
20	42331225.2	G	C	25	0	53	1	28	1	34	0	64	0
1	21930357.0	T	C	55	32	145	84	67	41	71	15	107	0
1	21930357.1	T	A	55	0	145	1	67	0	71	0	107	0
6	43749792.0	G	A	100	2	200	0	166	0	88	0	146	28
6	43749792.1	G	T	100	0	200	2	166	0	88	0	146	0
11	6891755.0	G	A	59	30	86	50	79	60	97	34	52	21
17	29196332.0	C	A	173	0	253	0	220	1	155	0	243	1
17	29196332.1	C	T	173	0	253	0	220	0	155	0	243	51
17	29196332.2	C	G	173	0	253	0	220	0	155	0	243	3
17	7577530.0	T	C	69	35	141	88	66	37	62	22	152	61
17	7577530.1	T	G	69	0	141	1	66	0	62	0	152	0
19	48654487.0	A	G	166	39	393	0	244	0	179	0	260	0
19	48654487.1	A	C	166	1	393	0	244	1	179	0	260	0
19	48654487.2	A	T	166	0	393	1	244	0	179	0	260	0
14	24653579.0	G	T	27	3	48	24	23	10	20	7	55	17
14	24653579.1	G	C	27	0	48	0	23	0	20	1	55	2
7	129098199.0	G	T	77	22	244	104	132	55	87	21	206	59
7	129098199.1	G	C	77	0	244	0	132	0	87	1	206	0
21	47665014.0	T	C	52	42	158	89	94	33	87	26	178	0
21	47665014.1	T	G	52	0	158	0	94	0	87	0	178	1
14	76639948.0	C	T	144	1	255	1	183	1	130	0	233	68
14	76639948.1	C	A	144	0	255	1	183	0	130	0	233	0
6	2623743.0	G	A	33	28	101	62	79	37	67	16	113	28
6	2623743.1	G	T	33	0	101	0	79	1	67	0	113	0
X	153227022.0	C	T	92	65	205	109	133	54	92	27	164	90
X	153227022.1	C	A	92	0	205	0	133	0	92	1	164	0
X	153227022.2	C	G	92	0	205	0	133	0	92	1	164	0
2	55873596.0	A	T	129	109	116	97	167	126	235	58	21	25
2	55873596.1	A	G	129	0	116	1	167	0	235	1	21	0
2	55873596.2	A	C	129	0	116	1	167	1	235	0	21	0
21	45506760.0	A	G	45	0	104	0	56	0	32	0	52	15
20	60733737.0	G	A	35	16	82	50	33	16	38	10	44	43
20	60733737.1	G	C	35	0	82	1	33	0	38	0	44	0
12	120995396.0	C	T	183	114	228	164	192	134	183	62	267	147
12	120995396.1	C	G	183	0	228	1	192	1	183	0	267	1
12	120995396.2	C	A	183	0	228	0	192	1	183	0	267	0
22	25599768.0	A	G	194	0	483	0	289	0	186	0	296	44
11	70319147.0	C	T	67	34	166	108	137	70	96	32	86	28
11	70319147.1	C	G	67	1	166	0	137	1	96	0	86	0
12	109016865.0	G	T	30	13	82	33	39	23	46	7	56	35
1	111060397.0	G	A	82	0	184	0	104	0	104	0	138	23
15	56535388.0	G	A	154	104	174	153	82	83	101	42	190	74
15	56535388.1	G	C	154	0	174	1	82	1	101	0	190	0
15	56535388.2	G	T	154	0	174	0	82	1	101	0	190	1
4	146436043.0	G	A	92	41	175	110	101	60	88	33	276	0
4	146436043.1	G	T	92	1	175	1	101	0	88	1	276	0
4	146436043.2	G	C	92	0	175	0	101	1	88	1	276	0
17	34191251.0	A	G	31	8	114	0	70	0	68	0	133	0
17	34191251.1	A	C	31	1	114	1	70	0	68	0	133	0
16	84793066.0	T	G	152	2	175	1	153	0	113	0	135	0
16	84793066.1	T	C	152	88	175	114	153	91	113	31	135	155
16	84793066.2	T	A	152	0	175	0	153	0	113	0	135	1
20	61941233.0	T	G	31	21	102	61	31	14	33	6	63	30
7	19738226.0	T	C	29	13	35	0	45	0	32	0	50	1
14	23746167.0	T	A	111	1	274	0	196	0	179	0	236	0
14	23746167.1	T	C	111	68	274	177	196	130	179	44	236	62
14	23746167.2	T	G	111	0	274	1	196	1	179	0	236	1
22	30210758.0	T	C	87	0	189	24	134	0	113	0	244	0
15	90349552.0	G	A	20	15	81	44	41	16	29	5	49	16
15	90349552.1	G	C	20	0	81	0	41	0	29	0	49	1
17	37368597.0	C	T	36	17	102	80	46	30	33	13	60	47
17	37368597.1	C	A	36	0	102	0	46	0	33	0	60	1
19	56487566.0	A	G	94	20	212	1	218	0	135	0	139	1
19	56487566.1	A	T	94	0	212	1	218	0	135	0	139	0
10	12111105.0	C	G	104	44	152	81	55	26	71	6	97	0
10	12111105.1	C	A	104	0	152	1	55	0	71	0	97	0
10	12111105.2	C	T	104	0	152	1	55	0	71	0	97	0
1	185137475.0	T	A	181	3	35	5	153	8	142	2	22	2
1	185137475.1	T	G	181	0	35	0	153	1	142	0	22	0
1	107599342.0	C	T	14	2	27	5	4	5	15	3	13	5
3	64673224.0	C	A	36	15	81	48	34	14	40	6	47	0
22	50615817.0	C	A	12	0	54	0	14	0	14	0	24	1
22	50615817.1	C	T	12	0	54	0	14	0	14	0	24	11
7	106513157.0	G	A	252	61	208	71	268	69	173	37	134	7
7	106513157.1	G	T	252	1	208	0	268	0	173	0	134	0
1	55166993.0	G	A	25	11	60	49	35	16	48	7	32	52
1	55166993.1	G	T	25	0	60	0	35	0	48	0	32	1
11	6458345.0	G	A	48	28	106	51	70	46	52	18	78	47
11	6458345.1	G	C	48	0	106	1	70	1	52	0	78	0
11	6458345.2	G	T	48	0	106	0	70	0	52	2	78	0
1	60373550.0	C	T	99	60	207	108	164	98	144	49	273	91
1	60373550.1	C	G	99	0	207	0	164	1	144	0	273	0
3	38317823.0	C	T	69	26	167	84	86	40	102	27	61	34
3	38317823.1	C	A	69	0	167	2	86	1	102	0	61	0
3	38317823.2	C	G	69	0	167	0	86	1	102	0	61	0
17	7400326.0	C	T	32	30	80	40	26	27	41	7	80	0
8	11606488.0	C	T	113	54	264	146	142	73	130	37	179	128
8	11606488.1	C	A	113	0	264	1	142	0	130	0	179	1
16	18826541.0	G	A	107	50	112	66	102	57	73	24	196	47
9	35906474.0	C	T	59	27	113	64	60	28	52	15	97	34
9	35906474.1	C	G	59	0	113	0	60	0	52	2	97	0
12	113865842.0	C	A	41	21	120	89	67	22	72	18	130	59
3	48607326.0	T	C	7	4	43	12	16	12	15	14	20	9
X	151376586.0	G	A	137	67	234	146	214	122	172	57	235	108
X	151376586.1	G	C	137	0	234	1	214	0	172	0	235	0
X	151376586.2	G	T	137	0	234	0	214	0	172	2	235	1
1	109143213.0	C	T	181	68	172	70	139	58	173	31	121	15
1	109143213.1	C	G	181	0	172	1	139	1	173	0	121	0
1	109143213.2	C	A	181	0	172	0	139	2	173	0	121	0
17	48433568.0	C	T	62	45	180	87	69	33	76	13	137	92
20	43723538.0	A	T	84	0	200	1	129	0	106	0	207	0
20	43723538.1	A	G	84	0	200	0	129	22	106	0	207	0
2	63206338.0	C	T	39	27	92	44	54	33	46	14	123	35
2	63206338.1	C	A	39	0	92	0	54	0	46	2	123	1
17	7577121.0	G	A	75	51	154	106	72	50	84	33	163	96
17	7577121.1	G	C	75	0	154	0	72	1	84	0	163	1
4	122833249.0	C	A	88	2	120	0	97	0	81	0	86	0
4	122833249.1	C	T	88	37	120	59	97	71	81	15	86	50
4	122833249.2	C	G	88	0	120	0	97	1	81	0	86	0
10	104679561.0	C	T	49	23	78	48	49	39	53	17	63	43
7	100030666.0	T	C	168	75	293	102	152	58	95	25	352	0
7	100030666.1	T	G	168	0	293	1	152	1	95	0	352	0
7	27872484.0	G	A	100	1	202	0	137	0	154	0	225	0
7	27872484.1	G	T	100	0	202	0	137	1	154	0	225	1
7	27872484.2	G	C	100	0	202	0	137	2	154	0	225	88
16	84213930.0	G	A	36	24	83	54	54	33	37	7	53	18
2	125320887.0	C	A	78	0	136	0	88	0	52	0	147	22
10	7214096.0	C	T	51	25	126	79	51	25	58	17	89	35
10	7214096.1	C	A	51	0	126	2	51	0	58	0	89	0
10	7214096.2	C	G	51	0	126	1	51	1	58	0	89	0
5	76373073.0	C	T	3	2	19	9	11	3	8	2	12	11
16	15164027.0	G	A	21	3	10	14	25	10	17	4	24	3
6	158925157.0	C	T	13	9	25	20	11	11	22	9	31	0
22	18031826.0	A	T	50	1	88	0	72	0	89	0	85	0
22	18031826.1	A	G	50	32	88	65	72	55	89	32	85	55
22	18031826.2	A	C	50	0	88	1	72	0	89	0	85	0
1	214171483.0	C	A	67	2	142	0	72	1	81	0	168	1
1	214171483.1	C	T	67	11	142	79	72	28	81	29	168	66
9	139272766.0	C	A	5	7	43	20	6	19	4	4	23	9
8	17810649.0	T	G	86	1	65	0	94	0	89	0	34	0
8	17810649.1	T	C	86	34	65	54	94	60	89	30	34	26
8	17810649.2	T	A	86	0	65	1	94	0	89	0	34	1
2	234855774.0	A	T	325	1	514	1	433	0	352	0	199	0
2	234855774.1	A	C	325	1	514	0	433	0	352	0	199	1
2	234855774.2	A	G	325	0	514	0	433	0	352	2	199	73
12	10954917.0	T	C	100	0	115	0	175	1	112	35	33	0
8	143603345.0	C	T	30	11	99	45	27	9	31	5	44	19
8	143603345.1	C	A	30	0	99	3	27	0	31	0	44	0
1	151212495.0	C	T	70	23	207	0	141	1	112	0	248	0
18	32949341.0	G	A	59	31	71	51	77	37	92	33	102	44
6	160328587.0	G	A	33	15	84	42	53	37	42	10	83	28
6	160328587.1	G	C	33	0	84	0	53	1	42	0	83	1
6	160328587.2	G	T	33	0	84	0	53	0	42	0	83	1
8	145641285.0	G	A	31	17	44	27	34	14	36	11	79	0
8	145641285.1	G	C	31	0	44	1	34	0	36	1	79	0
8	145641285.2	G	T	31	0	44	0	34	1	36	0	79	0
17	56065438.0	A	G	20	16	45	14	28	12	40	5	35	19
17	56065438.1	A	C	20	1	45	2	28	0	40	0	35	0
19	19037173.0	C	T	77	0	163	0	45	0	70	18	110	0
19	19037173.1	C	G	77	0	163	0	45	0	70	1	110	0
16	1497083.0	G	A	5	5	23	18	8	7	11	0	7	11
16	1497083.1	G	C	5	1	23	0	8	1	11	0	7	1
16	1497083.2	G	T	5	0	23	1	8	0	11	0	7	0
6	82459799.0	A	T	48	0	60	0	75	0	56	0	64	46
8	10557957.0	A	G	43	33	104	89	52	31	69	24	98	69
8	10557957.1	A	C	43	0	104	2	52	0	69	0	98	0
10	124057344.0	G	A	73	39	185	124	82	61	123	18	168	74
10	124057344.1	G	C	73	0	185	1	82	0	123	1	168	0
10	124057344.2	G	T	73	0	185	0	82	0	123	0	168	1
1	10479558.0	G	T	80	0	156	0	107	1	77	0	104	1
1	10479558.1	G	A	80	0	156	0	107	0	77	0	104	25
17	48072198.0	G	T	135	0	396	0	200	0	169	0	179	31
8	105405149.0	C	T	137	0	237	1	156	0	113	35	334	0
8	105405149.1	C	A	137	0	237	0	156	1	113	0	334	0
8	105405149.2	C	G	137	0	237	0	156	0	113	0	334	1
3	48696568.0	G	T	80	25	134	58	73	53	83	24	145	41
3	48696568.1	G	A	80	0	134	1	73	0	83	0	145	0
3	48696568.2	G	C	80	0	134	1	73	0	83	0	145	0
13	103390876.0	T	C	114	0	84	0	137	0	126	0	37	8
12	57552356.0	C	A	119	0	303	1	139	0	121	0	245	0
12	57552356.1	C	T	119	0	303	0	139	0	121	0	245	55
19	42090775.0	T	C	112	58	297	204	157	88	187	47	253	66
19	42090775.1	T	A	112	0	297	3	157	0	187	0	253	0
19	42090775.2	T	G	112	0	297	0	157	1	187	1	253	1
16	84806210.0	C	T	117	67	177	99	164	89	96	25	187	59
16	84806210.1	C	G	117	0	177	1	164	0	96	0	187	0
16	84806210.2	C	A	117	0	177	0	164	0	96	1	187	1
8	94746039.0	G	T	67	48	118	66	93	79	77	37	164	100
17	42330518.0	C	T	23	9	53	30	15	12	15	7	57	17
17	42330518.1	C	A	23	0	53	1	15	0	15	0	57	0
4	2941285.0	G	A	76	28	122	107	68	41	73	28	199	0
11	58959676.0	G	A	76	28	197	114	126	64	127	48	207	61
11	58959676.1	G	T	76	1	197	0	126	0	127	0	207	2
17	27382882.0	A	G	106	36	205	127	154	87	120	43	272	0
17	27382882.1	A	T	106	0	205	2	154	0	120	0	272	3
16	31092389.0	G	A	13	4	27	12	20	8	10	4	17	13
16	31092389.1	G	T	13	0	27	1	20	0	10	0	17	0
16	31092389.2	G	C	13	0	27	1	20	0	10	0	17	0
14	103986250.0	C	G	35	9	111	0	42	0	39	0	52	0
1	2428392.0	C	T	20	8	31	21	20	7	25	8	24	17
2	18765459.0	G	A	58	33	171	100	128	67	112	6	205	99
2	18765459.1	G	T	58	0	171	0	128	1	112	0	205	0
2	18765459.2	G	C	58	0	171	0	128	1	112	0	205	1
17	80914589.0	G	A	125	46	267	162	101	61	100	40	131	112
17	80914589.1	G	T	125	1	267	6	101	0	100	0	131	0
17	80914589.2	G	C	125	0	267	1	101	0	100	0	131	0
2	114500277.0	A	C	59	14	65	13	65	10	68	2	27	1
2	114500277.1	A	G	59	0	65	1	65	0	68	2	27	4
15	78562914.0	C	A	118	0	204	1	201	0	134	0	145	1
15	78562914.1	C	T	118	0	204	0	201	0	134	0	145	71
17	48557295.0	G	A	85	44	118	88	64	43	80	28	115	95
11	64702270.0	T	G	44	1	135	2	86	0	58	1	90	2
11	64702270.1	T	C	44	22	135	42	86	27	58	17	90	31
11	64702270.2	T	A	44	0	135	0	86	0	58	1	90	0
X	128884507.0	C	T	77	45	187	118	103	76	98	26	183	68
X	128884507.1	C	A	77	0	187	1	103	0	98	0	183	1
20	62187225.0	T	G	32	15	82	54	16	18	39	4	61	15
12	53589881.0	T	G	104	0	272	0	146	0	97	1	281	0
12	53589881.1	T	C	104	0	272	0	146	0	97	30	281	0
12	53589881.2	T	A	104	0	272	0	146	0	97	0	281	1
17	41570919.0	C	T	83	36	234	132	124	68	147	26	387	1
17	41570919.1	C	A	83	0	234	2	124	1	147	1	387	0
17	41570919.2	C	G	83	0	234	1	124	0	147	0	387	0
9	138754404.0	C	T	52	35	78	58	70	45	52	6	130	38
9	138754404.1	C	A	52	0	78	0	70	1	52	0	130	0
9	138754404.2	C	G	52	0	78	0	70	1	52	0	130	0
22	46631049.0	C	T	84	33	117	83	93	56	85	27	92	52
22	46631049.1	C	G	84	0	117	1	93	0	85	0	92	0
X	24844581.0	C	T	29	17	106	0	100	0	62	0	149	0
X	24844581.1	C	A	29	0	106	1	100	0	62	0	149	0
X	122747510.0	C	T	425	178	459	250	412	203	409	97	445	193
X	122747510.1	C	G	425	0	459	1	412	0	409	0	445	0
X	122747510.2	C	A	425	0	459	0	412	2	409	1	445	1
7	141464305.0	A	T	233	1	433	1	310	1	221	0	339	1
7	141464305.1	A	C	233	0	433	0	310	1	221	0	339	1
7	141464305.2	A	G	233	0	433	0	310	0	221	0	339	82
9	97200730.0	T	A	156	0	305	0	304	0	182	0	330	2
9	97200730.1	T	C	156	0	305	0	304	0	182	0	330	75
6	55223887.0	A	G	48	8	70	8	78	0	63	0	60	0
6	43514420.0	C	T	115	1	171	0	127	0	119	0	293	1
6	43514420.1	C	G	115	69	171	95	127	96	119	31	293	99
6	43514420.2	C	A	115	0	171	0	127	0	119	0	293	1
18	20569212.0	T	G	314	1	258	0	322	0	258	0	77	0
18	20569212.1	T	A	314	0	258	0	322	0	258	0	77	1
18	20569212.2	T	C	314	0	258	0	322	0	258	0	77	20
9	17366651.0	A	G	71	48	19	17	71	53	82	31	11	0
9	17366651.1	A	C	71	0	19	0	71	1	82	0	11	0
19	53057437.0	G	A	19	4	18	7	21	8	26	8	9	1
9	34372770.0	G	T	58	19	119	76	38	29	44	16	64	37
16	46727073.0	C	A	79	51	101	82	125	75	96	22	131	0
16	46727073.1	C	T	79	0	101	0	125	0	96	2	131	0
19	10738648.0	C	T	49	23	152	1	62	0	52	0	106	0
19	10738648.1	C	G	49	0	152	1	62	0	52	0	106	0
19	10738648.2	C	A	49	0	152	0	62	0	52	0	106	1
18	59221742.0	G	T	23	11	36	16	16	12	39	7	45	15
18	59221742.1	G	C	23	0	36	1	16	0	39	0	45	0
17	4790434.0	G	A	64	23	136	99	63	42	63	13	68	44
17	4790434.1	G	T	64	0	136	2	63	0	63	0	68	0
17	4790434.2	G	C	64	0	136	1	63	0	63	0	68	0
11	117063925.0	T	C	91	55	242	139	130	70	107	31	212	57
11	117063925.1	T	A	91	0	242	2	130	0	107	0	212	0
11	117063925.2	T	G	91	0	242	1	130	0	107	0	212	0
2	80530329.0	C	T	33	0	111	0	33	0	44	0	47	20
13	25009443.0	C	A	58	21	74	25	81	30	51	12	32	12
9	135759440.0	G	A	48	24	130	82	73	38	53	8	76	45
9	135759440.1	G	T	48	0	130	2	73	0	53	0	76	1
9	135759440.2	G	C	48	0	130	1	73	1	53	0	76	0
1	18691886.0	G	A	22	6	67	42	24	9	27	7	34	13
1	18691886.1	G	T	22	0	67	1	24	0	27	0	34	0
19	3960092.0	T	G	39	1	79	0	36	0	65	0	106	0
19	3960092.1	T	C	39	37	79	131	36	45	65	25	106	0
19	3960092.2	T	A	39	0	79	1	36	0	65	0	106	0
16	67765460.0	A	T	88	1	183	0	136	1	98	0	178	0
16	67765460.1	A	G	88	22	183	0	136	0	98	0	178	0
17	73745084.0	C	A	86	38	146	90	49	43	59	11	90	54
17	73745084.1	C	T	86	0	146	0	49	0	59	1	90	0
2	74754715.0	G	A	11	17	27	21	17	13	14	3	29	16
3	11059587.0	G	A	69	2	202	0	117	0	113	1	123	0
3	11059587.1	G	T	69	26	202	130	117	73	113	29	123	112
3	11059587.2	G	C	69	0	202	1	117	1	113	0	123	0
17	80274205.0	C	T	57	18	121	60	54	27	63	9	52	32
17	80274205.1	C	G	57	3	121	10	54	8	63	5	52	20
17	80274205.2	C	A	57	0	121	2	54	0	63	0	52	0
5	150947779.0	G	A	11	3	44	23	16	10	15	9	27	14
13	73366634.0	T	G	163	0	170	0	213	0	160	0	33	19
12	49318405.0	A	G	98	23	143	97	123	67	123	23	146	74
12	49318405.1	A	C	98	0	143	0	123	0	123	0	146	1
