Chr	Posi	Wild	Mut	Met2T:ref	Met2T:alt	Met3T:ref	Met3T:alt	Met4T:ref	Met4T:alt	PrimT:ref	PrimT:alt
9	33799163.0	C	A	167	27	145	8	100	28	104	34
9	33799163.1	C	T	167	0	145	0	100	2	104	0
16	716024.0	T	G	7	0	22	5	15	0	14	0
11	62748839.0	C	A	88	0	88	1	86	0	61	0
11	62748839.1	C	T	88	0	88	30	86	1	61	0
4	155410756.0	C	T	14	10	39	14	32	7	11	2
7	27195894.0	C	T	56	7	47	0	50	1	46	0
17	7386173.0	G	T	303	21	244	49	255	34	244	30
17	7386173.1	G	C	303	0	244	0	255	0	244	1
2	220412355.0	C	T	69	6	54	23	75	0	51	0
15	41749932.0	G	A	137	29	197	1	119	40	140	0
9	37521723.0	G	A	76	57	48	85	57	48	94	18
9	37521723.1	G	C	76	1	48	1	57	0	94	0
10	135439015.0	T	A	439	1	535	0	505	0	399	0
10	135439015.1	T	C	439	21	535	23	505	55	399	52
5	140590506.0	C	A	22	12	17	5	22	1	18	0
5	140590506.1	C	T	22	0	17	2	22	0	18	0
2	69633155.0	G	A	300	0	207	85	311	0	324	0
5	44815273.0	A	C	94	27	96	47	97	16	171	19
9	33798052.0	C	T	169	5	198	3	177	25	136	20
9	33798052.1	C	G	169	0	198	0	177	1	136	0
9	101900299.0	G	T	201	246	166	347	285	226	518	112
9	101900299.1	G	C	201	0	166	0	285	1	518	1
9	101900299.2	G	A	201	0	166	0	285	0	518	3
2	130832835.0	C	T	82	9	107	25	117	26	123	9
2	130832835.1	C	A	82	0	107	0	117	1	123	0
5	9119118.0	G	A	75	23	90	26	68	19	73	8
5	9119118.1	G	T	75	0	90	1	68	0	73	0
5	9119118.2	G	C	75	0	90	1	68	1	73	0
9	33798504.0	A	C	223	10	277	10	239	16	199	28
13	77460179.0	G	T	51	0	64	0	37	0	34	4
8	64081441.0	C	T	138	50	125	47	94	36	65	4
9	33798079.0	T	C	106	1	138	4	122	14	89	10
3	53916043.0	G	A	75	19	78	39	61	16	57	8
3	53916043.1	G	T	75	0	78	0	61	0	57	1
3	53916043.2	G	C	75	0	78	0	61	0	57	1
3	48663707.0	C	A	118	45	116	63	100	21	85	2
8	121514742.0	A	G	264	0	310	0	266	46	301	0
8	121514742.1	A	T	264	0	310	0	266	0	301	1
14	101004749.0	G	A	14	3	12	5	6	6	14	2
16	56704456.0	A	G	198	11	198	19	218	25	122	9
8	32585590.0	T	C	265	0	277	0	273	44	336	1
7	116339150.0	C	G	60	5	80	0	108	26	147	11
16	139838.0	G	T	53	0	79	0	46	0	29	4
1	167487679.0	G	A	194	56	228	95	211	45	191	23
1	167487679.1	G	T	194	1	228	0	211	0	191	0
1	167487679.2	G	C	194	0	228	1	211	0	191	0
13	95131233.0	G	A	102	20	163	0	127	0	128	0
10	131640410.0	C	T	273	0	282	100	300	1	181	0
21	42080507.0	G	A	110	59	85	93	144	48	183	19
21	42080507.1	G	T	110	1	85	0	144	0	183	1
5	128864242.0	A	T	216	1	319	0	295	0	449	1
5	128864242.1	A	C	216	39	319	0	295	0	449	0
5	128864242.2	A	G	216	0	319	0	295	0	449	1
2	71791292.0	T	G	141	6	145	8	129	10	57	4
2	71791292.1	T	C	141	0	145	0	129	1	57	1
14	105410741.0	T	C	108	1	174	1	125	2	62	6
X	102471160.0	G	C	39	0	40	16	50	0	55	0
1	12475203.0	C	T	178	67	170	86	239	70	260	21
1	12475203.1	C	G	178	1	170	0	239	0	260	0
2	109746196.0	C	T	24	7	48	14	30	8	17	1
19	46216548.0	G	A	36	12	39	18	43	9	31	4
10	98781062.0	C	G	107	0	119	42	115	0	72	0
22	50961731.0	T	C	43	0	40	0	30	0	31	4
17	73746859.0	C	T	98	21	89	33	79	20	73	3
7	17369585.0	A	G	255	87	240	134	296	70	446	53
7	17369585.1	A	T	255	0	240	1	296	1	446	0
19	9068397.0	G	A	54	27	82	41	74	16	140	8
11	113780045.0	C	T	198	35	330	0	204	50	232	1
1	3424478.0	G	A	53	32	76	37	63	17	34	8
1	3424478.1	G	T	53	0	76	1	63	0	34	0
1	3424478.2	G	C	53	0	76	1	63	0	34	0
11	108225582.0	C	T	351	93	346	160	446	124	476	42
11	108225582.1	C	G	351	0	346	1	446	0	476	0
11	108225582.2	C	A	351	0	346	0	446	0	476	1
11	46747445.0	C	T	70	8	55	37	64	0	23	0
6	55196561.0	G	A	277	90	296	120	316	65	508	38
6	55196561.1	G	T	277	0	296	0	316	1	508	2
6	55196561.2	G	C	277	0	296	0	316	1	508	0
2	230253081.0	A	G	105	55	92	63	104	30	112	9
2	230253081.1	A	T	105	0	92	1	104	0	112	0
2	230253081.2	A	C	105	0	92	1	104	0	112	0
4	68939711.0	C	T	235	58	222	114	239	54	305	27
12	25398284.0	C	T	295	89	290	126	321	72	470	41
12	25398284.1	C	A	295	0	290	0	321	0	470	1
19	35250945.0	G	A	107	23	192	0	124	29	185	0
12	44917205.0	C	T	138	0	154	1	128	21	165	1
12	44917205.1	C	A	138	0	154	0	128	0	165	1
10	94693920.0	A	G	221	53	381	0	244	0	533	0
10	94693920.1	A	T	221	0	381	0	244	1	533	0
X	63412317.0	G	T	6	9	8	11	11	8	20	2
20	54824346.0	G	A	162	61	139	68	159	32	117	14
20	54824346.1	G	C	162	0	139	1	159	0	117	0
20	54824346.2	G	T	162	0	139	0	159	1	117	0
22	39710795.0	G	A	80	0	78	2	58	6	54	2
13	76287349.0	A	T	325	27	352	27	321	28	359	51
19	37618929.0	C	T	69	22	56	35	91	19	137	13
19	37618929.1	C	G	69	0	56	0	91	0	137	1
22	17488840.0	C	A	23	13	22	26	30	13	23	0
11	1266202.0	A	G	77	13	112	8	97	12	53	0
1	55352595.0	C	A	46	16	35	20	29	9	17	2
1	55352595.1	C	G	46	0	35	0	29	1	17	0
6	38649817.0	C	A	339	0	335	0	245	46	358	0
