Chr	Posi	Wild	Mut	Met1T:ref	Met1T:alt	Met2T:ref	Met2T:alt	Met3T:ref	Met3T:alt	Met4T:ref	Met4T:alt	Met5T:ref	Met5T:alt	Met6T:ref	Met6T:alt
1	1685624	C	T	37	0	19	8	34	8	30	0	15	7	48	0
1	6206287	C	T	75	4	21	24	36	27	42	4	30	28	24	12
1	6605180	C	T	465	39	260	130	277	165	429	57	111	70	178	92
1	21795320	C	G	337	6	210	5	204	4	218	6	271	10	187	12
1	32620221	C	T	137	0	83	0	83	0	97	0	66	0	48	40
1	92187533	G	A	295	20	224	0	124	33	325	0	81	0	117	0
1	152286884	C	T	252	6	332	5	322	5	273	0	169	13	107	5
1	155450784	C	A	161	12	254	49	176	17	156	16	104	12	159	23
1	159175499	G	A	75	17	21	62	26	82	42	35	34	100	15	43
1	178485797	G	A	383	126	190	564	182	419	336	257	78	282	107	335
1	181740515	C	A	753	4	806	0	827	0	604	0	1052	0	457	55
1	249211016	C	T	162	6	124	25	233	31	93	7	288	35	205	4
2	131981221	C	G	344	0	255	5	227	0	264	4	204	9	132	17
2	133403038	G	C	92	0	30	13	55	18	80	0	105	31	74	0
2	238944542	A	C	391	75	209	249	223	214	414	119	86	167	104	174
3	38662380	G	A	236	22	135	51	191	65	152	12	214	91	130	67
3	49759577	G	A	47	0	33	16	56	13	32	0	52	25	68	0
3	74351908	C	T	269	0	161	62	157	46	206	0	121	38	169	0
3	121208638	T	A	46	11	43	33	18	24	62	20	25	36	23	54
3	130107869	C	T	257	0	152	0	127	31	194	0	88	0	133	0
3	149678734	G	A	208	12	112	40	113	34	142	23	163	40	140	56
3	156746037	C	A	153	13	146	69	127	42	218	25	65	24	112	0
3	178936091	G	A	421	73	210	245	178	176	399	87	104	122	160	102
3	195513481	G	A	110	6	35	16	70	21	67	7	97	36	80	10
4	515695	A	G	192	0	134	0	168	0	125	0	178	0	111	45
4	78082009	A	G	348	108	174	240	165	183	324	121	73	118	190	367
4	115749021	C	T	289	21	175	78	149	35	133	40	268	96	225	0
5	36995733	A	C	80	19	86	49	51	32	58	11	67	37	45	49
5	89990130	C	T	274	11	177	111	225	71	201	0	212	114	161	0
5	145651051	A	T	279	12	311	59	328	53	207	39	278	61	254	59
6	69666668	G	T	348	0	240	0	272	0	213	0	324	110	235	0
6	87969628	G	A	203	8	163	0	157	11	134	8	94	8	116	0
6	168377009	T	G	125	18	65	19	98	31	55	16	102	45	53	48
7	57187577	G	A	221	6	182	0	172	0	213	0	61	5	97	0
7	63727143	G	A	138	0	151	0	145	0	146	0	72	9	89	0
7	92932811	G	A	384	24	325	96	216	67	340	37	100	36	318	0
7	100958510	C	T	387	0	308	0	273	47	287	0	383	0	376	0
7	115892486	G	A	297	0	176	61	158	21	220	0	234	78	208	0
8	91033248	C	G	237	0	204	0	163	20	216	0	87	0	146	0
9	4697139	C	A	627	129	465	384	346	259	598	204	158	140	304	244
9	6500653	G	A	432	71	253	175	226	183	312	88	205	134	229	182
9	14784505	G	A	314	0	262	0	173	0	202	0	413	0	181	55
9	33797861	A	G	307	69	172	25	285	40	187	36	325	43	227	25
9	71668082	G	C	199	5	145	38	171	34	163	0	146	47	190	0
9	78638711	A	C	228	0	219	0	197	0	216	0	208	0	134	44
9	98209652	C	T	72	0	32	0	39	22	54	0	70	0	37	0
9	116750758	G	A	224	0	78	0	144	0	133	0	168	0	89	12
9	134305630	C	T	261	24	210	67	208	56	183	22	290	54	268	56
9	138710869	G	A	112	4	60	8	115	0	81	0	151	0	114	0
10	15262965	G	A	126	10	39	57	86	60	67	9	70	104	61	26
10	135440219	G	T	2878	127	1975	307	2275	283	1985	108	2715	415	1057	163
11	1080978	G	A	191	0	121	0	246	0	126	0	245	0	150	26
11	12246342	A	C	138	11	72	23	78	35	80	23	148	56	163	85
11	18159483	A	G	295	27	118	49	173	59	145	9	169	71	135	0
11	33369301	T	G	138	0	76	0	71	0	79	0	68	0	81	4
11	67938482	C	T	272	16	145	70	153	72	207	22	100	30	135	57
11	110143263	G	C	488	0	375	0	311	0	382	0	231	0	224	79
11	124013154	G	T	176	16	102	33	101	27	141	13	68	21	70	29
12	122248432	G	A	15	0	11	8	11	10	9	4	9	13	15	0
12	125396605	G	A	31	7	15	0	17	0	9	2	21	0	8	83
12	125397298	G	A	300	14	267	4	207	0	235	8	422	9	662	99
13	25367337	G	C	243	4	114	39	97	23	149	0	92	40	145	0
13	32800081	C	T	70	5	37	8	32	12	42	0	47	22	32	0
14	75017830	G	A	94	6	34	19	48	32	51	4	54	41	43	21
14	77765031	C	T	173	21	84	63	106	57	122	17	121	79	115	80
15	56686878	T	A	81	0	143	0	79	0	119	0	44	0	69	7
15	70346958	C	T	39	11	7	26	14	33	16	6	17	56	23	30
15	79750559	C	G	160	13	76	28	106	35	84	13	124	43	81	0
17	7579495	G	C	116	10	48	31	63	37	85	9	51	59	57	24
17	16285308	G	T	536	36	308	45	257	30	328	15	545	77	774	75
17	16285770	A	G	362	17	253	0	216	0	275	0	364	7	479	59
17	18284826	C	T	103	14	35	6	72	19	51	10	84	21	58	19
17	33520580	G	A	335	7	162	0	274	7	184	6	274	0	188	21
17	68172305	C	T	90	0	81	0	61	0	102	0	47	0	52	7
19	425136	C	T	107	0	44	0	100	0	46	0	93	0	95	35
19	10250929	G	A	136	0	68	0	120	0	87	0	141	22	132	0
19	23542561	T	C	166	0	136	0	135	0	138	0	63	0	103	6
19	23836699	C	A	99	0	98	0	76	0	99	4	56	9	84	0
19	53344590	C	T	236	0	230	0	131	0	241	0	73	6	112	0
19	58011479	C	T	27	0	26	5	28	18	30	5	43	25	60	0
20	10623180	C	T	298	0	183	0	270	0	189	19	334	0	272	0
21	34117186	G	A	284	0	506	0	360	0	432	0	113	0	193	26
X	30872333	A	G	162	5	90	17	88	11	132	0	68	10	161	0
X	41782191	C	T	270	0	182	0	227	0	138	21	305	0	381	0
X	105921411	T	A	394	0	403	0	328	0	373	0	112	0	151	74
X	129159271	G	A	121	0	60	0	105	0	59	9	98	0	67	0
X	153281947	C	T	104	4	56	0	63	11	49	0	76	0	88	0
