Chr	Posi	Wild	Mut	Met1T:ref	Met1T:alt	Met3T:ref	Met3T:alt	PrimT:ref	PrimT:alt
2	172571954.0	G	A	65	7	249	8	242	15
2	172571954.1	G	T	65	1	249	0	242	1
2	172571954.2	G	C	65	0	249	0	242	1
1	248262890.0	G	A	46	17	181	60	72	59
1	248262890.1	G	T	46	1	181	2	72	1
1	248262890.2	G	C	46	0	181	0	72	1
15	33895472.0	G	A	54	11	228	0	141	19
15	33895472.1	G	T	54	2	228	0	141	1
7	48287957.0	G	A	34	23	196	80	156	88
7	48287957.1	G	C	34	0	196	1	156	3
10	90524202.0	T	C	93	32	266	75	293	126
10	90524202.1	T	A	93	0	266	0	293	2
10	90524202.2	T	G	93	0	266	0	293	5
7	55266472.0	G	A	56	25	168	52	121	48
7	55266472.1	G	C	56	0	168	0	121	3
19	48953739.0	A	G	28	1	32	13	43	10
19	48953739.1	A	T	28	0	32	0	43	1
5	26881644.0	C	T	54	7	224	37	158	34
5	26881644.1	C	A	54	0	224	1	158	4
5	26881644.2	C	G	54	0	224	1	158	1
X	65253474.0	C	T	35	49	109	79	43	99
X	65253474.1	C	G	35	1	109	0	43	2
X	65253474.2	C	A	35	0	109	0	43	1
2	10074032.0	C	A	61	29	174	28	229	114
2	10074032.1	C	G	61	0	174	0	229	3
14	21679620.0	G	T	29	1	131	0	62	0
14	21679620.1	G	A	29	0	131	7	62	7
14	21679620.2	G	C	29	0	131	0	62	1
1	145311931.0	C	T	4	4	25	2	21	7
1	145311931.1	C	G	4	0	25	0	21	1
6	16327819.0	T	G	63	2	119	0	127	1
6	16327819.1	T	C	63	20	119	30	127	63
9	136426347.0	C	T	30	22	52	28	52	64
9	136426347.1	C	A	30	0	52	2	52	2
9	136426347.2	C	G	30	0	52	0	52	1
4	186570683.0	A	T	97	2	419	1	213	1
4	186570683.1	A	G	97	6	419	3	213	12
4	186570683.2	A	C	97	0	419	0	213	1
18	61471726.0	A	C	30	12	134	26	101	32
18	61471726.1	A	T	30	0	134	1	101	2
18	61471726.2	A	G	30	0	134	0	101	1
12	120763699.0	C	A	92	2	118	31	143	3
11	55905153.0	G	A	108	3	337	14	271	20
11	55905153.1	G	T	108	0	337	0	271	2
19	38103233.0	G	A	35	6	128	19	96	27
19	38103233.1	G	T	35	0	128	0	96	1
19	38103233.2	G	C	35	0	128	0	96	2
17	7577581.0	A	G	14	44	97	71	75	58
17	7577581.1	A	C	14	0	97	0	75	1
11	56344765.0	C	T	106	1	341	0	353	3
11	56344765.1	C	G	106	53	341	94	353	169
11	56344765.2	C	A	106	0	341	2	353	3
1	115256529.0	T	A	65	1	268	0	309	1
1	115256529.1	T	C	65	62	268	158	309	233
1	115256529.2	T	G	65	0	268	2	309	4
10	118364925.0	T	A	105	44	238	103	348	146
10	118364925.1	T	C	105	0	238	1	348	5
10	118364925.2	T	G	105	0	238	0	348	3
6	27368994.0	G	A	62	1	283	2	250	1
6	27368994.1	G	T	62	36	283	83	250	124
6	27368994.2	G	C	62	0	283	0	250	1
15	76578710.0	A	C	61	4	186	0	226	7
15	76578710.1	A	T	61	0	186	1	226	0
15	76578710.2	A	G	61	0	186	1	226	1
1	156011982.0	C	A	25	16	45	25	40	36
1	156011982.1	C	T	25	0	45	0	40	3
1	156011982.2	C	G	25	0	45	0	40	1
18	47500931.0	G	A	72	0	134	21	122	0
17	79077831.0	A	G	36	3	74	13	118	21
19	55648516.0	C	T	40	5	68	13	98	22
19	55648516.1	C	A	40	0	68	1	98	3
19	55648516.2	C	G	40	0	68	0	98	2
7	102768936.0	A	G	52	19	246	70	260	125
7	102768936.1	A	T	52	0	246	1	260	2
7	102768936.2	A	C	52	0	246	1	260	4
7	18687622.0	G	T	31	0	117	17	113	0
3	52440844.0	C	A	20	23	76	41	67	45
3	52440844.1	C	T	20	0	76	1	67	0
3	52440844.2	C	G	20	0	76	0	67	1
15	22382643.0	C	A	134	2	334	1	242	3
15	22382643.1	C	T	134	7	334	27	242	44
15	22382643.2	C	G	134	0	334	0	242	1
14	65507540.0	T	G	43	12	239	3	93	3
5	49701623.0	G	T	32	12	125	20	55	16
5	49701623.1	G	C	32	1	125	0	55	3
5	49701623.2	G	A	32	0	125	2	55	1
10	125506504.0	T	C	89	13	135	22	172	24
10	125506504.1	T	G	89	0	135	0	172	3
12	85421799.0	C	A	25	22	222	99	118	117
12	85421799.1	C	T	25	1	222	1	118	1
12	85421799.2	C	G	25	0	222	1	118	1
10	14978542.0	T	C	38	12	208	43	177	54
10	14978542.1	T	G	38	0	208	0	177	1
2	196851826.0	G	A	112	1	456	0	494	6
2	196851826.1	G	T	112	1	456	0	494	7
2	196851826.2	G	C	112	33	456	175	494	207
