Chr	Posi	Wild	Mut	Met1T:ref	Met1T:alt	Met2T:ref	Met2T:alt	Met3T:ref	Met3T:alt	PrimT:ref	PrimT:alt
2	220164849.0	G	T	177	27	193	98	404	22	161	107
12	53918477.0	A	G	47	18	30	54	105	12	47	51
12	53918477.1	A	T	47	0	30	1	105	0	47	0
5	161128556.0	C	A	171	39	69	86	138	15	74	54
5	161128556.1	C	T	171	3	69	0	138	0	74	3
5	161128556.2	C	G	171	0	69	1	138	1	74	0
6	84304129.0	G	C	240	56	186	120	406	37	156	78
5	161128555.0	C	A	171	39	73	85	138	15	77	55
5	161128555.1	C	T	171	2	73	0	138	1	77	0
5	161128555.2	C	G	171	1	73	0	138	0	77	0
15	50190410.0	T	A	199	2	49	3	200	1	51	2
15	50190410.1	T	G	199	1	49	0	200	0	51	1
15	50190410.2	T	C	199	110	49	210	200	34	51	191
18	23866212.0	A	G	52	21	58	54	69	5	68	50
18	23866212.1	A	T	52	0	58	1	69	0	68	0
18	23866212.2	A	C	52	0	58	0	69	0	68	1
3	108723921.0	G	A	240	1	153	0	176	0	119	3
3	108723921.1	G	T	240	77	153	119	176	35	119	107
3	108723921.2	G	C	240	0	153	1	176	0	119	0
12	75436130.0	G	A	338	3	416	4	294	0	435	3
12	75436130.1	G	C	338	21	416	80	294	34	435	137
12	75436130.2	G	T	338	0	416	3	294	1	435	2
X	110970237.0	C	T	48	32	8	79	47	20	17	42
X	110970237.1	C	A	48	0	8	1	47	0	17	1
6	159660752.0	A	T	125	1	221	2	251	0	168	0
6	159660752.1	A	G	125	5	221	51	251	14	168	53
6	159660752.2	A	C	125	0	221	11	251	0	168	5
1	248436323.0	G	A	280	133	116	366	436	88	116	259
1	248436323.1	G	T	280	1	116	0	436	1	116	1
6	160164807.0	G	T	228	128	123	200	170	29	130	105
6	160164807.1	G	C	228	1	123	0	170	0	130	1
6	160164807.2	G	A	228	0	123	1	170	0	130	1
12	78401121.0	G	A	60	1	53	0	65	0	79	0
12	78401121.1	G	T	60	8	53	15	65	17	79	32
5	55439747.0	G	A	203	2	105	0	311	0	142	0
5	55439747.1	G	T	203	39	105	152	311	48	142	71
5	55439747.2	G	C	203	0	105	0	311	0	142	1
5	55439746.0	G	A	199	1	106	0	314	0	141	2
5	55439746.1	G	T	199	41	106	152	314	49	141	72
5	55439746.2	G	C	199	1	106	0	314	0	141	1
4	123844429.0	G	T	81	35	39	85	176	37	33	77
4	123844429.1	G	C	81	0	39	1	176	0	33	0
X	127185944.0	C	A	96	46	40	139	136	53	41	89
X	127185944.1	C	G	96	0	40	0	136	1	41	0
1	17701921.0	G	A	112	74	65	191	243	49	48	125
1	17701921.1	G	C	112	0	65	0	243	1	48	2
1	17701921.2	G	T	112	0	65	0	243	0	48	1
14	79454425.0	G	A	454	3	162	1	321	0	133	0
14	79454425.1	G	T	454	190	162	505	321	42	133	298
14	79454425.2	G	C	454	0	162	0	321	0	133	1
2	141200183.0	C	A	171	30	111	65	145	11	87	53
2	141200183.1	C	T	171	2	111	3	145	0	87	1
6	4892141.0	G	A	260	1	104	0	382	1	85	1
6	4892141.1	G	T	260	225	104	334	382	97	85	349
6	4892141.2	G	C	260	1	104	0	382	0	85	0
20	44567760.0	C	T	121	20	127	90	265	28	113	92
20	44567760.1	C	G	121	1	127	0	265	0	113	0
5	179666944.0	T	A	569	2	897	1	577	0	552	2
5	179666944.1	T	G	569	1	897	0	577	0	552	0
5	179666944.2	T	C	569	46	897	123	577	25	552	76
2	29551276.0	C	T	105	14	115	64	202	17	98	56
2	29551276.1	C	A	105	0	115	1	202	0	98	0
4	8469706.0	G	A	89	1	76	3	170	0	77	0
4	8469706.1	G	T	89	16	76	36	170	19	77	28
2	233393273.0	T	A	111	25	175	53	262	6	140	66
1	157739782.0	T	A	167	91	186	317	270	51	129	180
1	157739782.1	T	G	167	0	186	1	270	0	129	0
1	157739782.2	T	C	167	0	186	0	270	0	129	2
X	77913511.0	A	G	120	1	215	0	306	0	89	52
X	77913511.1	A	T	120	0	215	1	306	0	89	1
4	16077482.0	G	T	120	33	109	65	201	38	71	53
4	16077482.1	G	C	120	1	109	0	201	0	71	0
5	130782294.0	T	C	182	7	214	43	232	8	169	31
5	130782294.1	T	A	182	0	214	1	232	0	169	0
2	216293046.0	T	A	74	14	75	22	132	7	59	34
3	96706647.0	G	A	186	1	148	3	197	0	126	0
3	96706647.1	G	T	186	25	148	75	197	1	126	74
3	96706647.2	G	C	186	2	148	2	197	0	126	1
10	118203991.0	G	A	434	13	86	29	361	9	131	56
10	118203991.1	G	T	434	118	86	256	361	77	131	267
10	118203991.2	G	C	434	0	86	0	361	0	131	1
3	96706648.0	G	A	187	1	147	2	200	0	126	1
3	96706648.1	G	T	187	22	147	72	200	1	126	70
3	96706648.2	G	C	187	3	147	3	200	0	126	3
20	6759311.0	A	T	117	22	109	48	179	18	108	42
20	6759311.1	A	C	117	0	109	1	179	0	108	0
X	128922438.0	C	A	88	62	41	191	142	52	33	103
X	128922438.1	C	T	88	0	41	1	142	0	33	1
5	140567198.0	T	C	85	8	91	14	95	2	66	28
5	140567198.1	T	A	85	0	91	1	95	0	66	0
5	140567198.2	T	G	85	0	91	1	95	0	66	0
16	20998755.0	T	A	79	1	34	4	84	0	31	0
16	20998755.1	T	G	79	1	34	2	84	0	31	0
16	20998755.2	T	C	79	43	34	111	84	9	31	63
16	71610316.0	C	A	128	71	77	180	260	51	63	140
16	71610316.1	C	G	128	1	77	0	260	1	63	0
16	71610316.2	C	T	128	0	77	2	260	0	63	0
2	44058927.0	G	T	60	13	65	35	141	14	57	28
2	44058927.1	G	C	60	0	65	0	141	0	57	1
19	42492209.0	C	A	193	81	173	203	309	129	170	208
19	42492209.1	C	T	193	1	173	0	309	1	170	0
19	42492209.2	C	G	193	1	173	1	309	0	170	0
3	195509620.0	G	A	255	12	339	30	313	8	309	35
3	195509620.1	G	T	255	1	339	0	313	0	309	0
3	195509620.2	G	C	255	0	339	1	313	0	309	0
12	54687096.0	G	A	423	42	507	81	453	40	536	135
12	54687096.1	G	T	423	1	507	2	453	0	536	2
12	54687096.2	G	C	423	1	507	0	453	0	536	0
1	233297040.0	T	A	147	76	52	259	147	31	69	171
1	233297040.1	T	C	147	1	52	1	147	0	69	0
5	161576280.0	G	T	199	18	255	55	308	18	218	47
5	161576280.1	G	A	199	0	255	3	308	0	218	2
5	161576280.2	G	C	199	0	255	1	308	0	218	1
19	15793265.0	A	C	211	1	156	0	253	0	171	0
19	15793265.1	A	T	211	0	156	20	253	0	171	0
5	149225379.0	T	C	57	14	46	52	99	11	38	21
1	156849804.0	C	A	40	1	43	0	69	0	30	0
1	156849804.1	C	T	40	15	43	56	69	19	30	27
5	140348484.0	A	G	128	7	145	34	153	9	103	24
5	140348484.1	A	T	128	0	145	1	153	0	103	0
5	140348484.2	A	C	128	0	145	1	153	0	103	0
2	166536239.0	C	A	119	29	84	56	115	17	91	54
2	166536239.1	C	G	119	1	84	0	115	0	91	0
2	166536239.2	C	T	119	0	84	2	115	0	91	0
12	85638571.0	G	A	327	5	283	1	177	0	240	0
12	85638571.1	G	T	327	50	283	49	177	20	240	62
12	85638571.2	G	C	327	3	283	1	177	0	240	0
6	75861720.0	T	A	247	2	239	1	311	2	213	1
6	75861720.1	T	C	247	51	239	115	311	11	213	91
6	75861720.2	T	G	247	0	239	0	311	1	213	1
6	166572059.0	C	A	42	18	67	105	139	35	79	59
1	34180361.0	G	T	46	17	43	71	136	24	42	50
3	97887627.0	C	A	39	1	29	0	56	1	35	0
3	97887627.1	C	T	39	1	29	1	56	1	35	1
3	97887627.2	C	G	39	12	29	25	56	14	35	37
6	147061633.0	A	T	318	176	203	363	323	58	155	190
6	147061633.1	A	C	318	1	203	0	323	0	155	2
6	147061633.2	A	G	318	0	203	0	323	0	155	1
1	94467495.0	C	G	109	47	77	142	188	50	56	132
1	94467495.1	C	T	109	0	77	1	188	0	56	0
1	94467495.2	C	A	109	0	77	0	188	0	56	1
5	64447703.0	T	A	142	22	224	46	154	15	154	22
5	64447703.1	T	G	142	0	224	1	154	0	154	1
5	64447703.2	T	C	142	0	224	2	154	0	154	3
1	223813540.0	C	G	196	77	74	317	310	102	97	212
1	223813540.1	C	T	196	0	74	2	310	0	97	0
2	176829266.0	C	A	641	115	329	181	402	19	391	223
2	176829266.1	C	T	641	1	329	1	402	0	391	0
2	176829266.2	C	G	641	1	329	1	402	0	391	1
2	120718441.0	C	A	331	65	214	103	240	24	206	112
2	120718441.1	C	T	331	4	214	0	240	0	206	2
2	120718441.2	C	G	331	2	214	0	240	0	206	1
16	30740327.0	G	T	90	68	29	104	127	38	30	152
16	30740327.1	G	C	90	0	29	1	127	0	30	0
16	30740327.2	G	A	90	0	29	0	127	0	30	1
12	49666608.0	C	T	114	7	115	17	144	10	98	30
12	49666608.1	C	G	114	0	115	0	144	0	98	1
X	103349709.0	A	G	72	50	25	107	129	39	30	55
2	128393304.0	C	A	43	7	43	33	80	9	46	22
11	82880061.0	A	G	41	17	8	39	91	11	28	36
11	82880061.1	A	T	41	0	8	1	91	0	28	0
1	248458220.0	C	G	268	96	120	360	385	129	121	327
1	248458220.1	C	A	268	0	120	1	385	0	121	2
1	248458220.2	C	T	268	0	120	0	385	2	121	0
3	39230495.0	G	A	29	1	18	0	82	0	25	0
3	39230495.1	G	C	29	24	18	60	82	17	25	32
1	66723491.0	C	A	420	227	137	476	368	106	144	470
1	66723491.1	C	T	420	8	137	4	368	2	144	4
1	66723491.2	C	G	420	4	137	2	368	0	144	5
3	113890792.0	C	A	51	17	51	50	86	34	51	62
7	100349878.0	C	A	96	36	38	91	163	32	65	81
7	100349878.1	C	T	96	4	38	4	163	3	65	5
11	5968595.0	G	A	209	1	88	0	300	0	88	0
11	5968595.1	G	T	209	106	88	189	300	53	88	140
11	5968595.2	G	C	209	1	88	0	300	0	88	0
10	127686048.0	A	T	415	2	147	2	499	0	161	4
10	127686048.1	A	C	415	142	147	271	499	108	161	375
10	127686048.2	A	G	415	0	147	1	499	1	161	2
10	21959585.0	G	A	173	7	101	3	159	0	69	5
10	21959585.1	G	T	173	4	101	2	159	0	69	2
10	21959585.2	G	C	173	53	101	78	159	35	69	86
1	53333251.0	C	A	275	135	83	245	250	33	76	252
1	53333251.1	C	T	275	4	83	2	250	0	76	4
1	53333251.2	C	G	275	2	83	0	250	0	76	0
6	117201785.0	T	A	199	5	124	1	238	0	134	1
6	117201785.1	T	G	199	99	124	199	238	34	134	136
6	117201785.2	T	C	199	1	124	0	238	0	134	0
3	108819341.0	G	A	541	2	399	1	534	0	386	0
3	108819341.1	G	T	541	90	399	170	534	1	386	198
3	108819341.2	G	C	541	1	399	0	534	0	386	0
9	14824052.0	T	A	205	3	185	2	137	0	82	0
9	14824052.1	T	G	205	1	185	0	137	0	82	0
9	14824052.2	T	C	205	31	185	64	137	12	82	47
12	26775330.0	T	C	217	22	220	43	261	17	187	84
12	26775330.1	T	G	217	0	220	0	261	0	187	1
20	48098611.0	C	A	69	15	83	37	160	15	114	39
20	48098611.1	C	G	69	0	83	0	160	0	114	1
11	5364342.0	C	A	38	14	18	35	63	6	12	23
13	42295563.0	C	A	216	68	71	151	210	38	57	143
13	42295563.1	C	T	216	1	71	1	210	0	57	0
13	42295563.2	C	G	216	0	71	1	210	0	57	1
2	73678890.0	G	T	77	17	48	26	85	14	46	33
2	73678890.1	G	A	77	0	48	1	85	1	46	0
9	139410063.0	C	A	53	43	55	144	134	74	46	102
9	139410063.1	C	G	53	0	55	2	134	0	46	0
2	211465371.0	C	A	408	66	249	154	338	13	295	134
2	211465371.1	C	T	408	4	249	2	338	0	295	2
2	211465371.2	C	G	408	1	249	2	338	0	295	1
1	241753406.0	C	A	243	2	79	2	208	1	69	2
1	241753406.1	C	T	243	3	79	2	208	0	69	3
1	241753406.2	C	G	243	107	79	337	208	70	69	246
17	7577547.0	C	G	165	67	59	225	223	75	56	231
2	165953761.0	C	A	65	24	54	20	63	5	51	24
2	165953761.1	C	T	65	0	54	1	63	0	51	0
2	165953762.0	C	A	66	23	59	20	63	5	53	24
10	31810526.0	G	T	222	52	142	84	179	29	80	91
10	31810526.1	G	A	222	0	142	2	179	0	80	1
10	31810526.2	G	C	222	0	142	0	179	0	80	1
5	147020375.0	C	A	183	2	101	1	199	1	103	0
5	147020375.1	C	T	183	38	101	122	199	22	103	71
5	147020374.0	C	A	186	38	100	123	203	22	106	72
4	166414342.0	G	A	252	1	71	1	397	0	80	1
4	166414342.1	G	T	252	139	71	307	397	75	80	220
4	166414342.2	G	C	252	1	71	0	397	0	80	2
X	135432564.0	G	A	94	1	31	0	92	0	30	0
X	135432564.1	G	T	94	62	31	155	92	43	30	86
X	135432564.2	G	C	94	0	31	0	92	1	30	0
5	41181609.0	G	A	261	3	139	1	220	0	155	5
5	41181609.1	G	T	261	2	139	4	220	0	155	5
5	41181609.2	G	C	261	121	139	334	220	76	155	195
6	42985434.0	G	A	94	100	67	240	219	100	61	189
6	42985434.1	G	T	94	0	67	1	219	0	61	0
6	42985434.2	G	C	94	0	67	0	219	0	61	1
6	159457507.0	G	T	159	18	210	43	194	14	162	43
6	159457507.1	G	A	159	0	210	0	194	0	162	1
13	53422396.0	C	T	38	0	64	0	84	0	48	19
5	140589744.0	C	A	184	33	172	151	342	20	126	63
5	140589744.1	C	T	184	1	172	1	342	0	126	0
11	5373195.0	C	A	136	1	38	4	131	0	45	2
11	5373195.1	C	T	136	43	38	100	131	31	45	109
11	5373195.2	C	G	136	0	38	2	131	1	45	0
13	113055452.0	G	A	369	3	258	2	311	1	190	0
13	113055452.1	G	T	369	97	258	191	311	54	190	185
13	113055452.2	G	C	369	1	258	2	311	0	190	0
12	113728043.0	G	T	223	22	277	46	343	41	211	81
12	113728043.1	G	A	223	0	277	0	343	0	211	1
2	141122287.0	C	A	429	4	291	3	287	0	294	1
2	141122287.1	C	T	429	81	291	123	287	14	294	112
2	141122287.2	C	G	429	1	291	1	287	0	294	1
14	103371900.0	C	G	23	15	16	37	48	9	12	25
14	103371900.1	C	T	23	0	16	2	48	0	12	1
3	194151919.0	C	A	240	48	126	125	177	41	141	120
3	194151919.1	C	T	240	2	126	1	177	0	141	1
3	194151919.2	C	G	240	0	126	1	177	0	141	1
11	18636641.0	C	T	11	2	15	20	26	11	14	23
2	23980666.0	T	A	140	27	121	57	139	7	63	50
2	23980666.1	T	C	140	2	121	0	139	0	63	2
2	23980666.2	T	G	140	0	121	2	139	0	63	0
15	74290354.0	G	T	29	9	22	37	93	15	19	43
15	74290354.1	G	C	29	0	22	1	93	0	19	0
14	99642351.0	C	A	21	6	29	39	53	13	18	38
14	99642351.1	C	G	21	0	29	0	53	1	18	0
8	110509160.0	C	A	1321	136	1098	302	701	43	978	214
8	110509160.1	C	T	1321	6	1098	2	701	0	978	7
8	110509160.2	C	G	1321	4	1098	0	701	1	978	4
11	85623739.0	T	A	375	189	170	405	445	76	160	355
11	85623739.1	T	G	375	2	170	1	445	0	160	0
11	85623739.2	T	C	375	1	170	1	445	0	160	0
X	132160789.0	A	T	30	29	9	40	37	14	4	33
X	132160789.1	A	G	30	2	9	0	37	0	4	0
X	132160789.2	A	C	30	0	9	1	37	0	4	0
14	33291627.0	G	C	97	69	40	160	134	19	37	94
14	33291627.1	G	T	97	0	40	1	134	3	37	0
19	55333131.0	C	T	445	108	399	267	627	56	307	240
8	110461696.0	G	A	706	5	393	1	293	0	354	4
8	110461696.1	G	T	706	47	393	121	293	38	354	75
8	110461696.2	G	C	706	3	393	0	293	0	354	0
1	16069569.0	G	A	51	20	82	56	132	17	52	41
1	16069569.1	G	T	51	2	82	0	132	0	52	0
2	203764336.0	C	A	309	61	204	100	286	8	192	106
2	203764336.1	C	T	309	2	204	2	286	1	192	0
2	203764336.2	C	G	309	2	204	1	286	0	192	3
1	94463528.0	G	C	62	32	26	92	132	15	23	74
14	103958257.0	A	G	43	28	31	86	89	26	21	43
14	103958257.1	A	T	43	0	31	1	89	0	21	0
3	160253609.0	C	A	269	1	138	1	190	0	166	1
3	160253609.1	C	T	269	62	138	121	190	45	166	138
3	160253609.2	C	G	269	0	138	0	190	1	166	1
17	2966251.0	G	T	213	30	135	65	378	27	131	47
17	2966251.1	G	A	213	0	135	0	378	0	131	1
9	740854.0	G	T	179	35	282	155	305	19	127	121
9	740854.1	G	C	179	0	282	3	305	0	127	1
4	81967596.0	G	T	30	16	7	43	44	11	14	36
4	81967595.0	G	T	32	16	9	41	45	12	14	37
9	139564416.0	C	G	24	14	16	34	53	18	13	19
5	68413135.0	C	A	355	1	473	3	495	0	353	3
5	68413135.1	C	T	355	4	473	6	495	0	353	4
5	68413135.2	C	G	355	27	473	115	495	25	353	77
10	13642333.0	G	A	317	57	244	4	253	25	185	45
10	13642333.1	G	C	317	1	244	0	253	0	185	0
10	13642333.2	G	T	317	0	244	0	253	0	185	2
5	145503598.0	C	A	398	90	181	203	270	33	189	165
5	145503598.1	C	T	398	13	181	6	270	0	189	4
5	145503598.2	C	G	398	0	181	0	270	0	189	2
6	80744794.0	G	A	388	2	193	0	263	0	211	1
6	80744794.1	G	T	388	65	193	141	263	26	211	124
6	80744794.2	G	C	388	2	193	0	263	0	211	0
5	45262596.0	G	A	118	79	99	241	295	94	93	115
5	45262596.1	G	T	118	0	99	0	295	2	93	0
5	45262596.2	G	C	118	0	99	0	295	1	93	0
3	133467352.0	G	T	356	185	333	335	488	0	315	326
3	133467352.1	G	C	356	2	333	0	488	0	315	0
3	133467352.2	G	A	356	0	333	0	488	0	315	2
5	180047238.0	T	C	65	20	53	95	109	36	62	57
12	81568701.0	G	A	163	23	164	24	164	25	197	55
12	81568701.1	G	T	163	4	164	1	164	0	197	0
2	158272614.0	C	A	51	8	34	17	56	5	20	24
2	202492873.0	C	A	214	2	120	1	185	0	107	3
2	202492873.1	C	T	214	2	120	0	185	0	107	0
2	202492873.2	C	G	214	41	120	70	185	23	107	68
7	150884575.0	G	T	24	20	25	38	67	17	10	34
10	5454742.0	G	T	20	8	30	23	107	18	16	26
5	112256860.0	G	T	183	0	255	1	361	0	147	0
5	112256860.1	G	C	183	0	255	0	361	1	147	22
2	220164848.0	G	T	177	28	199	100	407	22	161	105
2	220164848.1	G	A	177	0	199	1	407	0	161	0
2	79253266.0	C	A	209	45	204	95	388	29	208	95
2	79253266.1	C	T	209	1	204	2	388	0	208	0
12	22035773.0	C	A	409	4	186	2	301	0	280	4
12	22035773.1	C	T	409	6	186	11	301	0	280	8
12	22035773.2	C	G	409	139	186	320	301	71	280	354
1	207110472.0	G	A	44	24	14	84	76	28	17	48
1	207110472.1	G	C	44	0	14	1	76	0	17	1
6	123833447.0	C	A	201	97	159	159	145	22	146	112
6	123833447.1	C	T	201	0	159	2	145	0	146	0
6	123833447.2	C	G	201	0	159	0	145	0	146	1
X	51486792.0	G	T	7	3	14	23	31	10	9	15
X	51486792.1	G	C	7	1	14	0	31	0	9	0
10	31810203.0	C	A	67	14	56	26	66	25	27	22
10	31810203.1	C	T	67	1	56	0	66	0	27	0
10	31810203.2	C	G	67	0	56	1	66	0	27	0
9	105767610.0	G	A	225	9	76	6	151	2	74	3
9	105767610.1	G	T	225	179	76	307	151	49	74	207
9	105767610.2	G	C	225	1	76	1	151	0	74	0
8	81430722.0	A	T	793	99	662	151	605	26	609	112
8	81430722.1	A	C	793	4	662	3	605	2	609	0
8	81430722.2	A	G	793	0	662	1	605	1	609	2
8	81430721.0	G	A	803	4	668	1	605	0	606	3
8	81430721.1	G	T	803	96	668	149	605	25	606	110
8	81430721.2	G	C	803	2	668	1	605	1	606	4
2	128046330.0	C	A	97	25	76	32	127	18	83	38
2	128046330.1	C	T	97	0	76	2	127	0	83	0
15	55838396.0	G	C	106	60	34	124	148	22	31	89
2	212285247.0	A	T	176	1	138	0	205	0	121	2
2	212285247.1	A	C	176	28	138	71	205	27	121	74
2	212285247.2	A	G	176	0	138	1	205	0	121	0
11	124440915.0	G	T	26	32	13	62	32	12	11	43
11	124440915.1	G	C	26	0	13	1	32	0	11	0
11	124440915.2	G	A	26	0	13	0	32	0	11	1
3	186333511.0	C	A	147	20	157	126	231	58	140	112
2	179737037.0	T	G	337	77	240	129	311	39	221	130
2	179737037.1	T	C	337	0	240	5	311	0	221	1
2	179737037.2	T	A	337	0	240	0	311	0	221	1
6	158957829.0	G	T	34	6	17	34	48	9	18	18
4	103870429.0	G	A	227	18	231	37	241	8	237	27
4	103870429.1	G	T	227	1	231	0	241	0	237	0
4	103870429.2	G	C	227	0	231	1	241	0	237	0
5	33937852.0	T	G	41	28	44	85	73	39	30	36
2	207422205.0	G	A	584	7	340	1	396	0	389	1
2	207422205.1	G	T	584	110	340	176	396	13	389	175
2	207422205.2	G	C	584	1	340	0	396	0	389	3
21	16340419.0	C	A	51	38	19	40	64	9	12	28
21	16340419.1	C	T	51	0	19	1	64	0	12	0
21	16340419.2	C	G	51	0	19	1	64	0	12	0
19	42260707.0	A	T	664	2	585	5	833	0	377	5
19	42260707.1	A	G	664	207	585	508	833	184	377	419
19	42260707.2	A	C	664	2	585	2	833	1	377	3
6	65327362.0	G	A	289	3	132	4	245	0	155	0
6	65327362.1	G	T	289	100	132	174	245	91	155	178
6	65327362.2	G	C	289	2	132	0	245	0	155	0
6	53778708.0	G	A	264	82	221	120	255	45	181	114
6	53778708.1	G	T	264	1	221	5	255	1	181	2
6	53778708.2	G	C	264	1	221	3	255	0	181	0
11	73106146.0	G	A	61	6	84	35	138	10	78	33
19	31040001.0	G	T	25	6	26	30	38	4	24	13
19	31040001.1	G	C	25	0	26	0	38	1	24	0
12	10862516.0	G	T	262	1	330	0	361	0	238	1
12	10862516.1	G	C	262	35	330	46	361	25	238	98
12	68051938.0	G	A	123	6	137	23	165	8	140	51
16	71163644.0	C	A	592	183	794	181	605	26	552	130
16	71163644.1	C	T	592	6	794	3	605	0	552	2
16	71163644.2	C	G	592	2	794	1	605	0	552	3
1	240976960.0	G	A	307	5	96	0	359	0	83	1
1	240976960.1	G	T	307	124	96	405	359	89	83	276
10	16957960.0	T	A	491	2	319	2	417	2	231	2
10	16957960.1	T	G	491	1	319	0	417	0	231	2
10	16957960.2	T	C	491	92	319	177	417	80	231	195
7	150417530.0	G	T	72	40	59	77	183	57	37	88
7	150417530.1	G	C	72	0	59	1	183	0	37	0
11	46408001.0	G	A	76	1	36	0	129	0	45	0
11	46408001.1	G	T	76	33	36	79	129	25	45	62
X	51239142.0	A	T	34	21	24	59	80	36	13	59
15	83932486.0	C	A	41	19	22	40	83	15	25	46
15	83932486.1	C	G	41	1	22	0	83	0	25	0
15	83932486.2	C	T	41	0	22	0	83	1	25	1
8	57026390.0	G	T	26	12	24	60	57	18	15	19
8	57026390.1	G	C	26	1	24	0	57	0	15	0
8	116616177.0	G	A	489	2	530	0	455	0	427	0
8	116616177.1	G	T	489	2	530	1	455	0	427	1
8	116616177.2	G	C	489	69	530	160	455	40	427	96
15	37391663.0	G	A	323	1	101	1	516	0	117	2
15	37391663.1	G	T	323	155	101	359	516	81	117	272
15	37391663.2	G	C	323	0	101	0	516	2	117	0
7	91747858.0	C	T	217	103	51	176	226	60	72	155
7	91747858.1	C	G	217	1	51	0	226	0	72	0
7	91747858.2	C	A	217	0	51	1	226	0	72	0
19	53571788.0	G	A	335	62	167	122	216	19	168	128
19	53571788.1	G	C	335	1	167	0	216	1	168	1
19	53571788.2	G	T	335	0	167	1	216	0	168	0
X	114357712.0	T	G	176	2	47	0	159	0	42	0
X	114357712.1	T	C	176	112	47	221	159	76	42	148
X	114357712.2	T	A	176	0	47	1	159	1	42	0
17	48735517.0	G	T	196	125	118	383	411	96	107	234
17	48735517.1	G	A	196	0	118	0	411	1	107	1
12	69968603.0	C	G	226	19	248	62	233	24	193	82
12	69968603.1	C	A	226	0	248	2	233	1	193	3
12	69968603.2	C	T	226	0	248	3	233	0	193	0
3	183446509.0	G	T	289	42	195	180	312	57	185	164
3	183446509.1	G	C	289	0	195	0	312	1	185	0
3	183446509.2	G	A	289	0	195	0	312	0	185	1
12	123815840.0	A	T	418	2	187	1	451	0	320	1
12	123815840.1	A	G	418	1	187	0	451	0	320	0
12	123815840.2	A	C	418	189	187	304	451	26	320	209
4	41956086.0	G	A	341	1	229	2	353	1	286	1
4	41956086.1	G	T	341	39	229	138	353	52	286	153
4	41956086.2	G	C	341	0	229	0	353	0	286	2
1	248059009.0	G	T	116	47	82	210	220	65	47	149
1	248059009.1	G	C	116	2	82	1	220	0	47	0
1	104297126.0	G	T	96	22	108	37	107	6	92	31
1	104297126.1	G	C	96	1	108	1	107	0	92	0
5	118792049.0	G	A	950	4	450	3	741	2	475	7
5	118792049.1	G	T	950	209	450	518	741	100	475	318
5	118792049.2	G	C	950	3	450	1	741	0	475	2
4	177084343.0	G	A	190	1	56	1	252	0	67	1
4	177084343.1	G	T	190	123	56	205	252	59	67	178
4	177084343.2	G	C	190	0	56	0	252	0	67	1
16	68842656.0	G	T	191	0	159	2	131	0	133	0
16	68842656.1	G	A	191	0	159	0	131	0	133	25
1	248814042.0	G	A	98	16	106	61	83	12	95	54
1	248814042.1	G	T	98	0	106	0	83	0	95	3
11	6413138.0	C	T	64	28	36	74	161	24	36	57
2	200213873.0	G	A	226	1	196	1	281	0	194	0
2	200213873.1	G	T	226	29	196	104	281	19	194	98
2	200213873.2	G	C	226	0	196	0	281	0	194	1
6	168445566.0	C	G	126	18	246	67	209	17	147	65
6	168445566.1	C	A	126	0	246	1	209	0	147	1
6	168445566.2	C	T	126	0	246	0	209	0	147	1
3	142103525.0	T	A	273	65	321	126	142	35	298	96
3	142103525.1	T	G	273	3	321	1	142	0	298	1
3	142103525.2	T	C	273	3	321	0	142	1	298	0
3	130095427.0	G	T	214	50	311	132	211	50	279	131
3	130095427.1	G	C	214	1	311	0	211	1	279	1
3	130095427.2	G	A	214	0	311	0	211	1	279	3
3	112709992.0	A	G	34	4	55	17	126	0	53	19
3	112709992.1	A	T	34	0	55	1	126	0	53	0
19	2210751.0	G	A	47	1	30	0	87	1	43	0
19	2210751.1	G	C	47	13	30	66	87	42	43	44
5	154179302.0	A	T	191	2	116	2	276	0	99	1
5	154179302.1	A	G	191	45	116	122	276	48	99	78
5	154179302.2	A	C	191	2	116	0	276	0	99	0
4	1377684.0	G	T	106	22	108	40	188	22	82	55
4	1377684.1	G	A	106	0	108	0	188	0	82	1
3	108178229.0	G	T	591	161	355	314	460	99	359	316
3	108178229.1	G	C	591	2	355	0	460	0	359	3
3	108178229.2	G	A	591	0	355	1	460	0	359	5
22	38120490.0	A	T	162	51	144	125	222	23	188	121
22	38120490.1	A	G	162	1	144	2	222	0	188	4
22	38120490.2	A	C	162	6	144	6	222	0	188	8
9	33799163.0	C	A	150	33	257	49	197	34	131	53
9	33799163.1	C	G	150	0	257	0	197	1	131	0
X	128922437.0	C	A	87	57	40	185	138	51	33	102
X	128922437.1	C	T	87	0	40	1	138	0	33	0
X	128922437.2	C	G	87	0	40	0	138	0	33	1
16	64984672.0	A	T	12	7	6	33	31	8	10	20
11	320606.0	G	T	59	3	81	20	130	42	83	18
15	33927913.0	G	A	152	1	73	1	295	0	74	0
15	33927913.1	G	T	152	75	73	153	295	47	74	137
13	20024472.0	T	A	73	1	31	0	80	0	34	0
13	20024472.1	T	G	73	1	31	0	80	0	34	1
13	20024472.2	T	C	73	5	31	8	80	5	34	3
2	179473008.0	T	C	167	31	113	84	167	1	103	44
11	94040454.0	G	A	151	56	82	197	353	87	77	165
11	94040454.1	G	C	151	0	82	1	353	0	77	0
6	160671660.0	G	A	261	1	472	2	231	1	285	2
6	160671660.1	G	T	261	41	472	110	231	13	285	111
6	160671660.2	G	C	261	0	472	1	231	0	285	1
12	94975610.0	C	A	80	35	47	88	136	8	80	55
18	31599312.0	C	A	221	87	73	121	179	26	70	117
18	31599312.1	C	T	221	1	73	0	179	0	70	0
1	201017767.0	T	A	114	46	80	197	204	87	57	153
1	201017767.1	T	G	114	2	80	3	204	3	57	2
1	201017767.2	T	C	114	0	80	1	204	1	57	0
5	156894077.0	C	A	746	1	818	3	822	0	565	0
5	156894077.1	C	T	746	1	818	2	822	0	565	1
5	156894077.2	C	G	746	74	818	179	822	45	565	146
8	77618618.0	C	A	95	62	97	152	155	33	62	118
8	77618618.1	C	T	95	1	97	0	155	0	62	0
2	179701637.0	C	A	146	19	124	71	202	21	129	51
2	179701637.1	C	T	146	0	124	2	202	0	129	1
2	179701637.2	C	G	146	0	124	0	202	0	129	1
12	29671525.0	G	A	353	4	386	1	466	0	328	36
12	29671525.1	G	T	353	2	386	3	466	0	328	1
12	29671525.2	G	C	353	0	386	1	466	0	328	1
1	176564184.0	C	A	61	18	36	85	126	21	18	61
12	120611874.0	C	A	167	29	191	34	208	24	140	59
12	120611874.1	C	G	167	0	191	0	208	0	140	1
19	52376668.0	C	A	111	40	93	80	134	9	85	76
12	132551918.0	G	T	25	3	11	32	57	5	23	16
12	132551918.1	G	C	25	0	11	0	57	0	23	1
12	54902269.0	C	A	237	3	231	0	188	0	321	5
12	54902269.1	C	T	237	25	231	33	188	21	321	82
12	54902269.2	C	G	237	0	231	0	188	0	321	3
2	179480140.0	G	A	351	2	232	0	231	0	241	1
2	179480140.1	G	T	351	88	232	153	231	23	241	128
2	179480140.2	G	C	351	0	232	1	231	0	241	1
X	88009302.0	G	A	29	2	6	0	32	0	10	2
X	88009302.1	G	T	29	33	6	71	32	13	10	26
8	10065390.0	G	A	316	99	94	161	271	27	107	147
8	10065390.1	G	T	316	4	94	4	271	0	107	1
8	10065390.2	G	C	316	3	94	0	271	0	107	0
11	124739848.0	G	T	80	61	36	156	133	22	38	147
7	107872893.0	C	A	91	64	29	113	115	28	26	110
7	107872892.0	C	A	91	1	29	0	115	0	27	0
7	107872892.1	C	G	91	64	29	113	115	28	27	114
7	107872892.2	C	T	91	0	29	1	115	0	27	0
3	16639607.0	C	A	301	1	79	3	345	0	94	1
3	16639607.1	C	G	301	195	79	447	345	87	94	260
3	16639607.2	C	T	301	0	79	3	345	0	94	1
2	217300144.0	G	A	228	2	150	0	304	0	163	0
2	217300144.1	G	T	228	39	150	109	304	31	163	86
2	217300144.2	G	C	228	0	150	0	304	0	163	3
7	113519606.0	C	A	96	51	26	84	92	22	27	94
7	113519606.1	C	T	96	1	26	1	92	0	27	3
8	113841955.0	C	A	381	1	235	1	286	0	169	1
8	113841955.1	C	T	381	163	235	355	286	60	169	308
8	113841955.2	C	G	381	1	235	2	286	0	169	0
17	10354193.0	T	A	225	1	89	0	306	0	81	1
17	10354193.1	T	C	225	52	89	141	306	47	81	102
3	130284245.0	C	G	124	38	156	78	216	0	163	86
3	130284245.1	C	T	124	0	156	0	216	0	163	1
9	21206905.0	C	G	104	22	110	84	145	7	103	15
9	21206905.1	C	T	104	0	110	1	145	0	103	1
6	136889000.0	T	A	216	1	139	0	161	0	166	0
6	136889000.1	T	C	216	130	139	219	161	35	166	147
6	136889000.2	T	G	216	0	139	1	161	0	166	0
8	88885512.0	G	T	301	134	266	354	478	97	220	277
8	88885512.1	G	A	301	0	266	0	478	0	220	1
2	136575093.0	C	A	76	12	81	47	180	8	78	52
2	136575093.1	C	G	76	0	81	1	180	0	78	0
10	23248436.0	G	T	117	13	82	45	132	25	57	69
8	3889544.0	C	T	253	54	106	125	468	38	88	98
8	3889544.1	C	A	253	0	106	1	468	0	88	2
8	3889544.2	C	G	253	0	106	1	468	0	88	0
12	64784106.0	C	A	27	11	14	37	58	4	30	34
16	57755644.0	C	A	197	83	94	211	297	54	91	165
16	57755644.1	C	T	197	1	94	0	297	0	91	0
16	57755644.2	C	G	197	1	94	0	297	0	91	0
18	55276590.0	T	A	348	2	95	1	325	0	132	1
18	55276590.1	T	G	348	2	95	1	325	0	132	0
18	55276590.2	T	C	348	166	95	227	325	73	132	210
7	126173819.0	T	A	72	29	37	103	155	44	34	88
7	126173819.1	T	G	72	0	37	0	155	1	34	0
9	140001222.0	T	G	68	42	44	162	101	64	28	78
5	170720886.0	G	A	358	34	506	53	412	16	297	43
5	170720886.1	G	C	358	0	506	0	412	0	297	1
21	30715138.0	G	T	57	1	57	15	74	0	36	19
7	65557783.0	G	T	33	8	31	55	60	19	24	45
15	43712690.0	G	C	177	1	217	0	268	0	166	0
15	43712690.1	G	T	177	0	217	1	268	0	166	0
15	43712690.2	G	A	177	0	217	0	268	0	166	56
4	123949542.0	G	A	171	1	53	0	192	0	64	1
4	123949542.1	G	T	171	98	53	170	192	30	64	148
4	123949542.2	G	C	171	0	53	2	192	0	64	1
11	89443710.0	C	A	116	2	79	0	83	0	65	0
11	89443710.1	C	T	116	28	79	7	83	9	65	11
11	89443710.2	C	G	116	1	79	0	83	0	65	0
5	159680782.0	T	C	42	14	44	49	86	7	24	38
4	115597176.0	G	A	258	2	65	2	236	1	82	1
4	115597176.1	G	T	258	107	65	210	236	29	82	179
4	115597176.2	G	C	258	2	65	0	236	0	82	0
5	23522453.0	G	A	414	6	559	6	370	0	352	1
5	23522453.1	G	T	414	109	559	129	370	44	352	103
5	23522453.2	G	C	414	2	559	4	370	0	352	0
12	21028280.0	C	A	333	8	333	6	359	0	396	6
12	21028280.1	C	T	333	71	333	72	359	50	396	134
12	21028280.2	C	G	333	2	333	2	359	0	396	5
4	166981228.0	C	A	213	2	87	2	176	1	61	4
4	166981228.1	C	T	213	2	87	1	176	0	61	2
4	166981228.2	C	G	213	87	87	174	176	45	61	206
18	61377496.0	C	A	232	134	70	189	195	46	83	146
18	61377496.1	C	T	232	0	70	1	195	0	83	0
18	61377496.2	C	G	232	0	70	2	195	0	83	0
7	99798748.0	G	A	188	122	75	226	328	63	69	171
7	99798748.1	G	C	188	1	75	2	328	0	69	0
7	99798748.2	G	T	188	0	75	0	328	0	69	1
11	5345294.0	A	G	59	25	24	46	81	14	25	32
12	2566842.0	C	T	125	0	115	19	168	0	141	0
1	158368849.0	G	A	210	1	333	2	212	0	234	0
1	158368849.1	G	C	210	71	333	114	212	26	234	92
1	158368849.2	G	T	210	0	333	3	212	0	234	0
17	55183749.0	G	T	70	42	44	132	156	25	35	104
8	119452103.0	T	A	287	142	178	312	296	83	157	261
8	119452103.1	T	G	287	3	178	1	296	0	157	5
8	119452103.2	T	C	287	1	178	0	296	0	157	0
1	151105858.0	G	T	28	4	30	39	56	10	28	23
2	141356354.0	G	A	317	6	206	3	246	0	217	5
2	141356354.1	G	T	317	78	206	117	246	9	217	102
2	141356354.2	G	C	317	3	206	3	246	0	217	2
5	33588728.0	G	T	158	69	112	229	309	89	115	126
5	33588728.1	G	A	158	0	112	0	309	0	115	1
5	36105184.0	T	A	325	2	429	1	315	0	223	2
5	36105184.1	T	C	325	2	429	60	315	0	223	1
5	36105184.2	T	G	325	0	429	0	315	0	223	1
10	75868763.0	T	A	78	1	61	0	102	0	45	0
10	75868763.1	T	C	78	23	61	58	102	22	45	86
3	68788346.0	G	A	156	45	50	108	125	13	47	82
3	68788346.1	G	T	156	1	50	0	125	0	47	0
3	68788346.2	G	C	156	1	50	1	125	0	47	1
4	3224146.0	T	A	190	33	194	104	349	47	157	102
4	3224146.1	T	C	190	1	194	0	349	0	157	0
19	58470084.0	A	T	203	37	226	88	222	9	206	83
19	58470084.1	A	G	203	0	226	1	222	0	206	0
19	58470084.2	A	C	203	0	226	0	222	1	206	2
7	128388663.0	G	A	101	2	27	1	115	0	30	1
7	128388663.1	G	T	101	49	27	90	115	30	30	105
7	128388663.2	G	C	101	1	27	1	115	0	30	1
9	32634214.0	C	T	215	36	274	95	215	9	129	73
9	32634214.1	C	G	215	0	274	2	215	1	129	1
9	32634214.2	C	A	215	0	274	0	215	0	129	2
1	10713645.0	G	A	15	8	11	25	42	9	10	22
2	72359421.0	C	A	84	17	119	53	233	15	66	42
2	96691993.0	G	A	32	8	30	24	67	9	29	10
19	38939431.0	G	A	41	22	62	50	114	17	53	47
19	38939431.1	G	C	41	0	62	1	114	0	53	0
19	38939431.2	G	T	41	0	62	0	114	1	53	0
19	12814607.0	C	G	159	74	68	181	266	61	74	209
19	12814607.1	C	T	159	0	68	0	266	0	74	2
20	2575613.0	C	A	152	28	154	106	264	22	173	111
20	2575613.1	C	G	152	0	154	0	264	0	173	1
2	38811025.0	C	T	342	43	347	78	418	17	329	45
2	38811025.1	C	A	342	0	347	3	418	0	329	1
2	38811025.2	C	G	342	0	347	1	418	0	329	1
12	129190700.0	C	A	131	10	144	21	134	15	98	45
2	152301882.0	G	A	456	5	264	1	429	0	277	1
2	152301882.1	G	T	456	88	264	197	429	46	277	121
2	152301882.2	G	C	456	3	264	1	429	0	277	2
14	52922077.0	C	A	506	287	156	519	365	84	172	452
14	52922077.1	C	T	506	4	156	1	365	2	172	4
14	52922077.2	C	G	506	4	156	3	365	1	172	2
4	46060344.0	C	A	408	195	104	373	343	121	125	330
4	46060344.1	C	T	408	5	104	1	343	0	125	3
4	46060344.2	C	G	408	0	104	5	343	0	125	0
3	125850297.0	G	A	78	14	107	60	137	41	124	51
17	4644237.0	G	T	78	12	28	50	119	23	37	38
5	140475080.0	G	C	67	18	61	59	153	15	59	37
5	140475080.1	G	T	67	0	61	0	153	1	59	0
2	97847336.0	G	A	160	3	112	0	185	0	94	2
2	97847336.1	G	T	160	28	112	74	185	21	94	53
2	97847336.2	G	C	160	2	112	0	185	0	94	0
3	129304839.0	T	G	87	1	101	1	202	0	111	0
3	129304839.1	T	C	87	50	101	113	202	0	111	117
3	129304839.2	T	A	87	0	101	1	202	0	111	0
1	87045180.0	A	G	107	56	36	130	83	20	38	107
1	87045180.1	A	C	107	1	36	0	83	0	38	2
1	87045180.2	A	T	107	0	36	0	83	1	38	0
12	52799655.0	T	A	57	29	31	69	122	10	65	42
12	52799655.1	T	G	57	0	31	1	122	0	65	0
4	129864174.0	C	A	415	2	100	1	327	0	150	1
4	129864174.1	C	T	415	4	100	5	327	0	150	2
4	129864174.2	C	G	415	179	100	377	327	73	150	356
2	198621223.0	G	A	280	4	200	2	187	0	206	0
2	198621223.1	G	T	280	68	200	113	187	9	206	120
2	198621223.2	G	C	280	0	200	0	187	0	206	2
2	198621222.0	G	A	289	3	201	1	188	0	203	1
2	198621222.1	G	T	289	69	201	113	188	9	203	126
2	198621222.2	G	C	289	2	201	1	188	0	203	0
1	248059010.0	G	T	111	45	80	207	219	64	42	143
1	248059010.1	G	C	111	0	80	2	219	0	42	0
11	17453791.0	A	G	244	93	120	236	466	69	103	207
11	17453791.1	A	C	244	1	120	2	466	0	103	1
11	17453791.2	A	T	244	0	120	1	466	0	103	0
2	179637941.0	C	A	131	21	128	71	149	27	134	66
2	179637941.1	C	G	131	1	128	1	149	0	134	0
2	179637941.2	C	T	131	0	128	3	149	0	134	2
7	15427138.0	T	G	126	1	41	1	165	0	55	1
7	15427138.1	T	C	126	69	41	153	165	43	55	117
7	15427138.2	T	A	126	0	41	0	165	0	55	2
12	7890128.0	C	A	108	3	66	0	97	0	68	1
12	7890128.1	C	T	108	41	66	61	97	14	68	52
6	127834193.0	A	T	294	164	191	295	213	53	173	188
6	127834193.1	A	G	294	2	191	2	213	0	173	2
6	127834193.2	A	C	294	2	191	2	213	0	173	2
20	29960908.0	G	A	182	3	132	1	153	0	131	0
20	29960908.1	G	T	182	47	132	71	153	13	131	56
20	29960908.2	G	C	182	3	132	1	153	0	131	0
17	61657217.0	C	A	263	14	341	54	428	21	275	58
17	61657217.1	C	T	263	0	341	0	428	1	275	0
17	10428240.0	G	A	281	3	102	1	345	0	90	0
17	10428240.1	G	T	281	52	102	127	345	44	90	126
1	6530821.0	G	A	26	9	14	45	71	11	12	34
16	15166922.0	C	A	245	153	88	316	295	57	91	174
16	15166922.1	C	T	245	2	88	0	295	0	91	0
16	15166922.2	C	G	245	1	88	0	295	1	91	0
5	90073811.0	G	A	161	7	193	48	201	6	146	50
5	90073811.1	G	T	161	3	193	1	201	0	146	2
5	90073811.2	G	C	161	1	193	1	201	0	146	0
2	190732606.0	G	A	479	2	307	2	386	0	274	2
2	190732606.1	G	T	479	113	307	176	386	14	274	160
2	190732606.2	G	C	479	3	307	1	386	0	274	2
2	197873676.0	G	A	234	46	205	91	282	14	192	80
2	197873676.1	G	T	234	2	205	0	282	0	192	0
2	197873676.2	G	C	234	1	205	0	282	0	192	1
3	111997669.0	A	T	577	3	386	0	425	0	384	1
3	111997669.1	A	G	577	95	386	166	425	0	384	176
3	111997669.2	A	C	577	4	386	5	425	0	384	3
8	53045848.0	C	T	182	86	185	280	241	47	159	155
8	53045848.1	C	A	182	0	185	2	241	0	159	0
19	55239244.0	G	T	289	70	280	183	433	31	204	168
19	55239244.1	G	A	289	0	280	0	433	0	204	1
18	48510595.0	C	A	136	1	26	0	170	1	60	0
18	48510595.1	C	T	136	66	26	118	170	40	60	107
20	30408015.0	C	A	95	19	79	51	193	17	106	47
20	30408015.1	C	T	95	1	79	1	193	0	106	0
14	68191853.0	G	A	251	126	91	371	438	54	101	213
14	68191853.1	G	T	251	0	91	1	438	0	101	1
7	102087009.0	C	T	10	6	13	14	56	15	9	32
5	180419992.0	C	A	110	66	67	250	223	61	79	128
5	180419992.1	C	T	110	0	67	0	223	0	79	1
5	131995123.0	A	C	75	29	76	80	195	21	58	43
5	131995123.1	A	T	75	0	76	0	195	0	58	2
15	74373005.0	G	T	381	34	366	112	439	21	313	75
5	79465362.0	C	A	97	19	47	58	108	10	40	38
14	104027148.0	G	A	100	1	47	0	149	1	40	0
14	104027148.1	G	T	100	2	47	0	149	1	40	0
14	104027148.2	G	C	100	52	47	143	149	30	40	78
3	4853115.0	A	T	233	1	64	1	225	0	55	1
3	4853115.1	A	G	233	205	64	435	225	79	55	222
3	4853115.2	A	C	233	1	64	4	225	0	55	0
11	62751475.0	C	A	60	35	47	91	178	30	48	76
19	2334684.0	G	T	58	12	49	64	118	51	35	58
19	2334684.1	G	C	58	0	49	1	118	0	35	0
19	2334684.2	G	A	58	0	49	0	118	1	35	0
6	114262253.0	C	A	549	9	364	7	499	1	364	5
6	114262253.1	C	T	549	250	364	582	499	91	364	352
6	114262253.2	C	G	549	2	364	4	499	1	364	3
9	38607472.0	C	A	529	103	401	282	544	59	309	192
9	38607472.1	C	G	529	1	401	0	544	0	309	0
9	38607472.2	C	T	529	0	401	1	544	0	309	0
6	88854682.0	G	A	56	10	48	31	94	14	36	20
6	88854682.1	G	T	56	0	48	1	94	1	36	0
16	51173765.0	C	A	153	66	89	204	230	51	65	141
16	51173765.1	C	T	153	0	89	1	230	0	65	0
16	51173765.2	C	G	153	0	89	0	230	0	65	1
17	27296809.0	C	G	88	32	108	64	186	16	113	56
9	4625500.0	T	A	90	1	58	2	88	0	47	0
9	4625500.1	T	C	90	23	58	61	88	7	47	10
8	11400748.0	T	A	138	34	62	76	229	27	48	75
8	11400748.1	T	C	138	1	62	1	229	0	48	1
8	11400748.2	T	G	138	0	62	0	229	0	48	3
10	118397989.0	C	T	102	43	14	63	112	21	41	99
10	118397989.1	C	G	102	1	14	0	112	0	41	0
1	150463905.0	G	A	199	1	351	1	209	2	284	0
1	150463905.1	G	T	199	84	351	105	209	34	284	88
6	43099851.0	C	T	33	30	22	86	79	62	15	79
6	46830801.0	C	A	78	1	105	0	128	0	73	1
6	46830801.1	C	T	78	30	105	61	128	33	73	53
6	46830801.2	C	G	78	0	105	1	128	0	73	0
3	97868364.0	G	A	412	6	236	1	292	0	254	8
3	97868364.1	G	T	412	90	236	187	292	64	254	171
3	97868364.2	G	C	412	4	236	2	292	0	254	3
2	191841631.0	T	A	342	5	212	2	283	0	210	1
2	191841631.1	T	G	342	3	212	0	283	0	210	2
2	191841631.2	T	C	342	63	212	149	283	24	210	123
7	100731134.0	T	A	18	6	7	45	57	25	13	25
7	100731134.1	T	G	18	1	7	0	57	0	13	0
5	82937551.0	G	A	148	2	146	0	215	0	105	1
5	82937551.1	G	T	148	20	146	18	215	9	105	24
13	98018712.0	G	A	171	1	63	2	293	6	82	3
13	98018712.1	G	T	171	122	63	259	293	122	82	253
13	98018712.2	G	C	171	1	63	3	293	8	82	4
1	196918655.0	C	A	411	1	116	1	407	0	157	5
1	196918655.1	C	T	411	145	116	496	407	92	157	460
1	196918655.2	C	G	411	2	116	0	407	1	157	1
14	92790177.0	G	T	21	17	15	36	63	4	14	36
18	47799281.0	G	C	89	35	40	69	173	36	40	92
18	47799281.1	G	T	89	0	40	1	173	0	40	0
3	184711810.0	G	T	549	106	394	157	537	0	429	155
3	184711810.1	G	C	549	1	394	1	537	1	429	0
3	184711810.2	G	A	549	0	394	3	537	0	429	1
2	8874856.0	G	A	317	67	219	136	332	26	199	117
2	8874856.1	G	T	317	3	219	2	332	0	199	1
2	8874856.2	G	C	317	2	219	0	332	0	199	2
11	11964602.0	A	T	71	2	19	2	79	3	29	2
11	11964602.1	A	G	71	1	19	0	79	1	29	1
11	11964602.2	A	C	71	27	19	55	79	12	29	38
17	41738470.0	C	T	36	26	22	87	102	24	20	65
3	121206792.0	A	T	96	12	54	31	71	0	54	25
3	121206792.1	A	G	96	0	54	2	71	0	54	0
7	43484976.0	G	A	16	7	12	40	56	13	18	14
19	36250760.0	A	T	86	1	172	0	197	0	164	0
19	36250760.1	A	G	86	7	172	41	197	12	164	34
15	81600993.0	T	A	51	20	18	83	111	15	23	70
15	81600993.1	T	G	51	0	18	1	111	0	23	0
4	141555323.0	C	A	85	53	48	110	136	41	48	103
14	31067760.0	G	A	277	154	75	373	376	79	102	274
14	31067760.1	G	T	277	2	75	0	376	0	102	3
14	31067760.2	G	C	277	0	75	2	376	0	102	1
17	27185661.0	A	G	92	55	46	146	169	39	43	147
17	27185661.1	A	C	92	1	46	0	169	0	43	0
6	43273998.0	G	A	64	86	30	152	104	62	29	131
6	43273998.1	G	T	64	1	30	0	104	0	29	1
6	43273998.2	G	C	64	1	30	0	104	0	29	0
3	179082954.0	A	G	96	16	72	66	116	19	71	79
3	179082954.1	A	T	96	0	72	0	116	0	71	1
X	3242843.0	C	A	72	20	24	59	123	26	14	51
X	3242843.1	C	T	72	0	24	3	123	0	14	0
3	159976315.0	A	T	897	4	569	1	620	0	696	7
3	159976315.1	A	C	897	150	569	289	620	0	696	309
3	159976315.2	A	G	897	0	569	2	620	0	696	2
17	36483875.0	T	C	44	34	17	76	82	16	21	75
17	36483875.1	T	A	44	0	17	1	82	0	21	1
1	183938468.0	G	A	261	1	78	0	373	0	97	2
1	183938468.1	G	T	261	82	78	305	373	50	97	224
1	183938468.2	G	C	261	0	78	1	373	0	97	0
2	179612101.0	G	T	108	18	70	42	86	1	73	35
2	179612101.1	G	A	108	0	70	1	86	0	73	0
2	179612102.0	G	A	109	1	72	1	88	0	76	0
2	179612102.1	G	T	109	23	72	41	88	1	76	36
12	89992510.0	A	G	129	28	189	33	132	6	121	48
12	89992510.1	A	T	129	0	189	3	132	0	121	1
12	89992510.2	A	C	129	0	189	1	132	0	121	0
19	52034706.0	C	A	95	14	110	49	160	4	127	46
6	144074985.0	A	T	618	3	660	3	489	0	446	1
6	144074985.1	A	G	618	72	660	158	489	78	446	140
6	144074985.2	A	C	618	3	660	5	489	0	446	2
7	121568248.0	G	A	332	181	102	364	296	66	116	313
7	121568248.1	G	T	332	5	102	6	296	1	116	7
7	121568248.2	G	C	332	6	102	2	296	0	116	3
20	2842775.0	A	T	91	14	65	25	120	15	95	39
20	2842775.1	A	C	91	0	65	1	120	0	95	0
22	46656119.0	A	T	135	0	160	1	248	0	132	0
22	46656119.1	A	G	135	0	160	0	248	0	132	29
21	30365173.0	C	G	91	40	66	97	230	52	68	88
20	44675071.0	C	A	139	21	134	67	263	19	116	49
20	44675071.1	C	T	139	0	134	1	263	0	116	1
12	44238498.0	G	A	373	5	172	2	329	1	239	8
12	44238498.1	G	T	373	226	172	361	329	36	239	351
12	44238498.2	G	C	373	2	172	0	329	0	239	1
20	40141597.0	T	A	447	2	323	3	471	0	283	1
20	40141597.1	T	C	447	65	323	179	471	45	283	159
20	40141597.2	T	G	447	0	323	1	471	1	283	1
6	64423461.0	G	A	323	134	212	237	291	57	230	210
6	64423461.1	G	T	323	3	212	2	291	2	230	4
6	64423461.2	G	C	323	2	212	3	291	0	230	3
3	113890793.0	C	A	48	18	52	50	85	34	51	62
3	113890793.1	C	T	48	1	52	0	85	0	51	0
2	166770103.0	G	A	510	74	309	133	417	23	265	116
2	166770103.1	G	T	510	2	309	1	417	1	265	2
2	166770103.2	G	C	510	2	309	1	417	1	265	2
2	166770104.0	C	A	516	4	309	1	424	1	264	2
2	166770104.1	C	T	516	71	309	135	424	22	264	121
2	166770104.2	C	G	516	2	309	0	424	0	264	5
14	21052236.0	C	A	98	1	40	0	145	0	42	1
14	21052236.1	C	T	98	48	40	98	145	15	42	98
19	37643251.0	G	A	107	49	102	82	125	28	71	72
19	37643251.1	G	T	107	3	102	0	125	0	71	1
19	37643251.2	G	C	107	1	102	1	125	0	71	1
1	147380141.0	T	A	115	52	211	81	170	32	140	57
1	147380141.1	T	C	115	0	211	1	170	0	140	0
8	56854448.0	C	A	477	64	474	116	259	16	348	90
8	56854448.1	C	T	477	1	474	0	259	0	348	1
8	56854448.2	C	G	477	0	474	3	259	0	348	4
2	179476102.0	C	A	42	2	20	0	55	0	30	0
2	179476102.1	C	T	42	12	20	18	55	7	30	12
12	55641901.0	C	A	66	35	30	51	39	3	51	44
12	6933784.0	G	A	78	17	138	24	154	14	84	27
2	179576811.0	G	A	36	4	24	19	37	4	22	12
2	179576811.1	G	T	36	1	24	2	37	1	22	0
2	179576811.2	G	C	36	0	24	1	37	0	22	0
9	32630628.0	T	A	267	46	256	81	265	5	97	59
9	32630628.1	T	G	267	1	256	1	265	0	97	1
9	32630628.2	T	C	267	4	256	11	265	1	97	6
17	10209902.0	G	C	140	48	73	68	273	46	79	67
19	17444235.0	C	G	71	54	65	112	250	69	52	116
19	17444235.1	C	T	71	0	65	0	250	1	52	1
19	7174642.0	C	A	110	29	70	86	178	39	58	71
19	7174642.1	C	T	110	0	70	1	178	0	58	1
11	74799970.0	G	A	78	50	37	100	132	32	37	90
