Chr	Posi	Wild	Mut	Met1T:ref	Met1T:alt	Met2T:ref	Met2T:alt	Met3T:ref	Met3T:alt	PrimT:ref	PrimT:alt
22	35661003.0	G	A	47	28	46	16	41	30	42	1
22	35661003.1	G	T	47	0	46	1	41	1	42	0
22	35661003.2	G	C	47	0	46	1	41	1	42	0
19	1397454.0	C	T	121	35	106	16	125	34	128	0
19	58084560.0	C	A	103	1	102	0	93	0	140	1
19	58084560.1	C	T	103	23	102	8	93	15	140	2
19	58084560.2	C	G	103	1	102	2	93	1	140	0
6	38738290.0	G	A	159	0	140	1	136	0	103	53
6	38738290.1	G	T	159	0	140	0	136	0	103	4
1	203798987.0	G	T	99	45	127	36	116	38	148	0
1	203798987.1	G	C	99	0	127	0	116	1	148	1
1	111690581.0	G	A	60	61	70	39	69	48	119	31
1	111690581.1	G	T	60	1	70	2	69	0	119	1
1	111690581.2	G	C	60	3	70	3	69	0	119	1
17	71468306.0	G	A	173	103	164	50	172	73	226	56
17	71468306.1	G	T	173	2	164	0	172	0	226	0
17	71468306.2	G	C	173	1	164	2	172	1	226	2
22	20843400.0	G	A	194	110	203	50	190	88	240	42
22	20843400.1	G	T	194	1	203	0	190	1	240	2
22	20843400.2	G	C	194	2	203	1	190	0	240	1
8	48196679.0	G	A	254	135	384	106	288	113	320	97
8	48196679.1	G	T	254	0	384	0	288	2	320	3
8	48196679.2	G	C	254	0	384	0	288	1	320	0
7	43990232.0	C	A	149	41	148	13	214	35	281	0
7	43990232.1	C	T	149	3	148	1	214	3	281	1
7	43990232.2	C	G	149	1	148	0	214	2	281	0
16	30119585.0	C	A	89	4	64	1	75	3	81	1
16	30119585.1	C	G	89	2	64	1	75	13	81	2
16	30119585.2	C	T	89	0	64	0	75	1	81	2
4	87967397.0	G	C	99	60	141	36	125	48	127	0
4	87967397.1	G	A	99	0	141	1	125	1	127	0
4	87967397.2	G	T	99	0	141	1	125	1	127	0
15	86838489.0	C	A	71	16	46	14	73	13	103	0
15	86838489.1	C	T	71	1	46	0	73	0	103	1
15	86838489.2	C	G	71	0	46	0	73	0	103	1
11	7021406.0	C	A	70	0	71	1	59	0	97	0
11	7021406.1	C	T	70	0	71	5	59	39	97	0
15	74367243.0	C	A	12	5	17	10	12	6	29	7
15	74367243.1	C	G	12	0	17	0	12	0	29	1
12	80862593.0	A	T	223	64	267	46	213	38	254	1
12	80862593.1	A	G	223	1	267	0	213	0	254	1
12	80862593.2	A	C	223	1	267	0	213	0	254	1
6	49666119.0	C	G	101	65	147	44	138	47	127	36
6	49666119.1	C	T	101	0	147	2	138	0	127	0
6	49666119.2	C	A	101	0	147	0	138	0	127	1
2	54753592.0	G	A	151	1	211	0	139	3	242	2
2	54753592.1	G	T	151	2	211	3	139	2	242	1
2	54753592.2	G	C	151	113	211	42	139	71	242	1
19	10226675.0	C	T	159	61	190	20	171	49	211	0
19	10226675.1	C	G	159	1	190	0	171	1	211	0
3	44636237.0	C	A	86	16	104	11	80	17	107	35
3	44636237.1	C	G	86	0	104	2	80	1	107	1
19	5776244.0	G	A	55	58	86	39	39	57	96	0
19	5776244.1	G	T	55	1	86	1	39	1	96	0
19	5776244.2	G	C	55	0	86	1	39	1	96	0
7	113518504.0	A	C	60	85	72	49	64	45	56	76
7	113518504.1	A	T	60	0	72	3	64	1	56	1
7	113518504.2	A	G	60	0	72	1	64	0	56	0
7	126544098.0	C	T	303	104	311	75	315	137	375	0
7	126544098.1	C	A	303	0	311	1	315	1	375	1
7	126544098.2	C	G	303	0	311	0	315	1	375	0
12	11174818.0	G	A	32	7	44	2	47	3	65	0
12	11174818.1	G	T	32	0	44	0	47	0	65	1
19	45176020.0	G	A	51	17	55	7	66	14	87	2
1	55571832.0	C	A	109	33	89	16	102	15	133	44
1	55571832.1	C	T	109	1	89	0	102	0	133	2
10	26459440.0	G	A	179	0	212	0	205	1	178	45
10	26459440.1	G	T	179	0	212	0	205	0	178	1
10	26459440.2	G	C	179	0	212	0	205	0	178	2
19	4123851.0	C	T	43	5	36	3	57	18	51	15
19	4123851.1	C	A	43	0	36	0	57	1	51	0
11	67059566.0	C	T	129	0	133	2	185	0	133	62
11	67059566.1	C	A	129	0	133	0	185	1	133	4
17	67250619.0	C	T	28	20	33	8	27	17	57	0
3	46005917.0	C	T	60	18	84	5	95	21	100	0
3	46005917.1	C	A	60	0	84	2	95	2	100	2
20	34505428.0	C	A	99	52	152	33	120	55	140	60
20	34505428.1	C	T	99	0	152	1	120	2	140	0
20	34505428.2	C	G	99	0	152	0	120	0	140	1
1	64516389.0	G	A	401	2	345	3	371	0	462	115
1	64516389.1	G	T	401	2	345	0	371	1	462	7
1	64516389.2	G	C	401	0	345	0	371	0	462	3
6	70410740.0	G	C	15	25	49	15	16	8	55	0
6	70410740.1	G	A	15	0	49	1	16	0	55	0
5	178373973.0	G	A	197	115	196	74	186	90	200	92
5	178373973.1	G	T	197	3	196	1	186	2	200	0
5	178373973.2	G	C	197	0	196	1	186	1	200	2
17	31350930.0	G	A	149	68	190	48	164	52	196	69
17	31350930.1	G	C	149	1	190	0	164	1	196	1
17	31350930.2	G	T	149	0	190	1	164	2	196	4
20	45633689.0	A	C	104	7	126	8	104	6	111	7
20	20350165.0	G	T	1	3	2	8	6	8	7	4
7	48494721.0	G	T	33	33	57	18	37	46	62	18
7	48494721.1	G	C	33	0	57	0	37	0	62	2
11	57428882.0	G	A	34	13	39	13	33	18	44	0
11	57428882.1	G	T	34	0	39	2	33	0	44	0
10	117884949.0	C	T	196	0	170	1	202	1	159	23
10	117884949.1	C	A	196	0	170	0	202	0	159	1
10	117884949.2	C	G	196	0	170	0	202	0	159	3
12	41318374.0	C	T	144	98	208	77	183	92	206	69
12	41318374.1	C	G	144	2	208	1	183	3	206	2
12	41318374.2	C	A	144	0	208	0	183	1	206	1
8	124266356.0	C	A	116	68	168	40	135	63	225	0
8	124266356.1	C	T	116	1	168	1	135	0	225	0
8	124266356.2	C	G	116	0	168	0	135	2	225	0
7	150069555.0	G	T	13	23	16	12	27	18	21	3
7	150069555.1	G	A	13	0	16	0	27	1	21	0
13	73649922.0	C	G	124	0	116	0	115	0	85	53
14	75264410.0	G	A	60	46	70	35	58	22	59	15
14	75264410.1	G	T	60	1	70	0	58	0	59	0
14	75264410.2	G	C	60	0	70	0	58	0	59	2
4	80329316.0	C	T	52	33	41	8	51	23	45	24
4	80329316.1	C	A	52	0	41	0	51	0	45	1
10	96988448.0	C	A	181	101	224	73	179	98	242	0
10	96988448.1	C	T	181	3	224	1	179	4	242	2
10	96988448.2	C	G	181	0	224	1	179	0	242	0
19	33697146.0	G	T	55	0	66	0	70	0	69	39
8	3224728.0	G	T	116	0	132	1	123	0	135	42
2	55130303.0	G	C	136	63	145	54	138	47	179	2
2	55130303.1	G	A	136	0	145	1	138	2	179	0
2	55130303.2	G	T	136	0	145	2	138	0	179	1
12	52865041.0	C	A	141	1	155	1	144	0	157	0
12	52865041.1	C	G	141	1	155	0	144	0	157	0
12	52865041.2	C	T	141	0	155	0	144	0	157	30
12	133148880.0	A	T	140	80	184	44	151	77	188	68
9	114911538.0	C	T	279	1	229	0	188	0	247	0
9	114911538.1	C	G	279	66	229	22	188	2	247	1
9	114911538.2	C	A	279	0	229	1	188	1	247	0
2	98349784.0	C	A	94	0	110	0	99	0	88	1
2	98349784.1	C	T	94	0	110	0	99	0	88	22
2	98349784.2	C	G	94	0	110	0	99	0	88	1
6	112393976.0	C	A	71	2	116	0	75	0	106	0
6	112393976.1	C	T	71	0	116	1	75	9	106	0
21	27394325.0	T	A	671	11	754	10	744	8	686	4
21	27394325.1	T	G	671	4	754	2	744	5	686	2
21	27394325.2	T	C	671	172	754	114	744	167	686	7
3	98109545.0	C	T	115	63	142	49	138	59	206	1
3	98109545.1	C	A	115	0	142	1	138	0	206	1
3	98109545.2	C	G	115	0	142	1	138	0	206	0
10	132891463.0	C	A	365	1	387	0	323	0	336	3
10	132891463.1	C	T	365	0	387	0	323	2	336	49
10	132891463.2	C	G	365	0	387	0	323	0	336	1
19	36046484.0	C	A	90	1	73	0	88	0	101	0
19	36046484.1	C	T	90	3	73	0	88	0	101	29
19	36046484.2	C	G	90	0	73	0	88	0	101	1
10	1061701.0	C	G	50	2	60	0	73	0	72	0
10	1061701.1	C	T	50	0	60	8	73	1	72	0
8	142229895.0	G	A	131	0	75	2	131	0	92	17
3	75787218.0	T	A	250	22	226	13	187	28	269	43
3	75787218.1	T	C	250	1	226	0	187	0	269	2
3	75787218.2	T	G	250	0	226	1	187	0	269	0
22	26173674.0	G	A	121	1	167	1	136	0	126	1
22	26173674.1	G	T	121	68	167	50	136	59	126	51
22	26173674.2	G	C	121	0	167	0	136	0	126	2
15	62985116.0	C	A	84	64	110	41	115	48	174	1
15	62985116.1	C	T	84	1	110	0	115	0	174	0
15	62985116.2	C	G	84	0	110	0	115	1	174	0
3	9945816.0	T	A	164	1	180	0	160	2	191	1
3	9945816.1	T	G	164	54	180	24	160	63	191	74
2	176996135.0	C	A	122	1	171	2	144	1	148	1
2	176996135.1	C	T	122	31	171	0	144	2	148	1
2	176996135.2	C	G	122	0	171	0	144	1	148	0
3	160942755.0	C	A	272	5	365	4	270	4	384	0
3	160942755.1	C	T	272	3	365	1	270	0	384	1
3	160942755.2	C	G	272	143	365	108	270	160	384	0
2	173787017.0	G	A	222	1	286	5	228	4	328	1
2	173787017.1	G	T	222	2	286	3	228	2	328	3
2	173787017.2	G	C	222	109	286	101	228	130	328	0
7	139791613.0	C	A	388	129	407	78	441	141	455	104
7	139791613.1	C	T	388	6	407	4	441	3	455	2
7	139791613.2	C	G	388	2	407	1	441	3	455	5
1	161518284.0	G	T	379	2	326	2	393	2	404	0
1	161518284.1	G	C	379	0	326	2	393	1	404	0
1	161518284.2	G	A	379	0	326	0	393	4	404	88
6	97587152.0	C	T	31	24	64	19	46	11	76	0
19	50105111.0	G	A	131	123	161	46	157	82	266	0
19	50105111.1	G	T	131	0	161	1	157	0	266	0
10	96493172.0	A	T	124	93	173	37	138	82	159	56
10	96493172.1	A	C	124	1	173	0	138	0	159	1
10	96493172.2	A	G	124	0	173	2	138	0	159	1
10	11363176.0	C	A	314	1	313	0	284	1	327	1
10	11363176.1	C	T	314	2	313	2	284	1	327	66
10	11363176.2	C	G	314	0	313	2	284	1	327	2
22	30218367.0	C	A	179	3	160	1	182	2	146	0
22	30218367.1	C	G	179	2	160	0	182	2	146	0
22	30218367.2	C	T	179	0	160	1	182	1	146	22
22	36122990.0	G	T	83	47	107	27	101	45	71	26
22	36122990.1	G	C	83	0	107	1	101	1	71	1
22	36122990.2	G	A	83	0	107	0	101	0	71	4
13	73649905.0	G	A	44	3	72	4	46	0	66	0
13	73649905.1	G	C	44	98	72	56	46	81	66	0
13	73649905.2	G	T	44	0	72	1	46	1	66	0
21	15884770.0	G	A	95	48	163	39	152	63	177	0
21	15884770.1	G	T	95	1	163	2	152	0	177	0
21	15884770.2	G	C	95	0	163	1	152	1	177	0
12	68551771.0	G	A	174	90	290	77	183	90	311	0
12	68551771.1	G	T	174	1	290	2	183	1	311	3
12	68551771.2	G	C	174	0	290	1	183	2	311	1
2	85895292.0	G	A	64	38	56	15	83	41	87	1
2	85895292.1	G	T	64	0	56	2	83	0	87	1
2	85895292.2	G	C	64	0	56	0	83	3	87	1
22	24579547.0	C	T	145	0	117	0	119	2	108	51
3	50220986.0	C	A	36	1	53	1	49	0	61	5
3	50220986.1	C	T	36	32	53	18	49	38	61	15
3	50220986.2	C	G	36	1	53	0	49	0	61	0
19	57334136.0	T	C	154	135	203	83	207	130	283	86
19	57334136.1	T	A	154	0	203	1	207	3	283	2
19	57334136.2	T	G	154	0	203	1	207	2	283	1
3	10114578.0	C	T	200	1	260	0	279	1	322	2
3	10114578.1	C	G	200	32	260	21	279	41	322	0
3	10114578.2	C	A	200	0	260	1	279	0	322	1
11	64597341.0	G	T	5	6	7	2	4	8	18	5
11	64597341.1	G	A	5	0	7	1	4	0	18	0
22	26173673.0	G	A	121	1	160	1	133	6	132	1
22	26173673.1	G	T	121	68	160	49	133	54	132	45
22	26173673.2	G	C	121	0	160	1	133	2	132	3
11	114577185.0	C	A	156	39	193	31	153	23	205	0
11	114577185.1	C	G	156	1	193	0	153	1	205	0
11	114577185.2	C	T	156	0	193	1	153	0	205	2
7	138768560.0	G	A	21	45	48	24	30	36	34	19
17	34863756.0	C	A	35	13	41	14	31	23	32	25
17	34863756.1	C	G	35	0	41	0	31	1	32	1
21	43800277.0	G	C	172	1	191	0	191	2	166	0
21	43800277.1	G	A	172	0	191	0	191	1	166	76
21	43800277.2	G	T	172	0	191	0	191	0	166	2
X	37642755.0	C	T	31	51	56	30	31	38	84	0
X	37642755.1	C	G	31	0	56	1	31	1	84	0
2	136111116.0	G	A	172	94	214	82	165	70	228	0
2	136111116.1	G	T	172	0	214	1	165	1	228	1
2	136111116.2	G	C	172	0	214	1	165	0	228	0
6	53370189.0	C	G	103	59	141	35	69	39	167	0
10	79742055.0	C	A	178	1	257	2	222	2	263	0
10	79742055.1	C	T	178	1	257	1	222	1	263	0
10	79742055.2	C	G	178	97	257	67	222	81	263	0
15	45003745.0	A	G	209	0	187	0	223	0	206	104
3	4669554.0	A	G	43	45	51	30	68	39	55	25
3	4669554.1	A	T	43	0	51	0	68	0	55	3
3	4669554.2	A	C	43	0	51	0	68	0	55	1
6	56354376.0	C	A	220	0	261	1	206	0	214	1
6	56354376.1	C	G	220	0	261	1	206	0	214	77
6	56354376.2	C	T	220	0	261	0	206	0	214	2
11	102593353.0	T	A	159	0	174	0	144	1	191	3
11	102593353.1	T	G	159	0	174	0	144	0	191	48
11	102593353.2	T	C	159	0	174	0	144	0	191	2
8	7215733.0	G	T	265	0	264	1	298	0	269	1
8	7215733.1	G	A	265	0	264	0	298	0	269	49
18	72178077.0	C	T	44	28	97	7	93	2	105	0
18	72178077.1	C	A	44	0	97	1	93	0	105	1
18	72178077.2	C	G	44	0	97	0	93	0	105	3
20	60791711.0	C	G	80	1	99	1	89	1	80	4
20	60791711.1	C	A	80	0	99	0	89	1	80	0
20	60791711.2	C	T	80	0	99	0	89	0	80	35
8	77767849.0	C	T	99	52	139	29	138	59	153	0
8	77767849.1	C	G	99	2	139	0	138	0	153	0
8	77767849.2	C	A	99	0	139	0	138	0	153	2
9	3225228.0	T	A	24	37	45	21	39	52	53	17
9	3225228.1	T	G	24	0	45	2	39	0	53	1
9	3225228.2	T	C	24	0	45	0	39	3	53	1
11	114392858.0	G	T	123	126	180	81	146	127	244	67
11	114392858.1	G	A	123	0	180	3	146	0	244	0
11	114392858.2	G	C	123	0	180	1	146	0	244	1
11	36422788.0	A	T	78	21	93	13	126	30	125	45
11	36422788.1	A	C	78	0	93	0	126	1	125	0
9	101470821.0	C	A	62	1	38	0	41	0	65	0
9	101470821.1	C	T	62	1	38	1	41	0	65	0
9	101470821.2	C	G	62	13	38	12	41	1	65	0
14	73683881.0	G	T	117	106	209	56	143	86	175	0
14	73683881.1	G	C	117	1	209	1	143	1	175	0
14	73683881.2	G	A	117	0	209	0	143	1	175	0
1	3322086.0	C	A	48	1	81	0	68	0	112	1
1	3322086.1	C	T	48	41	81	24	68	30	112	36
1	3322086.2	C	G	48	4	81	1	68	3	112	3
12	6122773.0	C	T	120	1	110	4	117	0	125	24
12	6122773.1	C	A	120	0	110	0	117	1	125	0
12	6122773.2	C	G	120	0	110	0	117	2	125	1
1	3319522.0	G	A	42	47	39	22	68	41	97	1
1	3319522.1	G	T	42	0	39	1	68	0	97	0
1	3319522.2	G	C	42	0	39	1	68	0	97	0
19	42557805.0	G	T	48	1	77	0	52	0	145	0
19	42557805.1	G	C	48	57	77	30	52	39	145	0
1	24669384.0	G	A	99	0	98	4	97	4	96	40
5	35704693.0	C	A	177	104	273	102	190	116	251	89
5	35704693.1	C	T	177	3	273	2	190	2	251	3
5	35704693.2	C	G	177	0	273	1	190	0	251	2
19	42557756.0	G	A	28	36	47	13	38	24	97	0
19	42557756.1	G	C	28	1	47	1	38	0	97	0
2	179455125.0	A	G	153	1	152	1	154	5	160	1
2	179455125.1	A	C	153	1	152	4	154	2	160	0
2	179455125.2	A	T	153	0	152	0	154	1	160	0
2	179455126.0	C	A	150	1	149	1	154	5	159	1
2	179455126.1	C	T	150	1	149	3	154	1	159	0
2	179455126.2	C	G	150	0	149	0	154	1	159	0
3	48229341.0	C	A	81	33	96	21	82	18	105	53
3	48229341.1	C	G	81	0	96	0	82	0	105	1
12	27156235.0	G	A	64	47	86	18	65	23	95	0
12	27156235.1	G	T	64	0	86	1	65	1	95	0
11	62290520.0	G	A	72	43	119	44	86	90	181	1
11	62290520.1	G	T	72	0	119	1	86	0	181	0
11	62290520.2	G	C	72	0	119	0	86	1	181	0
18	908328.0	G	A	112	86	152	28	196	53	236	118
18	908328.1	G	T	112	0	152	0	196	0	236	1
9	84609068.0	C	T	69	43	92	24	67	22	96	0
9	84609068.1	C	G	69	2	92	0	67	0	96	0
7	29544358.0	A	G	50	2	80	0	58	0	113	2
7	29544358.1	A	C	50	35	80	25	58	43	113	30
7	29544358.2	A	T	50	0	80	0	58	1	113	0
15	88524540.0	C	T	109	2	169	1	87	1	193	0
15	88524540.1	C	G	109	81	169	60	87	73	193	0
15	88524540.2	C	A	109	0	169	1	87	1	193	0
19	33353426.0	G	A	92	24	87	18	102	25	144	1
19	33353426.1	G	C	92	0	87	1	102	0	144	0
11	117096733.0	G	A	52	14	95	13	90	13	79	1
11	117096733.1	G	T	52	1	95	0	90	0	79	0
11	117096733.2	G	C	52	0	95	1	90	0	79	1
2	74747053.0	G	A	40	46	90	23	67	35	97	33
2	74747053.1	G	T	40	2	90	0	67	1	97	1
2	74747053.2	G	C	40	1	90	1	67	0	97	0
21	32559316.0	C	A	118	1	204	0	144	0	242	2
21	32559316.1	C	T	118	90	204	64	144	80	242	1
21	32559316.2	C	G	118	0	204	1	144	0	242	0
15	100673422.0	G	A	32	1	84	0	75	1	82	0
15	100673422.1	G	T	32	42	84	20	75	31	82	0
15	100673422.2	G	C	32	1	84	0	75	1	82	1
3	141457339.0	C	A	218	1	225	0	239	3	320	0
3	141457339.1	C	T	218	1	225	1	239	0	320	0
3	141457339.2	C	G	218	155	225	69	239	103	320	1
2	10923307.0	T	A	170	1	238	0	181	1	217	1
2	10923307.1	T	G	170	98	238	69	181	113	217	73
2	10923307.2	T	C	170	5	238	0	181	0	217	1
1	17548864.0	C	T	71	2	88	0	76	0	87	33
1	17548864.1	C	G	71	0	88	1	76	0	87	1
X	30872914.0	A	C	37	4	43	0	26	0	45	0
17	76567754.0	A	T	84	2	113	0	84	0	132	2
17	76567754.1	A	G	84	69	113	38	84	52	132	53
17	76567754.2	A	C	84	0	113	1	84	0	132	0
3	180694010.0	G	A	172	0	199	1	170	1	120	46
3	180694010.1	G	T	172	0	199	0	170	1	120	0
3	180694010.2	G	C	172	0	199	0	170	0	120	2
9	116183457.0	C	A	176	48	210	23	148	3	221	1
9	116183457.1	C	T	176	3	210	0	148	0	221	0
19	1456085.0	C	G	44	34	38	21	39	33	66	0
18	29037084.0	C	A	111	49	135	10	108	2	157	47
18	29037084.1	C	T	111	1	135	0	108	0	157	1
18	29037084.2	C	G	111	1	135	0	108	0	157	0
12	105322119.0	C	A	55	33	46	16	48	19	54	26
12	105322119.1	C	T	55	0	46	1	48	1	54	2
12	105322118.0	C	A	52	33	45	16	48	20	55	25
12	105322118.1	C	G	52	0	45	0	48	0	55	2
20	43942687.0	C	T	60	30	80	24	68	53	104	0
20	43942687.1	C	A	60	0	80	1	68	0	104	0
17	36872053.0	C	A	106	2	99	1	93	0	115	2
17	36872053.1	C	T	106	7	99	4	93	2	115	0
17	36872053.2	C	G	106	0	99	0	93	0	115	1
5	146080701.0	G	C	339	1	317	0	313	0	278	0
5	146080701.1	G	T	339	0	317	0	313	0	278	77
2	240048282.0	C	T	73	29	79	16	66	23	96	0
15	49429612.0	T	A	207	1	271	0	205	1	262	0
15	49429612.1	T	G	207	1	271	1	205	0	262	1
15	49429612.2	T	C	207	69	271	34	205	54	262	108
12	9307317.0	G	A	95	2	122	1	114	2	168	0
12	9307317.1	G	T	95	3	122	1	114	2	168	0
12	9307317.2	G	C	95	78	122	49	114	57	168	0
3	121187170.0	C	A	264	2	240	0	274	1	197	3
3	121187170.1	C	T	264	0	240	1	274	2	197	100
3	121187170.2	C	G	264	0	240	1	274	0	197	0
12	49229945.0	G	A	89	50	119	47	100	42	121	0
12	49229945.1	G	T	89	1	119	1	100	1	121	1
12	49229945.2	G	C	89	0	119	0	100	1	121	0
16	30910834.0	G	A	83	61	85	42	99	81	130	0
16	30910834.1	G	C	83	3	85	0	99	1	130	0
16	30910834.2	G	T	83	0	85	0	99	2	130	0
