Chr	Posi	Wild	Mut	Met1T:ref	Met1T:alt	Met2T:ref	Met2T:alt	Met5T:ref	Met5T:alt	PrimT:ref	PrimT:alt
17	66537019.0	A	G	432	0	295	47	322	0	440	0
10	129905625.0	G	A	72	13	85	24	59	12	245	27
10	129905625.1	G	C	72	0	85	0	59	1	245	0
3	62358132.0	C	T	5	0	2	6	6	1	19	1
12	69128610.0	T	A	163	0	169	0	113	0	47	6
1	175304874.0	C	T	458	56	463	51	343	12	550	38
1	175304874.1	C	A	458	0	463	2	343	0	550	1
1	175304874.2	C	G	458	0	463	0	343	0	550	2
4	68693022.0	G	A	136	1	107	1	86	0	147	0
4	68693022.1	G	T	136	24	107	32	86	17	147	20
2	179477634.0	A	C	88	7	94	5	70	6	97	17
16	30393663.0	A	G	208	11	182	16	118	16	173	14
6	159188482.0	T	G	64	4	58	1	49	1	67	6
6	159188482.1	T	C	64	1	58	0	49	0	67	0
X	148055070.0	A	T	238	1	190	1	161	0	255	0
X	148055070.1	A	G	238	48	190	52	161	38	255	48
X	148055070.2	A	C	238	0	190	0	161	1	255	0
4	57180387.0	C	T	128	14	76	6	91	15	135	18
10	135204929.0	G	A	33	0	29	0	18	0	22	4
2	116497420.0	G	T	317	34	370	47	247	18	366	28
2	73679743.0	T	C	74	16	78	17	47	17	72	21
19	53058248.0	T	A	77	13	94	0	48	1	130	0
19	17316083.0	A	C	168	12	100	16	69	19	137	11
12	123892078.0	T	C	183	35	186	33	166	17	296	20
7	95709696.0	A	G	318	26	380	82	218	21	429	48
7	95709696.1	A	T	318	0	380	3	218	0	429	0
7	95709696.2	A	C	318	0	380	3	218	0	429	0
19	4280337.0	C	A	47	1	44	0	33	0	47	0
19	4280337.1	C	G	47	7	44	0	33	7	47	0
19	4280337.2	C	T	47	0	44	0	33	1	47	0
19	58385762.0	C	G	279	44	299	73	185	39	107	14
19	58385762.1	C	T	279	0	299	2	185	2	107	0
5	132161684.0	G	A	35	0	18	0	12	0	21	4
13	39618258.0	T	A	419	50	431	82	248	20	388	56
13	39618258.1	T	G	419	0	431	2	248	0	388	0
7	117304813.0	C	A	272	1	308	0	213	0	292	0
7	117304813.1	C	T	272	1	308	0	213	0	292	2
7	117304813.2	C	G	272	63	308	16	213	9	292	24
5	93805725.0	T	C	245	43	187	42	132	31	250	26
5	93805725.1	T	A	245	0	187	2	132	0	250	0
20	60892053.0	C	A	162	0	113	1	110	0	155	0
20	60892053.1	C	T	162	0	113	21	110	0	155	0
20	60892053.2	C	G	162	0	113	1	110	0	155	0
12	51138553.0	G	C	251	25	213	24	166	23	211	16
12	51138553.1	G	T	251	0	213	0	166	1	211	0
9	78638794.0	C	T	183	23	166	38	158	18	165	13
9	78638794.1	C	G	183	0	166	1	158	0	165	0
9	78638794.2	C	A	183	0	166	0	158	1	165	0
18	29340081.0	G	A	145	1	111	27	81	3	125	16
9	123723763.0	C	A	217	0	216	2	179	0	142	0
9	123723763.1	C	T	217	0	216	57	179	0	142	0
4	55152032.0	C	A	138	27	98	6	96	18	120	7
4	55152032.1	C	T	138	2	98	0	96	1	120	0
4	55152032.2	C	G	138	1	98	0	96	0	120	0
12	132325323.0	G	T	17	0	13	0	17	0	22	4
14	103568530.0	C	T	22	0	14	0	27	0	12	4
1	874497.0	G	A	108	40	65	27	78	18	127	36
1	874497.1	G	T	108	0	65	1	78	0	127	0
14	24031507.0	C	T	270	0	185	39	163	0	314	1
14	24031507.1	C	G	270	0	185	1	163	1	314	0
17	74157929.0	C	A	231	2	150	1	165	0	215	0
17	74157929.1	C	T	231	53	150	36	165	32	215	25
8	104934011.0	C	T	125	16	140	54	89	33	72	11
8	104934011.1	C	A	125	0	140	0	89	0	72	1
10	134014413.0	G	T	85	12	46	11	49	6	106	7
10	134014413.1	G	C	85	0	46	1	49	0	106	0
2	3628437.0	G	T	380	1	373	61	260	9	119	11
2	3628437.1	G	C	380	0	373	1	260	1	119	0
17	62529118.0	C	A	125	0	124	0	78	0	38	5
10	55582066.0	G	T	54	1	58	0	33	0	50	0
10	55582066.1	G	A	54	0	58	0	33	5	50	0
10	55582066.2	G	C	54	0	58	0	33	0	50	1
1	92763013.0	T	A	490	1	350	3	365	0	314	2
1	92763013.1	T	G	490	1	350	0	365	0	314	1
1	92763013.2	T	C	490	126	350	165	365	100	314	75
17	61499159.0	G	T	189	0	109	22	93	0	136	0
11	92613896.0	G	A	138	14	131	44	91	28	145	13
6	76713668.0	C	A	241	2	304	1	158	0	227	0
6	76713668.1	C	G	241	18	304	38	158	12	227	12
6	76713668.2	C	T	241	0	304	1	158	0	227	0
1	16271506.0	G	A	63	14	33	0	43	0	69	0
1	176661304.0	G	A	252	44	231	50	154	28	269	14
1	176661304.1	G	T	252	1	231	0	154	0	269	0
6	139487853.0	C	G	47	0	34	1	29	0	47	0
6	139487853.1	C	A	47	0	34	0	29	0	47	5
1	9816547.0	G	A	279	0	315	49	233	0	124	0
1	9816547.1	G	T	279	0	315	1	233	0	124	0
1	247027305.0	C	A	334	1	399	1	272	0	441	0
1	247027305.1	C	T	334	0	399	47	272	0	441	1
12	46622986.0	C	A	185	1	214	2	147	0	222	0
12	46622986.1	C	T	185	49	214	72	147	56	222	0
10	104264049.0	A	C	153	3	128	24	121	10	218	6
