Chr	Posi	Wild	Mut	Met1T:ref	Met1T:alt	Met2T:ref	Met2T:alt	Met4T:ref	Met4T:alt	Met5T:ref	Met5T:alt	Met6T:ref	Met6T:alt
8	69358589.0	C	A	256	4	368	0	501	0	323	0	362	57
8	69358589.1	C	T	256	1	368	0	501	0	323	0	362	0
1	243327939.0	A	C	156	25	119	29	164	35	135	16	162	30
1	243327939.1	A	T	156	0	119	1	164	0	135	1	162	0
7	121651695.0	T	A	97	1	87	0	93	0	72	0	102	0
7	121651695.1	T	G	97	7	87	2	93	12	72	2	102	2
7	121651695.2	T	C	97	1	87	0	93	0	72	0	102	0
3	48630553.0	C	T	143	0	93	30	55	0	60	0	94	0
2	220115780.0	C	A	151	1	107	0	101	0	120	0	182	0
2	220115780.1	C	T	151	34	107	9	101	16	120	10	182	20
6	90459409.0	G	C	77	40	44	48	64	40	55	42	107	45
6	90459409.1	G	A	77	0	44	0	64	0	55	1	107	0
6	90459409.2	G	T	77	0	44	0	64	0	55	1	107	0
20	1115863.0	C	T	259	79	199	58	197	68	193	42	241	52
20	1115863.1	C	G	259	3	199	0	197	1	193	0	241	0
20	1115863.2	C	A	259	0	199	0	197	0	193	1	241	0
5	1816014.0	G	A	305	80	232	64	185	42	214	55	234	66
5	1816014.1	G	C	305	1	232	0	185	0	214	0	234	1
5	1816014.2	G	T	305	0	232	2	185	0	214	0	234	1
9	95080936.0	T	A	341	4	717	0	628	172	616	2	680	0
9	95080936.1	T	G	341	2	717	1	628	2	616	0	680	1
9	95080936.2	T	C	341	0	717	0	628	2	616	0	680	0
17	39254142.0	A	G	10	4	4	0	6	7	14	0	15	4
X	151900019.0	A	C	169	4	159	1	98	15	132	4	179	4
X	107448686.0	C	T	78	8	100	0	138	0	97	0	127	0
1	68512686.0	G	A	118	0	55	35	103	0	60	0	107	0
1	68512686.1	G	T	118	0	55	1	103	0	60	0	107	2
17	42828101.0	G	A	26	32	7	24	26	12	10	26	24	21
17	42828101.1	G	T	26	2	7	0	26	0	10	0	24	0
17	42828101.2	G	C	26	0	7	1	26	1	10	1	24	1
5	121356325.0	A	T	64	36	52	64	98	65	61	41	98	38
5	121356325.1	A	C	64	0	52	1	98	0	61	0	98	0
3	52524742.0	C	T	171	61	72	37	71	20	80	40	86	23
19	35435592.0	G	A	1830	442	1650	338	2056	479	1758	457	1867	454
19	35435592.1	G	T	1830	19	1650	6	2056	5	1758	3	1867	3
19	35435592.2	G	C	1830	5	1650	2	2056	3	1758	2	1867	1
2	169404152.0	G	A	182	148	172	124	201	139	119	100	210	107
2	169404152.1	G	T	182	1	172	0	201	1	119	0	210	1
2	169404152.2	G	C	182	1	172	0	201	1	119	0	210	1
6	121563477.0	C	A	44	1	94	0	80	15	99	3	134	1
6	121563477.1	C	G	44	0	94	0	80	0	99	1	134	0
7	11630258.0	T	C	112	4	69	5	59	11	95	1	106	3
X	70460774.0	G	A	67	41	39	38	41	27	44	37	68	35
9	35810446.0	G	T	295	0	201	0	220	1	202	0	238	1
9	35810446.1	G	C	295	0	201	0	220	0	202	0	238	32
4	80327702.0	A	C	170	0	240	1	261	5	177	0	254	1
4	80327702.1	A	T	170	0	240	0	261	1	177	0	254	0
4	80327702.2	A	G	170	0	240	0	261	69	177	0	254	0
X	64956743.0	A	T	351	1	281	0	243	0	217	1	306	0
X	64956743.1	A	G	351	33	281	22	243	18	217	29	306	36
X	64956743.2	A	C	351	0	281	0	243	0	217	0	306	1
14	77778308.0	T	G	202	4	131	4	196	25	171	6	185	8
17	1538073.0	G	T	200	2	157	2	83	38	124	0	166	0
19	35232638.0	A	C	67	9	92	11	82	14	82	6	84	4
11	6559683.0	C	A	158	1	110	0	140	0	145	0	136	0
11	6559683.1	C	T	158	67	110	47	140	61	145	41	136	44
11	6559683.2	C	G	158	0	110	0	140	1	145	0	136	0
5	424050.0	C	A	117	29	74	27	90	22	76	18	106	15
3	47098981.0	C	A	19	9	12	24	29	15	20	13	31	10
