R2:ref	R2:alt	R3:ref	R3:alt	R4:ref	R4:alt	R6:ref	R6:alt	R1:ref	R1:alt	R5:ref	R5:alt	R7:ref	R7:alt
70	30	70	30	50	50	50	50	70	30	70	30	60	40
70	30	70	30	50	50	50	50	70	30	70	30	60	40
70	30	70	30	50	50	50	50	70	30	70	30	60	40
70	30	70	30	50	50	50	50	70	30	70	30	60	40
70	30	70	30	50	50	50	50	70	30	70	30	60	40
70	30	70	30	50	50	50	50	70	30	70	30	60	40
70	30	70	30	50	50	50	50	70	30	70	30	60	40
70	30	70	30	50	50	50	50	70	30	70	30	60	40
100	0	100	0	100	0	70	30	100	0	100	0	100	0
100	0	100	0	100	0	70	30	100	0	100	0	100	0
100	0	100	0	100	0	70	30	100	0	100	0	100	0
70	30	70	30	50	50	95	5	70	30	70	30	60	40
70	30	70	30	50	50	95	5	70	30	70	30	60	40
70	30	70	30	50	50	95	5	70	30	70	30	60	40
70	30	70	30	50	50	95	5	70	30	70	30	60	40
70	30	70	30	50	50	95	5	70	30	70	30	60	40
70	30	70	30	50	50	95	5	70	30	70	30	60	40
70	30	70	30	50	50	95	5	70	30	70	30	60	40
100	0	100	0	100	0	100	0	100	0	100	0	60	40
100	0	100	0	100	0	100	0	100	0	100	0	60	40
100	0	100	0	100	0	100	0	100	0	100	0	60	40
100	0	100	0	100	0	100	0	100	0	100	0	60	40
100	0	100	0	100	0	100	0	100	0	100	0	60	40
100	0	100	0	100	0	100	0	100	0	100	0	60	40
100	0	100	0	100	0	100	0	100	0	100	0	60	40
100	0	100	0	100	0	100	0	100	0	100	0	60	40
100	0	100	0	100	0	100	0	100	0	100	0	60	40
100	0	100	0	100	0	100	0	100	0	100	0	60	40
70	30	70	30	60	40	95	5	70	30	70	30	100	0
70	30	70	30	60	40	95	5	70	30	70	30	100	0
70	30	70	30	60	40	95	5	70	30	70	30	100	0
70	30	70	30	60	40	95	5	70	30	70	30	100	0
70	30	70	30	60	40	95	5	70	30	70	30	100	0
70	30	70	30	60	40	95	5	70	30	70	30	100	0
70	30	70	30	60	40	95	5	70	30	70	30	100	0
80	20	100	0	100	0	100	0	80	20	90	10	100	0
80	20	100	0	100	0	100	0	80	20	90	10	100	0
80	20	100	0	100	0	100	0	80	20	90	10	100	0
80	20	100	0	100	0	100	0	80	20	90	10	100	0
80	20	100	0	100	0	100	0	80	20	90	10	100	0
80	20	100	0	100	0	100	0	100	0	100	0	100	0
80	20	100	0	100	0	100	0	100	0	100	0	100	0
80	20	100	0	100	0	100	0	100	0	100	0	100	0
80	20	100	0	100	0	100	0	100	0	100	0	100	0
80	20	100	0	100	0	100	0	100	0	100	0	100	0
80	20	100	0	100	0	100	0	100	0	100	0	100	0
80	20	100	0	100	0	100	0	100	0	100	0	100	0
100	0	100	0	100	0	100	0	80	20	90	10	100	0
100	0	100	0	100	0	100	0	80	20	90	10	100	0
100	0	100	0	100	0	100	0	80	20	90	10	100	0
100	0	100	0	100	0	100	0	80	20	90	10	100	0
100	0	100	0	100	0	100	0	80	20	90	10	100	0
100	0	100	0	100	0	100	0	80	20	90	10	100	0
100	0	100	0	100	0	100	0	80	20	90	10	100	0
100	0	100	0	100	0	100	0	80	20	90	10	100	0
