SNVID	Wild	Mut	R2:ref	R2:alt	R3:ref	R3:alt	R4:ref	R4:alt	R6:ref	R6:alt	R1:ref	R1:alt	R5:ref	R5:alt	R7:ref	R7:alt	
S1	C	T	70	30	70	30	50	50	50	50	70	30	70	30	60	40
S2	T	C	70	30	70	30	50	50	50	50	70	30	70	30	60	40
S3	T	A	70	30	70	30	50	50	50	50	70	30	70	30	60	40
S4	G	C	70	30	70	30	50	50	50	50	70	30	70	30	60	40
S5	T	A	70	30	70	30	50	50	50	50	70	30	70	30	60	40
S6	G	A	70	30	70	30	50	50	50	50	70	30	70	30	60	40
S7	T	C	70	30	70	30	50	50	50	50	70	30	70	30	60	40
S8	C	T	70	30	70	30	50	50	50	50	70	30	70	30	60	40
S9	G	T	100	0	100	0	100	0	70	30	100	0	100	0	100	0
S10	G	T	100	0	100	0	100	0	70	30	100	0	100	0	100	0
S11	T	A	100	0	100	0	100	0	70	30	100	0	100	0	100	0
S12	C	A	70	30	70	30	50	50	95	5	70	30	70	30	60	40
S13	T	G	70	30	70	30	50	50	95	5	70	30	70	30	60	40
S14	T	C	70	30	70	30	50	50	95	5	70	30	70	30	60	40
S15	T	A	70	30	70	30	50	50	95	5	70	30	70	30	60	40
S16	T	C	70	30	70	30	50	50	95	5	70	30	70	30	60	40
S17	C	G	70	30	70	30	50	50	95	5	70	30	70	30	60	40
S18	C	T	70	30	70	30	50	50	95	5	70	30	70	30	60	40
S19	T	C	100	0	100	0	100	0	100	0	100	0	100	0	60	40
S20	C	G	100	0	100	0	100	0	100	0	100	0	100	0	60	40
S21	G	A	100	0	100	0	100	0	100	0	100	0	100	0	60	40
S22	G	A	100	0	100	0	100	0	100	0	100	0	100	0	60	40
S23	T	C	100	0	100	0	100	0	100	0	100	0	100	0	60	40
S24	C	A	100	0	100	0	100	0	100	0	100	0	100	0	60	40
S25	G	A	100	0	100	0	100	0	100	0	100	0	100	0	60	40
S26	T	G	100	0	100	0	100	0	100	0	100	0	100	0	60	40
S27	C	G	100	0	100	0	100	0	100	0	100	0	100	0	60	40
S28	A	C	100	0	100	0	100	0	100	0	100	0	100	0	60	40
S29	A	G	70	30	70	30	60	40	95	5	70	30	70	30	100	0
S30	G	T	70	30	70	30	60	40	95	5	70	30	70	30	100	0
S31	C	A	70	30	70	30	60	40	95	5	70	30	70	30	100	0
S32	C	G	70	30	70	30	60	40	95	5	70	30	70	30	100	0
S33	C	G	70	30	70	30	60	40	95	5	70	30	70	30	100	0
S34	A	C	70	30	70	30	60	40	95	5	70	30	70	30	100	0
S35	G	A	70	30	70	30	60	40	95	5	70	30	70	30	100	0
S36	T	C	80	20	100	0	100	0	100	0	80	20	90	10	100	0
S37	G	C	80	20	100	0	100	0	100	0	80	20	90	10	100	0
S38	T	A	80	20	100	0	100	0	100	0	80	20	90	10	100	0
S39	T	G	80	20	100	0	100	0	100	0	80	20	90	10	100	0
S40	A	G	80	20	100	0	100	0	100	0	80	20	90	10	100	0
S41	C	A	80	20	100	0	100	0	100	0	100	0	100	0	100	0
S42	A	T	80	20	100	0	100	0	100	0	100	0	100	0	100	0
S43	T	A	80	20	100	0	100	0	100	0	100	0	100	0	100	0
S44	G	A	80	20	100	0	100	0	100	0	100	0	100	0	100	0
S45	A	T	80	20	100	0	100	0	100	0	100	0	100	0	100	0
S46	T	G	80	20	100	0	100	0	100	0	100	0	100	0	100	0
S47	C	G	80	20	100	0	100	0	100	0	100	0	100	0	100	0
S48	G	A	100	0	100	0	100	0	100	0	80	20	90	10	100	0
S49	G	C	100	0	100	0	100	0	100	0	80	20	90	10	100	0
S50	T	A	100	0	100	0	100	0	100	0	80	20	90	10	100	0
S51	T	A	100	0	100	0	100	0	100	0	80	20	90	10	100	0
S52	T	A	100	0	100	0	100	0	100	0	80	20	90	10	100	0
S53	T	C	100	0	100	0	100	0	100	0	80	20	90	10	100	0
S54	G	T	100	0	100	0	100	0	100	0	80	20	90	10	100	0
S55	C	T	100	0	100	0	100	0	100	0	80	20	90	10	100	0
